4.602314555390667195e-15
1.180930461926188446e-12
5.951868772141599706e-13
1.312596949534783342e-13
1.127313303470045547e-13
1.907680149916199386e-13
4.557721320036338397e-14
1.666330823324457810e-10
7.533398904691068765e-10
4.626637614690842781e-13
1.539430805053143558e-08
1.056111500474798959e-07
1.490259364800294861e-07
6.318086889223195612e-06
1.112759218102610248e-09
2.417701949752881774e-08
9.997305274009704590e-01
4.099777470401022583e-06
3.562823280844895635e-07
1.190190050692763180e-05
6.435379873437341303e-06
1.300129426340390637e-08
2.550385423683021457e-11
3.493813294230818656e-10
1.885310380034255218e-10
6.334229608927557931e-14
2.285811581789927438e-14
1.732771382670741152e-15
1.268098192235391289e-14
3.537029068072239379e-13
9.752307739575166723e-14
4.189092649153902670e-13
1.184071168615049088e-14
3.196754520167280345e-14
8.365565896527749762e-15
1.070405428790083269e-13
1.182327348005218770e-13
3.058876529892298746e-14
7.747312990788457476e-14
1.260243130555074864e-13
1.245128028459774328e-10
1.055357732628048328e-12
2.019209886100492568e-12
2.884917511044443605e-13
1.448377875967743478e-12
1.335249456575066107e-13
3.758526909841686248e-12
2.712880647123133704e-13
4.696615156924962078e-15
1.799497101892880147e-14
1.748862658152144228e-14
2.426740245927740125e-14
1.653263788890801944e-12
6.457738857545969324e-12
3.457090841894883138e-13
6.342723221641755060e-12
1.063738940682013023e-11
6.172974864561073249e-14
1.069648926724231508e-12
1.490854245611572537e-10
3.012765818072304924e-12
6.400616256625746292e-13
7.477953125429800951e-14
8.885104024053402938e-13
8.039791055125533603e-12
5.877454556033057109e-14
4.232593008718366079e-12
6.911129654674219580e-12
6.156551505577534389e-13
5.846261381904291343e-14
1.254248170167587828e-13
3.000749605394648079e-13
1.132529400121873309e-12
9.342409658386063853e-13
1.022598997667267806e-12
2.366620788230022754e-11
4.097525270474466907e-14
4.410778654210384397e-13
5.865209793537440319e-12
1.941317251267019039e-13
1.478846933800070929e-09
9.195654238070005704e-10
4.106253470581577858e-08
1.947221273113086681e-09
3.218784960790088689e-11
1.189707063531386666e-06
1.830104423561351723e-08
7.015250158559638294e-09
3.499518817090541134e-12
8.518450528294252422e-11
2.120629227775339132e-10
7.869339668786778930e-08
5.656301027556764893e-08
4.464338232423870068e-09
2.384413237450644374e-04
2.179561988668865524e-07
4.874229908580218762e-09
1.815191573439900452e-11
3.723993335924546955e-10
1.237325464309435574e-09
1.788702541118125655e-12
3.478530956796442933e-15
6.255026607348418421e-14
2.378662891655558553e-11
3.579850391816075117e-12
6.719287127567030726e-13
1.729966132369212262e-13
1.457120074217234905e-16
2.515374874671261543e-15
1.050438422768411317e-14
1.179594345378925935e-14
4.723944674968122079e-15
1.633487724424231846e-13
1.446509665520290255e-11
5.203597535502479943e-12
4.371679342314582772e-14
7.579717527185416553e-15
4.825152830187275782e-15
1.346643218621103658e-14
2.367515702255719445e-14
2.982982166060076622e-15
1.777857273563016732e-14
7.693091193109510145e-15
1.863583614682140510e-14
3.600008745968663604e-12
4.441372671113580362e-13
5.568010245579624318e-13
2.845654441252509770e-11
7.552687641965150078e-11
4.164740167317271258e-12
1.344357296925030587e-13
2.094410582464956150e-12
1.973157314621998282e-12
5.443425155071679455e-10
1.021896248176723532e-10
4.005000758117160942e-12
3.501707590558567063e-09
1.505657126754655906e-10
2.322463610315850246e-10
1.720709463803871131e-09
2.575631097290198568e-10
3.455634667304252616e-09
2.369904793242394447e-11
1.283666173357289608e-09
1.536737642519880875e-12
2.339465010603447581e-10
8.342951329787240411e-12
1.367570607539031480e-14
2.521263871237047066e-15
3.006297594966198493e-15
2.333039089610217109e-14
1.045682464229091835e-11
1.130459766594815729e-12
9.513630118071492170e-14
1.365647639460856877e-13
1.307662203346715568e-12
2.602444864154614818e-14
8.855107944648332730e-13
4.225936007379305082e-13
6.209247441164638878e-15
2.996538631919350160e-14
8.232340319418857133e-14
4.135613631607061580e-14
6.954083576343750295e-14
2.081537931386198692e-13
5.436457037616296371e-16
3.451943185505193523e-14
1.361341052906472893e-13
8.929318838968216404e-15
6.333398974538162474e-13
1.303573134853186488e-12
9.060593421372775680e-12
7.162039624558635964e-12
8.235767753536626934e-13
1.054104893649654429e-11
7.269072428944638176e-15
9.428492464850710131e-14
6.073890847745067045e-13
6.602669935318675187e-14
1.401868204853329303e-12
1.180829089023061051e-12
7.034610524300766166e-13
1.053758534423632209e-12
8.906359672119709692e-14
4.828315481805733889e-13
2.932036937460663628e-13
1.068782649188415590e-11
2.306579643810476726e-14
2.042894933079741904e-12
1.984055552229496699e-13
1.711511520615521809e-13
7.673297218978303302e-14
3.717410927694952960e-12
1.572978536703087404e-13
1.518726144194085248e-13
1.500842158885795641e-11
3.500682035917357382e-11
5.305598625368612709e-13
3.195198619576622434e-11
4.256889545722897239e-12
3.116424287141934812e-14
1.119299744984638897e-14
2.303595411212028266e-13
6.750952336216642369e-13
9.028416577717968128e-13
6.482549821376290544e-14
3.405121914686407014e-14
6.495829942736522367e-14
7.379647159197824657e-14
2.946759589811387414e-13
6.691227433242019629e-13
7.983422747209235892e-15
6.819865446027265077e-14
1.855408560895010356e-14
7.357676310392174263e-15
9.817559092073491200e-13
1.500902910799278150e-14
1.420136252518189313e-12
5.195720156198069262e-13
3.723312890641095052e-13
2.206313744982507652e-13
5.565861627924301169e-14
5.184215009319467771e-14
6.813381239409443957e-13
1.949871064306843427e-13
1.292075734599107406e-11
1.418536876436854270e-15
3.013714278132795243e-12
1.615484953925924727e-14
1.778701934818018721e-14
3.934327635814888202e-13
2.823448723085486556e-12
3.273609031420599003e-12
3.017812372609410265e-14
5.877227890016371858e-15
1.617574021776924109e-12
2.494736459513618998e-13
1.159408127230504570e-13
2.485454875765513716e-14
5.294304559100466989e-14
9.891987538335547669e-14
1.969838985124098413e-14
4.739806637454879734e-13
2.238251766003770959e-13
5.577346462952827502e-15
2.815670873540510044e-13
2.709659211418136149e-13
1.754778614082574961e-12
2.737890860207703447e-12
3.620024635955787495e-12
5.868253365876041627e-12
9.453428098378340028e-15
1.087481748532001524e-13
2.371300638487339185e-12
3.387458499468087858e-13
5.577576161347463923e-13
5.916608484613297692e-14
5.324391169386939737e-14
1.007953147487937462e-13
1.846037564348992910e-13
1.528029140935097119e-14
2.041808128822042434e-12
3.077511119206621792e-13
1.221027619291437105e-12
1.532412391425097553e-11
4.916495677373053375e-14
1.659128970278242465e-13
1.209091691784652811e-13
2.492217153135523056e-12
3.904950668376372391e-11
1.041666752854553124e-12
3.020412695994845187e-12
1.200994924170639688e-12
7.586218979394043771e-13
2.780009078842682335e-12
2.005775320140790186e-12
4.854065961028622422e-14
7.232927906782038452e-13
5.738548199997473009e-13
7.834424840640064058e-13
6.647734663092763618e-13
2.115815335435033973e-12
5.655455487599270192e-13
6.210820486379775573e-12
2.073018839920948153e-10
1.852172581973121623e-11
5.407906067400602979e-11
2.376504548706748210e-11
6.382103995809665711e-15
3.604539897898023648e-14
5.677024537856061037e-14
2.975920155917285981e-14
1.006422842708286271e-15
2.889310359434175968e-14
8.125709035754907772e-15
5.201458567246491915e-14
2.556835189263580860e-14
3.314619070074421511e-15
5.904795966418796560e-13
9.636639576593442058e-12
2.905914441367341006e-13
6.118626005163774195e-12
1.252603923362904936e-12
6.060828488391178936e-12
9.627670839382207468e-13
1.406061682016068737e-12
7.152951148059472075e-11
4.037053330518958205e-11
6.146271269713565744e-10
6.065550145484266409e-11
1.319206636291037071e-11
7.417162370404462024e-12
2.504349158605201353e-12
9.779848805790969379e-12
3.787658554854633763e-12
3.575694211208069184e-12
3.866926744089393964e-12
1.396239623484979431e-13
2.338173491628348089e-12
2.563378675990435340e-10
7.692475822995703538e-11
4.987332213879369647e-10
4.860929714300965543e-11
2.904253660479527710e-12
1.878854884174163686e-11
8.304689401439357965e-12
6.016147580112374271e-10
1.437828941195165577e-14
4.990119781148397160e-14
3.285639531850010134e-15
4.027704276869659150e-13
7.020125366435925329e-12
7.427507502273666962e-13
1.487283386725213319e-11
8.321742275309296222e-14
3.111153695778412498e-12
2.219800135806054842e-13
4.986535815341974764e-13
6.493640803025002572e-13
8.447919521857496367e-15
4.452725572290242365e-15
3.592854993687355850e-15
1.444775797208776996e-14
1.158306120425467781e-15
8.429404546300819836e-16
3.282409202299066409e-14
1.655220645910163244e-15
6.493349491453782873e-15
1.855321045450900042e-13
1.051190520262937356e-13
1.348320326916008227e-12
1.387859418318024285e-14
4.085423405825183707e-13
6.076692290633498028e-14
4.533548693787595174e-14
3.435977847729421164e-12
1.062769577203637184e-11
1.531698596082819996e-12
9.121190131314294014e-13
6.040528754275298340e-12
3.171293522924445440e-12
1.036842951041916719e-14
7.977855707866701729e-14
1.839276127235667246e-12
3.410409541576564507e-12
8.889722589782919626e-15
1.520612351042349014e-14
3.830709553276183399e-14
1.120015674172317177e-13
4.586271751369670746e-14
1.436209345895278489e-10
1.251355616349592026e-11
2.237688251924621619e-13
6.259810031439272393e-11
4.414770198718498406e-12
5.935728037559373504e-12
2.807690874500473610e-13
9.881386681120929438e-11
6.590480656869235343e-13
3.705636329471434509e-13
1.255565876961961536e-11
3.558886854920090270e-13
3.604666912182530325e-12
5.665942975213722477e-12
3.524820626349400854e-12
3.686992117862830654e-15
5.157140194083547138e-15
4.699771794609494679e-14
3.425060053825236539e-14
1.442816000138055776e-13
1.793644104227352931e-14
6.107755360501565534e-13
2.867493162405157503e-14
9.736077910679416525e-15
2.547266596871627931e-13
1.220112552657859339e-12
2.104110139703081750e-14
7.412435465772859722e-13
7.148436703685590032e-11
6.866383817864113448e-14
1.377301322037088882e-13
1.730382194952903574e-13
2.516505341783326077e-13
7.173749712752891528e-14
2.750068239538300263e-13
8.235878342158220455e-13
9.537649261950192914e-14
1.128255000819484988e-14
1.225840311419937323e-14
1.378620660555732180e-13
1.897474588747911223e-14
3.045000232862471456e-13
5.404549420842674756e-13
7.612580542066399447e-14
1.633818135036296804e-13
4.425939324238792327e-13
1.955644305350057177e-13
4.179109044499113024e-13
1.003884150287126520e-12
9.645764716744321260e-15
4.753940296975400770e-13
2.430823988278096870e-12
4.370253616457764334e-14
4.262393796207117336e-14
3.117121090325664090e-13
1.905439781652029652e-13
2.645059301795149587e-12
4.662115420279999700e-13
8.714763936532032851e-13
4.074825980110441392e-12
4.646922698524867668e-14
1.152953329596612120e-13
2.893582075336187387e-12
1.455032857980258221e-14
1.678273405664176821e-13
3.274008451500942662e-12
1.404466278519256317e-13
1.905226627504919001e-12
1.203736554877821163e-10
5.832275309404499897e-13
5.577951295299143908e-12
1.116712083047699533e-12
9.715088976347541205e-13
1.625130287502898896e-14
4.850216365689941078e-14
3.267924396799931630e-13
1.962213594733364097e-12
2.544129999986627366e-13
5.825966098438328800e-11
1.037942992730515879e-14
2.179575313634996014e-12
1.795691213454277124e-14
3.775215003890691756e-13
1.043375368742216480e-11
2.539864586009743519e-12
5.825174977797109577e-12
9.445921692399772418e-13
5.119201503672732301e-12
2.363978153854806585e-14
3.644847553115060368e-13
5.892116764112664828e-13
2.548964294843414358e-12
3.107318222173027777e-11
4.552452165240694626e-12
3.333793947824480186e-14
1.220342457728534891e-13
2.650764807307637305e-13
1.566923809670842105e-13
4.481825812709637480e-14
1.263668857054423000e-12
1.465165987667160774e-12
9.277020781618423168e-15
5.056970331851137757e-14
2.341895774526925322e-12
2.659847990528507213e-15
4.411577982262049336e-13
1.980268798265172152e-15
3.583824860139972479e-13
1.454401811658290189e-12
2.197064763532542188e-15
5.763269093732314996e-14
9.702212855821831794e-14
2.905745043248219618e-15
3.954887632662273944e-14
8.521942578150996928e-15
8.329046409820059504e-14
3.046387537304802440e-14
3.935062995938376496e-13
1.395546178617479427e-11
1.975707141291249691e-12
3.573735816823908618e-13
2.794845009991640122e-14
2.975535670721868309e-13
1.879598500497195457e-13
9.881720441917707376e-12
8.916528539820722798e-13
2.849872031071565281e-13
2.239340440510217967e-13
4.415136537080054102e-14
1.790504810389448309e-12
5.102524780194010734e-15
7.152316391055568712e-13
2.013962591531151536e-13
6.429250794942609204e-12
2.577165098081174444e-13
1.042955478924856294e-11
1.154516369658575847e-12
4.934481642737686968e-12
8.641372123072144085e-13
1.438677464920407045e-13
2.903741090349958032e-14
1.019647335179707168e-14
2.778079849496961629e-12
3.941598295583575995e-13
1.374065486771988004e-14
1.792408929612854251e-11
6.663408973900386556e-14
5.021512855052714941e-14
2.798575173684758610e-13
1.252460591835702353e-12
4.808494748209657388e-12
4.744999423759999058e-13
2.410664441503118649e-13
5.726932735547821118e-14
4.735270877666286626e-13
2.574193028875848555e-13
1.645942171620007333e-12
8.891813067096743239e-14
2.696618664856705733e-14
1.465398444848106402e-15
3.781955651427360010e-12
2.241827600293899714e-13
1.781185442195631907e-12
2.211001462481838181e-14
1.411220315952754767e-12
2.959583939683360643e-14
1.231690259766854423e-14
3.366144168959195326e-14
9.316573120615734283e-13
1.730504167697308193e-13
3.069628977882981648e-15
2.806985546777163165e-12
1.246645256643141852e-12
2.813180190099767719e-13
3.976134268298021912e-14
3.385858000221064756e-12
7.712341372088579727e-14
9.357773514677859145e-15
2.006941433787406970e-13
5.836915694702737856e-13
9.036397498329851175e-12
1.186601679544971311e-13
3.185860321212874435e-13
3.257388662188803741e-13
2.038895209621489207e-14
2.789221388848229372e-14
2.175947817111348326e-13
5.579260144161768409e-12
1.939526013752801425e-13
1.100183109220033428e-13
2.375331614073213776e-14
2.433358961377585228e-14
3.043171454848031532e-13
2.267476354247954795e-12
1.735830663235349292e-12
1.559424417125077761e-14
4.006333703373068933e-14
5.961196163431492501e-13
1.071750218954725664e-12
2.546274551883803694e-14
3.717314880934997900e-14
2.049070277603676216e-14
1.661997102442303031e-11
3.573718825342986696e-15
1.223771843410215165e-12
1.054038990420599897e-14
1.789720986428849914e-14
1.068162593965971130e-12
9.699295403300944862e-13
5.666660920339815222e-14
1.198130353610715737e-12
8.942685188282478714e-14
1.655108613097394654e-13
1.028675668951484212e-11
2.487191767645835494e-13
5.459106474162145339e-13
2.845948709985154923e-14
1.200340521423370888e-11
1.430071230705542984e-12
5.420879064100929401e-14
4.569530992200136754e-15
9.936445248418315779e-14
1.679743177234252482e-13
1.468416181834783507e-13
3.623743320658404793e-15
1.058463212910698559e-14
9.686266545794186555e-12
5.338777515776285676e-15
8.436618916494997844e-14
1.657769733119651701e-12
2.093848532058739664e-11
3.265972358551007260e-14
2.416747140951414075e-12
6.262857935165552781e-14
2.430222689753236409e-11
2.299818796232082352e-14
1.195830815012982606e-13
8.417937096623535898e-15
8.693670884910281033e-15
1.053484268543443056e-14
1.488796607697351337e-14
3.866966629176814274e-14
1.010006626402625007e-13
1.229342040491576693e-12
1.960921794949901931e-13
3.913703450810759529e-15
4.740387769819331965e-12
2.572754834694046533e-13
1.509054513293417443e-11
4.189815855371037401e-11
2.274323036757092131e-13
4.727065567862280548e-14
8.533808967640943433e-13
2.458005587263611957e-12
4.544243128491720629e-13
1.092245682055925995e-14
5.403858784058801490e-13
1.960576849252462089e-14
7.485469018177377809e-15
6.637447210779134910e-13
8.999699314775344572e-14
8.603824575535712338e-13
2.432938019884117731e-13
4.172866913121353605e-12
4.874588891714236316e-14
4.191138538653382817e-13
1.555598911403416329e-13
1.784438753444500536e-13
1.413075385869877465e-13
2.509989354489323976e-14
5.833423263511760496e-16
3.369646684077409748e-13
7.098213076345283312e-13
1.922337750136574042e-13
8.850178077370041141e-13
2.112848978619904367e-14
3.181928182513483160e-15
1.537799922124438723e-11
3.254089775417412511e-10
3.153771536797329335e-15
1.937175680283287349e-12
3.485501546673236417e-13
2.544966190912156812e-12
2.778110315578008471e-13
6.661143330173070753e-15
1.749673268682666594e-14
1.710710938955094934e-14
2.104614009110217232e-12
6.702205793390064725e-15
2.760354011338561619e-12
4.299963773175992376e-14
4.489217699833736308e-14
1.027744987096117224e-13
5.533999297767204506e-14
5.436903531552683688e-12
2.223457014208576887e-13
9.948301947851345695e-13
9.430785145869702291e-12
4.739346393632659638e-13
1.082098603430448058e-12
9.474015539093216809e-13
5.185055266003144037e-14
2.534216055321419914e-13
3.555575430434776418e-13
7.739670883355476150e-12
8.963714517615608592e-16
3.611838259032218446e-12
9.717804339004487701e-11
8.080522199711143161e-14
3.114346074865187441e-13
1.496269471171207677e-14
6.897693679251692966e-13
1.699683010438976516e-13
2.704624718630199709e-13
6.837367687816380685e-15
2.033077787339746673e-14
5.176695728440101896e-14
1.035210803255852408e-14
5.544297354933332839e-15
1.124575218646069186e-13
4.629007104657491961e-15
1.138107078198224986e-13
2.895010349068111166e-13
3.697919249458225810e-13
1.763133977467253033e-14
9.307940702918404696e-13
1.488716615261065357e-11
1.771942209558279458e-15
4.047300960086791521e-14
2.500939451192951690e-13
2.074911423233238850e-12
3.253508031562934999e-13
1.860513479390313307e-12
1.136129019097160964e-13
1.969903732322586531e-13
1.513249567970317844e-13
5.019626682085769065e-14
4.627579176515010662e-14
1.957481269090899367e-12
2.002229863840281759e-14
7.122095339699707761e-13
1.158343820167884175e-11
2.394769834366573813e-14
2.284196052790288256e-13
1.017555451791191112e-13
1.315964785059131614e-11
7.773845803193957238e-12
5.167715400430017078e-15
4.255472859401691899e-14
1.903063481540484547e-14
7.059611684297195655e-13
7.747257154376574473e-13
1.227016491883725635e-11
9.418005438022181153e-12
2.738024921806331280e-13
1.198103508764924996e-11
4.671978407443100334e-13
3.288312005501892177e-14
2.182162653699415422e-12
1.253284314436248215e-13
1.464642751698719270e-13
2.395046400788247709e-12
2.340099685207985836e-13
3.513458274317926566e-11
8.025192482937187205e-15
1.738982675272956937e-15
1.589767488659188377e-12
1.030558971493178433e-11
9.341449055261241696e-13
3.034448506269299406e-13
1.326129137058096319e-11
1.178016560167416404e-13
1.203872613576850714e-13
1.646585970870029225e-12
2.403205455817070124e-12
5.994406766752710669e-14
1.871087098397040092e-15
1.801542096925567993e-12
1.398190374243823975e-13
2.809386577540262664e-11
1.436013417552284288e-12
2.507391165626916135e-14
2.353233059804171745e-12
9.548738752820917774e-13
1.417943887305206374e-12
1.471589302780469677e-14
1.364502044340354381e-13
2.795398249561139269e-15
9.603168954486207554e-13
7.593337986383855154e-14
1.648144403072759889e-12
3.271078273157056182e-14
2.980205925789958243e-12
1.246561312289937162e-13
1.805170921596876976e-12
1.223236735427984945e-13
1.051982801000481138e-13
6.278313372659605207e-13
1.512063857369433384e-13
4.193987171441371231e-12
1.139296752913302596e-14
1.150963439139340849e-12
3.099223622963359626e-13
5.599374046025284990e-13
4.868347478620416169e-13
7.290177101858426323e-15
4.249092126328707364e-13
7.794097832414248472e-12
1.575295102695939420e-11
1.961107938910390536e-14
4.171240718282842597e-13
9.493912817362670786e-13
2.426977618440878670e-13
1.771915426884707045e-11
2.322679722166487437e-11
1.707640918859748558e-13
1.560546939068097050e-13
1.987021875163308415e-12
2.667400534391711764e-13
1.400329591866311674e-11
1.450871974645329132e-12
5.778183649867568716e-14
1.937466707251436770e-13
1.682221663400554346e-13
1.165539344726018722e-12
7.333781477068812560e-13
4.309712580297803131e-13
8.041300508495122235e-14
3.095401539254805101e-13
1.444395124339248326e-11
2.039319911941242514e-13
5.478366427901426236e-15
7.055395493098942650e-14
1.342975311849608361e-14
2.917235550348173945e-11
4.511294427757793490e-14
5.470579908127201629e-14
8.662936633232337647e-14
1.318069134739752180e-12
2.928940456056045027e-13
1.785896056689592615e-13
3.154279951383259784e-13
2.731111625238090077e-15
6.825790475374626798e-13
1.047905031926468430e-14
2.884785509429943495e-13
3.091507356101780291e-13
9.095435552451940769e-15
6.374939465203510736e-11
4.903124889606147452e-13
6.745556939630539817e-14
3.719367993507935758e-16
9.238072682044365380e-14
7.299364021204346464e-14
1.806527204304547718e-13
3.053104423873234316e-15
3.104886139859708294e-13
2.653086626260015013e-13
1.750392799454436599e-12
3.144968552075411150e-13
3.599299948798401205e-13
3.943064679021862640e-13
2.573707035252031927e-13
9.620263095801336040e-15
2.845391294543225813e-13
5.376990560158716181e-14
1.509163974344751580e-11
6.864584421728547881e-12
1.787592223225810406e-14
5.391149139388545439e-15
5.497380979255228617e-13
6.580124205251723299e-15
3.747883622375047796e-15
1.899208973410709128e-14
4.838379927285009485e-14
1.790273311541579204e-11
4.371560752280956308e-11
1.551784179940843972e-14
3.984834651919039183e-14
4.648133006962540392e-12
2.679955595549093905e-13
6.699732999285168411e-13
9.022516241075084764e-12
1.761979342811137439e-12
5.728790109394560348e-14
2.222377013319509764e-12
5.514093430583665370e-15
7.593858403426648196e-14
1.571093190440298049e-12
2.024870885113799757e-13
2.617510158273161913e-13
3.584624730292723660e-13
2.881288415322591501e-13
1.516461720194213492e-14
2.378385930177718058e-15
4.679020842654479928e-14
3.360734296580024198e-15
9.114499087721082866e-16
1.667244467484785275e-12
2.825072735967125437e-14
2.179100270453121491e-13
6.370939254531906779e-15
2.252737709915186848e-12
1.231530424649707536e-14
2.433154826437296941e-14
1.007275209422009432e-12
3.396297132418624187e-12
4.107057575974959462e-13
1.552891590816084244e-14
1.846626367443815475e-12
1.273353438750041144e-13
1.065451150022251811e-14
3.059099740014559199e-13
8.650726836256783514e-12
1.024793178918889658e-13
6.497090412465331491e-15
2.654002777095765264e-13
6.472874672239573024e-14
1.136371185816780968e-14
3.388729794277962892e-14
2.531437075746750115e-14
5.893038335959277507e-13
4.438419683866490217e-12
1.278690830519915722e-13
9.438699821728846473e-13
8.988592856140620313e-12
4.315423452611044652e-12
1.082215575292332088e-13
5.160818820904022886e-12
2.814122372629679347e-11
4.827171309700582780e-14
1.206739894642205879e-12
5.683722806640312264e-13
8.471932736505566330e-14
4.983003940028929435e-11
4.575494063491225560e-12
1.048261954669782448e-12
4.328334565761871033e-11
1.898776275099933741e-12
1.103999443946568348e-11
4.852923184833768389e-12
3.203572118953140757e-14
1.476969435643127326e-09
4.478550759819078728e-15
1.310229949844999089e-14
1.663596086516790085e-14
4.273937838838656744e-14
1.845923655358246152e-14
4.500442173874935614e-13
7.214946955852452604e-13
5.541946025353072791e-13
3.805157957389310175e-13
2.342275678968164243e-12
1.221896498912466988e-12
6.507230193054935885e-13
2.762320977696148400e-14
3.718378415503570400e-14
2.898962753877798448e-12
7.087985797252227549e-13
3.185441006022665666e-13
5.682560406386136242e-14
7.554001776313365446e-14
2.661889636392921615e-14
2.175707259754328105e-13
1.175610308970856388e-13
3.681980068059864664e-12
3.190577617102723085e-14
3.126911164892665074e-13
5.122255701192623967e-13
5.010405542608779850e-14
1.103855098690334491e-13
9.396768709283784271e-14
2.778433678875952273e-13
6.450362162804812449e-13
2.112926804007098092e-13
2.815703128555141488e-13
1.868289594211813842e-13
4.112358023555806597e-12
1.354274851983472416e-11
9.254355094745481125e-13
7.085948147689258292e-12
5.950555152789416269e-12
6.245746541483354619e-12
3.855431945920528847e-11
6.033811688135881646e-13
1.073041920482365949e-14
3.993200301671828711e-12
1.998919692963729844e-12
2.035686479410700467e-13
2.059681398147109738e-14
1.156846320127247196e-12
1.436674390564718351e-11
8.628377417933819071e-13
9.304686741148232576e-14
1.584233368405116305e-13
2.619669021639015050e-12
4.009886866995771015e-11
1.477699120835604396e-13
4.016934788270143386e-12
4.053756462452096088e-12
9.999242238248676196e-14
1.177673518600041991e-12
5.175639308948286332e-14
1.567789163940745516e-15
3.631993252158072227e-14
7.781433510782934104e-14
2.245802658152728365e-14
1.523605426664766810e-14
4.686916544975605614e-14
7.862259766302191755e-15
6.049700399923113592e-14
2.776871831436378280e-12
4.454896195861535180e-13
1.523126175423210327e-14
3.197050046574445581e-12
7.951077947085383180e-13
7.644569872955475631e-12
1.647709052532420060e-10
5.760247279162911127e-10
4.991900781625702166e-10
3.755436445759124942e-13
1.205096559244974233e-14
9.607234712633028195e-13
4.772962895142202067e-14
5.432974382879596220e-12
5.733693467929734666e-12
1.160571882737396199e-13
5.206791486682404990e-13
1.198430937821015618e-10
3.532107332310241432e-13
