2.602251469863148259e-10
1.203729615983917256e-10
2.272733563846163207e-11
4.334347811218997037e-11
1.494620816000491459e-10
6.346055902994862663e-10
4.075140780379626904e-10
5.246723162599664647e-07
6.181198841659352183e-06
6.414462738746351533e-09
3.167456816299818456e-05
5.056580448581371456e-06
1.426056854825219489e-07
1.552598550915718079e-04
3.666518182399158832e-07
6.203191005624830723e-04
9.699075222015380859e-01
7.030084729194641113e-03
8.212545886635780334e-03
2.185337711125612259e-03
1.460626372136175632e-04
1.689665396042983048e-06
2.934774201435175200e-08
5.195537369218072854e-07
2.603742075280024437e-07
8.506957360765454723e-10
3.311061494426503771e-11
2.131165252952649247e-12
1.442844715232594055e-11
8.813786367412035361e-10
1.240692271142762593e-10
2.706109503147757778e-10
6.771964065899194196e-12
3.836739606577488360e-11
9.528166450278874322e-12
5.209798703553758514e-10
1.193683346611962293e-10
3.047078700468830448e-10
2.028553575117442165e-10
5.211428510953908244e-10
2.663055198581787408e-08
5.410383807635810172e-10
1.725685150333333695e-09
1.235099467145062135e-09
2.257427855756333201e-10
3.803088399756404669e-10
7.792055889410676173e-09
1.235601398974495169e-09
6.522581780243896787e-11
2.402190113492963519e-10
3.037162743524390862e-10
4.782190962671073464e-11
3.719472507768273317e-09
1.845809372014173277e-08
7.660910794626829556e-10
9.184841331943971454e-09
2.882625516065218108e-08
9.693071345573400777e-11
3.872666631821175542e-09
1.189217471164738527e-07
2.010743216374066833e-08
6.325540535812024245e-09
4.756621763135626679e-10
2.914773977735762855e-09
1.607375388346099498e-08
3.068034049036327815e-09
1.718576947418171130e-09
3.303938100884806772e-08
8.423996500361852213e-10
1.280314743112853648e-11
7.812465951939628894e-11
6.827059056968565187e-11
2.460283532457196998e-09
9.305888698518671731e-11
1.603461141641560062e-09
4.417000099010692793e-09
2.183042774328569635e-10
4.845722156865406305e-10
4.984897494786366678e-10
7.205450125447043774e-11
9.420917194802314043e-06
2.769536706637154566e-07
1.566071732668206096e-04
1.817110569390933961e-05
1.717404302326031029e-05
8.490360341966152191e-04
1.415613223798573017e-04
6.316979828113744588e-09
1.520663239773512032e-08
1.079730225228558993e-07
3.298308826060747379e-08
5.889213643968105316e-03
4.662048741010949016e-05
1.632118364796042442e-04
1.134515856392681599e-03
5.813049501739442348e-04
5.873115878785029054e-05
1.192780018755001947e-06
3.039601210730324965e-07
6.136823794804513454e-04
6.817658437796580984e-09
4.085592697489204284e-10
1.274561012287733774e-09
1.853210385149850481e-08
3.075145286857150495e-06
2.407799115644593257e-07
3.797552050599506401e-09
1.868741977568283419e-13
6.337981355020172458e-12
2.693784605101168239e-11
6.918108447218074275e-11
2.150634921885274942e-12
6.619915726702174652e-11
1.482309475164811374e-08
1.060070928815548541e-07
1.102927991991631274e-11
2.872155117905617061e-11
1.525505633273582795e-12
4.412513323476252580e-12
2.880717799719212380e-12
1.679192809106444528e-12
5.958682982795671101e-13
1.398679024162963191e-12
9.265079155273969747e-12
4.064924508107026213e-10
1.586893116911625157e-11
1.946390965068545142e-11
4.161026367910380941e-07
3.121478130196919665e-06
1.698469276334435563e-07
1.422849504884027283e-09
1.726182432548739598e-07
7.767561527316502179e-08
8.962366264313459396e-04
4.560804427455877885e-06
5.981246999908762518e-07
5.866155333933420479e-06
3.531440881943126442e-07
9.998623281717300415e-04
1.355654166701469876e-08
4.767881378597849107e-08
5.725302685277711134e-07
3.612877037539874436e-07
4.565471272144350223e-07
9.075706408623318566e-09
1.490947965976374689e-06
7.729648920928866573e-09
1.394500227097639211e-11
2.376292218553288649e-10
1.293426563769850546e-11
1.745187994117713970e-09
2.325692882720886701e-08
2.138178523125588981e-10
2.910609600559332932e-11
1.406926658509277672e-10
1.333279181503499444e-10
1.238400701430997231e-11
1.315260678147467388e-09
3.598517039904436388e-09
4.595780978000618688e-10
1.674588939737375881e-10
2.105921659278919833e-09
6.171787969577735566e-09
7.019488323933842366e-10
1.700286844652509899e-08
2.333706283774716894e-10
6.088610060572818838e-09
3.333249010140093560e-09
4.162384881212233267e-10
7.855618933128027948e-11
9.076701196208958322e-11
4.568419864625639093e-09
1.639709701350966498e-08
6.580306077808018017e-09
7.841779670059167984e-09
3.309949883623097833e-11
5.462280072698888489e-10
2.838559665097051266e-10
1.486302747544243630e-10
4.474522696806815247e-10
2.994603232053805186e-09
3.519245658778480390e-11
1.576077712783785501e-09
2.035087515173117367e-10
1.744521471724880257e-10
6.916064942963373596e-11
2.748296035193220632e-09
1.785441239299245808e-11
4.923270680023961177e-10
6.045328126980109573e-10
2.745971852680106906e-11
5.064924035735884900e-10
1.494849688477017935e-09
1.836245738795483362e-10
7.199625617904104047e-11
2.424808798195954296e-08
9.794697275467001418e-10
5.303653072274983060e-10
2.878508764680987042e-09
2.492296591327658462e-09
1.710331529181097210e-11
2.333478202332095464e-11
3.007061821769241305e-10
8.256225703107133995e-10
9.497289760185267937e-11
2.715208891057585561e-10
1.117597403510472986e-10
9.586267196715070327e-11
2.503582063884124409e-10
2.536271193065431362e-09
2.087055861466069473e-09
2.671915466656571425e-10
2.465872783741218655e-10
1.476559326196724697e-11
2.653216535364322226e-10
7.083720415801408876e-11
7.509790532489457604e-12
2.220274408770706032e-09
2.073105298538990837e-10
6.437879396248291641e-11
1.236836189022483268e-10
3.509894458408879814e-11
4.065279016196576833e-11
1.495773616078110990e-09
7.448442973512214849e-10
4.739632913697278127e-06
1.092530493157495286e-11
9.702741010642057518e-08
2.428399929060853779e-12
1.495310125720905603e-11
2.874575022460135187e-09
6.833007049067418848e-09
2.902878604160719078e-09
3.058507266895382770e-11
1.377490455034546812e-09
2.952634403641241079e-08
9.392616462378100550e-09
3.672181847491629014e-08
2.472910765050073678e-09
2.177297009353651447e-09
1.589867437701286690e-08
1.664463455952613913e-09
5.800513847020738467e-09
5.232896338469572584e-09
4.415403459523403740e-11
6.688343212601921550e-09
3.097456735545733864e-09
1.091525536622839354e-09
6.997288526378042661e-09
9.697093794613920181e-09
1.050435560756568520e-08
2.378617094955792766e-11
8.536876761056078067e-11
1.720575504293719860e-08
1.054556220125846266e-09
9.598402073152101366e-10
9.175640108827209929e-11
6.589694762082487500e-11
1.125332049767280296e-10
1.858937448417918858e-09
4.440073864131477421e-10
1.716271014196024680e-09
8.744863722043305643e-10
2.005079124955955194e-08
1.615424771728157793e-08
9.723156307872571347e-12
2.001671224605150456e-11
2.269576748759050133e-10
7.460092099620396766e-09
1.862900518290189211e-07
3.274006843412280432e-09
5.747809836975648068e-07
2.315798468544016941e-07
2.673581604994978989e-07
8.963258437688637059e-07
7.970623272512966651e-08
6.950728881349732546e-10
6.029302426213689614e-07
1.702833856143115554e-07
7.789897615850804868e-10
2.472154108090762747e-07
2.974394952559578087e-09
6.701509125406346357e-09
5.855589901848645695e-10
6.245204076549271122e-06
4.438427936293010134e-08
2.857894514818326570e-06
7.782109605614095926e-06
7.553070169308284676e-09
7.756213449283677619e-10
1.562650453479363932e-08
3.159038186595353181e-08
1.509159575086016503e-09
6.039787781020322655e-09
1.417342077036920500e-10
4.846966206173419778e-08
1.580013758717413452e-10
6.494517146293787846e-10
2.221571726579441020e-08
2.055233316866633686e-08
5.960771876090120713e-10
5.332643771005507460e-10
9.148033996986271177e-10
1.778930003304424190e-09
1.106344571510931019e-09
8.682140562044082799e-10
1.217565909428230952e-06
9.267032696769206268e-10
1.083961809200673088e-08
1.078862443826267281e-09
6.183473733045730114e-10
1.210065159185091943e-09
9.332323802624387099e-10
7.072549657038962323e-09
2.575204938182196202e-09
7.337107588156754900e-10
6.575075151005194130e-09
7.825126657756698023e-11
6.352753323390913920e-10
2.780868157969962340e-08
3.103530099579643320e-09
1.672928249263350153e-07
2.127123934769770131e-07
1.094661783440642466e-08
5.312788875500018548e-09
5.087301691020229555e-09
9.370785036821871472e-09
1.760266585271175188e-11
4.912246651112006646e-11
1.303891890291897226e-11
4.619428750629595015e-07
4.169449312030337751e-06
1.098636026597432647e-08
8.858955236057397542e-10
9.680221069174876902e-09
5.270300817983297748e-08
1.899685564410447114e-08
3.543964011143430071e-09
1.627687318261905602e-09
1.504974145305482125e-09
8.105146775960747618e-09
7.559575881943558784e-11
6.638570249073438845e-10
1.704129198865089734e-10
2.304735742530983345e-11
1.948056826961419574e-09
2.744842131363611770e-10
7.228304066408952622e-10
3.505343926235582330e-08
1.261768556304332378e-08
8.068425216833929881e-08
4.067978807142935693e-07
1.948709359567146748e-05
1.832780071708839387e-06
1.153798057096366847e-09
1.806488626243663020e-06
2.543926314046984771e-07
1.004721283948128985e-08
1.484816625207940888e-08
9.237337117440347356e-09
1.220070711127618779e-08
2.446353120078015309e-09
1.142520567043447954e-08
1.235592606008140137e-08
3.661322125481092371e-07
4.096462336011796879e-10
1.677318839377051063e-10
2.120746356304437086e-10
2.130103951003547991e-07
6.860224743832077365e-08
3.682612032207543962e-06
2.559868107709917240e-06
4.720409396696823023e-09
1.317312658954961080e-08
1.044137789563137630e-07
1.970524863281752914e-06
4.492699545721734466e-08
1.677839662761471118e-07
2.502836764506355394e-07
3.611791896673821611e-07
1.285936548356403364e-07
1.296568029829359148e-06
1.540909124742029235e-07
3.110674242634559050e-07
2.188779035350307822e-05
1.852060171891878326e-10
3.037318729859350697e-10
9.950712254180871241e-09
1.481284499504909036e-07
1.575983649138024134e-10
9.188705352158876849e-11
9.030749065219723093e-11
4.887284674182090782e-11
2.077918219434149449e-11
1.076393280063925317e-10
5.949980508290764192e-10
7.200527500639264389e-12
8.323388506203954762e-11
5.820203763384768081e-10
2.064928644740504637e-10
6.525991552708276799e-11
3.576780191472117565e-11
2.587168257406347038e-09
5.274400165754256076e-13
8.855837937971067220e-12
8.983539606655099874e-11
6.572732375725864884e-12
1.097555813595052498e-11
1.772415200718135964e-11
4.153326640943255654e-11
3.414348317964943647e-11
1.289939977056064890e-08
1.165901153399317991e-09
3.371130319340664983e-10
2.271306875911704992e-08
1.485550918389755282e-11
2.701801456173047455e-11
4.964750485725311080e-11
1.696963403130524739e-11
2.819817122856616010e-11
4.705379641478657504e-09
9.002188439133362863e-10
4.458782735389243967e-12
1.983573860719900495e-10
1.303653851536523689e-10
6.451908451943211276e-10
3.355586364328644322e-10
3.527078407117301140e-09
1.078151257161152898e-08
3.396792569443363163e-10
4.471764278313195007e-11
1.924485570903300413e-11
2.160647702420526173e-11
2.677054975266934811e-12
7.720888511864032466e-11
1.364316437602042242e-10
1.366616125819675176e-10
4.347238888313675886e-11
6.084987624888071878e-09
4.712200768475227619e-11
2.271146648524791090e-08
8.125852768436914175e-10
7.269796431508268597e-10
8.479062452160235352e-10
6.836036597901440359e-11
4.239375239745157842e-10
3.136663706548858954e-10
1.428104301481880611e-10
5.274637260299641639e-07
7.485712050225856729e-11
7.431722598427725757e-11
2.628323253484055044e-11
7.699080262213442438e-11
1.303955499132314344e-09
1.139182081999479124e-09
5.512466039192531753e-10
2.666544485219191074e-10
5.978431638631320766e-10
2.814594043942797441e-11
2.062835458005451983e-09
5.991088181112047550e-11
1.081338796282693693e-09
4.796235852921881815e-09
1.729827614482815079e-09
6.497611476641296235e-11
4.440914747050328515e-09
2.152676925604168900e-10
5.320246673767847767e-11
1.295787175475959785e-11
8.805350892870933421e-10
2.255760855884858529e-11
1.444333476603720801e-12
1.683324868384517004e-10
2.428138523580258834e-10
1.691292592087556557e-11
1.218284140236391977e-09
8.368544572590064234e-12
2.368870655189425634e-10
1.963785134506679242e-09
3.582198990562113217e-12
1.257697140877311881e-10
7.321874877230793999e-12
1.691381952030612812e-12
7.623833855885386868e-12
3.356318912031697188e-12
1.176241569422753486e-11
8.909396831402460748e-11
1.745753125392823790e-10
4.428005462298045813e-10
2.043257296691081137e-08
3.088421879349212418e-11
3.609142151805855292e-10
1.126337079160322219e-10
1.404421891282314760e-11
7.759398457096722268e-09
1.257522003195177263e-10
1.772561680768447445e-10
9.967493497242685407e-11
8.707301915079901367e-13
2.959431311122528996e-10
6.155170817478960998e-11
5.803642566526434621e-10
1.139067418165495837e-08
1.566920704298979672e-09
7.740588031657225088e-11
1.216473677345675242e-08
4.745736095768116058e-11
7.086359277153064795e-10
7.285910069709800041e-11
2.099791000798045815e-11
1.613866375607675430e-12
3.748989833851634756e-12
1.285927919703055977e-09
7.082460919821675915e-12
4.614472970398963980e-10
2.034211243895356347e-09
5.455832313705499814e-11
1.395623113603638998e-11
2.898329354295015037e-10
4.514229268171021658e-10
5.468555608345582186e-10
2.629060510961345187e-11
3.346017213301522020e-11
1.350905325103735066e-11
1.221996170919226188e-09
7.834300985720688004e-10
8.122270217514326873e-11
2.737416543441284489e-11
1.461761094112556947e-11
3.519271029109316551e-12
7.248446842744726837e-10
1.250182318779380353e-10
5.545167103271353426e-10
2.623129838341675679e-11
4.453203084064938366e-10
2.199962087501283747e-11
2.198668764413769239e-12
1.201529153949110196e-11
1.806615829158531028e-10
2.650763497591412943e-10
3.709836528687643353e-13
3.061825459838019015e-09
1.279331640624548072e-10
5.960802684779054061e-11
5.734110061772490496e-11
1.787917147666462370e-09
2.510831820234926681e-10
8.306703935812009831e-11
1.015309850083134791e-10
1.375061592367998742e-10
6.699447663294222366e-10
9.910432891002685096e-11
2.543642206587204413e-11
1.584803677179280612e-10
1.650814223817451132e-13
5.511900072648068249e-13
2.508424301606027029e-10
1.284179568239451896e-10
1.506698758813040939e-11
2.556176659229691950e-10
1.158586768190694727e-11
9.588808219662681154e-11
5.077778753026507275e-10
1.288881223970861356e-10
3.488771771475995820e-10
1.881221220467743649e-11
2.618485983596485767e-11
1.200483601415669455e-09
1.854496667341720695e-09
1.716514777538868941e-11
1.195681314375418580e-11
6.361007554023245802e-11
2.599584902895912819e-08
4.049225418942953292e-13
6.853845269105818261e-11
8.400778406247866315e-10
1.698439132391538209e-12
1.801668481071772021e-09
2.440633528610902658e-10
2.144770125389605653e-11
4.707542800019837159e-09
3.356698599632501612e-11
1.893825547771843532e-11
3.935736736515593748e-10
1.075018199458988022e-11
8.219533387254784884e-11
1.441232116289326015e-12
2.542859034448952116e-09
6.514776496047147702e-10
7.280311076218737298e-11
9.034913442396153016e-12
2.985082320217102847e-11
1.846151530260353724e-11
1.134094814586594779e-11
5.672475336671034540e-11
9.043660265106723273e-11
9.987010329837175959e-09
2.420250388990297097e-10
9.662498232088090333e-12
7.884143338188209782e-10
8.603184831201815541e-09
1.300187318920009716e-10
4.318158330907095888e-11
1.195246401852756435e-10
1.176301278604796607e-09
4.218385710186289828e-11
4.467502062732719992e-11
8.876269858015817249e-11
1.906630409109766333e-11
6.481866432483940343e-11
6.731989531799653648e-12
2.901009987787972477e-11
3.345283078326488635e-11
3.823123415069851205e-11
7.125746659397691474e-10
1.640667462998735004e-11
1.443965780278944067e-10
2.619684850990733338e-11
4.790759344786010843e-09
3.676211335346124542e-08
4.480319240607322229e-11
6.259068957570335101e-11
2.498055318156389148e-09
2.362886830642452196e-10
9.333655376364546896e-11
2.215076646411295869e-12
4.577634798996754739e-11
2.572855123395001442e-11
5.920377442415400426e-14
6.181640269109500707e-12
5.498195787545512303e-10
1.904643109895687303e-10
3.281482585659745155e-10
1.079864531128293947e-10
4.838011102847872280e-10
3.334423570588995744e-10
1.669796922953992180e-08
7.995495376889039107e-10
2.457904157981971593e-10
2.173963925544697418e-10
2.206663888074111846e-12
1.064133559047775179e-09
5.724254056871380669e-11
9.013936125290555879e-11
1.737553850800210853e-11
4.401644413537519895e-12
2.697701220397141775e-12
1.565564455852097581e-09
6.429954901854273430e-10
1.385788150898292770e-10
6.472106184318704436e-11
8.868705075881777589e-11
6.850463529772810034e-10
6.827284293464686016e-10
3.895242114970720593e-11
7.444022481761791710e-11
5.386914178617807636e-11
1.635282326217790683e-10
1.535366972449381251e-11
1.072009370162163577e-09
2.480955163530751406e-10
9.486825214288785446e-11
3.640508033919687136e-11
1.979751605707402717e-11
7.157007209102062006e-10
1.470360222466382538e-10
3.821630512046425565e-10
3.242287271998378628e-10
8.112222005252078816e-11
2.112410690813248948e-09
1.270432536948362667e-09
3.903998790910634398e-10
4.835565836636135373e-10
9.956738905581019594e-11
1.500021218348024377e-10
1.393534376434302224e-12
3.467539855250834080e-08
4.201599512754228272e-09
2.462473454312164023e-11
5.249735368639818489e-11
4.836154046672369589e-11
6.285975906461516161e-11
4.492455019100560776e-10
1.359525773209080413e-11
6.554280122111899587e-12
8.227935693883026147e-12
2.117257064115918297e-11
7.702102844397984427e-12
9.415663778170046960e-13
1.861366755173676779e-10
9.584821825114886451e-11
2.597732272346942040e-11
4.488812446745704676e-11
2.626221462520561545e-09
1.773095038848371274e-11
5.347697840107912270e-10
3.000135695430117266e-10
6.130574780466302443e-12
2.796052452069819338e-12
3.109108109855540647e-11
4.495446515040413260e-10
1.831994451972907001e-11
3.359946001979530195e-11
2.096787632410723745e-09
1.386605136266538807e-10
4.233733155722951835e-11
2.889194716804155405e-10
1.760919049464959585e-10
1.782230196756273699e-10
4.662463557597584796e-12
1.688101741725844818e-11
2.992861736217378166e-09
5.482200197276521081e-12
7.591205442025739103e-11
7.661925781332623586e-12
8.083708702422143233e-11
1.684248474020932917e-08
3.469993823529415877e-12
8.651473287768496334e-11
2.224085499102912422e-12
2.927552297804503212e-11
2.380693864267868776e-09
2.147120398143798070e-10
8.275354623776820517e-09
5.940407193927299545e-11
2.264670939666757477e-08
1.183097543544509023e-11
1.620421678782957287e-11
2.084287187287259258e-09
8.232508424965701010e-11
2.066541160417045830e-09
3.313236629498561570e-10
1.586433762135186498e-10
1.594993581655046455e-09
2.092993660329778294e-11
4.469786346605886251e-11
2.169864548456912345e-12
1.184395248543523849e-08
9.051986715746807022e-09
5.820300491565788548e-11
2.538415033725982539e-09
4.625220692555664925e-11
4.005070580737069008e-11
1.289622075795193723e-09
4.123326680094407948e-10
8.443934787494278282e-12
2.118835705847144091e-12
7.078207886479503941e-08
2.394505926872625423e-09
1.292086548865256646e-09
1.605235389057213524e-10
6.425510731128403208e-12
1.760449785948026147e-09
9.612558665716974815e-11
2.804687038171493896e-10
4.719681676729203801e-12
1.649590131158618078e-09
1.746514911860064245e-11
2.793235642783997719e-10
2.517011425673398861e-11
2.041416480302871150e-10
6.672587482547953641e-11
4.105807707710518173e-11
2.274053029216460686e-10
1.729207332878957004e-09
2.801297249721557137e-10
5.280643977645382847e-12
1.696681857510373703e-11
1.398155702325709626e-09
4.361410121944686580e-10
5.731636953248964161e-12
5.173395739577202335e-11
1.460006282538728328e-10
9.998950278866658437e-11
4.251710539193709337e-09
4.585553881053527903e-10
5.535009256485423634e-11
5.745017239711103230e-10
9.439271586586528429e-10
4.822751226152277582e-11
6.421494586072995503e-11
1.337833142878164239e-11
6.782722300480159561e-11
3.236868273415183239e-10
3.201171550060166737e-10
3.108510671090414235e-10
7.424737213934662350e-11
3.330285769376217786e-10
2.069711485530589812e-10
2.145844391066020762e-09
2.799498632910513152e-09
2.362761097884913397e-10
3.018401084631250342e-09
1.805206158167482755e-11
1.431243790150915629e-09
1.792118189958280539e-11
3.611145826809547543e-10
1.330418830658430807e-10
3.081772337321098121e-11
6.446462474940517495e-09
3.792917646627813610e-10
6.125117340410879407e-12
7.289079062555714472e-11
1.799218066200758415e-11
3.090930889015908178e-08
5.282009274409915633e-10
2.728124393058806163e-10
5.130082122994927829e-11
3.294815809073980972e-10
7.461435636013646899e-11
5.461014453145285330e-12
8.191986672345663578e-11
1.580913568458020002e-12
2.871314519481416028e-09
4.805981133892966994e-12
1.859405629467403287e-09
1.509319891290772375e-10
2.471190786723642674e-12
1.969467922080525568e-09
9.546994271525388598e-12
6.835160042129029279e-12
9.594987998573500931e-12
2.790214934100809785e-11
5.204539490349935349e-12
1.971207086448600876e-10
1.139353722479086173e-09
2.840919860469526270e-11
4.195476951962540113e-11
1.170164659614059133e-10
1.889410294886317843e-10
2.900706237707328938e-11
7.864168205529153965e-10
1.571672306188709456e-11
1.456211453504385744e-12
1.418029027533407316e-10
3.592971753452189887e-11
4.987753321472609969e-09
5.659671620250605883e-10
7.832832299436987000e-11
2.325578271622497084e-11
1.036095167994410815e-11
5.776436187016065205e-12
3.809830922962831323e-11
2.637645657443954406e-10
3.198643433455217178e-11
1.138462449312704905e-10
6.611405645173817902e-09
5.666006292620595630e-12
9.944396868466487405e-12
9.762622710240975721e-09
3.580058471897018535e-10
1.757681084013640316e-10
2.922723618681288826e-09
1.482515887829549683e-08
7.298781262536635506e-13
1.744134697778676468e-11
2.246721255219630287e-12
3.976420234752531258e-11
2.293348982940202063e-10
3.839325801724413623e-10
7.807952895344527633e-11
1.883312616968169095e-09
1.365656632917877644e-11
4.082585935982763203e-10
3.683538717103029825e-12
1.116084308305786976e-11
1.377339214903017250e-11
2.917331632344699610e-13
3.703048423453481064e-10
2.960395123485781710e-11
1.241367009185978532e-10
1.287872369512554904e-12
5.804693947730754644e-10
3.643338343690960546e-13
1.630550555686838266e-11
1.322154191685243063e-10
5.018429560799120281e-10
1.995447418412510387e-10
7.530401649469276038e-12
3.444236895688845834e-09
3.087557154390907499e-10
2.896183987077805000e-11
5.769106026232151407e-11
2.172593660532129434e-08
3.207355214751572703e-11
1.735904892052886339e-10
3.305031248679313194e-10
1.704739474583938375e-11
1.447219566408364244e-10
2.718389055522685283e-11
9.022360115962246851e-12
6.680406922088266697e-11
6.633949500844948943e-10
5.052631646407235166e-10
2.992043834915136813e-10
5.279964243598556095e-10
3.099795420347106756e-10
2.829579626162370687e-11
3.323314068381932884e-09
4.587055002502893331e-08
1.196792318025607926e-11
1.243821223795293918e-08
7.203800750366085026e-11
1.636375822171298733e-12
5.404417890986223938e-08
1.599091525861240370e-08
1.578026931348119888e-09
4.964644162441800290e-08
4.138175913048769416e-11
1.054658915755624093e-09
1.449638276085352118e-08
5.214100332051607722e-11
5.421251444204244763e-06
3.799408704319162666e-12
3.487789917988592947e-12
1.751927491966398520e-10
1.257029094529904523e-12
4.992009410009767834e-12
6.732070456649807966e-11
3.414801330592354134e-09
1.048450701257586104e-10
1.436592650394530324e-10
6.951892533857417789e-11
9.328845855527401199e-12
4.482363924473986572e-10
4.370515668122854080e-12
1.372515924698280987e-12
2.526154285753534623e-11
1.468817146903222959e-12
3.383373789467292170e-11
9.701601744183108167e-10
4.105251902308815204e-11
1.004416948918729346e-11
1.570288760133209394e-10
4.632575226204416197e-11
3.176853780040289621e-10
2.623324994732723070e-11
1.545828604010424101e-10
5.952725812274906048e-11
4.251819729628181221e-11
4.197327763133529288e-10
1.277112998687712775e-10
8.524938532872283758e-10
1.947454142392501808e-10
5.889571469408494409e-11
3.651232927115444227e-10
3.252009078691386890e-11
7.802972490367210412e-09
2.091208095578167558e-09
1.558561266157276748e-11
2.654206454621999001e-08
4.405399778306673397e-08
8.200292112015006296e-10
9.306178050394464663e-10
6.412685382706229120e-10
3.890600197564708651e-08
2.706716095701722224e-08
2.220553740883701721e-09
1.005477506810237287e-10
1.143065243153218447e-12
6.680954400817284977e-11
3.498542566759965666e-09
9.788729722626232643e-12
1.600978204174818842e-11
1.308323761828322773e-11
1.809609267988676606e-10
2.416593591902937987e-09
3.938873532893794049e-11
2.372388396842950442e-10
1.053470755074670251e-09
1.621844152033258268e-11
1.834289109492459602e-10
1.650121150831296291e-10
5.025877717473870021e-12
4.365831155796195961e-13
3.285880678660646481e-09
3.871789173992556954e-12
2.133659568470669399e-11
1.478464399518042427e-11
6.811200908840575607e-12
8.908962977061118949e-13
8.106221249803979845e-11
5.139454833935630518e-11
3.266194953388534827e-11
1.709485331069515723e-09
2.694191814089919035e-10
9.942213274882760743e-09
3.141654758564982330e-08
3.688614924612920731e-08
8.548693974930188233e-10
7.713752969706888507e-10
8.096161241422095145e-11
3.504471157711464002e-10
1.446775060864879947e-10
3.734642817221356381e-09
3.548123350682885757e-09
6.335268420976092330e-10
1.472251227596643730e-07
1.069074144766091194e-07
1.156986242922819486e-10
