1.240789294242858887e+00
4.957353696227073669e-02
2.539764642715454102e-01
1.499157696962356567e-01
5.610396265983581543e-01
2.929992377758026123e-01
2.397158183157444000e-02
2.142642736434936523e-01
0.000000000000000000e+00
4.980581626296043396e-02
7.563028335571289062e-01
4.000122100114822388e-02
1.998803615570068359e-01
4.130802452564239502e-01
8.540585637092590332e-01
1.387231349945068359e-01
0.000000000000000000e+00
7.841148227453231812e-02
0.000000000000000000e+00
0.000000000000000000e+00
4.686998128890991211e-01
9.274857118725776672e-03
2.925803661346435547e-01
2.520592212677001953e+00
3.212193548679351807e-01
5.340944528579711914e-01
0.000000000000000000e+00
8.231550455093383789e-02
0.000000000000000000e+00
5.608220696449279785e-01
2.233459055423736572e-01
7.682470232248306274e-02
1.420867443084716797e-02
5.112059116363525391e-01
0.000000000000000000e+00
4.500133991241455078e-01
2.038899898529052734e+00
1.324269771575927734e-01
1.920949295163154602e-02
9.901542216539382935e-02
0.000000000000000000e+00
2.252223789691925049e-01
0.000000000000000000e+00
4.215719178318977356e-02
1.579459309577941895e+00
1.341306269168853760e-01
4.228065013885498047e-01
2.534274458885192871e-01
0.000000000000000000e+00
2.143138051033020020e-01
3.825503885746002197e-01
2.005227208137512207e-01
0.000000000000000000e+00
6.257384270429611206e-02
2.293052226305007935e-01
8.331674337387084961e-01
2.930315434932708740e-01
1.196648627519607544e-01
7.000098470598459244e-03
8.287333697080612183e-02
7.267637550830841064e-02
5.054719448089599609e-01
6.565083563327789307e-02
1.640421524643898010e-02
4.256646335124969482e-01
2.242216914892196655e-01
1.859127171337604523e-02
3.627558052539825439e-02
6.744469515979290009e-03
1.148424744606018066e+00
2.722270488739013672e-01
6.429511308670043945e-02
7.353759557008743286e-02
2.701184712350368500e-02
3.549745976924896240e-01
3.437657654285430908e-01
4.159712791442871094e-01
1.705679669976234436e-02
4.010149091482162476e-02
1.369375437498092651e-01
1.660232804715633392e-02
3.526839613914489746e-02
3.260290250182151794e-02
1.637322902679443359e-01
5.823668837547302246e-01
1.686906665563583374e-01
0.000000000000000000e+00
9.765670895576477051e-01
1.269704103469848633e-02
3.536292612552642822e-01
2.084340006113052368e-01
6.422533392906188965e-01
0.000000000000000000e+00
2.225980997085571289e+00
9.995030239224433899e-03
3.997970223426818848e-01
0.000000000000000000e+00
1.386218518018722534e-01
3.667445480823516846e-02
1.883570551872253418e-01
2.032010316848754883e+00
2.574660181999206543e-01
1.810027718544006348e+00
6.114713475108146667e-02
7.068005800247192383e-01
0.000000000000000000e+00
9.543190896511077881e-02
2.001368207857012749e-03
2.454002946615219116e-02
1.698591262102127075e-01
5.810928940773010254e-01
0.000000000000000000e+00
4.021671116352081299e-01
3.442879617214202881e-01
2.539253473281860352e+00
5.131127834320068359e-01
5.373450517654418945e-01
4.728557169437408447e-01
0.000000000000000000e+00
2.439913451671600342e-01
1.170409768819808960e-01
1.840092062950134277e+00
1.354058533906936646e-01
0.000000000000000000e+00
2.893404960632324219e-01
2.887414395809173584e-01
1.469125449657440186e-01
1.289252877235412598e+00
1.159997224807739258e+00
1.220465600490570068e-01
3.316259682178497314e-01
1.064485788345336914e+00
2.129088401794433594e+00
9.092370048165321350e-03
4.140546545386314392e-03
1.467223525047302246e+00
6.757491827011108398e-01
4.845614433288574219e-01
1.310070417821407318e-02
9.893222451210021973e-01
6.400817632675170898e-02
1.243444159626960754e-01
4.586665034294128418e-01
0.000000000000000000e+00
2.005888074636459351e-01
2.006535790860652924e-02
4.797965660691261292e-02
6.802855432033538818e-02
3.150426447391510010e-01
3.278354704380035400e-01
1.129089039750397205e-03
2.144357711076736450e-01
1.383126854896545410e+00
1.563338935375213623e-01
6.856992840766906738e-01
1.899957060813903809e-01
1.572239845991134644e-01
1.109384223818778992e-01
8.032099902629852295e-02
1.063335537910461426e-01
1.362681835889816284e-01
2.741285562515258789e-01
1.237156055867671967e-02
6.307935118675231934e-01
1.642289638519287109e+00
2.915734611451625824e-02
9.562721252441406250e-01
7.875713706016540527e-02
0.000000000000000000e+00
8.616311103105545044e-02
5.431343913078308105e-01
1.334951639175415039e+00
1.248235106468200684e-01
0.000000000000000000e+00
1.441248133778572083e-02
6.476491093635559082e-01
3.169639825820922852e+00
4.438034296035766602e-01
1.032432198524475098e+00
3.675983250141143799e-01
1.670996658504009247e-02
5.823943298310041428e-03
1.082253694534301758e+00
3.382534086704254150e-01
3.213498890399932861e-01
3.240823149681091309e-01
9.002517908811569214e-02
1.834749430418014526e-01
3.834106922149658203e-01
2.037485688924789429e-01
4.457523524761199951e-01
3.389790654182434082e-01
6.248701363801956177e-02
1.465969830751419067e-01
2.010414302349090576e-01
1.190963760018348694e-01
2.411084063351154327e-02
2.445231527090072632e-01
1.027263045310974121e+00
6.819870471954345703e-01
2.279277890920639038e-01
1.639510393142700195e-01
8.912630677223205566e-01
4.715258479118347168e-01
2.338344156742095947e-01
1.898976117372512817e-01
2.034639120101928711e-01
3.825608268380165100e-02
5.399394035339355469e+00
3.020351231098175049e-01
1.390843749046325684e+00
5.805441141128540039e-01
8.804101496934890747e-03
1.201642602682113647e-01
4.217636212706565857e-02
1.092683747410774231e-01
1.255773544311523438e+00
0.000000000000000000e+00
2.131850421428680420e-01
2.309760898351669312e-01
1.530763804912567139e-01
5.948042273521423340e-01
2.370217144489288330e-01
5.966216921806335449e-01
5.572056770324707031e-01
3.029172420501708984e-01
2.045664489269256592e-01
5.250187397003173828e+00
3.993246331810951233e-02
3.274484276771545410e-01
1.218805555254220963e-03
1.432843208312988281e+00
1.148765906691551208e-01
1.106080293655395508e+00
0.000000000000000000e+00
3.611232712864875793e-02
1.282664895057678223e+00
4.161215946078300476e-02
9.059667587280273438e-01
3.458088263869285583e-02
5.181376338005065918e-01
1.681964159011840820e+00
3.557292520999908447e-01
1.700108349323272705e-01
1.940980255603790283e-01
9.251869916915893555e-01
2.808087468147277832e-01
1.245949745178222656e+00
9.688428044319152832e-01
2.293318957090377808e-01
8.022014796733856201e-02
2.079557813704013824e-02
9.062500670552253723e-03
1.566410303115844727e+00
1.708410829305648804e-01
7.673535346984863281e-01
3.880962729454040527e-02
1.312665224075317383e+00
1.725848793983459473e+00
0.000000000000000000e+00
7.530364394187927246e-01
7.581114023923873901e-02
5.512993931770324707e-01
6.684725880622863770e-01
1.192723393440246582e+00
1.012671068310737610e-01
2.109252959489822388e-01
0.000000000000000000e+00
1.712278276681900024e-01
1.228181868791580200e-01
3.448613882064819336e-01
1.475803740322589874e-02
2.118132829666137695e+00
6.092043593525886536e-03
1.848853230476379395e-01
3.925921320915222168e-01
8.049940317869186401e-02
8.966484069824218750e-01
3.456738591194152832e-02
5.857709050178527832e-01
1.143937587738037109e+00
0.000000000000000000e+00
1.391458272933959961e+00
8.863836526870727539e-02
0.000000000000000000e+00
1.471707075834274292e-01
8.577497601509094238e-01
1.007272023707628250e-02
4.740076959133148193e-01
0.000000000000000000e+00
6.475463509559631348e-02
4.517956078052520752e-02
5.704435110092163086e-01
9.798200726509094238e-01
4.154500737786293030e-02
3.507294952869415283e-01
5.617671608924865723e-01
4.202155768871307373e-02
0.000000000000000000e+00
4.034196853637695312e+00
8.557353615760803223e-01
0.000000000000000000e+00
3.281001746654510498e-01
1.020324081182479858e-01
4.358705133199691772e-02
6.981582939624786377e-02
1.586420685052871704e-01
1.021127223968505859e+00
0.000000000000000000e+00
0.000000000000000000e+00
3.156163394451141357e-01
2.953459322452545166e-02
4.174718260765075684e-01
9.617538452148437500e-01
9.070381522178649902e-01
5.661424994468688965e-01
3.705287575721740723e-01
0.000000000000000000e+00
0.000000000000000000e+00
3.807803243398666382e-02
8.476617932319641113e-01
1.801691293716430664e+00
9.928590655326843262e-01
1.990199387073516846e-01
5.328124165534973145e-01
1.393747478723526001e-01
1.338277816772460938e+00
0.000000000000000000e+00
7.753769159317016602e-01
0.000000000000000000e+00
7.000404000282287598e-01
5.923094693571329117e-03
4.486481845378875732e-01
5.249835252761840820e-01
1.137899875640869141e+00
1.677153855562210083e-01
1.419125050306320190e-01
6.407730281352996826e-02
3.189024329185485840e-01
3.591618835926055908e-01
4.386928081512451172e-01
2.388608641922473907e-03
3.087477385997772217e-01
0.000000000000000000e+00
0.000000000000000000e+00
2.436131685972213745e-01
2.326839447021484375e+00
9.650813341140747070e-01
8.306767344474792480e-01
5.674945190548896790e-02
2.075527235865592957e-02
4.807051420211791992e-01
3.980814293026924133e-02
7.246322631835937500e-01
5.177258014678955078e+00
0.000000000000000000e+00
2.535374164581298828e-01
1.514513045549392700e-01
1.785406321287155151e-01
0.000000000000000000e+00
8.859425783157348633e-01
0.000000000000000000e+00
6.074196472764015198e-02
8.924247026443481445e-01
1.373038738965988159e-01
1.028315164148807526e-02
1.013424158096313477e+00
8.176602125167846680e-01
6.770246624946594238e-01
7.129041850566864014e-02
7.113670930266380310e-03
0.000000000000000000e+00
8.352991342544555664e-01
1.268155965954065323e-02
2.640447020530700684e-02
7.052753120660781860e-02
3.773930966854095459e-01
7.983518242835998535e-01
4.320073872804641724e-03
1.744686484336853027e+00
5.987439751625061035e-01
5.954368412494659424e-02
2.048929333686828613e-01
0.000000000000000000e+00
9.555292129516601562e-01
1.022140607237815857e-01
3.550127744674682617e-01
3.764096736907958984e+00
7.734107971191406250e-01
2.825547456741333008e-01
1.285091936588287354e-01
9.254389256238937378e-02
3.369997441768646240e-01
0.000000000000000000e+00
1.229415014386177063e-01
0.000000000000000000e+00
3.363016247749328613e-02
0.000000000000000000e+00
1.012495979666709900e-01
7.405421882867813110e-02
4.125199615955352783e-01
1.486621141433715820e+00
3.472160696983337402e-01
4.081907123327255249e-02
5.482066273689270020e-01
5.626790523529052734e-01
3.829770565032958984e+00
0.000000000000000000e+00
5.125815272331237793e-01
4.743359610438346863e-02
1.107816472649574280e-01
3.471916317939758301e-01
9.786190390586853027e-01
0.000000000000000000e+00
6.561543792486190796e-02
8.323616534471511841e-02
1.378431636840105057e-02
1.346562862396240234e+00
2.275078557431697845e-02
1.734645664691925049e-01
1.526286303997039795e-01
0.000000000000000000e+00
2.066467046737670898e+00
5.864784717559814453e-01
5.230477333068847656e+00
4.584352299571037292e-02
1.905690580606460571e-01
2.394990324974060059e-01
3.290574252605438232e-01
7.553128153085708618e-02
0.000000000000000000e+00
9.178066253662109375e-02
2.765334248542785645e-01
4.775164648890495300e-02
8.270313739776611328e-01
3.031455911695957184e-02
3.748612701892852783e-01
4.157470073550939560e-03
1.679123938083648682e-02
2.062346190214157104e-01
1.816832304000854492e+00
1.548310518264770508e-01
9.042895436286926270e-01
7.997579872608184814e-02
6.708241254091262817e-02
8.022422343492507935e-02
7.067903876304626465e-01
2.395232319831848145e-01
2.041555404663085938e+00
3.756731450557708740e-01
2.602887153625488281e-01
1.821969151496887207e+00
1.340128660202026367e+00
3.313910961151123047e-01
8.606988191604614258e-02
1.264624148607254028e-01
1.579204797744750977e-01
1.130447313189506531e-01
5.505585297942161560e-02
0.000000000000000000e+00
2.090744495391845703e+00
4.852491915225982666e-01
1.182755947113037109e+00
1.464618563652038574e+00
4.185182228684425354e-02
2.059936523437500000e-01
1.422754377126693726e-01
3.486592471599578857e-01
3.658017516136169434e-01
9.360168129205703735e-02
9.062087535858154297e-02
0.000000000000000000e+00
0.000000000000000000e+00
2.132103443145751953e-01
5.556861683726310730e-02
5.252262949943542480e-01
4.823525995016098022e-02
1.121627762913703918e-01
8.026124536991119385e-02
3.535970449447631836e-01
8.587235212326049805e-01
5.178437102586030960e-03
2.522274851799011230e-01
2.031579762697219849e-01
5.625844001770019531e-03
1.776104927062988281e+00
1.817791461944580078e-01
1.896589696407318115e-01
3.848730325698852539e-01
5.792206153273582458e-02
1.096678733825683594e+00
1.097990870475769043e-01
2.579386830329895020e-01
7.064936310052871704e-02
2.109558694064617157e-02
2.852209806442260742e-01
6.527452915906906128e-02
2.774112224578857422e-01
9.087439626455307007e-02
1.700934618711471558e-01
3.624352067708969116e-02
3.781636245548725128e-03
1.254086613655090332e+00
1.088842451572418213e-01
2.545391581952571869e-02
0.000000000000000000e+00
3.384845554828643799e-01
3.156934380531311035e-01
2.042970895767211914e+00
1.820538192987442017e-01
2.694992348551750183e-02
4.635267332196235657e-02
1.892631053924560547e-01
0.000000000000000000e+00
2.479136176407337189e-02
4.297070801258087158e-01
2.111953794956207275e-01
5.360035300254821777e-01
1.004965696483850479e-02
2.658961415290832520e-01
3.506702929735183716e-02
1.999683976173400879e+00
2.088606059551239014e-01
3.462715446949005127e-01
1.707040786743164062e+00
2.664059698581695557e-01
4.225983470678329468e-02
1.032802611589431763e-01
0.000000000000000000e+00
4.924217462539672852e-01
3.040547668933868408e-01
3.492426574230194092e-01
2.294364422559738159e-01
1.588915586471557617e-01
1.892777532339096069e-01
2.723882496356964111e-01
2.388056367635726929e-01
2.539552748203277588e-01
8.962987363338470459e-02
0.000000000000000000e+00
5.244919657707214355e-01
2.435241222381591797e+00
1.571681201457977295e-01
1.291679590940475464e-02
8.276090025901794434e-01
0.000000000000000000e+00
5.780029296875000000e-01
0.000000000000000000e+00
5.726407170295715332e-01
0.000000000000000000e+00
1.416240811347961426e+00
2.349634170532226562e-01
3.043523132801055908e-01
1.179099082946777344e+00
6.936012208461761475e-02
0.000000000000000000e+00
2.104552984237670898e+00
4.406956490129232407e-03
7.703431844711303711e-01
3.700726628303527832e-01
0.000000000000000000e+00
5.630190968513488770e-01
6.857399363070726395e-03
1.746821552515029907e-01
2.092095836997032166e-02
9.961529076099395752e-02
1.015473246574401855e+00
9.586919844150543213e-02
1.714782267808914185e-01
2.870068848133087158e-01
2.461083233356475830e-02
4.005077481269836426e-02
1.308281719684600830e-01
6.523551940917968750e-01
4.342674612998962402e-01
3.779037594795227051e-01
0.000000000000000000e+00
1.656211763620376587e-01
9.452273845672607422e-01
1.401906609535217285e-01
7.996580749750137329e-02
1.242766603827476501e-01
1.572085380554199219e+00
8.534801006317138672e-02
1.873560428619384766e+00
5.817268490791320801e-01
6.218532919883728027e-01
6.544817984104156494e-02
1.600430607795715332e-01
2.913354933261871338e-01
9.320108890533447266e-01
1.744218617677688599e-01
1.800877749919891357e-01
4.654969215393066406e+00
3.250119686126708984e+00
1.037047281861305237e-01
1.021265625953674316e+00
3.436487913131713867e-02
1.340271592140197754e+00
4.611227810382843018e-01
3.096636012196540833e-02
2.856332343071699142e-03
5.564875900745391846e-02
1.426404714584350586e-01
1.288894470781087875e-02
2.331526994705200195e+00
1.576140165328979492e+00
1.319402456283569336e+00
8.079704642295837402e-02
5.939448475837707520e-01
0.000000000000000000e+00
5.264841951429843903e-03
2.576474286615848541e-02
0.000000000000000000e+00
4.388525187969207764e-01
0.000000000000000000e+00
5.025308579206466675e-02
9.809646010398864746e-02
3.756454680114984512e-03
0.000000000000000000e+00
3.696599006652832031e-01
1.021086215972900391e+00
3.783327341079711914e-01
1.107501029968261719e+00
1.582201480865478516e+00
3.135235309600830078e-01
4.939088523387908936e-01
0.000000000000000000e+00
3.471000492572784424e-02
2.695615589618682861e-01
0.000000000000000000e+00
0.000000000000000000e+00
4.681608378887176514e-01
3.667123317718505859e-01
3.043793439865112305e-01
5.183508396148681641e-01
6.809137761592864990e-03
1.133688390254974365e-01
1.940351165831089020e-02
8.309866301715373993e-03
4.356972873210906982e-01
3.094683215022087097e-02
3.489147126674652100e-01
6.065901517868041992e-01
4.985918402671813965e-01
1.524137854576110840e-01
6.032571196556091309e-01
1.688254714012145996e+00
1.873709261417388916e-02
1.726120114326477051e-01
0.000000000000000000e+00
6.633946299552917480e-01
0.000000000000000000e+00
8.174415826797485352e-01
1.805516146123409271e-02
7.502692341804504395e-01
0.000000000000000000e+00
2.111384868621826172e-01
3.171744942665100098e-01
2.953752279281616211e-01
6.157898530364036560e-02
2.495935440063476562e+00
8.012618124485015869e-02
0.000000000000000000e+00
8.679695427417755127e-03
1.226933121681213379e+00
1.786700338125228882e-01
4.749739468097686768e-01
1.141589283943176270e-01
5.880810618400573730e-01
5.595318675041198730e-01
8.488621711730957031e-01
0.000000000000000000e+00
3.905165493488311768e-01
9.517220407724380493e-02
4.728910862468183041e-04
0.000000000000000000e+00
8.469949662685394287e-02
5.202531442046165466e-02
2.028465718030929565e-01
2.591837346553802490e-01
5.214686393737792969e-01
5.926517844200134277e-01
2.275571227073669434e-01
2.007425725460052490e-01
7.728340625762939453e-01
8.350114524364471436e-02
2.570829540491104126e-02
2.200929075479507446e-01
8.510650396347045898e-01
0.000000000000000000e+00
1.342457532882690430e-01
3.216953277587890625e+00
3.036013431847095490e-02
5.332544445991516113e-02
3.236323893070220947e-01
1.756774038076400757e-01
9.126788377761840820e-02
3.739130496978759766e-02
1.149537116289138794e-01
1.342346072196960449e-01
9.959676265716552734e-01
1.012512389570474625e-02
1.781852543354034424e-01
9.790886938571929932e-02
8.186315298080444336e-01
5.082869529724121094e-01
2.734467983245849609e-01
1.666593104600906372e-01
3.181680738925933838e-01
2.160274982452392578e+00
1.925308443605899811e-02
1.092290043830871582e+00
7.494946569204330444e-02
4.691710695624351501e-02
1.831566393375396729e-01
2.788426876068115234e+00
4.926645755767822266e-01
9.129140973091125488e-01
3.396662771701812744e-01
3.447018861770629883e-01
9.220846928656101227e-03
2.542871236801147461e+00
4.891797527670860291e-02
4.180517494678497314e-01
5.585921555757522583e-02
2.628173530101776123e-01
6.512682884931564331e-02
1.247677020728588104e-02
1.262039244174957275e-01
2.624326050281524658e-01
9.771718084812164307e-02
2.187417298555374146e-01
4.283276796340942383e-01
1.438544869422912598e+00
0.000000000000000000e+00
2.188539505004882812e-01
2.426851540803909302e-02
1.515369534492492676e+00
1.910676807165145874e-01
1.367342770099639893e-01
5.550682544708251953e-01
5.300567150115966797e-01
3.509527921676635742e+00
2.796972990036010742e-01
1.045836806297302246e+00
1.127258181571960449e+00
6.510875225067138672e-01
6.823066473007202148e-01
1.068693995475769043e+00
2.650227546691894531e-01
0.000000000000000000e+00
3.678214848041534424e-01
1.925317198038101196e-01
7.675092816352844238e-01
1.055991128087043762e-01
5.434957891702651978e-02
1.128799557685852051e+00
1.505057215690612793e-01
5.387836694717407227e-02
1.224864959716796875e+00
3.206538558006286621e-01
3.948296904563903809e-01
7.839257121086120605e-01
3.516857326030731201e-01
1.154728829860687256e-01
2.251338399946689606e-02
2.463153898715972900e-01
7.577834725379943848e-01
7.569753564894199371e-03
0.000000000000000000e+00
2.650999307632446289e+00
7.308349609375000000e-01
6.574841737747192383e-01
2.087730914354324341e-01
5.211979523301124573e-02
2.567104697227478027e-01
3.695672750473022461e-02
4.413643777370452881e-01
2.016688138246536255e-01
2.976448237895965576e-01
4.049589931964874268e-01
1.266967058181762695e-01
6.521702557802200317e-02
3.968537598848342896e-02
6.717707514762878418e-01
3.785923868417739868e-02
5.185315385460853577e-02
2.140351533889770508e-01
2.415295124053955078e+00
1.963922521099448204e-03
7.554229497909545898e-01
1.489799618721008301e-01
1.981148310005664825e-02
7.310342043638229370e-02
3.703726688399910927e-03
2.314961552619934082e-01
2.517511129379272461e+00
3.501443147659301758e+00
5.521227717399597168e-01
9.431839734315872192e-02
3.080844320356845856e-02
0.000000000000000000e+00
1.498934030532836914e+00
1.401230812072753906e+00
7.133245468139648438e-02
2.042538642883300781e+00
1.164520252496004105e-02
3.622556924819946289e-01
0.000000000000000000e+00
4.812847822904586792e-02
7.054842077195644379e-03
7.798339128494262695e-01
1.676139950752258301e+00
1.012380123138427734e+00
5.406692251563072205e-02
5.253850221633911133e-01
6.789100356400012970e-03
1.018481373786926270e+00
6.706292182207107544e-02
0.000000000000000000e+00
1.568370312452316284e-01
3.078564703464508057e-01
3.471190929412841797e-01
6.536822766065597534e-03
3.357537686824798584e-01
6.956876516342163086e-01
2.701876461505889893e-01
1.530051112174987793e+00
3.436513245105743408e-02
9.939879775047302246e-01
1.327837944030761719e+00
3.487375006079673767e-02
6.972406506538391113e-01
2.428063005208969116e-01
0.000000000000000000e+00
6.981638669967651367e-01
3.491683602333068848e-01
1.547757863998413086e+00
5.928356647491455078e-01
1.178546026349067688e-01
1.770619869232177734e+00
2.603396400809288025e-02
2.251196503639221191e-01
2.344073727726936340e-02
1.185394287109375000e+00
3.921139836311340332e-01
1.475675106048583984e-01
1.872247457504272461e-02
1.874355673789978027e+00
4.388927459716796875e+00
1.668910235166549683e-01
6.465057134628295898e-01
0.000000000000000000e+00
1.382437348365783691e-01
7.485373616218566895e-01
7.685332298278808594e-01
6.078066825866699219e-01
2.296346426010131836e-01
1.093319281935691833e-01
1.434003114700317383e+00
6.051023602485656738e-01
2.442470937967300415e-02
0.000000000000000000e+00
4.806709662079811096e-02
6.209512799978256226e-02
8.831247687339782715e-03
7.619115114212036133e-01
1.631060428917407990e-02
1.245244368910789490e-01
7.069452106952667236e-02
0.000000000000000000e+00
1.664132028818130493e-01
2.387915372848510742e+00
3.247365057468414307e-01
1.079792380332946777e-01
4.103750884532928467e-01
2.845807075500488281e-01
5.829996466636657715e-01
1.747841000556945801e+00
2.258420288562774658e-01
4.253211915493011475e-01
2.782000601291656494e-01
7.796892523765563965e-01
1.984296143054962158e-01
0.000000000000000000e+00
2.586492151021957397e-02
4.960735738277435303e-01
2.404912412166595459e-01
1.510166842490434647e-02
3.369056582450866699e-01
1.656906962394714355e+00
1.042304411530494690e-01
1.619240403175354004e+00
0.000000000000000000e+00
2.078161761164665222e-02
3.830542787909507751e-02
7.936234027147293091e-02
2.979644760489463806e-02
1.087532877922058105e+00
5.854480266571044922e-01
7.119742631912231445e-01
0.000000000000000000e+00
4.780759811401367188e+00
1.989099942147731781e-02
1.028242781758308411e-01
1.472940891981124878e-01
0.000000000000000000e+00
9.225810170173645020e-01
8.963177800178527832e-01
3.615780174732208252e-01
4.273529946804046631e-01
1.064483165740966797e+00
2.639573514461517334e-01
0.000000000000000000e+00
2.300970852375030518e-01
1.125275567173957825e-01
3.804276511073112488e-02
4.578433632850646973e-01
7.637107968330383301e-01
1.406484693288803101e-01
2.531992644071578979e-02
1.323144584894180298e-01
1.157451653853058815e-03
5.072221159934997559e-02
2.634773217141628265e-02
5.865435302257537842e-02
7.517696022987365723e-01
1.888495832681655884e-01
2.315977334976196289e+00
2.724707722663879395e-01
1.454208791255950928e-02
1.636707544326782227e+00
2.102836847305297852e+00
8.675673604011535645e-02
1.495376676321029663e-01
1.022172689437866211e+00
8.569374680519104004e-01
5.623552203178405762e-01
1.346115618944168091e-01
1.081578016281127930e+00
3.975180536508560181e-02
3.877648413181304932e-01
1.982312351465225220e-01
1.614800989627838135e-01
0.000000000000000000e+00
3.447901308536529541e-01
1.511150717735290527e+00
3.870914280414581299e-01
4.472879227250814438e-03
1.006232053041458130e-01
1.295725345611572266e+00
3.263758122920989990e-02
3.658722341060638428e-01
2.600795961916446686e-02
4.278099164366722107e-02
2.954789876937866211e+00
4.918370544910430908e-01
0.000000000000000000e+00
1.773009449243545532e-01
4.363448917865753174e-01
7.032418996095657349e-02
1.974098682403564453e+00
2.753231227397918701e-01
6.145541556179523468e-03
3.832097649574279785e-01
7.308703064918518066e-01
0.000000000000000000e+00
0.000000000000000000e+00
1.217698678374290466e-01
2.022020578384399414e+00
4.937137663364410400e-01
1.262861490249633789e+00
2.957522869110107422e-01
2.521247386932373047e+00
7.375873923301696777e-01
1.565370522439479828e-02
7.980395555496215820e-01
1.284355223178863525e-01
3.265747427940368652e-01
1.949987560510635376e-01
2.068785205483436584e-02
3.924191594123840332e-01
1.432139158248901367e+00
4.704105854034423828e-01
0.000000000000000000e+00
2.520299553871154785e-01
7.034534215927124023e-02
4.374704658985137939e-01
1.378685534000396729e-01
0.000000000000000000e+00
5.293062329292297363e-01
8.713181316852569580e-02
5.022267997264862061e-02
1.491132229566574097e-01
1.045480728149414062e+00
4.106467962265014648e-01
2.995114922523498535e-01
5.451435446739196777e-01
1.351465135812759399e-01
1.259584873914718628e-01
5.398740768432617188e-01
3.454639017581939697e-01
3.543761968612670898e-01
3.141532838344573975e-01
0.000000000000000000e+00
2.655021846294403076e-01
1.133292913436889648e-01
3.682811558246612549e-01
4.641437530517578125e-01
3.609320148825645447e-02
3.728256002068519592e-02
1.135980561375617981e-01
4.682285785675048828e-01
0.000000000000000000e+00
2.515489794313907623e-02
9.681439995765686035e-01
6.135814636945724487e-02
2.600012719631195068e-01
4.502242431044578552e-02
2.412729859352111816e-01
1.623740606009960175e-02
3.155677616596221924e-01
4.352143034338951111e-02
1.875141263008117676e-01
2.456375807523727417e-01
1.484229922294616699e+00
0.000000000000000000e+00
2.930645942687988281e-01
1.069962531328201294e-01
5.092466473579406738e-01
9.686827659606933594e-03
6.669611930847167969e-01
9.716829657554626465e-02
1.063226461410522461e+00
1.011787727475166321e-01
1.176510810852050781e+00
8.080837875604629517e-02
1.277587115764617920e-01
5.168767571449279785e-01
2.551626920700073242e+00
9.089680314064025879e-01
1.750727772712707520e+00
0.000000000000000000e+00
9.778485894203186035e-01
6.685006432235240936e-03
3.261620700359344482e-01
0.000000000000000000e+00
2.758013308048248291e-01
1.051663517951965332e+00
0.000000000000000000e+00
0.000000000000000000e+00
3.956782817840576172e-01
9.579169750213623047e-02
0.000000000000000000e+00
1.819794297218322754e+00
3.521442413330078125e-04
1.227670907974243164e+00
6.731638312339782715e-01
6.747375726699829102e-01
6.827408671379089355e-01
1.948419027030467987e-02
2.818904876708984375e+00
4.568744078278541565e-02
3.661102056503295898e-01
6.282230615615844727e-01
7.882419228553771973e-01
5.025436878204345703e-01
0.000000000000000000e+00
4.813358485698699951e-01
3.920978307723999023e-02
3.707241117954254150e-01
1.819310933351516724e-01
9.010118842124938965e-01
2.398976832628250122e-01
2.642390727996826172e-01
9.465067088603973389e-02
3.107752203941345215e-01
7.753084897994995117e-01
1.837875723838806152e+00
4.216271638870239258e-02
8.986036181449890137e-01
2.159518003463745117e-01
1.361160635948181152e+00
1.549908071756362915e-01
1.088062077760696411e-01
2.090473622083663940e-01
0.000000000000000000e+00
5.016050338745117188e-01
0.000000000000000000e+00
1.490931212902069092e-01
2.758040428161621094e-01
5.540340766310691833e-02
8.048330247402191162e-02
3.114922940731048584e-01
4.310091733932495117e-01
8.131620287895202637e-01
6.337775588035583496e-01
5.414884909987449646e-02
1.385829150676727295e-01
1.989867687225341797e-01
5.971953868865966797e-01
5.131825804710388184e-02
3.382993340492248535e-01
1.157860517501831055e+00
8.905125260353088379e-01
2.063117548823356628e-02
1.509982228279113770e+00
0.000000000000000000e+00
6.347132474184036255e-02
6.678872555494308472e-02
1.664650440216064453e-01
8.868688344955444336e-02
2.357233762741088867e-01
3.541281819343566895e-02
2.947578728199005127e-01
8.667596578598022461e-01
7.532862424850463867e-01
1.461287215352058411e-02
2.951663918793201447e-02
8.554725050926208496e-01
4.742072224617004395e-01
1.040684938430786133e+00
3.029468059539794922e+00
1.025185823440551758e+00
0.000000000000000000e+00
2.071896791458129883e-01
1.610111445188522339e-01
1.743857860565185547e+00
1.867944478988647461e+00
9.358006119728088379e-01
5.663017630577087402e-01
1.534570455551147461e+00
1.020069420337677002e-01
1.247433722019195557e-01
2.434269666671752930e+00
8.132972568273544312e-02
8.539377152919769287e-02
6.380423903465270996e-02
2.848619408905506134e-02
8.584111183881759644e-02
5.732360109686851501e-02
4.828155636787414551e-01
1.340536594390869141e+00
1.942865848541259766e-01
1.473909318447113037e-01
2.411114238202571869e-02
4.166989773511886597e-02
6.635502725839614868e-02
4.886221513152122498e-02
2.215393632650375366e-01
3.653708398342132568e-01
0.000000000000000000e+00
6.304165348410606384e-03
9.648033976554870605e-01
3.222214579582214355e-01
4.799432456493377686e-01
7.276588678359985352e-01
7.223267555236816406e-01
2.487502247095108032e-02
1.271091699600219727e+00
1.861195825040340424e-02
5.378960072994232178e-02
4.919340834021568298e-02
2.935260161757469177e-02
6.087359189987182617e-01
3.096795082092285156e-02
1.046029329299926758e-01
2.065823972225189209e-01
7.443435490131378174e-02
2.509905695915222168e-01
1.326008737087249756e-01
6.977202892303466797e-01
1.026345729827880859e+00
6.736984848976135254e-02
9.894035011529922485e-02
3.111408790573477745e-03
6.411901116371154785e-02
4.960540831089019775e-01
7.963846921920776367e-01
1.090501546859741211e+00
0.000000000000000000e+00
0.000000000000000000e+00
4.967693686485290527e-01
2.064639478921890259e-01
5.193347930908203125e-01
4.373384714126586914e-01
3.222553059458732605e-03
2.566826939582824707e-01
9.845036081969738007e-03
4.284356832504272461e-01
1.049492508172988892e-01
0.000000000000000000e+00
4.762872159481048584e-01
1.020706057548522949e+00
1.117144599556922913e-01
3.520869910717010498e-01
3.944199532270431519e-02
1.094111204147338867e+00
0.000000000000000000e+00
1.641088724136352539e+00
3.210622444748878479e-02
3.361620381474494934e-02
4.447043240070343018e-01
2.254249334335327148e+00
5.563496947288513184e-01
2.690874040126800537e-01
3.581227958202362061e-01
2.108895033597946167e-01
1.025950312614440918e-01
3.533414363861083984e+00
0.000000000000000000e+00
1.549307346343994141e+00
1.376792311668395996e+00
1.215463355183601379e-01
2.077046930789947510e-01
2.953415736556053162e-02
1.016960442066192627e-01
5.834607481956481934e-01
3.575063077732920647e-03
2.366443127393722534e-01
8.719387464225292206e-03
5.233651995658874512e-01
4.398005008697509766e-01
4.596014320850372314e-02
1.523374915122985840e+00
3.652456283569335938e+00
9.525456428527832031e-01
5.442664027214050293e-02
0.000000000000000000e+00
6.849897503852844238e-01
2.291548252105712891e-02
2.772224247455596924e-01
3.916433751583099365e-01
2.940411306917667389e-02
3.930471837520599365e-01
1.742830872535705566e-01
3.029187619686126709e-01
0.000000000000000000e+00
3.512218594551086426e-02
6.067683696746826172e-01
9.792146682739257812e-01
3.160118460655212402e-01
1.309560775756835938e+00
6.963698863983154297e-01
3.537040203809738159e-02
1.231287345290184021e-01
9.167388677597045898e-01
2.190454006195068359e+00
4.651496410369873047e-01
1.341016054153442383e+00
5.603293776512145996e-01
3.780347481369972229e-02
5.804280042648315430e-01
6.204650923609733582e-02
1.126977920532226562e+00
8.477374166250228882e-02
1.856362260878086090e-02
1.992384433746337891e+00
5.301401019096374512e-01
7.088307738304138184e-01
3.235494136810302734e+00
0.000000000000000000e+00
4.166106227785348892e-03
1.675708293914794922e-01
0.000000000000000000e+00
5.053237453103065491e-02
2.123023986816406250e+00
2.920793294906616211e+00
1.414061933755874634e-01
5.235981941223144531e-01
2.340090833604335785e-02
3.231195807456970215e-01
0.000000000000000000e+00
1.097977980971336365e-01
2.913383543491363525e-01
3.521816730499267578e-01
0.000000000000000000e+00
3.022829592227935791e-01
1.391596645116806030e-01
7.357757687568664551e-01
1.826402097940444946e-01
4.756809677928686142e-03
1.593240723013877869e-02
2.113820984959602356e-02
3.367139101028442383e-01
1.742532491683959961e+00
1.916683465242385864e-02
1.660769730806350708e-01
1.128772377967834473e+00
9.381163716316223145e-01
6.605597585439682007e-02
2.240182310342788696e-01
1.859963893890380859e+00
1.973467133939266205e-02
2.448062300682067871e-01
5.353642106056213379e-01
5.616984888911247253e-02
7.312098145484924316e-02
6.705905497074127197e-02
1.288672089576721191e-01
7.102221995592117310e-02
8.978934027254581451e-03
6.365173459053039551e-01
2.986251562833786011e-02
3.419644013047218323e-02
1.283951997756958008e+00
1.800838485360145569e-02
0.000000000000000000e+00
9.210438281297683716e-02
7.570452243089675903e-02
4.450102895498275757e-02
4.959945678710937500e-01
1.110853478312492371e-01
7.670197486877441406e-01
3.703122138977050781e-01
2.713145613670349121e-01
0.000000000000000000e+00
2.116113424301147461e+00
6.116840988397598267e-03
3.584200143814086914e-01
1.510815508663654327e-02
2.636178433895111084e-01
1.708344340324401855e+00
1.423061192035675049e-01
0.000000000000000000e+00
4.110908135771751404e-02
7.653790116310119629e-01
9.383192062377929688e-01
9.190713763236999512e-01
3.418964743614196777e-01
6.133389100432395935e-02
3.906212151050567627e-01
8.978787660598754883e-01
3.432575225830078125e+00
2.632941901683807373e-01
5.496487617492675781e-01
2.084572464227676392e-01
4.743389129638671875e+00
2.156587094068527222e-01
1.687150150537490845e-01
7.817457430064678192e-03
1.145928055047988892e-01
6.430695205926895142e-02
2.155978381633758545e-01
3.651425242424011230e-01
1.735105037689208984e+00
1.298061609268188477e-01
1.241869628429412842e-01
4.212324321269989014e-01
1.952419131994247437e-01
2.159577608108520508e+00
9.660336375236511230e-02
6.067211627960205078e-01
0.000000000000000000e+00
5.719906687736511230e-01
0.000000000000000000e+00
2.612341046333312988e-01
4.426734894514083862e-02
1.093658152967691422e-02
8.729179501533508301e-01
5.415306091308593750e-01
8.171595931053161621e-01
2.821328043937683105e-01
8.347364515066146851e-02
2.092156931757926941e-02
8.050045371055603027e-01
7.949166931211948395e-03
2.613135874271392822e-01
5.938113480806350708e-02
4.501033201813697815e-02
1.603674769401550293e+00
7.158711552619934082e-02
1.552377641201019287e-02
2.128164656460285187e-02
8.261603713035583496e-01
6.660847663879394531e-01
5.895629152655601501e-02
2.215407416224479675e-02
3.560753911733627319e-02
1.452776491641998291e-01
6.057878956198692322e-02
3.502523005008697510e-01
1.885315626859664917e-01
8.733212351799011230e-01
9.914610534906387329e-02
1.555092811584472656e+00
7.994599342346191406e-01
1.200026497244834900e-01
1.438245326280593872e-01
8.709462881088256836e-01
2.169750034809112549e-01
1.125767350196838379e+00
3.962364196777343750e-01
1.249178498983383179e-02
3.838543891906738281e-01
9.407531619071960449e-01
2.213049083948135376e-01
1.735179066658020020e+00
6.613624095916748047e-01
6.742646545171737671e-02
7.151380777359008789e-01
4.312774538993835449e-01
5.480677634477615356e-02
9.717071056365966797e-02
5.211709067225456238e-02
2.875806391239166260e-01
1.236420050263404846e-01
2.382244914770126343e-01
6.069213151931762695e-01
5.633487701416015625e+00
3.497000783681869507e-02
4.349547326564788818e-01
8.810153603553771973e-01
1.589763909578323364e-02
1.097761280834674835e-02
1.710585355758666992e-01
1.200202941894531250e+00
0.000000000000000000e+00
3.241754695773124695e-02
2.606364190578460693e-01
6.357014179229736328e-02
8.312231302261352539e-02
1.314586102962493896e-01
1.481561213731765747e-01
4.146017730236053467e-01
2.981222569942474365e-01
5.909740552306175232e-02
1.752095103263854980e+00
7.173091918230056763e-02
1.627968251705169678e-02
3.850289434194564819e-02
4.378102347254753113e-02
6.429379582405090332e-01
1.401327371597290039e+00
4.078030586242675781e-01
5.272308588027954102e-01
1.010533213615417480e+00
6.422572731971740723e-01
9.927223920822143555e-01
1.293490529060363770e-01
1.208631277084350586e+00
0.000000000000000000e+00
5.423326492309570312e-01
1.806673854589462280e-01
2.869747877120971680e+00
8.575680255889892578e-01
1.779640652239322662e-02
2.358610928058624268e-01
2.637213096022605896e-02
7.882761210203170776e-02
4.253276884555816650e-01
1.484316438436508179e-01
1.584230661392211914e-01
3.334671735763549805e+00
1.705085039138793945e-01
0.000000000000000000e+00
4.002646543085575104e-03
1.357037186622619629e+00
3.378203213214874268e-01
7.490074038505554199e-01
2.215776443481445312e+00
3.679966926574707031e-01
0.000000000000000000e+00
1.851462125778198242e-01
2.736856043338775635e-02
9.150043874979019165e-02
9.145565629005432129e-01
6.934005022048950195e-01
0.000000000000000000e+00
1.934189535677433014e-02
6.031404063105583191e-02
5.943210795521736145e-03
5.967295765876770020e-01
1.371364593505859375e-01
1.859830319881439209e-02
1.975177884101867676e+00
4.368485510349273682e-01
3.000183403491973877e-01
8.200038969516754150e-02
1.177472397685050964e-01
1.024516373872756958e-01
1.118587478995323181e-01
3.582321107387542725e-01
2.441015392541885376e-01
9.934897422790527344e-01
1.650110036134719849e-01
1.920561939477920532e-01
1.421803683042526245e-01
5.117072463035583496e-01
7.254525274038314819e-02
2.031330615282058716e-01
0.000000000000000000e+00
8.757690191268920898e-01
8.347656726837158203e-01
1.853589415550231934e+00
4.334097802639007568e-01
1.040636599063873291e-01
2.433177828788757324e-01
3.806107910349965096e-03
9.020909667015075684e-02
5.276451706886291504e-01
3.479242622852325439e-01
4.100728407502174377e-02
3.278971612453460693e-01
4.587240517139434814e-01
9.811174273490905762e-01
1.665452122688293457e-01
1.021749496459960938e+00
1.928761750459671021e-01
6.320909023284912109e+00
0.000000000000000000e+00
2.001691907644271851e-01
3.687052130699157715e-01
8.824425935745239258e-02
5.225047469139099121e-01
0.000000000000000000e+00
6.403170228004455566e-01
1.492626368999481201e-01
0.000000000000000000e+00
2.600010335445404053e-01
1.145500782877206802e-02
5.169421434402465820e-01
5.279400348663330078e-01
7.967708110809326172e-01
0.000000000000000000e+00
2.531816661357879639e-01
1.945466385222971439e-03
2.400854587554931641e+00
1.038027852773666382e-01
0.000000000000000000e+00
4.849273245781660080e-03
9.188753366470336914e-02
7.269710768014192581e-03
4.921862185001373291e-01
6.466250866651535034e-02
7.041882872581481934e-01
3.742663562297821045e-02
5.418433621525764465e-02
3.107867017388343811e-02
2.330454111099243164e+00
8.913609981536865234e-01
6.910726428031921387e-01
1.340652108192443848e+00
2.192082107067108154e-01
3.337000608444213867e-01
6.221666336059570312e-01
1.568548381328582764e-01
1.800715327262878418e-01
2.179056704044342041e-01
6.648304313421249390e-02
9.667371213436126709e-02
0.000000000000000000e+00
3.645963966846466064e-02
1.531470566987991333e-01
5.149778127670288086e-01
1.568573713302612305e-01
2.802264690399169922e-01
3.248127177357673645e-02
1.089751005172729492e+00
2.675671577453613281e-01
2.799657285213470459e-01
1.077327760867774487e-03
7.273171097040176392e-02
5.636287331581115723e-01
2.020309686660766602e+00
1.207889199256896973e+00
1.155472397804260254e-01
5.670229196548461914e-01
2.072741836309432983e-02
2.711816430091857910e-01
1.464408278465270996e+00
1.595424711704254150e-01
2.253621444106101990e-02
8.601238578557968140e-02
9.104890823364257812e-01
5.386440753936767578e-01
3.326288938522338867e+00
0.000000000000000000e+00
1.513082683086395264e-01
1.585136204957962036e-01
5.237535238265991211e-01
0.000000000000000000e+00
2.199360847473144531e+00
9.813146898522973061e-04
4.804099202156066895e-01
3.208459317684173584e-01
9.545845538377761841e-02
1.967438310384750366e-01
2.529162466526031494e-01
4.094436299055814743e-03
4.736382663249969482e-01
2.656937837600708008e-01
1.441477417945861816e+00
2.429414540529251099e-03
7.498570680618286133e-01
2.610744349658489227e-02
2.855603098869323730e-01
6.902183592319488525e-02
5.404473468661308289e-02
3.243098733946681023e-03
5.973301529884338379e-01
2.250419408082962036e-01
5.885477066040039062e-01
3.707665205001831055e-02
2.800138294696807861e-01
1.299149394035339355e-01
1.025732159614562988e-01
2.222991138696670532e-01
5.132480859756469727e-01
6.240993738174438477e-01
1.451199948787689209e-01
6.154274940490722656e-02
3.326400816440582275e-01
0.000000000000000000e+00
7.975406199693679810e-02
9.402842074632644653e-02
8.021152019500732422e-02
1.557015061378479004e+00
2.577881701290607452e-02
5.990008711814880371e-01
2.926380932331085205e-01
0.000000000000000000e+00
1.064796447753906250e+00
7.030414044857025146e-02
1.401647329330444336e-01
0.000000000000000000e+00
3.307791352272033691e-01
8.041843771934509277e-03
3.058195412158966064e-01
3.840836882591247559e-02
7.417941838502883911e-02
1.974942684173583984e-01
0.000000000000000000e+00
1.099321469664573669e-01
1.292141914367675781e+00
5.039294809103012085e-02
1.529028117656707764e-01
9.525705128908157349e-02
0.000000000000000000e+00
5.646955370903015137e-01
3.518664836883544922e-01
2.070721387863159180e-01
6.521015893667936325e-03
1.099481821060180664e+00
1.593574047088623047e+00
1.762872748076915741e-02
1.456642001867294312e-01
4.901826083660125732e-01
0.000000000000000000e+00
1.723296165466308594e+00
3.351352736353874207e-02
4.935105741024017334e-01
1.600401662290096283e-02
2.704021036624908447e-01
1.387859433889389038e-01
0.000000000000000000e+00
1.955459475517272949e+00
4.291067421436309814e-01
2.844350337982177734e-01
1.765274554491043091e-01
2.463204860687255859e-01
2.718914449214935303e-01
1.506369262933731079e-01
1.684768646955490112e-01
2.305496931076049805e+00
3.581676632165908813e-02
1.347942203283309937e-01
0.000000000000000000e+00
6.369345188140869141e-01
1.237964034080505371e-01
3.893276453018188477e-01
6.632084846496582031e-01
2.316385060548782349e-01
4.815559089183807373e-02
1.622402310371398926e+00
4.995872974395751953e-01
1.109041333198547363e+00
1.398622751235961914e+00
6.352366507053375244e-02
7.964627742767333984e-01
1.077846407890319824e+00
4.833852946758270264e-01
1.962689399719238281e+00
3.006820380687713623e-01
3.666465580463409424e-01
0.000000000000000000e+00
2.799284644424915314e-03
8.467960357666015625e-02
3.018223762512207031e+00
1.497961729764938354e-01
0.000000000000000000e+00
1.563877682201564312e-03
1.414904594421386719e+00
2.360273361206054688e+00
1.034547090530395508e-01
1.691228628158569336e+00
1.608204394578933716e-01
1.054031774401664734e-01
0.000000000000000000e+00
8.428517580032348633e-01
0.000000000000000000e+00
1.725847087800502777e-02
9.262593388557434082e-01
1.659620702266693115e-01
8.355720341205596924e-02
1.130642771720886230e+00
0.000000000000000000e+00
1.003621816635131836e+00
1.063357234001159668e+00
2.597203850746154785e-02
5.844036936759948730e-01
1.751807332038879395e-02
5.002487823367118835e-02
9.129610061645507812e-01
2.660074234008789062e-01
2.874155640602111816e-01
1.309390459209680557e-02
0.000000000000000000e+00
7.199367880821228027e-01
6.333838701248168945e-01
5.597504973411560059e-02
8.196318149566650391e-02
2.023089863359928131e-02
3.196589648723602295e-01
5.918226838111877441e-01
7.775280624628067017e-02
2.500913143157958984e-01
4.849914908409118652e-01
9.969907402992248535e-01
1.457206159830093384e-01
4.104764461517333984e-01
7.432823069393634796e-03
1.734441071748733521e-01
6.013431120663881302e-04
2.058432996273040771e-01
1.123172789812088013e-01
4.756727814674377441e-02
0.000000000000000000e+00
1.566504836082458496e-01
2.115007303655147552e-02
1.682788133621215820e+00
8.515095710754394531e-01
6.376192718744277954e-02
2.366438060998916626e-01
4.664180055260658264e-02
2.318967282772064209e-01
2.014680802822113037e-01
6.788935512304306030e-02
7.852108478546142578e-01
0.000000000000000000e+00
0.000000000000000000e+00
2.186589986085891724e-01
2.986101388931274414e+00
1.412772774696350098e+00
6.327674388885498047e-01
2.861689031124114990e-01
1.108870282769203186e-01
4.172168970108032227e-01
0.000000000000000000e+00
5.414685010910034180e-01
9.376770257949829102e-01
9.202823042869567871e-01
1.555601954460144043e+00
1.299420446157455444e-01
5.568649768829345703e-01
2.949625849723815918e-01
1.843164563179016113e-01
2.137519121170043945e+00
1.494242846965789795e-01
2.181078046560287476e-01
2.392344474792480469e+00
5.124805867671966553e-02
1.377398073673248291e-01
5.498981103301048279e-02
3.281018137931823730e-02
1.159877657890319824e+00
1.334806531667709351e-01
3.088428080081939697e-01
3.502713143825531006e-01
9.600529074668884277e-02
0.000000000000000000e+00
6.147060915827751160e-02
1.095080018043518066e+00
1.364294528961181641e+00
2.627742528915405273e+00
8.083556294441223145e-01
2.800558134913444519e-02
2.063417434692382812e-01
8.604925125837326050e-03
2.333201915025711060e-01
3.981623351573944092e-01
1.034727599471807480e-02
1.584103584289550781e+00
3.513261377811431885e-01
1.560620516538619995e-01
8.133850693702697754e-01
2.731599844992160797e-02
3.212606608867645264e-01
1.654647290706634521e-02
1.427616328001022339e-01
1.215100660920143127e-01
1.512263864278793335e-01
4.293374538421630859e+00
2.665694952011108398e-01
9.252962470054626465e-01
4.662957787513732910e-01
5.021711587905883789e-01
7.772456109523773193e-02
3.889999389648437500e-01
2.990574203431606293e-02
1.086389541625976562e+00
2.937380075454711914e+00
7.066921098157763481e-04
8.637438416481018066e-01
1.097983419895172119e-01
2.176762104034423828e+00
4.333816170692443848e-01
4.497422277927398682e-01
2.358750253915786743e-01
2.596396021544933319e-02
1.051704049110412598e+00
4.093734174966812134e-02
1.826123520731925964e-02
1.965114772319793701e-01
3.005452826619148254e-02
3.762255981564521790e-02
3.354198932647705078e-01
1.381414532661437988e-01
1.275987386703491211e+00
6.099225953221321106e-02
1.473424434661865234e-01
1.480678319931030273e-01
4.469531178474426270e-01
2.024448633193969727e+00
2.329268604516983032e-01
2.872723042964935303e-01
7.046753764152526855e-01
5.135474205017089844e-01
8.755331039428710938e-01
1.439156651496887207e+00
1.381272435188293457e+00
0.000000000000000000e+00
1.373553574085235596e-01
2.355344034731388092e-02
8.676806092262268066e-01
3.680195808410644531e-01
4.373145580291748047e+00
0.000000000000000000e+00
1.955094560980796814e-02
3.660044193267822266e+00
3.277700424194335938e+00
1.100432011298835278e-03
1.535899043083190918e-01
1.796871237456798553e-02
2.419423907995223999e-01
1.790923327207565308e-01
1.057963490486145020e+00
2.608164310455322266e+00
1.720781177282333374e-01
2.712224423885345459e-01
1.591944508254528046e-02
1.803734898567199707e+00
3.885595798492431641e-01
4.635621011257171631e-01
6.253250241279602051e-01
1.452810525894165039e+00
1.847346425056457520e-01
0.000000000000000000e+00
4.582515358924865723e-02
2.603952884674072266e-01
2.614046819508075714e-02
0.000000000000000000e+00
4.915850162506103516e-01
3.481027185916900635e-01
3.481450676918029785e-01
7.748957872390747070e-01
1.468430161476135254e+00
2.281042188405990601e-01
0.000000000000000000e+00
1.148630529642105103e-01
3.744650483131408691e-01
7.472767829895019531e-01
2.431674748659133911e-01
4.910549521446228027e-02
0.000000000000000000e+00
8.497826009988784790e-02
1.419090390205383301e+00
7.203855086117982864e-03
8.430973440408706665e-02
6.744679212570190430e-01
2.818790078163146973e-01
1.880895495414733887e-01
9.326352179050445557e-02
3.603038936853408813e-02
3.897056818008422852e+00
6.812154650688171387e-01
4.526717215776443481e-02
1.545652151107788086e-01
1.912364602088928223e+00
3.026284933090209961e+00
3.524714946746826172e+00
1.320110440254211426e+00
1.635466933250427246e+00
1.951464563608169556e-01
7.406771779060363770e-01
3.839318156242370605e-01
1.884511485695838928e-02
4.378022253513336182e-01
8.581247925758361816e-02
3.962082147598266602e+00
1.192515939474105835e-01
3.896856606006622314e-01
1.283919811248779297e-01
3.154761493206024170e-01
7.571793198585510254e-01
1.129125952720642090e-01
3.060820326209068298e-02
2.149875834584236145e-02
3.992105647921562195e-02
3.273948282003402710e-02
3.842014074325561523e-01
7.883660197257995605e-01
1.978881359100341797e-01
0.000000000000000000e+00
4.385963082313537598e-03
3.197321653366088867e+00
8.904531598091125488e-01
1.338876366615295410e+00
1.769391894340515137e+00
4.456212520599365234e-01
9.581146878190338612e-04
4.705329984426498413e-02
2.888493835926055908e-01
0.000000000000000000e+00
1.119839921593666077e-01
6.520807147026062012e-01
1.263914853334426880e-01
5.688204169273376465e-01
9.828106313943862915e-02
4.332330822944641113e-02
4.940352588891983032e-02
1.906797438859939575e-01
2.326781511306762695e+00
2.714918851852416992e-01
9.510320425033569336e-01
6.538725644350051880e-02
5.714569687843322754e-01
1.038735866546630859e+00
3.843961238861083984e+00
2.127744257450103760e-03
1.344557404518127441e-01
1.332264766097068787e-02
1.501268125139176846e-03
1.511279842816293240e-03
1.437522292137145996e+00
2.259067744016647339e-01
0.000000000000000000e+00
6.174991130828857422e+00
2.329946607351303101e-01
0.000000000000000000e+00
7.163045406341552734e-01
4.100956320762634277e-01
1.376176953315734863e+00
2.333734184503555298e-02
1.372992992401123047e-02
3.109114244580268860e-03
2.617506980895996094e-01
2.864693664014339447e-02
4.848273396492004395e-01
0.000000000000000000e+00
4.401594698429107666e-01
1.250653564929962158e-01
4.667643308639526367e-01
1.044341325759887695e+00
1.330381631851196289e+00
0.000000000000000000e+00
8.871798962354660034e-02
1.068382561206817627e-01
4.340165294706821442e-03
1.399005353450775146e-01
1.388314962387084961e+00
2.343534678220748901e-01
1.727656275033950806e-01
7.728242315351963043e-03
2.476001344621181488e-02
1.669785976409912109e-01
6.407756209373474121e-01
4.331585168838500977e-01
2.617461442947387695e+00
1.813302282243967056e-03
4.204671680927276611e-01
1.782402209937572479e-02
1.155912503600120544e-01
5.249487161636352539e-01
0.000000000000000000e+00
8.581692818552255630e-04
8.003960251808166504e-01
5.355467274785041809e-02
2.292404621839523315e-01
1.164136976003646851e-01
1.097631931304931641e+00
7.614771723747253418e-01
3.687739074230194092e-01
1.686023734509944916e-02
6.247734427452087402e-01
6.362869590520858765e-02
3.732242062687873840e-02
4.698595404624938965e-01
1.461655199527740479e-01
7.184913009405136108e-02
0.000000000000000000e+00
2.851911783218383789e-01
9.901069849729537964e-02
2.004414081573486328e+00
5.452885031700134277e-01
6.025862097740173340e-01
2.727053686976432800e-02
0.000000000000000000e+00
4.170363768935203552e-02
0.000000000000000000e+00
2.495899677276611328e+00
6.282463073730468750e-01
4.167829826474189758e-02
4.496580362319946289e-02
7.998044043779373169e-02
6.217806041240692139e-02
1.454597592353820801e+00
1.040868833661079407e-02
3.639314696192741394e-02
2.389174327254295349e-02
5.398637428879737854e-02
5.091199874877929688e-01
1.887595504522323608e-01
1.502391789108514786e-02
1.469895988702774048e-02
6.619713455438613892e-02
7.494550943374633789e-02
3.451900184154510498e-01
9.600501507520675659e-02
1.662935495376586914e+00
1.024667143821716309e+00
5.822299420833587646e-02
3.602617084980010986e-01
8.599478006362915039e-02
1.832045912742614746e-01
2.761642038822174072e-01
4.810908138751983643e-01
