7.678090696572326124e-06
2.102555299643427134e-04
5.361653529689647257e-05
8.114069350995123386e-05
5.005294806323945522e-04
1.268212334252893925e-03
4.007968236692249775e-04
1.152095850557088852e-03
2.697804011404514313e-03
5.878731826669536531e-06
1.727675786241889000e-03
4.237303073750808835e-05
7.797024591127410531e-05
1.796813914552330971e-03
1.398072810843586922e-03
1.962239330168813467e-04
5.092467745271278545e-06
1.572058827150613070e-04
1.680911009316332638e-05
8.272010745713487267e-06
1.613842215419936110e-07
6.850622594356536865e-05
1.271713608730351552e-05
8.052265002334024757e-06
3.442233137320727110e-04
3.808860492426902056e-05
1.488751695433165878e-05
1.454831508453935385e-04
1.073754629032919183e-05
1.015854559227591380e-05
2.914511969720479101e-05
7.906546816229820251e-04
4.833457751374226063e-06
1.897715963423252106e-03
8.536980749340727925e-05
1.248065927939023823e-05
3.597061731852591038e-05
1.531781599624082446e-04
5.906239966861903667e-04
3.880957083310931921e-04
3.468219074420630932e-04
1.844820944825187325e-04
6.744246638845652342e-05
1.818539458326995373e-04
1.233161543495953083e-03
1.404812210239470005e-04
1.461324747651815414e-03
1.300759504374582320e-05
2.759766648523509502e-04
1.320317642239388078e-05
4.706213439931161702e-05
2.704757946503377752e-07
2.697271411307156086e-04
1.439003855921328068e-03
6.486868485808372498e-03
1.086559423129074275e-04
1.318655267823487520e-05
1.126838014897657558e-05
8.388601127080619335e-04
4.929356509819626808e-05
6.451381370425224304e-03
8.471059118164703250e-05
1.123380425269715488e-04
1.577756600454449654e-03
3.145730006508529186e-04
2.567848376929759979e-02
1.254953094758093357e-04
1.990280579775571823e-04
1.292069791816174984e-04
3.878235584124922752e-04
4.225954762659966946e-05
3.098024753853678703e-04
1.672844700806308538e-05
1.048921149049419910e-05
5.464856076287105680e-05
1.368894118058960885e-05
5.436290302895940840e-05
5.269623579806648195e-05
2.009273594012483954e-04
3.290819935500621796e-03
8.563641131331678480e-06
4.555401756078936160e-05
2.426036662654951215e-04
1.521822559880092740e-05
1.779961632564663887e-03
1.398058066115481779e-05
2.049265458481386304e-04
3.610423664213158190e-05
1.988906878978013992e-03
7.803473854437470436e-04
9.194503072649240494e-04
1.552022877149283886e-05
2.124121238011866808e-05
1.134562580773490481e-06
6.361694249790161848e-05
1.120026695389242377e-06
1.057877034327248111e-05
4.069079295732080936e-05
2.207315083069261163e-05
8.611428711446933448e-06
3.306037979200482368e-05
1.293327045459591318e-06
5.332258297130465508e-07
6.519293947349069640e-06
1.327988570665183943e-06
2.304856394630405703e-07
2.029124061664333567e-06
1.462484616786241531e-02
1.964238239452242851e-03
3.332109190523624420e-03
4.383566192700527608e-05
1.614670827984809875e-02
4.244296252727508545e-02
2.669437229633331299e-02
6.220872746780514717e-04
2.516707463655620813e-04
4.771719395648688078e-04
1.166182383894920349e-02
6.042969471309334040e-05
1.642778050154447556e-03
4.224797012284398079e-04
2.500478694855701178e-05
1.355195563519373536e-04
7.694612577324733138e-05
8.006718708202242851e-04
2.963992301374673843e-03
2.162444143323227763e-04
4.690461537393275648e-06
8.852644896251149476e-06
3.517252480378374457e-05
5.928255995968356729e-05
5.614635938400169834e-06
2.677875636436510831e-05
3.318342805869178846e-06
4.264017479727044702e-05
2.830838184308959171e-06
6.525218486785888672e-05
3.268013460910879076e-05
4.435771188582293689e-05
4.182134216534905136e-05
1.160713945864699781e-04
3.319107054267078638e-05
8.696665645402390510e-06
6.757208666385849938e-06
9.414020314579829574e-05
3.537994416547007859e-06
2.161642987630330026e-05
8.097229147097095847e-05
1.588055602042004466e-05
3.347550518810749054e-04
2.743165940046310425e-03
2.150255313608795404e-04
4.283942416805075482e-06
1.879542651295196265e-05
5.918723763898015022e-04
1.221156999235972762e-04
2.150957880076020956e-05
6.269740879361052066e-06
3.930893399228807539e-06
1.691118959570303559e-04
4.335676749178674072e-06
5.859195152879692614e-05
5.524324660655111074e-05
1.168405433418229222e-04
2.571163931861519814e-04
7.180811735452152789e-06
1.423975845682434738e-05
7.819060670044564176e-07
6.598579784622415900e-05
1.735455953166820109e-06
1.385191444569500163e-05
2.821631142069236375e-06
3.076467010032502003e-06
7.855857984395697713e-05
4.304755293560447171e-06
4.318595983932027593e-06
1.042376425175461918e-05
9.171368446914129891e-07
1.330519535258645192e-05
4.094898940820712596e-06
2.082140099446405657e-06
4.316912054491695017e-06
2.552214573370292783e-05
3.608595579862594604e-05
4.383992563816718757e-05
3.661271417513489723e-03
1.032588261296041310e-05
1.015686939354054630e-05
2.054127435258124024e-06
9.070689884538296610e-06
4.657443787436932325e-05
6.920817395439371467e-05
7.232943062263075262e-06
5.648994374496396631e-06
1.849982027124497108e-06
8.703610546945128590e-06
3.145499931633821689e-06
1.470000461267773062e-05
2.164506258850451559e-05
1.277212140848860145e-04
4.076183540746569633e-05
7.022081263130530715e-05
1.068489436875097454e-04
1.799284655135124922e-05
9.491118835285305977e-04
1.547779356769751757e-05
8.553900261176750064e-05
1.746473863022401929e-04
1.778175006620585918e-03
5.923704011365771294e-04
6.457247945945709944e-05
9.204345406033098698e-05
1.909536331368144602e-05
3.974129504058510065e-05
5.925308141740970314e-05
1.285885991819668561e-05
2.337589467060752213e-05
2.111582725774496794e-04
6.633844168391078711e-05
1.692491932772099972e-04
2.394659759374917485e-06
2.548600059526506811e-05
6.124125502537935972e-05
6.613747245864942670e-05
3.725503177065547789e-07
5.398028861236525699e-06
2.362650266150012612e-04
3.846225808956660330e-06
2.032232259807642549e-06
4.880461201537400484e-04
1.007709215627983212e-06
2.780850263661704957e-05
3.943029878428205848e-05
6.115243741078302264e-05
3.939016314689069986e-04
3.936569100915221497e-06
5.911113476031459868e-06
6.260590453166514635e-05
4.919296770822256804e-05
1.449525298085063696e-04
2.430855965940281749e-04
1.188996611745096743e-04
9.250563016394153237e-05
8.793076995061710477e-05
5.812589370179921389e-05
2.202623756602406502e-03
3.910664418071974069e-06
7.950022700242698193e-04
2.409593871561810374e-04
1.809431414585560560e-04
1.514506766397971660e-05
4.129057633690536022e-04
1.022205378831131384e-05
1.219559180754004046e-05
3.121919697150588036e-03
6.306937575573101640e-05
2.102624239341821522e-05
1.013281289488077164e-04
1.873257679108064622e-05
2.868957199098076671e-05
9.763723210198804736e-05
2.659831125129130669e-06
4.174196874373592436e-05
1.043407391989603639e-04
3.565601946320384741e-05
9.770131873665377498e-05
1.753254946379456669e-05
3.921739732959395042e-07
1.035191644405131228e-06
2.036512114500510506e-06
5.426230927696451545e-06
2.159742052754154429e-06
9.175739251077175140e-06
2.702004712773486972e-05
2.878853956644888967e-05
2.919794610534154344e-07
1.361595150228822604e-05
2.659880635746958433e-07
2.394204159372748109e-07
1.301526299357647076e-05
9.047336789080873132e-06
4.555049963528290391e-05
1.862615863501559943e-05
4.959924808645155281e-06
1.120691308642562944e-06
1.048139552040083800e-06
3.989689503214322031e-06
1.849199691150715807e-07
4.433990761754103005e-05
1.232996237376937643e-05
3.963093331549316645e-05
1.411179482602165081e-06
2.131721994373947382e-04
8.278529094241093844e-06
3.617201173256034963e-06
4.140020791965071112e-06
8.800258365226909518e-05
5.118338322063209489e-07
3.628780905273742974e-05
3.418454980419483036e-06
7.828940624676761217e-07
9.701494855107739568e-05
7.625651505804853514e-06
9.875569730866118334e-07
1.010079540719743818e-05
2.335742465220391750e-05
6.581320803888957016e-07
5.557432814384810627e-05
3.672545135486871004e-04
8.387457346543669701e-04
1.165824849158525467e-02
8.700797479832544923e-05
1.451921434636460617e-05
5.478817911352962255e-06
1.108431140892207623e-03
3.399399429326876998e-05
9.884480386972427368e-04
9.103083284571766853e-04
4.089252557605504990e-03
1.456377940485253930e-04
4.043447916046716273e-05
4.001460329163819551e-04
9.967967343982309103e-05
4.720428933069342747e-06
5.381642040447331965e-06
3.426482362556271255e-05
5.783148480986710638e-06
3.356020152568817139e-02
6.407711771316826344e-04
2.491654595360159874e-03
4.633785283658653498e-05
6.817822395532857627e-06
1.669054427111404948e-06
4.908612027065828443e-05
1.176538148683903273e-06
4.469561645237263292e-06
2.517932807677425444e-05
1.769514256011461839e-06
3.278016229160130024e-04
2.263080386910587549e-05
1.119427088269731030e-05
1.476297165936557576e-05
3.105268660874571651e-06
1.850758394539298024e-06
1.408827029081294313e-05
2.636516001075506210e-04
3.372462379047647119e-05
2.687092637643218040e-05
1.510816764493938535e-05
2.768693593679927289e-05
2.677908742043655366e-05
7.441433808708097786e-06
1.080429797184478957e-06
6.436328476411290467e-06
1.205545049742795527e-05
1.604535555088659748e-06
1.188937631013686769e-06
4.867032839683815837e-05
1.479522761655971408e-04
9.154342478723265231e-06
2.656486321939155459e-05
7.232129519252339378e-06
2.217671863036230206e-06
1.527642052678856999e-05
2.694876093300990760e-05
6.149352702777832747e-05
8.314002002407505643e-07
1.925740207298076712e-06
2.196250079578021541e-06
7.247712346725165844e-06
2.109239574110688409e-07
2.368384457440697588e-06
7.424810632983280811e-08
3.068663772864965722e-06
2.839146645783330314e-06
8.407233167417871300e-07
2.800001311697997153e-06
9.076123205886688083e-06
7.032763846837042365e-07
8.588897799199912697e-06
5.785943358205258846e-05
1.228537075803615153e-05
4.993579750589560717e-06
2.806845486702513881e-06
9.677523848949931562e-07
1.525880179542582482e-05
7.708611519774422050e-06
4.198834722046740353e-05
1.173221676253888290e-06
1.416290760971605778e-04
3.601101459935307503e-03
7.471525168512016535e-05
7.827007211744785309e-03
2.197523368522524834e-03
6.278621003730222583e-05
1.426751114195212722e-04
4.902432486414909363e-02
4.717787262052297592e-03
1.946285192389041185e-04
4.244631782057695091e-05
3.379229553956974996e-07
9.152387065114453435e-06
2.081685524899512529e-04
8.977486686490010470e-06
1.605238867341540754e-05
3.911499807145446539e-04
5.502312433236511424e-06
5.480716822603426408e-07
1.373870509269181639e-05
4.955561234964989126e-05
2.203861484304070473e-03
2.739569754339754581e-04
5.406548734754323959e-03
4.477388210943900049e-05
9.990746912080794573e-05
2.732014945650007576e-05
2.491902705514803529e-06
5.218798760324716568e-04
1.440278429072350264e-04
1.625237800180912018e-02
1.781661558197811246e-05
6.149097316665574908e-05
1.168192102340981364e-04
3.119215762126259506e-06
3.245705447625368834e-04
1.130236341850832105e-04
2.923563297372311354e-04
8.722735219635069370e-05
8.986862667370587587e-05
1.253908779472112656e-02
3.048905091418419033e-05
6.463919817178975791e-07
4.662667379307094961e-06
1.478601130656898022e-03
2.391186542809009552e-03
8.106954192044213414e-05
2.725210288190282881e-05
2.511629136279225349e-04
2.894292119890451431e-04
3.950384416384622455e-05
7.569170556962490082e-03
3.135160775855183601e-03
3.365549900991027243e-06
8.435675990767776966e-04
5.274342129268916324e-06
9.553846757626160979e-05
2.499485854059457779e-04
9.457059059059247375e-05
8.082609383563976735e-06
1.379934474243782461e-05
3.486692439764738083e-04
9.498564850218826905e-07
1.417667808709666133e-04
2.188559119531419128e-05
1.180599156214157119e-06
2.573663601651787758e-03
4.352405085228383541e-06
2.271595622005406767e-05
2.220794995082542300e-04
1.733423268888145685e-04
1.610411563888192177e-04
1.607361241440230515e-06
2.464850840624421835e-04
4.712160304188728333e-02
1.940985566761810333e-05
5.304335445543983951e-06
8.426725628396525281e-08
4.036539564822305692e-07
1.226639415108365938e-05
2.799726189550710842e-06
5.147975170984864235e-04
9.125559699896257371e-06
2.807971613947302103e-04
2.161318261642009020e-04
2.830174344126135111e-04
6.858482811367139220e-05
5.303614329932315741e-07
5.334107299859169871e-06
1.943310198839753866e-04
2.508452553229290061e-06
4.737926064990460873e-05
2.686769876163452864e-04
6.489111456176033244e-06
8.856794738676398993e-05
2.193784212067839690e-06
6.755623871868010610e-06
1.197876918013207614e-05
1.528087886981666088e-04
4.380517639219760895e-04
3.495085402391850948e-04
1.176234673039289191e-05
2.574105110397795215e-06
8.325900125782936811e-06
2.445089648972498253e-06
1.019345290842466056e-05
2.937855242635123432e-05
2.816947235260158777e-04
1.074893443728797138e-04
1.456734207749832422e-05
4.398240889713633806e-06
2.653821138665080070e-04
9.896745905280113220e-05
4.359606653451919556e-03
1.609609345905482769e-03
3.455883823335170746e-03
2.405492123216390610e-03
3.856024704873561859e-04
1.089323032647371292e-02
2.999947719217743725e-05
1.912945435833535157e-06
1.625089789740741253e-04
1.591164050296356436e-06
3.611155534599674866e-06
1.335911656497046351e-05
2.116165123879909515e-03
1.373286249872762710e-05
4.664962034439668059e-06
4.853216523770242929e-05
1.564902049722149968e-04
2.355554170208051801e-04
6.581469278899021447e-06
1.679390516073908657e-05
1.155099816969595850e-04
1.244749000761657953e-04
1.939790990945766680e-06
1.235455556525266729e-06
8.509592589689418674e-06
1.143241388490423560e-05
1.175045235868310556e-05
6.718545591866131872e-06
2.191196836065500975e-05
2.067737477773334831e-05
1.100493932426616084e-06
1.164072309620678425e-03
6.260885584197239950e-06
5.960444013908272609e-07
1.362560851703165099e-06
9.678350179456174374e-04
1.203778883791528642e-04
1.476649492979049683e-01
1.039561539073474705e-04
5.305613012751564384e-05
2.567267802078276873e-04
2.247843895020196214e-06
2.873187270324706333e-07
1.545366249047219753e-04
5.903128112549893558e-05
3.845613264275016263e-06
5.768109190285031218e-07
7.344008423388004303e-03
2.656957462932041381e-07
8.599114516982808709e-05
3.056616114918142557e-04
1.344481370324501768e-05
7.788296352373436093e-05
2.435758324281778187e-05
5.498881364474073052e-05
6.391123315552249551e-05
1.112879253923892975e-04
1.053321830113418400e-05
2.349875285290181637e-04
9.527202564640901983e-06
9.908168576657772064e-04
1.239316334249451756e-04
1.520532890708636842e-07
1.424370420863851905e-04
7.149777957238256931e-05
2.104922259604791179e-06
5.424368737294571474e-06
7.372934760496718809e-06
3.183095832355320454e-04
3.447978087933734059e-06
2.205733762821182609e-04
1.255901952390559018e-05
1.038505797623656690e-04
6.968807042539992835e-08
1.574768020873307250e-06
3.315178037155419588e-05
4.860886838287115097e-05
2.802650271860329667e-07
3.842651040031341836e-06
4.072676802024943754e-06
2.867950286145060090e-07
1.636638626223430037e-05
3.945247444789856672e-04
7.044646772556006908e-04
4.229138085065642372e-06
1.821427576942369342e-04
3.773788557737134397e-05
8.305918890982866287e-05
4.695030838774982840e-06
7.745155016891658306e-04
5.105110176373273134e-06
6.108434899942949414e-05
7.663515134481713176e-05
1.030218186315323692e-06
6.200846110004931688e-05
5.801178758702008054e-06
1.643757423153147101e-05
2.568041905760765076e-03
1.232983311638236046e-03
3.264358610977069475e-06
7.534390533692203462e-07
1.780574348231311888e-05
1.710236756480298936e-05
1.122587345889769495e-04
7.809801900293678045e-05
2.641897026478545740e-06
1.849629450589418411e-03
3.053664158869651146e-06
1.200935151427984238e-02
1.457620318979024887e-02
2.915063760156044737e-06
4.828196779271820560e-06
1.151537871919572353e-03
4.099763827980495989e-06
5.137278884649276733e-02
4.072944866493344307e-04
5.494062133948318660e-05
3.076822322327643633e-04
1.074094252544455230e-04
3.250387089792639017e-05
1.197870733449235559e-04
1.236722346220631152e-05
1.856346102613315452e-06
5.159284046385437250e-05
6.008564960211515427e-04
1.170455675492121372e-06
2.453305569360964000e-05
4.427428939379751682e-05
9.445112664252519608e-05
1.343776966677978635e-04
5.320096170180477202e-05
1.444797089789062738e-05
1.072796067091985606e-06
8.706495282240211964e-05
1.326065466855652630e-05
6.166742532514035702e-04
3.948305384255945683e-04
1.456688391044735909e-03
1.268705236725509167e-03
6.670782568107824773e-06
4.811013786820694804e-05
3.973462662543170154e-05
6.890296353958547115e-04
2.462700831529218704e-05
5.689218523912131786e-04
6.213816814124584198e-04
3.802208448178134859e-05
1.964477633009664714e-05
6.352649052132619545e-06
3.934792039217427373e-05
8.012822036107536405e-06
1.984247239306569099e-03
1.568237530591432005e-05
8.141691068885847926e-06
1.676104147918522358e-05
1.550660272187087685e-05
7.714827079325914383e-04
5.613608664134517312e-05
4.114152034162543714e-05
5.284108738123904914e-06
3.386133175808936357e-05
2.568878153397236019e-05
2.019918320002034307e-04
1.467587594561337028e-06
1.527523272670805454e-04
2.203240228482172824e-06
2.948660267065861262e-06
2.384765539318323135e-04
2.275407132401596755e-05
7.304968312382698059e-05
4.636959420167841017e-05
5.343399607227183878e-06
6.361943087540566921e-05
2.099116727549699135e-06
3.794861913775093853e-05
2.962709404528141022e-04
2.414201162537210621e-06
3.262786776758730412e-04
1.533807662781327963e-04
5.672904535458656028e-06
4.130426077608717605e-06
4.112675014766864479e-06
1.732262944642570801e-06
1.692340106274059508e-06
9.141749469563364983e-04
1.617081693439104129e-06
3.553103670128621161e-05
2.724709929680102505e-06
2.521676833566743881e-05
1.173071286757476628e-04
7.158627704484388232e-05
2.310967538505792618e-04
2.939649129984900355e-05
6.952006951905786991e-04
5.175287369638681412e-04
2.135255272150970995e-05
3.335908331791870296e-06
1.862290082499384880e-04
5.708403419703245163e-03
7.530085276812314987e-03
2.293831812494318001e-06
7.211013871710747480e-05
1.442380947992205620e-03
1.965022192962351255e-06
1.672384428275108803e-06
2.449775274726562202e-05
9.769088137545622885e-06
4.199241229798644781e-04
9.921367745846509933e-05
8.354916353709995747e-04
3.294466878287494183e-04
2.418424855932244100e-06
6.238048081286251545e-04
9.182132885143801104e-07
3.297998337075114250e-04
4.941740030517394189e-07
3.122860289295203984e-05
7.152604666771367192e-06
5.057266098447144032e-04
1.058033085428178310e-03
3.811413480434566736e-04
1.641979906708002090e-04
5.628449071082286537e-05
6.176265014801174402e-05
1.684710355220886413e-06
1.270162101718597114e-05
2.328597474843263626e-03
1.626185076020192355e-05
1.148184401245089248e-05
4.557266220217570662e-05
6.380967988661723211e-06
2.142008161172270775e-04
2.794067484046536265e-07
7.776313577778637409e-04
1.668459276515932288e-06
1.337416004389524460e-03
1.003241399303078651e-03
9.562365448800846934e-05
1.332750707661034539e-05
2.561071305535733700e-04
1.475936824135715142e-05
1.440387684851884842e-03
7.901597200543619692e-06
1.031756937663885765e-06
8.246718207374215126e-04
5.513356154551729560e-05
1.743656466715037823e-04
2.550832461565732956e-03
8.816684385237749666e-06
3.358044523338321596e-06
9.753445192473009229e-05
6.516378925880417228e-05
1.988887743209488690e-05
4.718331638287054375e-06
1.477082492783665657e-03
2.611850277389748953e-06
2.110683453793171793e-06
7.080048817442730069e-05
1.268947671633213758e-04
3.918244692613370717e-05
2.282477362314239144e-05
4.226212695357389748e-05
5.094731477583991364e-06
2.673176823009271175e-06
8.617178792746926774e-08
1.407124364050105214e-04
1.971656922250986099e-03
9.863612940534949303e-04
2.528051845729351044e-03
1.550679589854553342e-04
5.625827543553896248e-05
1.690754434093832970e-04
7.561558391898870468e-03
2.947725879494100809e-04
8.112812793115153909e-05
3.152049657728639431e-06
7.254139927681535482e-05
6.762128032278269529e-05
5.494483502843650058e-06
4.190495928924065083e-06
3.919418086297810078e-04
1.193901989609003067e-02
1.181006809929385781e-04
3.580904603950330056e-06
4.278318738215602934e-05
3.278078802395612001e-04
1.466176854592049494e-05
5.119510024087503552e-05
1.786040520528331399e-04
2.085833984892815351e-04
6.894456688314676285e-03
3.519451865940936841e-06
2.027193782851099968e-03
8.848652942106127739e-04
7.509954739362001419e-04
1.264691527467221022e-04
3.017400103999534622e-06
7.180469401646405458e-05
1.383316089231811929e-06
6.699597579427063465e-04
1.825837171054445207e-05
1.668959157541394234e-04
2.882965782191604376e-04
1.281356526305899024e-04
1.126853632740676403e-03
5.849756780662573874e-05
1.523452810943126678e-03
1.980924025701824576e-05
3.409958253541844897e-07
2.027487425948493183e-06
1.070806411007652059e-05
1.851754177550901659e-06
1.047133173415204510e-05
1.857557508628815413e-04
1.045357021212112159e-05
5.420376510301139206e-06
4.563046095427125692e-04
2.005881697186850943e-06
7.405986252706497908e-06
5.560889348998898640e-06
8.485298167215660214e-05
1.291925000259652734e-04
1.534925424493849277e-03
6.804888926126295701e-06
7.320100849028676748e-05
1.367602862956118770e-06
1.623588759684935212e-04
1.162377157015725970e-05
5.978743956802645698e-06
3.512776913794368738e-07
2.034123644989449531e-05
3.423531597945839167e-04
4.308324605517555028e-06
7.254787487909197807e-05
2.752080094069242477e-03
1.954260282218456268e-03
4.731590524897910655e-05
6.713780021527782083e-05
1.292001979891210794e-04
2.009443960560020059e-05
1.992982433876022696e-04
1.453798467991873622e-04
5.068211816251277924e-03
8.742419304326176643e-04
5.647205398418009281e-05
6.347419798657938372e-07
2.094664705509785563e-05
1.401142799295485020e-03
9.477717685513198376e-05
3.297368239145725965e-04
2.313154982402920723e-04
5.665581284119980410e-07
8.836419738145195879e-07
3.869247855618596077e-03
9.364252946397755295e-07
1.335034767180331983e-06
1.083799725165590644e-05
2.131788096448872238e-05
3.557326863301568665e-06
1.065917458618059754e-04
6.367749301716685295e-05
1.063579384208424017e-05
2.424687863822327927e-06
5.349125331122195348e-06
1.043031807057559490e-05
3.877279596053995192e-06
3.500758029986172915e-04
2.660649442987050861e-05
2.684843784663826227e-04
5.511913059308426455e-06
1.965620176633819938e-04
2.941492766694864258e-06
8.769201258473913185e-07
3.545148047123802826e-06
2.414393020444549620e-05
4.955215445079375058e-06
1.741985784065036569e-06
3.187149763107299805e-03
7.174705388024449348e-05
3.825182943728577811e-07
6.656268669757992029e-05
2.333032025489956141e-04
6.698022389173274860e-06
2.457380178384482861e-04
1.103628674172796309e-04
1.694811317065614276e-06
4.223227733746170998e-05
9.099971066461876035e-05
2.277137478813529015e-03
2.491960913175716996e-05
8.948445902206003666e-04
3.985022660344839096e-03
6.020535238349111751e-06
9.907364983519073576e-06
6.357194506563246250e-04
7.852397538954392076e-05
7.920871488749980927e-03
1.860745484009385109e-03
5.689364625141024590e-04
3.210626164218410850e-05
1.350868933513993397e-05
5.948169928160496056e-06
1.546011492609977722e-02
1.836211231420747936e-05
3.604252196964807808e-05
6.001303554512560368e-04
1.449279170628869906e-05
8.107764983833476435e-07
1.655701926210895181e-04
1.026813151838723570e-05
1.664216397330164909e-04
7.417415734380483627e-03
2.702721212699543685e-05
8.293954124383162707e-06
1.551514025777578354e-03
2.152058586943894625e-04
4.953302559442818165e-04
1.310462630499387160e-05
1.024636640067910776e-05
4.617172453436069191e-05
2.021432883339002728e-04
2.928041794802993536e-06
4.454149348021019250e-06
1.084639961845823564e-06
2.010049460210439065e-09
5.483197583089349791e-06
1.860102383943740278e-05
1.502903614891692996e-04
3.749601944491587346e-07
8.113051990221720189e-06
2.904751454479992390e-04
1.335470915364567190e-05
2.941909406217746437e-05
7.684045044697995763e-08
3.994882717961445451e-06
1.161086311185499653e-05
6.258205303311115131e-06
2.016192183873499744e-06
1.268424938416501391e-07
2.330725479282591550e-08
1.312707240685995203e-06
9.648200602896395139e-07
8.819392860459629446e-06
2.132317604264244437e-06
9.446652984479442239e-05
3.548054883140139282e-05
5.421927198767662048e-05
7.943978416733443737e-04
8.616037666797637939e-05
7.684484444325789809e-06
6.930638483026996255e-05
5.813528787257382646e-06
1.003424040391109884e-05
5.832171154906973243e-06
1.713299980110605247e-06
4.784102202393114567e-05
2.442480581521522254e-05
9.982117262552492321e-06
2.150778300347155891e-06
1.735701880534179509e-05
6.102438305788382422e-07
3.932905383408069611e-05
5.930693305344902910e-07
2.092303702738718130e-06
1.539376797154545784e-03
7.462502253474667668e-05
5.372074898332357407e-03
1.850066837505437434e-06
2.452290500514209270e-04
1.138127502053976059e-02
3.533459093887358904e-04
4.318289831280708313e-02
9.917253009916748852e-06
1.355119457002729177e-04
4.459483898244798183e-04
1.858972827903926373e-03
2.070579066639766097e-04
1.377005537506192923e-05
2.730644882831256837e-05
9.807309834286570549e-05
3.395780004211701453e-05
2.917266637086868286e-02
2.601448250061366707e-05
6.255159678403288126e-05
3.408048087294446304e-06
1.730315671011339873e-05
2.728280087467283010e-04
1.132923989644041285e-05
7.310648470593150705e-06
1.129635129473172128e-04
4.857839958276599646e-04
4.363997049949830398e-06
3.600673808250576258e-04
1.502912800788180903e-05
1.206680371979018673e-05
6.596412276849150658e-06
4.867822281084954739e-05
4.376423545181751251e-03
