7.228098511695861816e-01
1.541900783777236938e-01
1.715773493051528931e-01
1.384253382682800293e+00
3.951816558837890625e-01
0.000000000000000000e+00
2.014285564422607422e+00
6.989425420761108398e-01
5.655504465103149414e-01
2.782846242189407349e-02
3.577001392841339111e-01
1.281632065773010254e+00
4.862309619784355164e-02
5.320391058921813965e-02
5.291099548339843750e-01
3.064263164997100830e-01
4.775752872228622437e-02
1.279970109462738037e-01
2.169389873743057251e-01
7.119680643081665039e-01
2.301234751939773560e-01
3.685449063777923584e-02
1.415627002716064453e-01
7.371414899826049805e-01
1.088143587112426758e-01
2.264490909874439240e-02
1.332622885704040527e+00
2.672159671783447266e-01
4.498439729213714600e-01
5.343128442764282227e-01
9.168548509478569031e-03
1.137029007077217102e-01
4.698037803173065186e-01
4.984189197421073914e-02
2.781007997691631317e-02
5.677300095558166504e-01
1.379127986729145050e-02
6.477804481983184814e-02
7.091380357742309570e-01
0.000000000000000000e+00
1.451877355575561523e-01
0.000000000000000000e+00
1.730499207042157650e-05
1.790987551212310791e-01
8.604459464550018311e-02
1.108108237385749817e-01
1.899688839912414551e-01
1.676589399576187134e-01
5.367634072899818420e-02
1.471985578536987305e-01
2.441532164812088013e-01
3.330397978425025940e-02
2.335766255855560303e-01
8.994386792182922363e-01
3.630007803440093994e-02
2.352844178676605225e-01
3.828915953636169434e-01
0.000000000000000000e+00
1.687392443418502808e-01
2.319122552871704102e-01
7.855296880006790161e-02
8.761102557182312012e-01
1.228461191058158875e-01
9.251669049263000488e-01
6.433205008506774902e-01
1.830928206443786621e+00
1.952753514051437378e-01
6.055681407451629639e-02
1.246606782078742981e-01
2.381774485111236572e-01
4.552697837352752686e-01
5.808869004249572754e-01
2.317274659872055054e-01
1.239778921008110046e-01
7.763211131095886230e-01
5.815786123275756836e-02
3.874344378709793091e-02
1.138821169734001160e-01
4.548636376857757568e-01
9.828014671802520752e-02
3.247181177139282227e-01
3.219087421894073486e-02
2.543369233608245850e-01
0.000000000000000000e+00
2.022323161363601685e-01
9.551383852958679199e-01
6.287646293640136719e-01
1.464698672294616699e+00
2.500905036926269531e+00
1.045600324869155884e-01
2.817256450653076172e-01
1.945535093545913696e-01
1.521623581647872925e-01
1.208308458328247070e+00
1.016219854354858398e-01
1.179034933447837830e-01
2.434194684028625488e-01
0.000000000000000000e+00
3.903933167457580566e-01
5.804722309112548828e-01
9.657160043716430664e-01
1.172066479921340942e-01
2.081628590822219849e-01
1.128119587898254395e+00
2.280415058135986328e+00
6.852068424224853516e+00
5.099288187921047211e-03
0.000000000000000000e+00
1.805380582809448242e+00
1.372725516557693481e-01
9.218906611204147339e-02
1.923215575516223907e-03
1.237927675247192383e+00
2.641510963439941406e-01
0.000000000000000000e+00
5.548930168151855469e-01
9.073189459741115570e-03
2.862717509269714355e-01
1.908559203147888184e-01
6.267854571342468262e-01
2.500747442245483398e-01
5.123620033264160156e-01
1.409932505339384079e-02
2.467026859521865845e-01
0.000000000000000000e+00
5.940871238708496094e-01
3.161762058734893799e-01
1.508870959281921387e+00
1.047692298889160156e-01
1.372439265251159668e-01
4.854808449745178223e-01
1.211698800325393677e-01
3.247826546430587769e-02
1.354455351829528809e-01
9.811983257532119751e-02
1.201230883598327637e+00
0.000000000000000000e+00
2.026865035295486450e-01
1.398262381553649902e-01
7.508177757263183594e-01
1.764609217643737793e-01
5.832887887954711914e-01
2.849137187004089355e-01
5.769737958908081055e-01
1.611026823520660400e-01
1.282207131385803223e+00
1.071290224790573120e-01
1.216822147369384766e+00
1.358773410320281982e-01
1.177317380905151367e+00
2.409414947032928467e-01
6.437262892723083496e-01
1.593321919441223145e+00
4.063173383474349976e-02
1.643593013286590576e-01
1.050693750381469727e+00
1.941998481750488281e+00
0.000000000000000000e+00
7.121268510818481445e-01
2.736818492412567139e-01
3.005321919918060303e-01
1.066887497901916504e+00
1.439439803361892700e-01
8.893021382391452789e-03
2.530685961246490479e-01
3.027265369892120361e-01
0.000000000000000000e+00
4.495283663272857666e-01
2.609204947948455811e-01
3.250918090343475342e-01
2.546150386333465576e-01
4.166092276573181152e-01
2.182866930961608887e-01
4.142065346240997314e-02
2.744659185409545898e-01
2.591004595160484314e-02
8.530597090721130371e-01
9.063203930854797363e-01
3.724825680255889893e-01
0.000000000000000000e+00
2.005632162094116211e+00
1.748564243316650391e-01
1.676624655723571777e+00
6.028847694396972656e-01
3.321504294872283936e-01
1.079963326454162598e+00
1.313244402408599854e-01
3.540019989013671875e-01
1.077362969517707825e-01
3.445352315902709961e-01
6.089261546730995178e-02
6.735993921756744385e-02
1.946580857038497925e-01
1.387367099523544312e-01
2.225575447082519531e+00
2.677169442176818848e-01
3.704662621021270752e-01
7.017546799033880234e-03
2.909892797470092773e-01
4.280182346701622009e-02
2.432748079299926758e-01
1.836207462474703789e-03
4.556816101074218750e+00
4.970744997262954712e-02
2.281218022108078003e-01
3.216302394866943359e+00
2.073477208614349365e-01
7.855252176523208618e-02
7.722785323858261108e-02
8.915661573410034180e-01
2.993284165859222412e-02
4.672357738018035889e-01
2.830712124705314636e-02
1.209217607975006104e-01
4.015212655067443848e-01
3.245651423931121826e-01
1.033809661865234375e+00
1.704084873199462891e-01
4.732333123683929443e-01
7.704670429229736328e-01
0.000000000000000000e+00
3.471921682357788086e-01
8.866685628890991211e-02
1.111675798892974854e-01
8.180985450744628906e-01
7.179664969444274902e-01
2.096591889858245850e-01
2.584350407123565674e-01
3.955452442169189453e-01
1.273419380187988281e+00
2.267231792211532593e-01
2.817765995860099792e-02
1.806636303663253784e-01
1.129902839660644531e+00
1.683776266872882843e-02
1.078228712081909180e+00
2.268846929073333740e-01
2.852868556976318359e+00
5.189509987831115723e-01
1.101121664047241211e+00
1.038495972752571106e-01
1.631920486688613892e-01
0.000000000000000000e+00
3.895913064479827881e-01
1.154626965522766113e+00
2.849684059619903564e-01
6.964393705129623413e-02
4.994698683731257915e-04
1.931432634592056274e-01
4.287261664867401123e-01
1.726562500000000000e+00
1.888848543167114258e+00
2.076792418956756592e-01
8.285167068243026733e-02
1.130121126770973206e-01
1.004768908023834229e-01
5.669785141944885254e-01
2.199371159076690674e-02
1.464355945587158203e+00
1.155895888805389404e-01
3.041511774063110352e-01
1.203387007117271423e-01
7.023817300796508789e-01
7.458314895629882812e-01
4.532085418701171875e+00
2.174010500311851501e-02
2.073905766010284424e-01
1.324140131473541260e-01
1.864813685417175293e+00
1.253105163574218750e+00
2.916680574417114258e+00
5.523483455181121826e-02
1.777403503656387329e-01
5.453360825777053833e-02
1.736424922943115234e+00
2.236511856317520142e-01
8.235240727663040161e-02
2.177361249923706055e+00
3.253493010997772217e-01
1.647115230560302734e+00
6.040633916854858398e-01
5.027109757065773010e-02
0.000000000000000000e+00
3.194917142391204834e-01
1.210854481905698776e-02
3.524209186434745789e-02
1.311238110065460205e-01
4.835163056850433350e-01
3.841945827007293701e-01
7.393501698970794678e-03
2.431122064590454102e-01
2.893103845417499542e-02
9.231513738632202148e-02
1.062089443206787109e+00
3.220941722393035889e-01
4.552758932113647461e-01
1.065649464726448059e-01
3.882739841938018799e-01
1.273749172687530518e-01
9.889984130859375000e-01
8.827369213104248047e-01
1.642253696918487549e-01
1.858347654342651367e-01
5.248009413480758667e-02
4.997936189174652100e-01
2.524086646735668182e-02
3.571781516075134277e-01
1.049661755561828613e+00
2.227550745010375977e-01
7.956957817077636719e-02
4.584679380059242249e-02
1.830716580152511597e-01
3.538199365139007568e-01
3.333749473094940186e-01
1.130690649151802063e-01
2.903588414192199707e-01
5.996579527854919434e-01
5.156316161155700684e-01
1.693729281425476074e+00
2.323754504323005676e-02
2.416201829910278320e-01
1.280023813247680664e+00
4.943937957286834717e-01
7.802461832761764526e-02
2.831243909895420074e-02
3.634845256805419922e+00
0.000000000000000000e+00
1.725645214319229126e-01
7.779508829116821289e-01
3.260879777371883392e-03
9.403056651353836060e-02
5.522136092185974121e-01
1.945831477642059326e-01
0.000000000000000000e+00
1.696621298789978027e+00
5.880774185061454773e-02
2.079076766967773438e-01
1.130700111389160156e+00
0.000000000000000000e+00
2.932813644409179688e+00
1.628624796867370605e+00
1.231614947319030762e-01
9.144032001495361328e-01
2.816454768180847168e-01
2.085939496755599976e-01
1.525905169546604156e-02
5.394415259361267090e-01
3.627496957778930664e-01
4.654352664947509766e-01
2.052780151367187500e+00
1.072965096682310104e-02
1.391587406396865845e-01
3.334670960903167725e-01
6.541058421134948730e-02
4.435590207576751709e-01
1.992914974689483643e-01
1.145728752017021179e-01
4.689693152904510498e-01
4.722255468368530273e-01
4.143428802490234375e-01
4.946638941764831543e-01
7.759746513329446316e-04
5.398253798484802246e-01
1.052526831626892090e+00
2.182962000370025635e-01
3.578338921070098877e-01
1.588404297828674316e+00
5.970438122749328613e-01
2.009105086326599121e-01
7.211549580097198486e-02
4.578209817409515381e-01
3.115660667419433594e+00
2.638881504535675049e-01
1.450760364532470703e-01
3.525535389780998230e-02
7.423881441354751587e-03
0.000000000000000000e+00
1.002600908279418945e+00
2.549479603767395020e-01
2.457977980375289917e-01
0.000000000000000000e+00
1.816762387752532959e-01
2.502627111971378326e-02
3.883238434791564941e-01
3.762742280960083008e-01
2.682670056819915771e-01
5.227031707763671875e-01
1.363171219825744629e+00
3.070607185363769531e-01
7.546666264533996582e-02
1.257012605667114258e+00
6.138105392456054688e-01
1.423628687858581543e+00
1.052783727645874023e+00
5.160583257675170898e-01
5.890752673149108887e-01
1.587125778198242188e+00
6.322191357612609863e-01
2.975552976131439209e-01
6.468394398689270020e-02
0.000000000000000000e+00
3.362558782100677490e-01
6.901580840349197388e-02
2.656845748424530029e-01
4.133553802967071533e-01
2.154790461063385010e-01
6.440627574920654297e-01
7.145094126462936401e-02
9.007431268692016602e-01
4.335463047027587891e-01
0.000000000000000000e+00
1.435858607292175293e+00
1.487489342689514160e+00
2.415344417095184326e-01
1.032635346055030823e-01
3.168682754039764404e-02
5.105448141694068909e-02
5.962537527084350586e-01
1.242484673857688904e-01
3.413004279136657715e-01
6.889796257019042969e-02
5.667608696967363358e-03
2.833864390850067139e-01
2.013925552368164062e+00
8.351206779479980469e-01
1.167366001754999161e-02
1.421254780143499374e-02
1.428866386413574219e-01
1.203347206115722656e+00
1.133631467819213867e-01
7.999818772077560425e-02
8.207263797521591187e-02
1.764750927686691284e-01
0.000000000000000000e+00
6.061491012573242188e+00
1.089186549186706543e+00
8.310220390558242798e-02
2.490727752447128296e-01
1.505206465721130371e+00
3.423272399231791496e-03
1.034443527460098267e-01
2.338329404592514038e-01
2.818308472633361816e-01
1.216054916381835938e+00
3.762914836406707764e-01
4.072958528995513916e-01
9.365934133529663086e-02
2.436401844024658203e-01
1.810948848724365234e+00
2.438816577196121216e-01
1.171547994017601013e-01
1.970137119293212891e+00
3.409795463085174561e-01
3.667558431625366211e-01
8.564421907067298889e-03
9.771054983139038086e-01
0.000000000000000000e+00
3.444073796272277832e-01
8.312629461288452148e-01
1.501417309045791626e-01
5.876476764678955078e-01
2.249874919652938843e-01
2.344774901866912842e-01
6.346407532691955566e-01
2.706914544105529785e-01
1.217060685157775879e-01
4.194892570376396179e-02
1.506582349538803101e-01
2.204272709786891937e-02
3.509338498115539551e-01
1.613582521677017212e-01
7.539551258087158203e-01
6.268903613090515137e-01
1.074903830885887146e-01
2.765241265296936035e-01
0.000000000000000000e+00
1.094251945614814758e-01
5.751161649823188782e-02
3.957911252975463867e+00
1.405447840690612793e+00
9.311862289905548096e-03
3.129979610443115234e+00
9.396416135132312775e-03
8.555559515953063965e-01
0.000000000000000000e+00
5.171903371810913086e-01
6.242545694112777710e-02
2.487957775592803955e-01
4.101097285747528076e-01
4.406644999980926514e-01
5.859540402889251709e-02
1.314168930053710938e+00
3.173826932907104492e-01
5.543264746665954590e-01
1.147968415170907974e-02
1.300956308841705322e-01
2.917663007974624634e-02
8.712374567985534668e-01
1.533866077661514282e-01
1.635314077138900757e-01
1.620124459266662598e+00
2.125499725341796875e+00
0.000000000000000000e+00
1.601946592330932617e+00
2.838645577430725098e-01
2.342590242624282837e-01
4.707073792815208435e-02
6.949655413627624512e-01
2.200614690780639648e+00
8.341957926750183105e-01
1.114588499069213867e+00
2.712489962577819824e-01
0.000000000000000000e+00
1.256454586982727051e-01
1.911966085433959961e+00
8.883600682020187378e-02
6.151370406150817871e-01
2.460255622863769531e+00
1.270253211259841919e-02
3.498309254646301270e-01
0.000000000000000000e+00
1.818012297153472900e-01
3.591493964195251465e-01
1.641320437192916870e-01
2.722543179988861084e-01
9.149514138698577881e-03
2.969453576952219009e-03
1.320321559906005859e-01
2.699688971042633057e-01
3.434180319309234619e-01
4.802667722105979919e-02
5.418117642402648926e-01
2.611500583589076996e-02
9.658108651638031006e-02
5.605717301368713379e-01
9.532631039619445801e-01
5.108525156974792480e-01
5.906086564064025879e-01
5.263459086418151855e-01
1.364924460649490356e-01
2.722721993923187256e-01
1.028248667716979980e-01
1.996822118759155273e+00
1.126595586538314819e-02
1.362117409706115723e+00
1.291175633668899536e-01
1.145608425140380859e+00
2.432387113571166992e+00
9.942069649696350098e-01
6.504933834075927734e-01
4.818177819252014160e-01
1.617152988910675049e-01
1.004201322793960571e-01
5.030318498611450195e-01
1.790204495191574097e-01
0.000000000000000000e+00
8.137685060501098633e-01
4.713205993175506592e-01
1.245473921298980713e-01
2.360919475555419922e+00
2.143753767013549805e+00
2.048137225210666656e-02
9.176175594329833984e-01
1.272126734256744385e-01
1.976640671491622925e-01
3.314941376447677612e-02
1.489299982786178589e-01
4.427853226661682129e-02
6.605276465415954590e-02
8.425246179103851318e-02
1.062143072485923767e-01
4.070398807525634766e-01
3.605662286281585693e-01
8.693008422851562500e-01
1.064174696803092957e-01
9.485329501330852509e-03
9.645520448684692383e-01
9.015938639640808105e-02
1.422975510358810425e-01
3.389801383018493652e-01
1.189306259155273438e+00
5.158088207244873047e-01
5.398261547088623047e-01
2.551332116127014160e-01
1.023028641939163208e-01
9.342766404151916504e-01
1.079495072364807129e+00
1.469732761383056641e+00
6.750254631042480469e-01
9.188742376863956451e-03
9.616788625717163086e-01
2.363025248050689697e-01
7.609375715255737305e-01
4.873252511024475098e-01
5.181215330958366394e-02
3.764398992061614990e-01
6.649185419082641602e-01
1.505789458751678467e-01
2.969228982925415039e+00
2.166215181350708008e-01
2.478613138198852539e+00
1.536174178123474121e+00
2.040301114320755005e-01
1.223839759826660156e+00
0.000000000000000000e+00
1.547555178403854370e-01
1.414517015218734741e-01
2.602726697921752930e+00
1.187680512666702271e-01
3.920881822705268860e-02
4.451822042465209961e-01
4.569302082061767578e+00
3.153499364852905273e-01
6.548327207565307617e-01
3.070616908371448517e-02
7.795765399932861328e-01
9.721259772777557373e-02
4.739704430103302002e-01
5.880532041192054749e-02
9.816520105232484639e-06
4.776347428560256958e-02
3.790707588195800781e-01
8.425369858741760254e-02
9.128670096397399902e-01
1.108513832092285156e+00
3.545680940151214600e-01
1.183942258358001709e-01
9.955227375030517578e-02
2.245170623064041138e-01
2.718314230442047119e-01
4.816360473632812500e-01
1.251359134912490845e-01
1.560149341821670532e-01
9.252548217773437500e-02
2.140158861875534058e-01
1.195677280426025391e+00
2.027264237403869629e-02
4.112606495618820190e-02
1.751693844795227051e+00
2.097408920526504517e-01
4.657404422760009766e-01
6.637917459011077881e-02
1.550049781799316406e+00
8.474535346031188965e-01
4.326526820659637451e-01
3.300320804119110107e-01
9.960187971591949463e-02
3.569773137569427490e-01
8.848212361335754395e-01
2.560001313686370850e-01
6.483964920043945312e-01
5.703777670860290527e-01
1.147870644927024841e-01
5.841789841651916504e-01
1.429626941680908203e-01
2.940976917743682861e-01
2.996999025344848633e-01
7.120115160942077637e-01
8.150324225425720215e-03
7.320386171340942383e-02
1.686952710151672363e-01
1.762073636054992676e-01
1.279498487710952759e-01
6.140202283859252930e-02
8.062489628791809082e-01
5.625741183757781982e-02
1.575525879859924316e+00
3.780410587787628174e-01
8.976519852876663208e-02
1.038084030151367188e-01
3.409130275249481201e-01
9.616241455078125000e-01
1.632413864135742188e-01
3.141305744647979736e-01
2.320025116205215454e-01
2.809250168502330780e-02
1.739594042301177979e-01
4.666427373886108398e-01
1.466488689184188843e-01
6.475249528884887695e-01
4.587390646338462830e-02
1.094175223261117935e-02
5.679245293140411377e-02
1.154718041419982910e+00
3.969031274318695068e-01
1.497390389442443848e+00
6.463903188705444336e-02
6.510992050170898438e-01
6.832907348871231079e-02
1.520391255617141724e-01
1.830397732555866241e-02
5.642170310020446777e-01
5.757304280996322632e-02
5.611814558506011963e-03
2.695862948894500732e-01
4.877379238605499268e-01
7.243445515632629395e-01
1.312088668346405029e-01
1.156623244285583496e+00
9.084024280309677124e-02
8.685217797756195068e-02
9.492413401603698730e-01
0.000000000000000000e+00
8.382774591445922852e-01
1.125591397285461426e+00
1.153331279754638672e+00
6.843732595443725586e-01
1.404537558555603027e-01
1.152831465005874634e-01
3.219813406467437744e-01
1.087085604667663574e-01
5.440755747258663177e-03
1.139546036720275879e+00
1.174335703253746033e-01
4.475255310535430908e-01
6.031213998794555664e-01
1.356747269630432129e+00
5.522418618202209473e-01
4.945763200521469116e-02
3.729928433895111084e-01
3.875323772430419922e+00
2.559612989425659180e-01
2.003281831741333008e+00
1.299027919769287109e+00
2.695904076099395752e-01
0.000000000000000000e+00
7.695330679416656494e-02
6.689083576202392578e-02
5.679624676704406738e-01
4.203115105628967285e-01
6.683451589196920395e-03
1.885662227869033813e-01
1.370438814163208008e+00
1.971009254455566406e+00
1.225347165018320084e-02
1.529997214674949646e-02
5.327965617179870605e-01
0.000000000000000000e+00
4.227716028690338135e-01
2.375090122222900391e-01
4.543064236640930176e-01
3.671539947390556335e-02
4.199671149253845215e-01
5.403640866279602051e-01
2.262912690639495850e-01
1.138142943382263184e-01
3.055600821971893311e-02
1.519359707832336426e+00
1.679693348705768585e-02
5.510183572769165039e-01
2.817555963993072510e-01
1.208837330341339111e-02
1.811142444610595703e+00
4.529693722724914551e-01
6.428618431091308594e-01
8.058534562587738037e-02
1.570601582527160645e+00
5.058355331420898438e-01
6.625324487686157227e-02
5.257280543446540833e-02
4.759770631790161133e-01
5.454544425010681152e-01
5.405141115188598633e-01
2.192367315292358398e+00
1.048749923706054688e+00
5.552142262458801270e-01
5.724041461944580078e-01
4.185091853141784668e-01
1.471763730049133301e+00
1.288390457630157471e-01
9.402230978012084961e-01
3.739288747310638428e-01
7.298546433448791504e-01
3.836742416024208069e-02
3.353472426533699036e-02
9.227929636836051941e-03
3.897510841488838196e-02
2.398305088281631470e-01
1.044028699398040771e-01
5.995022598654031754e-03
3.368584811687469482e-01
1.103163361549377441e-01
3.020212948322296143e-01
1.516014933586120605e-01
1.696396321058273315e-01
6.220156326889991760e-02
2.470593005418777466e-01
5.029092356562614441e-02
3.521084785461425781e-01
1.258657693862915039e+00
4.374986290931701660e-01
2.351257801055908203e-01
5.300455689430236816e-01
1.896215319633483887e+00
2.871864438056945801e-01
1.275370240211486816e+00
2.527800500392913818e-01
1.041402891278266907e-01
2.465141117572784424e-01
7.581530511379241943e-02
8.005382120609283447e-02
1.955553144216537476e-01
1.249160543084144592e-01
2.774798870086669922e-02
9.114380925893783569e-02
3.827481996268033981e-04
3.232706487178802490e-01
5.213630571961402893e-02
4.209029302000999451e-02
5.692435503005981445e-01
5.024231672286987305e-01
5.485094785690307617e-01
1.910427659749984741e-01
3.076504766941070557e-01
2.341049723327159882e-02
1.793637275695800781e+00
0.000000000000000000e+00
3.231454491615295410e-01
5.771322250366210938e-01
5.015751719474792480e-02
3.884949162602424622e-02
1.014549806714057922e-01
1.831342577934265137e-01
1.090438216924667358e-01
3.796166479587554932e-01
1.728726923465728760e-01
0.000000000000000000e+00
1.201671883463859558e-01
8.973279595375061035e-02
3.658982813358306885e-01
9.129943251609802246e-01
1.625596433877944946e-01
1.104815840721130371e+00
3.132155537605285645e-01
9.292618036270141602e-01
1.217660531401634216e-01
2.400527149438858032e-02
6.649119406938552856e-02
7.035766839981079102e-01
2.038039565086364746e-01
1.382766604423522949e+00
3.568669855594635010e-01
9.172090888023376465e-01
3.123162388801574707e-01
2.376357913017272949e-01
4.595890939235687256e-01
3.550796508789062500e-01
3.109447658061981201e-01
1.526635587215423584e-01
7.872695326805114746e-01
5.459628105163574219e-01
4.781294167041778564e-01
2.191344499588012695e+00
1.324514597654342651e-01
1.309263110160827637e+00
1.840841919183731079e-01
3.149723410606384277e-01
2.858520150184631348e-01
3.081951439380645752e-01
1.414889574050903320e+00
2.461798489093780518e-01
8.390072584152221680e-01
1.565765261650085449e+00
4.141942784190177917e-02
1.474175304174423218e-01
1.815009266138076782e-01
3.667730689048767090e-01
2.918837592005729675e-02
1.599344968795776367e+00
2.128526449203491211e+00
1.825372874736785889e-02
6.151340529322624207e-02
5.914275646209716797e-01
8.660013973712921143e-02
7.479525357484817505e-02
5.604226142168045044e-02
7.272698283195495605e-01
4.786546528339385986e-01
1.872314095497131348e+00
2.557494938373565674e-01
1.587825566530227661e-01
0.000000000000000000e+00
3.396330475807189941e-01
8.736450970172882080e-02
1.348636269569396973e+00
6.739130616188049316e-02
2.927139997482299805e-01
3.663898408412933350e-01
7.990244776010513306e-02
1.165606379508972168e-01
7.520398497581481934e-02
1.781329065561294556e-01
1.929907500743865967e-01
1.932935714721679688e-01
2.072744607925415039e+00
3.011416830122470856e-02
1.426231712102890015e-01
8.471382781863212585e-03
1.132438629865646362e-01
1.261706352233886719e+00
5.978845357894897461e-01
5.467848181724548340e-01
1.805609315633773804e-01
0.000000000000000000e+00
1.878081858158111572e-01
8.182380348443984985e-02
3.047511875629425049e-01
0.000000000000000000e+00
6.211266517639160156e-01
2.844291627407073975e-01
4.345082640647888184e-01
2.928052563220262527e-03
6.151255369186401367e-01
3.207319602370262146e-02
7.518531680107116699e-01
8.624172806739807129e-01
7.637011408805847168e-01
8.472750186920166016e-01
4.615851864218711853e-02
1.108614683151245117e+00
6.004453897476196289e-01
1.234257966279983521e-01
9.836109876632690430e-01
5.358557701110839844e-01
3.862517178058624268e-01
3.557723164558410645e-01
2.557878494262695312e-01
1.021823048591613770e+00
4.387946054339408875e-02
7.327909022569656372e-02
4.877661466598510742e-01
2.625552937388420105e-03
5.053532123565673828e-01
8.169533312320709229e-02
3.871794342994689941e-01
1.734222471714019775e-01
0.000000000000000000e+00
4.862918555736541748e-01
6.323031149804592133e-03
3.863984048366546631e-01
1.968117237091064453e+00
1.064064502716064453e+00
4.175896942615509033e-01
5.139336362481117249e-02
1.337641626596450806e-01
5.498329997062683105e-01
1.186873540282249451e-01
6.230501085519790649e-02
1.222553968429565430e+00
1.285178542137145996e+00
1.778781533241271973e+00
3.126065731048583984e-01
4.120734706521034241e-02
1.599313132464885712e-02
8.368144035339355469e-01
4.612966440618038177e-03
8.392789214849472046e-02
1.592467069625854492e+00
3.009841442108154297e-01
2.044350385665893555e+00
0.000000000000000000e+00
3.453508764505386353e-02
2.095897197723388672e+00
8.753781765699386597e-02
8.427049517631530762e-01
3.013104200363159180e-01
4.459812641143798828e-01
3.542303740978240967e-01
1.638841748237609863e+00
3.651133179664611816e-02
7.399122416973114014e-02
4.612522423267364502e-01
1.652331054210662842e-01
1.554193258285522461e+00
1.104133367538452148e+00
1.719406992197036743e-01
2.784616053104400635e-01
5.022056698799133301e-01
1.650712788105010986e-01
3.180061280727386475e-01
6.697173714637756348e-01
9.360610507428646088e-03
2.390471994876861572e-01
3.498655855655670166e-01
7.548878341913223267e-02
8.987944573163986206e-02
2.351349219679832458e-02
3.270074129104614258e-01
2.495956979691982269e-02
7.287206053733825684e-01
0.000000000000000000e+00
4.618768393993377686e-01
2.742379307746887207e-01
4.234826564788818359e-01
6.412321329116821289e-02
1.935838609933853149e-01
7.599027752876281738e-01
0.000000000000000000e+00
2.004610896110534668e-01
3.858435153961181641e-01
2.309538237750530243e-02
2.539345026016235352e-01
0.000000000000000000e+00
9.503983706235885620e-02
3.294820189476013184e-01
1.125693842768669128e-01
2.176037058234214783e-02
1.134686172008514404e-01
9.720990061759948730e-01
2.801079452037811279e-01
2.032995074987411499e-01
2.748067378997802734e-01
2.128718644380569458e-01
0.000000000000000000e+00
8.132194876670837402e-01
1.254409551620483398e+00
1.527123898267745972e-01
5.535284429788589478e-02
3.466858267784118652e-01
0.000000000000000000e+00
2.011567831039428711e+00
1.039889454841613770e-01
1.606355458498001099e-01
4.283536374568939209e-01
0.000000000000000000e+00
4.154408872127532959e-01
2.482364773750305176e-01
4.598608911037445068e-01
4.576698541641235352e-01
1.146984457969665527e+00
1.823451399803161621e+00
5.991837382316589355e-01
9.144465625286102295e-02
1.770805239677429199e+00
1.574778109788894653e-01
8.958564400672912598e-01
1.159301726147532463e-03
7.000513672828674316e-01
1.384263336658477783e-01
8.996282815933227539e-01
1.402971148490905762e-01
6.498242616653442383e-01
1.661841571331024170e-01
4.422569274902343750e-01
7.848560810089111328e-02
2.461423724889755249e-01
4.819147586822509766e-01
2.460600808262825012e-02
6.335706263780593872e-02
1.834828257560729980e+00
7.511284667998552322e-03
4.602999687194824219e-01
2.755817890167236328e+00
3.257267475128173828e-01
0.000000000000000000e+00
1.061812996864318848e+00
0.000000000000000000e+00
8.943398296833038330e-02
1.517631709575653076e-01
4.200684726238250732e-01
5.289408564567565918e-01
8.039225935935974121e-01
1.408091932535171509e-01
9.021732956171035767e-02
1.303445827215909958e-02
1.120694279670715332e+00
2.356060266494750977e+00
1.525160372257232666e-01
4.008820652961730957e-01
3.482057154178619385e-01
2.581326663494110107e-02
1.615858823060989380e-01
1.830422997474670410e+00
1.148940622806549072e-01
4.139303863048553467e-01
3.495372459292411804e-02
8.997440338134765625e-02
0.000000000000000000e+00
5.072881579399108887e-01
1.641747593879699707e+00
1.181811913847923279e-01
8.822662234306335449e-01
2.270754054188728333e-02
3.418623805046081543e-01
3.921581897884607315e-03
6.069359779357910156e-01
1.673038840293884277e+00
1.409957289695739746e+00
1.566274166107177734e-01
8.225882798433303833e-02
6.305342167615890503e-02
1.034813821315765381e-01
8.623442053794860840e-02
9.273393079638481140e-03
3.914080262184143066e-01
6.725754737854003906e-01
2.611563205718994141e-01
1.919183284044265747e-01
1.026996299624443054e-01
1.613596677780151367e+00
6.370519399642944336e-01
1.903407392092049122e-04
0.000000000000000000e+00
4.997026622295379639e-01
1.309516906738281250e+00
4.533347487449645996e-02
1.219624280929565430e+00
2.554944515228271484e+00
1.817899644374847412e-01
3.424465656280517578e-01
3.017475605010986328e-01
2.963145375251770020e-01
1.029509663581848145e+00
1.677719235420227051e+00
9.497258812189102173e-02
1.265534851700067520e-02
1.483386397361755371e+00
1.050124168395996094e+00
9.913821220397949219e-01
6.138946046121418476e-04
1.482619285583496094e+00
9.430260062217712402e-01
1.293144077062606812e-01
1.074932441115379333e-01
6.718650460243225098e-01
3.989069461822509766e-01
8.253723382949829102e-01
1.652831435203552246e-01
3.471846878528594971e-02
4.943880438804626465e-02
3.722080290317535400e-01
3.957709074020385742e-01
1.746256351470947266e-01
1.813009381294250488e-01
6.640117168426513672e-01
1.617154851555824280e-02
1.343072175979614258e+00
6.956969201564788818e-02
1.366693675518035889e-01
4.480514526367187500e-01
3.616940695792436600e-03
6.074743866920471191e-01
2.660965621471405029e-01
1.368206343613564968e-03
4.664877951145172119e-01
6.254684329032897949e-01
1.687702685594558716e-01
8.167570829391479492e-02
4.309027493000030518e-01
1.285596340894699097e-01
4.901097714900970459e-02
4.166919589042663574e-01
1.443649083375930786e-01
4.730021059513092041e-01
6.441834848374128342e-03
1.942621022462844849e-01
4.386982917785644531e-01
3.639710843563079834e-01
2.290026992559432983e-01
1.720062375068664551e+00
6.695757806301116943e-02
2.400630950927734375e+00
3.880640268325805664e-01
0.000000000000000000e+00
1.782676696777343750e+00
6.145449876785278320e-01
6.766248345375061035e-01
6.141710877418518066e-01
4.872381389141082764e-01
8.149973750114440918e-01
1.785288006067276001e-01
7.235540151596069336e-01
3.182964324951171875e-01
1.151056215167045593e-02
3.961025178432464600e-02
0.000000000000000000e+00
2.248941212892532349e-01
1.136822342872619629e+00
9.935565292835235596e-03
2.392182111740112305e+00
9.767557382583618164e-01
6.512399762868881226e-02
7.581723332405090332e-01
2.009483098983764648e+00
5.826660618185997009e-02
8.895019292831420898e-01
1.490278542041778564e-02
2.104665786027908325e-01
5.441990494728088379e-01
1.778320968151092529e-01
2.766103148460388184e-01
6.787279248237609863e-01
1.977077499032020569e-02
5.081040263175964355e-01
1.519922912120819092e-01
1.620235443115234375e-01
9.809861183166503906e-01
4.115450084209442139e-01
4.261465966701507568e-01
4.638390839099884033e-01
7.644337415695190430e-01
8.429450392723083496e-01
1.942270278930664062e+00
1.423339992761611938e-01
2.318927436135709286e-04
4.279304742813110352e-01
3.696099817752838135e-01
7.398891448974609375e-02
8.248261292465031147e-04
1.771945506334304810e-01
1.010779857635498047e+00
2.062740176916122437e-01
5.175869911909103394e-02
3.096631541848182678e-02
0.000000000000000000e+00
3.723033070564270020e-01
2.607694864273071289e-01
2.091672969982028008e-03
4.411280155181884766e-01
4.364115297794342041e-01
4.080891609191894531e-01
2.123470157384872437e-01
1.579981483519077301e-02
9.391820430755615234e-01
1.618127375841140747e-01
2.295862436294555664e-01
2.979588210582733154e-01
1.410785913467407227e-01
7.427129745483398438e-01
3.115171752870082855e-02
6.082656607031822205e-02
0.000000000000000000e+00
1.200568396598100662e-02
1.683944821357727051e+00
5.449881032109260559e-02
2.602009177207946777e-01
2.030060440301895142e-01
1.275800466537475586e+00
3.761642575263977051e-01
1.727347254753112793e+00
1.744521223008632660e-02
8.831261396408081055e-01
8.810377679765224457e-03
7.369011044502258301e-01
1.645626276731491089e-01
1.248131394386291504e-01
4.169264435768127441e-01
6.603029966354370117e-01
8.255973458290100098e-02
1.289708614349365234e+00
6.280376575887203217e-03
4.403575062751770020e-01
3.965482413768768311e-01
0.000000000000000000e+00
1.060107275843620300e-01
8.242213129997253418e-01
1.045050740242004395e+00
0.000000000000000000e+00
2.008350372314453125e+00
4.209509193897247314e-01
6.471276283264160156e-01
1.426164247095584869e-02
1.403504610061645508e-01
1.589816249907016754e-02
5.666895210742950439e-02
2.173559069633483887e-01
2.386481016874313354e-01
2.070599555969238281e+00
4.073371887207031250e-01
6.353634595870971680e-02
2.959774434566497803e-02
4.961925745010375977e-02
2.223345756530761719e+00
6.530770063400268555e-01
4.388753324747085571e-02
4.131790101528167725e-01
1.223532781004905701e-01
5.628374814987182617e-01
5.333518385887145996e-01
5.965451002120971680e-01
1.488776952028274536e-01
3.743325471878051758e-01
2.723391354084014893e-01
1.129318550229072571e-01
2.749259173870086670e-01
6.129591464996337891e-01
3.402690887451171875e-01
8.014871478080749512e-01
8.316610455513000488e-01
5.444757938385009766e-01
5.734724998474121094e-01
6.991323828697204590e-02
5.911980271339416504e-01
7.243433594703674316e-02
2.385676056146621704e-01
6.968895904719829559e-03
2.426978200674057007e-01
1.063024923205375671e-01
2.016508132219314575e-01
1.369962453842163086e+00
3.173072934150695801e-01
7.897219061851501465e-01
4.551067203283309937e-02
1.935668885707855225e-01
3.654093146324157715e-01
1.222170442342758179e-01
1.473373055458068848e+00
4.411724209785461426e-01
4.962135255336761475e-01
4.891158044338226318e-01
5.392341017723083496e-01
1.752974279224872589e-02
7.568888366222381592e-02
1.120548769831657410e-01
2.370459318161010742e+00
7.659502625465393066e-01
2.824927866458892822e-02
5.469102859497070312e-01
1.048149541020393372e-01
5.901011824607849121e-02
1.144469678401947021e-01
8.964430540800094604e-02
2.392627149820327759e-01
0.000000000000000000e+00
1.886526942253112793e+00
6.425296515226364136e-02
1.462498158216476440e-01
2.355272769927978516e-01
8.851996064186096191e-02
3.544881343841552734e-01
0.000000000000000000e+00
1.014070138335227966e-01
5.262907743453979492e-01
6.889924407005310059e-02
1.409236550331115723e+00
1.283294796943664551e+00
1.951305627822875977e+00
1.226716712117195129e-01
3.128148615360260010e-01
6.401618123054504395e-01
8.698997497558593750e-01
1.983958855271339417e-02
8.780160546302795410e-02
1.019258499145507812e+00
1.574421167373657227e+00
4.192898869514465332e-01
7.186722010374069214e-02
2.822542190551757812e-01
8.868176490068435669e-02
3.678739070892333984e-01
2.834002375602722168e-01
4.191046655178070068e-01
1.850436568260192871e+00
1.195845842361450195e+00
1.806249171495437622e-01
9.974199533462524414e-02
1.683971643447875977e+00
9.316059201955795288e-02
2.873275056481361389e-02
6.234936788678169250e-02
1.310127228498458862e-01
9.105837345123291016e-02
8.500406742095947266e-01
6.204090714454650879e-01
1.847949773073196411e-01
0.000000000000000000e+00
6.219749897718429565e-02
7.995119094848632812e-01
6.220285296440124512e-01
0.000000000000000000e+00
9.038144946098327637e-01
3.910653889179229736e-01
2.703759372234344482e-01
3.983424305915832520e-01
4.199552163481712341e-02
1.595363020896911621e-03
1.025975108146667480e+00
8.891240358352661133e-01
4.206252694129943848e-01
1.543721258640289307e-01
2.186006605625152588e-01
3.919064253568649292e-02
1.432924866676330566e+00
1.591113628819584846e-03
3.183991909027099609e-01
1.918376982212066650e-01
2.360458523035049438e-01
2.770566940307617188e-01
7.621965557336807251e-02
5.622484087944030762e-01
2.736654579639434814e-01
1.086105346679687500e+00
1.116979360580444336e+00
5.148847773671150208e-02
1.689741909503936768e-01
3.128311038017272949e-01
3.746254444122314453e-01
8.380300402641296387e-01
4.017046391963958740e-01
1.241982057690620422e-01
2.680975198745727539e-01
7.304009199142456055e-01
4.124635085463523865e-02
3.709145486354827881e-01
1.205290794372558594e+00
1.518832564353942871e+00
1.197598934173583984e+00
1.050637006759643555e+00
1.427787303924560547e+00
1.361350864171981812e-01
4.610034823417663574e-01
1.317031532526016235e-01
6.195281147956848145e-01
6.607152223587036133e-01
5.245702862739562988e-01
1.833798140287399292e-01
2.754290103912353516e-01
1.230021119117736816e-01
8.221623897552490234e-01
0.000000000000000000e+00
1.007377505302429199e-01
7.776819467544555664e-01
4.074668884277343750e-01
5.223283171653747559e-02
8.170995861291885376e-02
8.713198900222778320e-01
2.528812885284423828e-01
8.750199079513549805e-01
5.734265446662902832e-01
0.000000000000000000e+00
6.444655358791351318e-02
2.179415524005889893e-01
4.125379323959350586e-01
3.726460635662078857e-01
2.289686650037765503e-01
2.731085300445556641e+00
0.000000000000000000e+00
4.642326533794403076e-01
8.364685773849487305e-01
4.321988224983215332e-01
9.793567061424255371e-01
4.062995612621307373e-01
3.658194839954376221e-02
9.291124939918518066e-01
3.660162985324859619e-01
4.501621425151824951e-01
4.451284110546112061e-01
8.596556782722473145e-01
2.744288556277751923e-02
4.868027865886688232e-01
6.202665567398071289e-01
5.633204579353332520e-01
4.672995507717132568e-01
4.579895362257957458e-02
5.568600296974182129e-01
2.706076800823211670e-01
1.146419122815132141e-01
3.429760336875915527e-01
6.719888448715209961e-01
7.158705592155456543e-02
1.831490993499755859e+00
1.071663126349449158e-01
4.819025993347167969e-01
1.099140197038650513e-01
1.215341567993164062e+00
1.333337184041738510e-02
8.967041037976741791e-03
2.450383603572845459e-01
2.087944895029067993e-01
1.496396660804748535e-01
1.249859809875488281e+00
2.146756649017333984e-01
4.548952579498291016e-01
1.089071705937385559e-01
1.459454447031021118e-01
8.700665235519409180e-01
7.972785830497741699e-01
5.756678804755210876e-02
1.458410322666168213e-01
1.246238946914672852e-01
8.732668757438659668e-01
2.960116043686866760e-02
3.455468639731407166e-02
1.768093109130859375e-01
7.072171568870544434e-02
1.076864451169967651e-01
1.624265193939208984e+00
4.178846776485443115e-01
2.350876629352569580e-01
1.086874246597290039e+00
2.523598633706569672e-02
1.209153905510902405e-01
1.234827265143394470e-01
7.646770030260086060e-02
3.619175255298614502e-01
4.414938762784004211e-02
1.429413706064224243e-01
1.007217049598693848e+00
1.962506473064422607e-01
2.836759984493255615e-01
1.144659042358398438e+00
1.776217967271804810e-01
0.000000000000000000e+00
4.589619636535644531e-01
4.940373897552490234e-01
5.618190765380859375e-02
9.835639595985412598e-02
9.444694966077804565e-03
1.908470988273620605e-01
1.056356787681579590e+00
0.000000000000000000e+00
1.306877434253692627e-01
3.278585076332092285e-01
1.959232613444328308e-02
9.033691883087158203e-02
5.555542185902595520e-03
8.393637835979461670e-03
1.321981668472290039e+00
6.447092890739440918e-01
3.782461583614349365e-01
9.726692438125610352e-01
6.467402577400207520e-01
1.154273271560668945e+00
5.316553264856338501e-02
2.932997345924377441e-01
1.961812496185302734e+00
8.610341548919677734e-01
1.903966188430786133e+00
6.716047525405883789e-01
1.489772051572799683e-01
3.640372753143310547e-01
1.157028079032897949e+00
2.336276173591613770e-01
1.060570925474166870e-01
1.489185094833374023e-01
8.059142231941223145e-01
2.311765104532241821e-01
2.518642425537109375e+00
0.000000000000000000e+00
1.377739161252975464e-01
2.349853515625000000e-01
7.153676152229309082e-01
1.120947748422622681e-01
1.804276466369628906e+00
3.890711814165115356e-02
2.959240414202213287e-02
8.428715467453002930e-01
4.149413481354713440e-02
9.567354321479797363e-01
1.082515493035316467e-01
3.243727236986160278e-02
2.835160195827484131e-01
2.452306985855102539e+00
7.755034565925598145e-01
2.946302890777587891e-01
2.243210524320602417e-01
8.040102720260620117e-01
6.538038253784179688e-01
8.545282483100891113e-01
1.244412362575531006e-02
2.300524860620498657e-01
6.118903309106826782e-02
3.421324729919433594e+00
1.109955236315727234e-01
1.617583334445953369e-01
2.604479789733886719e-01
3.420836329460144043e-01
2.935132384300231934e-02
5.407624244689941406e-01
5.008740350604057312e-02
4.581538736820220947e-01
4.353232085704803467e-01
1.842204108834266663e-02
7.233795523643493652e-02
7.478036731481552124e-02
1.084886670112609863e+00
2.215510457754135132e-01
2.501014471054077148e-01
1.110575944185256958e-01
3.996540904045104980e-01
7.131767868995666504e-01
2.078550457954406738e-01
3.347625955939292908e-02
1.812396883964538574e+00
1.135769248008728027e+00
1.734136343002319336e-01
4.862014651298522949e-01
1.347214728593826294e-01
2.182475179433822632e-01
4.879929721355438232e-01
2.118114233016967773e-01
8.816017508506774902e-01
1.631765216588973999e-01
3.522412106394767761e-02
4.506938904523849487e-02
3.149277297779917717e-03
4.332872033119201660e-01
2.398346066474914551e-01
1.584449261426925659e-01
0.000000000000000000e+00
6.632499098777770996e-01
3.202470541000366211e+00
2.746330201625823975e-01
7.795452326536178589e-02
4.105609953403472900e-01
3.191233798861503601e-02
3.249061107635498047e-01
9.481775760650634766e-01
2.163409739732742310e-01
7.953676581382751465e-01
4.753462597727775574e-02
2.831489741802215576e-01
3.074410557746887207e-01
8.628442883491516113e-01
2.438484132289886475e-01
1.047680735588073730e+00
3.813169002532958984e-01
3.173745274543762207e-01
3.608976602554321289e-01
4.807651042938232422e-01
1.855275988578796387e+00
1.451708078384399414e-01
6.305126845836639404e-02
4.286255240440368652e-01
9.850587695837020874e-02
1.318985372781753540e-01
1.622790455818176270e+00
2.231492251157760620e-01
4.280357807874679565e-02
2.207255065441131592e-01
1.791036486625671387e+00
1.559045612812042236e-01
1.173682883381843567e-01
4.369972348213195801e-01
1.864742040634155273e-01
5.186513066291809082e-02
2.716318890452384949e-02
1.359423160552978516e+00
1.415971755981445312e+00
2.165213376283645630e-01
6.848475933074951172e-01
1.029152143746614456e-02
3.358025476336479187e-02
6.326810717582702637e-01
8.212939500808715820e-01
3.104837834835052490e-01
6.472228169441223145e-01
7.647283840924501419e-03
1.442624721676111221e-02
1.203907847404479980e+00
8.078274317085742950e-03
5.679812431335449219e-01
1.079290732741355896e-01
1.689185023307800293e+00
7.316775321960449219e-01
1.731635332107543945e-01
9.591356664896011353e-02
2.075240463018417358e-01
2.786721885204315186e-01
5.162889510393142700e-02
3.605444133281707764e-01
4.309425354003906250e-01
1.986110329627990723e+00
1.353224664926528931e-01
1.020896911621093750e+00
7.383875846862792969e-01
7.313504349440336227e-03
1.682058572769165039e-01
1.050900101661682129e+00
3.361468017101287842e-01
9.068350791931152344e-01
2.701321542263031006e-01
2.231099084019660950e-02
3.631183803081512451e-01
1.163430094718933105e+00
2.728331387042999268e-01
5.776918530464172363e-01
1.297700643539428711e+00
4.801421165466308594e-01
4.028378725051879883e-01
7.174614667892456055e-01
2.536615133285522461e-01
3.592371344566345215e-01
1.086118370294570923e-01
8.975728154182434082e-01
7.329802960157394409e-03
1.701092481613159180e+00
5.248771905899047852e-01
3.357031941413879395e-02
2.838100306689739227e-02
6.299648433923721313e-02
1.018625944852828979e-01
4.286097586154937744e-01
1.745142638683319092e-01
5.400757193565368652e-01
4.954031407833099365e-01
3.633314669132232666e-01
1.477860659360885620e-01
3.277292847633361816e-01
2.101583719253540039e+00
3.439945280551910400e-01
1.033316627144813538e-01
2.214884907007217407e-01
1.506009340286254883e+00
3.617171049118041992e-01
3.206990063190460205e-01
9.787695482373237610e-03
4.473615288734436035e-01
6.661892682313919067e-02
2.629251182079315186e-01
1.558430433273315430e+00
1.088924288749694824e+00
2.372479289770126343e-01
1.067391186952590942e-01
1.913171708583831787e-01
1.826373673975467682e-02
8.031328916549682617e-01
7.346138954162597656e-01
9.141932725906372070e-01
8.122574687004089355e-01
1.648807525634765625e-01
1.210235208272933960e-01
2.151318341493606567e-01
7.289117574691772461e-01
3.592154011130332947e-02
4.034593701362609863e-02
1.667880080640316010e-02
7.406908869743347168e-01
4.905121326446533203e-01
7.606289982795715332e-01
2.280727177858352661e-01
1.601574122905731201e-01
3.639264404773712158e-01
4.853398203849792480e-01
0.000000000000000000e+00
1.265883207321166992e+00
2.257261425256729126e-01
1.402714490890502930e+00
9.967008233070373535e-01
7.432353496551513672e-01
7.551772147417068481e-02
2.179222106933593750e-01
2.052366733551025391e-02
2.103963121771812439e-02
1.774946212768554688e+00
3.065474331378936768e-01
0.000000000000000000e+00
2.589903175830841064e-01
4.003631696105003357e-02
1.006490141153335571e-01
3.819622099399566650e-01
3.604046702384948730e-01
3.443903684616088867e+00
1.020085215568542480e+00
1.506261676549911499e-01
2.924292385578155518e-01
1.757030338048934937e-01
0.000000000000000000e+00
1.686173677444458008e+00
5.797071456909179688e-01
1.666570268571376801e-02
3.617368340492248535e-01
9.151601046323776245e-02
2.305379807949066162e-01
0.000000000000000000e+00
3.811770677566528320e-02
4.217048734426498413e-02
1.176207900047302246e+00
2.066130399703979492e+00
4.612872377038002014e-02
9.509102255105972290e-02
1.128331184387207031e+00
2.078093886375427246e-01
1.443222761154174805e-01
1.041828095912933350e-01
8.447933010756969452e-03
2.080370783805847168e-01
9.419087320566177368e-02
6.338961422443389893e-02
0.000000000000000000e+00
1.038813367486000061e-01
2.777105271816253662e-01
2.275430709123611450e-01
7.180888056755065918e-01
7.873693108558654785e-02
2.516583442687988281e+00
1.183178201317787170e-01
2.201068699359893799e-01
0.000000000000000000e+00
1.002875924110412598e+00
0.000000000000000000e+00
3.362903837114572525e-03
7.730680052191019058e-03
6.723193526268005371e-01
4.411793053150177002e-01
1.395725756883621216e-01
6.809536814689636230e-01
5.986085534095764160e-02
1.898176223039627075e-01
1.328220009803771973e+00
4.658766090869903564e-01
5.316063761711120605e-01
9.795761853456497192e-02
2.410737276077270508e+00
1.008773922920227051e+00
2.254566699266433716e-01
2.547108173370361328e+00
1.338181018829345703e+00
6.241051554679870605e-01
5.179191008210182190e-03
7.799404859542846680e-02
1.111698895692825317e-02
4.984620213508605957e-01
1.426978707313537598e-01
8.595104515552520752e-02
1.056786477565765381e-01
2.468794584274291992e-01
1.877199262380599976e-01
0.000000000000000000e+00
8.716860786080360413e-03
7.100198864936828613e-01
3.692373931407928467e-01
4.693876504898071289e-01
3.641570210456848145e-01
9.230036735534667969e-01
6.922324299812316895e-01
5.819684267044067383e-01
2.981204986572265625e-01
1.445233672857284546e-01
0.000000000000000000e+00
6.964096426963806152e-02
3.774290978908538818e-01
2.987556457519531250e-01
1.185960415750741959e-02
1.452425241470336914e+00
2.951983511447906494e-01
2.434966862201690674e-01
1.316709369421005249e-01
1.396762728691101074e-01
1.604278206825256348e+00
8.739240765571594238e-01
1.023305535316467285e+00
9.460399299860000610e-02
1.806788593530654907e-01
8.740241527557373047e-01
3.057106733322143555e-01
2.937091290950775146e-01
3.191553950309753418e-01
5.971936583518981934e-01
4.949397593736648560e-02
9.380788803100585938e-01
4.323371499776840210e-02
3.614176064729690552e-02
1.362763624638319016e-02
1.413495063781738281e+00
3.778985738754272461e-01
4.378021985758095980e-04
0.000000000000000000e+00
1.533810496330261230e-01
2.461323738098144531e+00
4.912017285823822021e-02
1.737221837043762207e+00
6.051702499389648438e-01
1.073954939842224121e+00
3.812783658504486084e-01
1.305795013904571533e-01
6.338064670562744141e-01
0.000000000000000000e+00
5.091758728027343750e+00
8.765479177236557007e-02
6.664871573448181152e-01
3.602418601512908936e-01
3.875834465026855469e+00
7.582087814807891846e-02
7.497250437736511230e-01
5.087176710367202759e-02
7.968754768371582031e-01
1.633004099130630493e-01
1.563434302806854248e-01
1.058402538299560547e+00
8.379358798265457153e-02
3.061881363391876221e-01
1.033642768859863281e+00
9.442926645278930664e-01
1.446255087852478027e+00
2.017007827758789062e+00
7.512082904577255249e-02
1.576488614082336426e-01
1.496414691209793091e-01
4.526290670037269592e-02
5.933185219764709473e-01
3.112843334674835205e-01
4.209555685520172119e-01
3.842462062835693359e+00
2.248725295066833496e-02
5.914260745048522949e-01
9.704794883728027344e-01
5.186961293220520020e-01
7.356213927268981934e-01
5.390144586563110352e-01
3.973351418972015381e-01
9.696909785270690918e-01
0.000000000000000000e+00
1.152339935302734375e+00
5.685139298439025879e-01
1.769382059574127197e-01
0.000000000000000000e+00
9.402999281883239746e-02
7.291059494018554688e-01
9.959360361099243164e-01
3.071133494377136230e-01
7.236854434013366699e-01
2.166348248720169067e-01
1.313828229904174805e-01
6.626119017601013184e-01
5.246201753616333008e-01
1.282444149255752563e-01
2.549583911895751953e-01
2.942534983158111572e-01
6.932203471660614014e-02
3.018127940595149994e-02
1.302016079425811768e-01
7.840257883071899414e-01
4.039758816361427307e-02
6.690317988395690918e-01
6.045791506767272949e-01
1.025658622384071350e-01
3.974095284938812256e-01
1.353800594806671143e-01
0.000000000000000000e+00
6.408882141113281250e-01
4.355736732482910156e+00
9.309972636401653290e-03
1.511435389518737793e+00
7.186083197593688965e-01
6.395132541656494141e-01
3.202427029609680176e-01
1.431989431381225586e+00
2.589655518531799316e-01
4.482397735118865967e-01
4.347488880157470703e-01
3.280007541179656982e-01
8.891637623310089111e-02
1.479090452194213867e-01
2.345580980181694031e-02
2.309655100107192993e-01
1.711950451135635376e-01
1.166479349136352539e+00
8.256050199270248413e-02
6.975428462028503418e-01
2.538646757602691650e-01
4.355027377605438232e-01
0.000000000000000000e+00
8.636780083179473877e-02
5.168814659118652344e-01
6.965674459934234619e-02
4.612570405006408691e-01
8.981384336948394775e-02
9.483798146247863770e-01
2.387283369898796082e-02
2.625971734523773193e-01
1.744911819696426392e-01
6.530508995056152344e-01
5.885522067546844482e-02
2.809394598007202148e-01
8.814223110675811768e-03
9.439111687242984772e-03
3.451372981071472168e-01
9.592579677700996399e-03
3.107514619827270508e+00
9.777251482009887695e-01
6.764375567436218262e-01
4.826793968677520752e-01
1.431557178497314453e+00
2.669721841812133789e-01
4.062199592590332031e-01
1.357484310865402222e-01
4.779837653040885925e-02
0.000000000000000000e+00
1.963671296834945679e-01
5.689493566751480103e-02
5.710742473602294922e-01
2.699161171913146973e-01
7.066700458526611328e-01
6.474853157997131348e-01
3.510377883911132812e+00
1.355360150337219238e-01
2.900030650198459625e-02
1.847361773252487183e-01
3.208499550819396973e-01
3.642683150246739388e-03
4.262284934520721436e-01
2.410629242658615112e-01
5.177025198936462402e-01
1.669088602066040039e+00
1.125100135803222656e+00
5.714741349220275879e-01
2.796193599700927734e+00
1.218580901622772217e-01
2.560691908001899719e-02
1.605739444494247437e-01
1.156147345900535583e-01
1.286042213439941406e+00
8.946138620376586914e-02
0.000000000000000000e+00
2.867673039436340332e-01
4.225320816040039062e+00
9.259419441223144531e-01
2.382095158100128174e-01
2.396550625562667847e-01
7.009186744689941406e-01
3.933651000261306763e-02
1.959432065486907959e-01
1.115839242935180664e+00
0.000000000000000000e+00
1.916560530662536621e-01
2.275590181350708008e+00
9.952276945114135742e-02
1.782817959785461426e+00
1.909000635147094727e+00
6.102757994085550308e-03
1.071648001670837402e-01
0.000000000000000000e+00
4.946734309196472168e-01
1.362479627132415771e-01
5.527115464210510254e-01
1.070447802543640137e+00
1.264286506921052933e-02
8.017376661300659180e-01
5.458871126174926758e-01
4.660205543041229248e-01
3.432928085327148438e+00
3.697161376476287842e-01
3.388820588588714600e-01
6.856124997138977051e-01
1.391480490565299988e-02
0.000000000000000000e+00
1.508841037750244141e+00
4.868579804897308350e-01
1.415747553110122681e-01
8.390951156616210938e-01
3.114688694477081299e-01
1.600014805793762207e+00
1.988743692636489868e-01
1.549466550350189209e-01
2.270241826772689819e-01
1.974978297948837280e-01
2.034417986869812012e-01
