3.885325221275603980e-12
2.923851438740854292e-11
1.172519980413566643e-12
2.077750643791117374e-15
6.165547402053189741e-14
6.110032862690142896e-14
2.189941481143929539e-16
1.555771672243338316e-15
1.673257615363715756e-13
3.065492196023533733e-14
1.284622547226277334e-10
6.810392653061646609e-16
3.564615616569177803e-11
4.695824028152226562e-15
5.192311437273269045e-16
2.569476308968404038e-14
3.458174371862021701e-11
3.241599154900354218e-14
7.720918088899297871e-14
2.239764117920105095e-15
1.364020433053248610e-16
7.781176352903636679e-18
3.321150117614225794e-14
7.002616368712022421e-12
5.412957408690299843e-12
4.933393138450981041e-10
1.520260662962649029e-14
4.405622188678043338e-13
6.458761303562710054e-11
7.314097735805361392e-16
2.782218628660099169e-13
8.992026567788968805e-10
1.247995847289407045e-12
7.011065339401767460e-11
5.849651817622925076e-13
5.519354436922356555e-14
2.231280108865463935e-14
3.155560123098422043e-13
2.560067932858424260e-15
7.051210743763691724e-13
7.843963326092939781e-12
1.422469544531837580e-16
2.221715751638247277e-15
7.671438354353576905e-13
3.347284154531454756e-16
1.967953794715371352e-13
7.211622927516883608e-14
2.645406925810768646e-15
3.245905131591016179e-14
2.670343057786794816e-08
1.562128559839948139e-08
9.637766140713210916e-10
8.133303533159989829e-15
4.465868592897631606e-13
1.413849853165727311e-11
1.035228489303791077e-13
7.278798061245012052e-14
4.578793720994836156e-15
8.911317186553399661e-14
2.179798659282528028e-12
1.132439750154735914e-13
1.503125808479515173e-17
2.187552710589818483e-13
2.036187134116042882e-16
1.136022292945806922e-13
1.359437651289379864e-14
1.378842159671439180e-15
3.443346996423457540e-10
7.787027316366601504e-14
1.712406258458365471e-12
1.327167617704990104e-16
3.916975632733965540e-10
4.067974461466691708e-16
8.798349598812131621e-17
2.815555094261311079e-18
2.920838484271603974e-13
2.317529306482268847e-13
3.177267171962979558e-16
2.251086009220568118e-13
1.962684592626828817e-08
3.127246725465049337e-11
9.507733736437197773e-17
1.556055848409010345e-12
1.547476556618132548e-11
2.781195624618052788e-16
3.345946089639006971e-11
2.405098808235276928e-15
3.169884221036474263e-15
1.901472499555656795e-15
1.359386507440024650e-13
1.175259976143872009e-13
2.792688008827721525e-16
1.266173733379229518e-14
3.936232036930858991e-13
5.131885584888640217e-13
5.428020060066051505e-16
1.775542603568713851e-13
1.283047900237956063e-14
9.364737311350415649e-14
8.946731507023159870e-16
1.703987103328363784e-12
7.637567336384043504e-13
2.385173447638777589e-10
1.810858354814402077e-14
4.469355874975322607e-12
1.296274737931849669e-17
3.152983584398146022e-14
1.718598509759926979e-14
3.911651682902625438e-14
1.776101645313901689e-13
1.968591983219150632e-13
1.265804405736759009e-10
7.328398510253464337e-08
2.836737138592337892e-12
1.373750830972741976e-13
4.986849475030474821e-12
8.845168656757343428e-15
1.248987857582761762e-10
2.363503559532631471e-10
1.727408494023308094e-11
8.352278070555829714e-12
2.320521899634719887e-11
4.253375097604521898e-15
2.381560726405496098e-09
1.192642887931378431e-14
1.654804765438555592e-13
7.619964555172220599e-12
1.207030883387993556e-17
1.587950555553482856e-13
9.500525366412659878e-12
5.525792808469819377e-17
2.303705152800674533e-16
3.582218271573091566e-16
4.707332071883507663e-14
1.785430256331238530e-15
5.128837979317957263e-11
1.074366832477802181e-13
5.191600882509641093e-15
1.379072366285843954e-13
1.076395084176340333e-10
1.011708147813372705e-10
4.985031054616229085e-09
4.631853169241584300e-13
3.925387445646855156e-11
5.218795187666991353e-11
4.446809809483323606e-14
7.550123043041298554e-14
2.406028121963027511e-13
1.312770709873583089e-14
1.726522185344135738e-15
1.349546884833741078e-12
6.501157390204070907e-10
7.937444104766377961e-15
2.574949915861926561e-19
8.301224426821365854e-14
9.137849006750025749e-17
2.898459289352411754e-15
4.127622993833207632e-13
3.969464053244983748e-14
2.568537382785507361e-09
5.136758032819876973e-11
8.379029137195459498e-10
1.718393960459252412e-08
1.065130622590615417e-12
3.762096537074377522e-12
2.276601650252896292e-12
2.645293983860597109e-09
5.042591055826051161e-07
3.300874425258003590e-16
5.644285107729060506e-18
1.169229639292993999e-17
1.164265624013782752e-12
1.300222136988576915e-13
1.086401070016576598e-13
1.680835239872488507e-13
1.171933186480894964e-14
1.132320826728941410e-13
1.070868881278986683e-16
5.981817146651080552e-14
2.328337167512017913e-08
4.431112976543971627e-10
8.360931461635966264e-16
4.385743883946607857e-13
2.835358722913755396e-15
5.428614306618109600e-18
3.928071617755475023e-17
2.018667893434467064e-14
6.369818206426215712e-15
1.077335615195292723e-14
2.432221057316243801e-14
2.148987808721098541e-14
1.024040403798005816e-13
2.380080790165614709e-16
7.087332457446604258e-17
1.053226516417593572e-14
1.695641640488289694e-16
1.296268908185238544e-11
2.187113778116551305e-14
1.828822616018553463e-16
1.152913918847642272e-12
4.124740439069747577e-14
7.529942483072964848e-15
5.420957922868318776e-18
4.501289253409002013e-17
1.281808871030624313e-16
1.796619764852375178e-13
1.421573414539523128e-10
4.370334931620700747e-14
1.064807886308472007e-08
8.913964672733337702e-15
3.348777418560322516e-13
8.058965380610110668e-15
2.689793993345735747e-15
2.892814873550145910e-15
7.560690355040700084e-13
4.205644621620152623e-14
1.164321764002274051e-11
1.841204616433410730e-17
4.929408821708887271e-16
2.840411825015543013e-13
1.580783311096116525e-16
5.404097732053221928e-15
1.767829546962004610e-15
1.893934037378031121e-10
2.020713596451173544e-10
3.446075347822430412e-13
2.209518265439548539e-16
5.954991274398357959e-12
2.119504570443201573e-17
3.631487001741322013e-17
2.012613708503308008e-13
1.259734758320791778e-14
3.683138117952823587e-15
9.353767895870293558e-16
2.012780675637870775e-15
2.713982150126525994e-09
1.356151332860622630e-14
9.531715965561265991e-14
2.392118838082102350e-12
5.886879525518473599e-13
2.759628429363416430e-14
1.291665740498263402e-15
4.196579420908752925e-15
3.893545642147389074e-12
1.033903344374294351e-15
5.684904803848755961e-12
2.511220342782394255e-09
1.059694227068766915e-15
2.856302705207119930e-13
1.729609158803921409e-13
3.475992822569995422e-13
2.185484460071052126e-09
7.424029652754876585e-14
3.335187994649071314e-16
5.247833621108664859e-14
1.784396198509230480e-14
5.557701651323632142e-14
1.386438047701332721e-10
3.340424860548765751e-14
9.117442356654237301e-10
1.504596652075664703e-14
1.143154459981587934e-08
4.829457345746103730e-16
1.734926959040539174e-11
2.597772275070298065e-10
1.762052782261730281e-15
6.985473304467926421e-16
5.909594818875971590e-16
1.484315448330164600e-11
9.732813513463334232e-13
9.071107072140902755e-15
1.367302755392318936e-12
4.493353467083238684e-10
9.543816304358188063e-06
6.796110202378358167e-11
1.529763538066220008e-10
1.469475257621921660e-12
1.981904397541089935e-11
2.453807122770879090e-12
4.223831964832831191e-16
2.910557211910358433e-12
4.977856776951228301e-13
5.210492004222369578e-14
7.119881940964578604e-12
3.752684181603611543e-17
1.532529257577269766e-14
3.744680143768532032e-15
1.378827167188272779e-14
5.158448944690349758e-14
5.205360509221313575e-16
9.178278762825200360e-15
1.451094696876611967e-13
8.038697311973930226e-12
3.204076934326671733e-11
1.290403873165091309e-13
4.043069351533645772e-11
6.284258561391111580e-15
5.952713772209780596e-14
8.983320418668789458e-17
6.131569014187262384e-15
1.154776274603364072e-11
2.217969494319130958e-14
2.336039417460966661e-10
1.413652398266074250e-12
2.709724805649571522e-13
3.388693795377704585e-15
4.534619624241287283e-10
3.858345032359267179e-10
1.241405875902627017e-15
2.571991827415159859e-14
3.835900238939593532e-13
1.990135461551263869e-15
6.950341045969601894e-14
6.060203523765772191e-15
4.400795266396029248e-12
1.927832249577505347e-14
3.019817685842585142e-12
1.389543177707536597e-18
4.280067646871346665e-15
1.618985232877158398e-14
1.076010049290421211e-12
1.566756381750356031e-12
2.732556206048314396e-13
2.199983088497364792e-14
2.228554933882394913e-17
2.730818551838340089e-15
2.564454182861497511e-13
1.109855696929118452e-11
1.594243313751686486e-11
1.596370258205581649e-11
4.593678326614281104e-09
4.237500107751035472e-13
4.753529384352028764e-13
1.438909077609504261e-14
5.289010094960359259e-15
8.814162603787154713e-19
7.872894656211399233e-19
2.612585983056275873e-13
2.920331374116412297e-17
1.673693883587491574e-18
7.458900858070549589e-11
7.408237218120561351e-12
2.234465799780087358e-14
3.999762845284743698e-15
7.427062298503983584e-10
2.272385925261577455e-11
4.982682560820961282e-13
9.764856278578855006e-16
5.376157079738617950e-14
7.156266275095204965e-14
4.498165891413802298e-13
1.033622146207058279e-10
1.150532114024827024e-09
7.150131597910558412e-09
3.406683928144438669e-15
2.371451873626033040e-17
8.225343721395418205e-16
2.539641521577149993e-15
1.540777596654996362e-13
8.077124919966295613e-15
3.879676866770133403e-15
4.734446341914111400e-13
7.139867690766582109e-17
1.305492071054532160e-14
1.130865641066217467e-14
2.033305639202558079e-14
1.268250505699966557e-13
3.598545784543483866e-15
2.447535230043484944e-11
2.909426692621064348e-11
1.482930888655747547e-16
9.702949435672764134e-14
4.206372392328433518e-15
9.605003797256549819e-15
1.111008368637200761e-10
2.375030197398933333e-15
1.189748322240726311e-14
1.618206610376482502e-11
3.352828811028357725e-13
8.884667497153705962e-15
8.937789750775910645e-17
1.255454399294586576e-12
8.347992503971064793e-16
1.319911263619744091e-10
1.033088762106282310e-12
8.376003036503817251e-15
4.995484061132149378e-12
6.679356286815041344e-12
2.323717390381729864e-13
1.804665097915325589e-11
5.320094001838929221e-14
1.408263086764664773e-14
1.510294168373393919e-12
1.271056176976870233e-11
2.310865691509955688e-12
6.659027865387303138e-16
7.714750333790570958e-14
8.471108345807783322e-17
3.925247349378935269e-10
1.842147412389749661e-08
1.711889849998995310e-16
1.657222502401880376e-15
2.144236112705679527e-16
7.427815415690652845e-13
1.128426609694598709e-14
6.552889343140418967e-16
7.284225001338070354e-15
2.574803044386175799e-11
7.620964304067001649e-09
5.469813491032482489e-11
1.626721218665749813e-13
1.423611662582091597e-13
1.973561965977824184e-13
1.490013299375314570e-12
2.574122618170804344e-06
3.733749420753440518e-10
7.848201560476612132e-15
2.928177652065065695e-14
4.659408302980574956e-14
5.657939953818179671e-15
1.249571293366493174e-18
3.187960451178639687e-10
6.749459220418540378e-16
3.201455468321246986e-15
1.578861472748135323e-15
4.844204464643508956e-14
9.912658869193520517e-15
1.816011322100670976e-15
3.501693726648547056e-12
8.483591975617932324e-13
2.121510648864765176e-17
6.108243632644010275e-16
1.458614392537424200e-17
8.064513466743417069e-12
1.332097138758564503e-13
4.195801692197242971e-12
1.651168091143517813e-11
3.470566932797791715e-13
1.378649906973855065e-19
2.822943803357496478e-14
4.149782947826530233e-12
5.086406047610226818e-17
2.882157268402352202e-08
6.477643310631719942e-09
2.547995542838123141e-16
3.934894266975283439e-14
1.217071284248874563e-13
3.153481642481636982e-11
8.184307181621774951e-13
1.135475220792603324e-11
2.693109190515796669e-12
1.161371638540699500e-15
3.420022728559124481e-12
1.161433180778273446e-16
4.921479534531402952e-16
2.490708750357839563e-09
1.807046193038033453e-17
5.994415519516849145e-10
2.465895190947517412e-14
7.261756196363933213e-10
2.566202458864630387e-12
6.998432379165325182e-17
3.336682330174617350e-13
5.579447845815847015e-16
8.951342271579232346e-12
1.867744457359488131e-12
1.136960297231596334e-14
2.309527048771631286e-11
4.235999995216843672e-08
1.570905948725109802e-13
6.815514552727108821e-08
7.255809234690824283e-12
1.031798535500172420e-09
2.835669438421609915e-17
9.102212907008411236e-12
1.190274837920739584e-14
5.421688271944891113e-12
6.065860602048854996e-18
8.795269224037838285e-08
1.195076047670606822e-12
2.897945598767659448e-11
8.824636442590627627e-13
2.367662073271317745e-19
4.778527769256764811e-17
8.280378098956490268e-15
1.463424515032660245e-13
1.371824115956644049e-20
6.277523639797166766e-12
4.096711025969312914e-10
3.136571558037815066e-11
6.385906885751635453e-13
1.071259075370589731e-12
4.861733585159733195e-11
8.656655214243023087e-18
1.576403870179148015e-14
3.108550946490616640e-14
1.263116309722599998e-16
3.198705948552482692e-13
1.414779293718027020e-09
4.584996878692626510e-12
4.495847257305306266e-14
1.693691980284364740e-13
2.709295596849841027e-17
1.734830161470579668e-12
1.527755244361272968e-13
3.904919096409109613e-11
6.243656258675400750e-09
9.528153683798293305e-14
1.597741646560020545e-14
1.665361370941503827e-13
3.552433819114728109e-14
1.068628692479922648e-12
7.796015222272245637e-11
1.841056096154426834e-18
1.284880947298450149e-12
1.878095318152972482e-10
9.922865480682663275e-13
2.611259541929200623e-10
7.567850859868663349e-12
3.510679973724867287e-13
3.627731795519117952e-11
1.297406084475871690e-12
2.068630233472215640e-13
5.648989356664543479e-15
7.539620919756308899e-17
1.737084143194067565e-09
1.588386622937805947e-17
5.170739096293478117e-19
3.888784165019011640e-14
4.218450866400047516e-10
1.604152683083726050e-12
1.169340405754448753e-11
5.592900274853374043e-14
6.484106694403123550e-17
3.438541049048909719e-15
1.116401997626478653e-17
1.548258595880311079e-15
6.481625566129300964e-12
2.616082994677526585e-08
1.612304988954024743e-13
1.663604150270447946e-11
1.025761409844235539e-19
3.322934816034090605e-15
6.491492456420222545e-14
1.051102955784699589e-07
3.507656078808663643e-16
2.688252618374859535e-17
7.137505342346469467e-15
1.053248991245708883e-17
4.867909186856422821e-09
4.597993426974644748e-12
6.663546381346918679e-10
1.363779965693479035e-14
6.167276893642811423e-21
1.209442664121512367e-15
3.454148782111587934e-06
7.377636279670696240e-07
6.407224028409912869e-16
4.048652051753045015e-17
3.001490613507358884e-18
6.502982294237093599e-17
1.323955008125654587e-11
1.233355865354335279e-11
2.802214016384141360e-11
2.716137406219614131e-16
5.119774182648370933e-16
2.209002162639958328e-18
2.102843506962548403e-12
4.830304992792244789e-12
4.816855181388746132e-08
1.001218308260831691e-08
4.395492985412367782e-16
1.815290708820794380e-15
2.361109634427282535e-15
7.988290917637641542e-08
2.500580853492806455e-09
7.830314174839259067e-09
5.456524306927934814e-16
3.424382956015992185e-12
1.160346731893246996e-11
2.365704237594721399e-14
4.803069834219408918e-14
7.825722014853653263e-11
1.342898872420074581e-16
4.478218074144280081e-10
3.906118137275704782e-11
4.676772207348744992e-13
2.343897501422601524e-15
9.721154037181743007e-15
4.182848540377727886e-16
2.606896096407819051e-17
8.834649678490791302e-11
7.871877534250688716e-18
1.039790475942936609e-08
3.239213015773207816e-18
8.913918594141007068e-14
6.343699204343800514e-16
4.328145410898073936e-21
7.629799569919271107e-11
3.108094615011935957e-10
3.063227155807192849e-16
1.484060053666413914e-12
9.345125909877033551e-18
7.055095951891132700e-10
9.940363961645493074e-14
3.863796489787102439e-13
3.639680570821646199e-11
1.509257430143406964e-08
1.460275927955834163e-10
5.303543730406090617e-05
2.350023658743288779e-13
2.921813350901862302e-17
4.849848821153468492e-12
1.420285957121287038e-14
5.379503808557173361e-13
7.220862905006619759e-13
1.924774587692859411e-15
2.844621663466691611e-15
2.019427512581564721e-13
2.559235934285197800e-09
3.345664733415422941e-15
4.973156886300955648e-10
4.186908881820272654e-06
2.191097035254309378e-14
1.051303306935029002e-15
7.037649814040786156e-14
1.252322689992979576e-10
1.922833767209475297e-11
7.095590763984537669e-15
2.311090696593964822e-08
9.340485850051205574e-12
3.442950458065752173e-08
1.024557983545123352e-17
1.261420967679782734e-09
3.241504668375088001e-15
3.028998889931244776e-06
9.960071961932553605e-16
3.268019535540567233e-11
1.778054022376004961e-13
2.811985060492509791e-15
4.055903712572725894e-16
1.265883812033921725e-18
4.399229393326494310e-18
1.830156560561580978e-15
8.328764761200702083e-12
5.080961438939284383e-15
9.597124696781190317e-16
1.091719271407998182e-12
6.245613953722055009e-15
7.343939909323915494e-13
2.723548053751301268e-10
2.966718921714557242e-15
3.116245352430269122e-06
1.373549686058757498e-16
8.511299304236885632e-11
2.482544470558747940e-14
7.579344595519399430e-13
2.290619256772874479e-11
3.253583860662878635e-11
6.658267182046984090e-08
1.837694085793373233e-08
3.414690839115275267e-12
4.720136428072156545e-17
2.966272985337607454e-18
5.971149681475995674e-13
4.472604482650235132e-16
9.737586171426615422e-13
3.301534935197525389e-13
6.362473048415751009e-11
1.085805499975538418e-15
1.599127297594038488e-12
3.985503429429521776e-17
3.519363619974846813e-12
7.990834556548254142e-12
6.277829367462572918e-10
9.896403358258809568e-13
8.194737477571628625e-14
2.329072929303103773e-17
7.777737763097253743e-17
4.720624565379694104e-05
7.918506162241101265e-05
3.264431891493571386e-18
9.674721093699822916e-12
3.348621713853759128e-18
1.687983655846228559e-13
1.061920462588211711e-14
6.608313614202276920e-13
1.363649736197636034e-18
4.461906985922005353e-14
4.865504158423072933e-13
1.416242696450353833e-07
1.017116349911334483e-13
9.093731322162065117e-15
2.614043877191551957e-11
3.093556769258321015e-14
3.170960376395960852e-15
7.965086908160760530e-20
2.522473963040283707e-08
1.293872127494655189e-12
1.236094449927750520e-15
7.032342813813059063e-16
1.741696145319486088e-16
2.048609560656893205e-20
2.566157286665315951e-09
6.062535617227800093e-16
3.826028301285218380e-17
9.021886970134174177e-13
3.998302611305654120e-13
1.897398660714519347e-13
9.946770490598666470e-11
1.282786082353959758e-14
1.144566752486753103e-07
1.866741692322683444e-14
2.645999901813405860e-17
1.158418985736098250e-10
2.526577308915173292e-15
1.824080775314484981e-09
2.372587903920475583e-09
5.109200389152857014e-12
3.003926885014607251e-09
1.652446189837064594e-05
5.255705246010045073e-11
9.995012283325195312e-01
7.183515501191228836e-12
3.558287473230789446e-17
2.902458004841457218e-12
2.968954653184716085e-19
4.130570451649218100e-12
1.592345369059652849e-13
1.171832075819168040e-11
2.848680492884003712e-13
2.735802493699984392e-15
2.506689300574294066e-12
5.272418205140027661e-20
2.747682723708289032e-12
1.284828708923708404e-17
6.719534439980634488e-07
2.761346706847689347e-09
3.201162183163260185e-15
1.711557760144112421e-15
2.287106864572868714e-13
5.146404898510046136e-16
3.287475695793226769e-18
1.133671378146993233e-17
1.364941493164906205e-09
8.270942660143845715e-14
2.375377450292148751e-09
1.970642996738566075e-17
6.542718034019401330e-10
1.217530325284309559e-14
8.044775037644759375e-15
2.795767361108564275e-13
1.924289184874523493e-16
1.459446712787082490e-13
5.149195872071249055e-15
5.755952897472382812e-13
2.527215903994767254e-13
1.594446146294115074e-12
3.491288204718334676e-13
1.269701215278473683e-06
1.217127527236572249e-12
5.554056659029527054e-10
1.252869469263895233e-18
5.322839387119109597e-20
1.513262709584850541e-10
1.060103153399877610e-14
1.048368005740485387e-07
5.154266943807606083e-11
2.296623130181016029e-17
4.849927019235159009e-14
1.843405419629795539e-12
3.113788808563922775e-19
2.532777459984814072e-11
1.336762949222247698e-07
2.846550217761034673e-10
2.072233706447413303e-15
3.639102092634934190e-16
1.630239501070666802e-18
7.655235596630820955e-15
1.546460550762296382e-12
6.612108321805976185e-13
9.471128742388756905e-11
1.544081296199831255e-13
4.129875552649764359e-09
1.304907525676698087e-17
6.716253941885241829e-11
5.510168007763667412e-19
8.245270914649657212e-21
2.321035377783609022e-11
3.900020480580813562e-15
9.243095655184219162e-13
2.465004329127440386e-12
2.160316413604701502e-12
1.202551946910546121e-10
4.523095554153247440e-18
2.070577433468945294e-12
9.496399500097396640e-11
3.534461265330968160e-11
4.624657616943120731e-17
3.078500250401107474e-14
1.177292719692010770e-13
1.277270796724502833e-14
9.285285500482132193e-07
1.196710369688602782e-10
4.775255746380935307e-10
7.330637324649922487e-15
4.129500340716843118e-15
3.660531232107079938e-15
5.196614047007965670e-15
2.595069341707056942e-13
6.193001079782216859e-20
4.777001548234710571e-15
6.350303616287078512e-10
3.545495841361656630e-10
1.104942409473736419e-15
9.745175891565874965e-15
3.997177119221752949e-19
4.384219156878914336e-14
2.629329683259129524e-04
3.074077450926360200e-13
5.619691439931082892e-16
6.508214106526466480e-11
1.287479386035577430e-15
1.239095770433351618e-10
5.302799518935863432e-11
1.478179037506244242e-11
9.765918976278875618e-12
2.684590614046578061e-12
1.456215386497206055e-06
2.111760371876093140e-14
4.293209676653475526e-10
3.435386307024113073e-12
3.133000348043424310e-08
5.039863823854979358e-15
3.685205894783660785e-14
5.833573641506051288e-13
3.287112804173375480e-10
3.142272362310905010e-07
3.668529369171835697e-10
1.903809021541746915e-08
1.937607772118472502e-15
8.481116199957061674e-13
3.353378622761398452e-17
2.476354014967034611e-14
1.234042580028246901e-19
1.543779687418478375e-11
5.311796513751687598e-08
4.005162868025990974e-10
8.321494864926337121e-19
4.372400705388024278e-11
4.268109130012298635e-11
5.316150499663154937e-17
4.721634108001415697e-12
2.492151687653095665e-14
6.281608046221354158e-12
7.580303572340962859e-12
3.460661314466455772e-15
2.369407448021831897e-10
3.377709048601237191e-16
2.743811037750343296e-13
3.399976304530621800e-20
5.656619958849002251e-16
1.227186174901362392e-08
3.205147261421854854e-14
6.638254603785753716e-07
1.214611310834667890e-12
2.804912985904239875e-12
2.009453368145841523e-07
8.591660165973603880e-15
4.440728600813015348e-12
8.145805400648284400e-14
8.823222642957706530e-13
8.114362515243556118e-09
3.579877713710821752e-11
4.825079477134043560e-14
2.072405568108922220e-17
9.356140862060158270e-12
1.839660287170433173e-13
4.841276102338261389e-14
7.366465971285832137e-14
7.519511828192899775e-18
1.216766344248405787e-18
8.869843336374583220e-13
2.130733348735261911e-16
5.249006925853245595e-17
1.400761017594787106e-12
2.825666783889957401e-12
1.065918593624523569e-13
5.203100625318039102e-15
1.349491981666877492e-17
1.068802757816757856e-18
1.595323179115482048e-11
1.064950278264716662e-15
3.047196609623492591e-12
8.037804009428415686e-17
3.498584038306214866e-15
5.253192325582745070e-10
6.918927643274550010e-14
3.307030871368965563e-09
9.538992928881384614e-10
5.933225238159353654e-15
3.336319180680349830e-17
3.465961684323559666e-10
2.842376390881757274e-15
1.125704651022685354e-11
1.439074689491351422e-13
6.853995262208337821e-16
4.164797673400499889e-10
4.131485785945207198e-15
1.243343752607706243e-12
1.027807193195763580e-13
4.812335633508542116e-16
3.101386335246925086e-13
1.354434820593011790e-14
8.903969048681026517e-16
2.927199455049489529e-11
3.933988637072616257e-07
1.371517645547964959e-13
3.742466846677356546e-15
1.640045792315053541e-13
2.984775482328672069e-10
4.222913992876244343e-16
1.037232744138805174e-09
4.135078057743157842e-09
1.192815290984583498e-11
8.003063272851718146e-13
7.570603757604821293e-13
1.099498147556906766e-14
1.917287590913474560e-07
5.930663403951041968e-13
6.164464555133419843e-14
5.692578519163197029e-15
8.997291708326068949e-14
1.204048271269452311e-14
1.960016784291473968e-12
4.322806218884367446e-14
3.804119020657525940e-13
2.382168897904768379e-13
8.076446446575544919e-15
1.453505096417031161e-16
5.598311121320434514e-14
7.895377407418635585e-11
8.585125665927506589e-11
6.848132477754731440e-11
3.729916115552400768e-12
1.670050209234830163e-09
1.806593374518387224e-15
2.792484909974746188e-09
1.074596900178803605e-12
3.787490088895270829e-16
1.914956904158771067e-08
3.613123800150219722e-09
5.340441866508172097e-09
8.864308213233501599e-14
9.013678746536829545e-14
7.263231682763660046e-12
6.312559416160601344e-12
5.998246197696024962e-14
3.458902384377033213e-17
3.031504871960012844e-15
2.979623658916352724e-09
5.793969633498957661e-15
2.452004528238904690e-13
8.434197588111976701e-15
2.004010293214092409e-13
5.217008465854822141e-13
7.081421560251044411e-11
1.077817522732171795e-12
4.699806595453992486e-06
7.487080400103707234e-11
1.067773333198796838e-15
1.074739533479807108e-10
6.854678076642943194e-15
2.850972631801909629e-14
2.415422975192004374e-16
1.086977595051191357e-16
6.731642729405993425e-15
1.640384255034073335e-16
1.032018844297419302e-13
5.024506693004785265e-15
1.809308397549003189e-10
3.548363656396581745e-14
4.544682772472663501e-13
2.327544386881378463e-14
3.460829384332036747e-17
9.397041750354331695e-16
1.002768527935682386e-11
1.699794296428080997e-07
6.578998413761527608e-13
1.656913674189311458e-14
6.949621576184204091e-15
7.015660838730064519e-13
1.816200049511648706e-13
1.114738184572472424e-13
5.441618293119954153e-13
5.737570791738977327e-13
4.512249677634389000e-13
2.790620924446318707e-13
5.584356761734188268e-12
1.367773471929898885e-14
