2.628651857376098633e+00
2.464232742786407471e-01
1.118601709604263306e-01
6.025128439068794250e-02
0.000000000000000000e+00
3.201659023761749268e-02
0.000000000000000000e+00
8.441939949989318848e-03
6.393981575965881348e-01
0.000000000000000000e+00
2.194936871528625488e-01
4.070312529802322388e-02
7.169308662414550781e-01
1.769266277551651001e-01
1.139747500419616699e-01
9.122737050056457520e-01
0.000000000000000000e+00
1.106421232223510742e+00
4.012137353420257568e-01
8.860912919044494629e-02
1.116374373435974121e+00
9.794883430004119873e-02
8.728602528572082520e-01
6.622179150581359863e-01
7.337035611271858215e-03
5.242125988006591797e-01
2.149129807949066162e-01
0.000000000000000000e+00
2.979294657707214355e-01
0.000000000000000000e+00
6.088501960039138794e-02
1.678929477930068970e-01
8.244896680116653442e-02
0.000000000000000000e+00
1.887694001197814941e-01
1.980189420282840729e-02
0.000000000000000000e+00
4.511742666363716125e-02
0.000000000000000000e+00
6.818324327468872070e-01
0.000000000000000000e+00
4.098327830433845520e-02
0.000000000000000000e+00
7.940085604786872864e-03
0.000000000000000000e+00
7.630024570971727371e-03
1.982553116977214813e-02
0.000000000000000000e+00
0.000000000000000000e+00
2.426275163888931274e-01
5.293831825256347656e-01
1.896908432245254517e-01
1.395715773105621338e-01
6.988768577575683594e-01
1.036970615386962891e+00
2.609838485717773438e+00
1.918090283870697021e-01
0.000000000000000000e+00
6.835293173789978027e-01
2.212389856576919556e-01
0.000000000000000000e+00
4.223826229572296143e-01
0.000000000000000000e+00
7.973744720220565796e-02
2.898783683776855469e-01
2.045908709987998009e-03
3.389472067356109619e-01
8.288184180855751038e-03
4.601592123508453369e-01
2.578670680522918701e-01
2.398622989654541016e+00
0.000000000000000000e+00
0.000000000000000000e+00
4.107231497764587402e-01
2.713605165481567383e-01
0.000000000000000000e+00
1.131092384457588196e-01
1.210995465517044067e-01
2.634630203247070312e-01
5.912920236587524414e-01
0.000000000000000000e+00
1.005221381783485413e-01
5.307602882385253906e-01
3.755781427025794983e-02
0.000000000000000000e+00
1.002739071846008301e+00
1.316849738359451294e-01
0.000000000000000000e+00
3.979329466819763184e-01
3.586804568767547607e-01
9.047406725585460663e-03
0.000000000000000000e+00
0.000000000000000000e+00
7.316706329584121704e-02
1.548923552036285400e-01
2.389163523912429810e-01
6.592157483100891113e-01
4.475094676017761230e-01
3.468451201915740967e-01
5.285901576280593872e-02
0.000000000000000000e+00
8.650392293930053711e-02
2.325604483485221863e-02
0.000000000000000000e+00
9.660278558731079102e-01
0.000000000000000000e+00
7.258247584104537964e-02
6.453180313110351562e-02
8.356828242540359497e-03
2.817050367593765259e-02
3.332612290978431702e-02
4.046058952808380127e-01
0.000000000000000000e+00
7.447274923324584961e-01
1.912329159677028656e-02
1.028598785400390625e+00
0.000000000000000000e+00
4.356262087821960449e-02
1.152844548225402832e+00
2.100745737552642822e-01
1.618069224059581757e-02
7.438407838344573975e-02
5.132242441177368164e-01
1.216287612915039062e-01
1.835692524909973145e-01
5.065841078758239746e-01
2.318871021270751953e-02
8.913731575012207031e-01
8.890070915222167969e-01
5.980933457612991333e-02
2.132188975811004639e-01
1.262357234954833984e+00
5.215315818786621094e-01
2.836173586547374725e-02
1.412465125322341919e-01
6.853853119537234306e-04
8.429542779922485352e-01
1.621277630329132080e-02
0.000000000000000000e+00
3.273789584636688232e-02
5.790663361549377441e-01
4.676644802093505859e-01
3.151376247406005859e-01
2.043530195951461792e-01
2.957265675067901611e-01
2.015661299228668213e-01
9.629686176776885986e-02
7.181207537651062012e-01
0.000000000000000000e+00
1.905145496129989624e-02
1.732490420341491699e+00
2.107777819037437439e-02
6.363648176193237305e-02
0.000000000000000000e+00
1.378619223833084106e-01
2.107280120253562927e-02
5.179178118705749512e-01
1.785611957311630249e-01
0.000000000000000000e+00
1.409097015857696533e-02
1.005114987492561340e-02
1.645738184452056885e-01
2.483411133289337158e-01
0.000000000000000000e+00
3.454414010047912598e-01
2.619901895523071289e-01
9.002512693405151367e-02
1.952558173798024654e-03
1.343059986829757690e-01
6.526496261358261108e-02
6.993947923183441162e-02
1.408692449331283569e-01
2.667014896869659424e-01
4.571520686149597168e-01
3.586112856864929199e-01
1.424200057983398438e+00
0.000000000000000000e+00
3.156608939170837402e-01
4.544876888394355774e-02
0.000000000000000000e+00
3.240209817886352539e-02
0.000000000000000000e+00
1.190436720848083496e+00
2.810781300067901611e-01
0.000000000000000000e+00
1.956642568111419678e-01
0.000000000000000000e+00
4.540846943855285645e-01
0.000000000000000000e+00
0.000000000000000000e+00
3.385827839374542236e-01
2.444109693169593811e-02
2.068206965923309326e-01
6.940259337425231934e-01
0.000000000000000000e+00
7.987571880221366882e-03
2.408293075859546661e-03
0.000000000000000000e+00
3.569948300719261169e-02
1.475199222564697266e+00
2.585330307483673096e-01
4.014107882976531982e-01
1.836213022470474243e-01
7.666215300559997559e-02
5.261177569627761841e-02
1.029256265610456467e-02
5.489069595932960510e-02
0.000000000000000000e+00
1.154957562685012817e-01
3.326303660869598389e-01
1.289714336395263672e+00
2.612688541412353516e-01
0.000000000000000000e+00
3.602782785892486572e-01
7.652074098587036133e-03
2.600400686264038086e+00
0.000000000000000000e+00
4.346432909369468689e-02
3.441932201385498047e-01
0.000000000000000000e+00
1.466225028038024902e+00
0.000000000000000000e+00
4.218856617808341980e-02
5.776965525001287460e-03
0.000000000000000000e+00
0.000000000000000000e+00
0.000000000000000000e+00
6.569567918777465820e-01
1.499518007040023804e-01
3.552037477493286133e-02
9.251968935132026672e-03
1.017871946096420288e-01
0.000000000000000000e+00
0.000000000000000000e+00
1.304425477981567383e+00
0.000000000000000000e+00
3.111985325813293457e-01
3.598259389400482178e-02
1.338194757699966431e-01
5.814726650714874268e-02
6.947131156921386719e-01
0.000000000000000000e+00
0.000000000000000000e+00
0.000000000000000000e+00
0.000000000000000000e+00
4.000937044620513916e-01
0.000000000000000000e+00
1.370955467224121094e+00
2.890452444553375244e-01
0.000000000000000000e+00
1.157351210713386536e-01
7.668232172727584839e-02
1.644920371472835541e-02
4.223650991916656494e-01
7.849971055984497070e-01
0.000000000000000000e+00
0.000000000000000000e+00
4.261867403984069824e-01
2.890187203884124756e-01
3.098559081554412842e-01
2.241172790527343750e-01
0.000000000000000000e+00
0.000000000000000000e+00
1.313602030277252197e-01
1.283911056816577911e-03
7.909605046734213829e-04
9.828507155179977417e-02
1.094959139823913574e+00
0.000000000000000000e+00
1.952528953552246094e-02
2.472183480858802795e-02
1.990287780761718750e+00
0.000000000000000000e+00
3.619272708892822266e-01
9.987252205610275269e-02
2.690529346466064453e+00
1.051379442214965820e-01
2.070392519235610962e-01
7.556608878076076508e-03
7.085295021533966064e-02
2.569954376667737961e-04
2.705825567245483398e-01
6.652862429618835449e-01
1.327340722084045410e+00
1.553026437759399414e-01
2.241975665092468262e-01
3.343553096055984497e-02
0.000000000000000000e+00
2.811733484268188477e-01
5.317986756563186646e-02
4.625747725367546082e-02
2.839430272579193115e-01
6.451723575592041016e-01
3.432567119598388672e-01
0.000000000000000000e+00
2.587646059691905975e-02
2.900929749011993408e-01
0.000000000000000000e+00
2.966641783714294434e-01
6.143674254417419434e-01
2.629077732563018799e-01
8.466847985982894897e-02
2.644413113594055176e-01
1.371803693473339081e-02
1.195179224014282227e+00
2.098372578620910645e-01
8.829714357852935791e-02
1.363493800163269043e-01
0.000000000000000000e+00
1.935759931802749634e-01
3.268543863669037819e-03
8.785975575447082520e-01
1.419052720069885254e+00
8.143419981934130192e-04
1.596832834184169769e-02
0.000000000000000000e+00
1.026502847671508789e+00
7.684464454650878906e-01
5.167641118168830872e-02
0.000000000000000000e+00
1.143139481544494629e+00
0.000000000000000000e+00
3.798461332917213440e-02
4.058893769979476929e-03
0.000000000000000000e+00
6.566540151834487915e-02
3.648939430713653564e-01
7.249568104743957520e-01
5.539603233337402344e-01
7.065548747777938843e-02
1.276026964187622070e-01
5.040860176086425781e-02
7.810363173484802246e-02
0.000000000000000000e+00
0.000000000000000000e+00
0.000000000000000000e+00
3.060097992420196533e-01
0.000000000000000000e+00
1.459462165832519531e+00
7.401020731776952744e-03
1.896263003349304199e+00
1.016696449369192123e-03
2.595716714859008789e-01
2.497190386056900024e-01
0.000000000000000000e+00
7.587608695030212402e-02
4.700972232967615128e-03
4.445431753993034363e-02
3.327441215515136719e-02
1.540216207504272461e+00
2.250757962465286255e-01
0.000000000000000000e+00
3.158385157585144043e-01
2.700212240219116211e+00
9.298925101757049561e-02
0.000000000000000000e+00
0.000000000000000000e+00
1.262181282043457031e+00
0.000000000000000000e+00
2.313489466905593872e-01
3.752431273460388184e-02
1.265377551317214966e-01
4.281047359108924866e-02
1.860389828681945801e+00
1.239318922162055969e-01
2.773424625396728516e+00
2.957460403442382812e+00
7.305522561073303223e-01
2.159215807914733887e-01
6.691966671496629715e-03
1.207459688186645508e+00
2.745986878871917725e-01
3.387733399868011475e-01
0.000000000000000000e+00
0.000000000000000000e+00
5.889633297920227051e-01
9.212140440940856934e-01
0.000000000000000000e+00
0.000000000000000000e+00
3.669372200965881348e-01
7.948747873306274414e-01
0.000000000000000000e+00
5.036705732345581055e-01
0.000000000000000000e+00
1.002363085746765137e+00
8.102552592754364014e-02
0.000000000000000000e+00
5.674035847187042236e-02
6.018987298011779785e-02
7.014223337173461914e-01
2.288457378745079041e-02
3.919801488518714905e-02
1.693282858468592167e-03
3.033621609210968018e-02
3.510591015219688416e-02
9.431930780410766602e-01
3.647785633802413940e-02
0.000000000000000000e+00
7.469400018453598022e-02
7.128185629844665527e-01
6.904906630516052246e-01
0.000000000000000000e+00
5.960917845368385315e-02
7.543177902698516846e-02
1.326279249042272568e-02
9.433785080909729004e-01
4.018602669239044189e-01
0.000000000000000000e+00
6.995233148336410522e-02
1.271269470453262329e-01
0.000000000000000000e+00
0.000000000000000000e+00
1.892491579055786133e-01
1.551665067672729492e-01
2.033618688583374023e-01
2.722059376537799835e-02
5.516788959503173828e-01
4.674624651670455933e-03
8.807532489299774170e-02
7.118926942348480225e-02
1.451008439064025879e+00
2.980491146445274353e-02
5.640094876289367676e-01
1.051351800560951233e-01
0.000000000000000000e+00
1.813767477869987488e-02
1.713628023862838745e-01
0.000000000000000000e+00
2.988013327121734619e-01
7.164261303842067719e-03
1.283709257841110229e-01
9.580331295728683472e-02
2.629926502704620361e-01
5.645761489868164062e-01
3.848629295825958252e-01
0.000000000000000000e+00
2.268037348985671997e-01
0.000000000000000000e+00
1.812724828720092773e+00
2.714652195572853088e-02
2.250611037015914917e-02
4.570424556732177734e-01
0.000000000000000000e+00
1.570375859737396240e-01
2.997528910636901855e-01
0.000000000000000000e+00
4.167401231825351715e-03
1.318477869033813477e+00
0.000000000000000000e+00
2.648699879646301270e-01
2.012454122304916382e-01
6.807936728000640869e-02
4.877408742904663086e-01
0.000000000000000000e+00
9.811208844184875488e-01
1.850565671920776367e-01
1.970426645129919052e-03
5.322508811950683594e-01
3.408454060554504395e-01
0.000000000000000000e+00
1.576818991452455521e-03
1.009403586387634277e+00
3.486900590360164642e-03
1.640662789344787598e+00
2.343481779098510742e+00
5.967999100685119629e-01
1.389146149158477783e-01
1.755887866020202637e+00
2.101864576339721680e+00
4.523301497101783752e-02
1.039588302373886108e-01
6.943699717521667480e-02
3.660134971141815186e-01
1.781808435916900635e-01
0.000000000000000000e+00
0.000000000000000000e+00
4.632497206330299377e-02
1.822030842304229736e-01
4.829758033156394958e-02
6.935307383537292480e-02
9.069148302078247070e-01
1.060618996620178223e+00
0.000000000000000000e+00
3.769794246181845665e-03
1.802239865064620972e-01
1.078704893589019775e-01
7.173297554254531860e-02
0.000000000000000000e+00
2.682757616043090820e+00
0.000000000000000000e+00
0.000000000000000000e+00
8.565735220909118652e-01
0.000000000000000000e+00
4.963686689734458923e-02
8.945085853338241577e-02
0.000000000000000000e+00
0.000000000000000000e+00
3.976234793663024902e-01
1.086733937263488770e-01
4.276688098907470703e+00
2.137778997421264648e+00
3.787294030189514160e-01
3.481375575065612793e-01
0.000000000000000000e+00
0.000000000000000000e+00
6.889287848025560379e-03
4.070140421390533447e-03
1.114515885710716248e-01
7.784274220466613770e-01
1.653876304626464844e+01
0.000000000000000000e+00
0.000000000000000000e+00
3.263404369354248047e-01
1.484878063201904297e-01
0.000000000000000000e+00
1.264826297760009766e+00
0.000000000000000000e+00
3.262214362621307373e-02
9.676975607872009277e-01
1.396264298819005489e-03
4.733523428440093994e-01
6.739294528961181641e-02
0.000000000000000000e+00
0.000000000000000000e+00
5.539625287055969238e-01
4.926471412181854248e-01
1.599840074777603149e-01
0.000000000000000000e+00
6.114976014941930771e-03
2.497057244181632996e-02
2.225232422351837158e-01
1.747638285160064697e-01
9.379398822784423828e-02
0.000000000000000000e+00
2.889995574951171875e-01
3.156695365905761719e-01
1.008562088012695312e+00
0.000000000000000000e+00
0.000000000000000000e+00
0.000000000000000000e+00
8.175539225339889526e-02
1.041650295257568359e+00
6.996458172798156738e-01
7.891306281089782715e-01
6.631933450698852539e-01
2.967531085014343262e-01
4.117547348141670227e-02
9.384077787399291992e-02
0.000000000000000000e+00
3.038389980792999268e-02
4.741151630878448486e-02
0.000000000000000000e+00
1.572552323341369629e-02
0.000000000000000000e+00
5.932734813541173935e-03
1.527630805969238281e+00
6.149358674883842468e-02
2.787862420082092285e-01
1.510631758719682693e-02
0.000000000000000000e+00
0.000000000000000000e+00
8.411188721656799316e-01
2.434952408075332642e-01
5.228925868868827820e-02
0.000000000000000000e+00
0.000000000000000000e+00
0.000000000000000000e+00
3.141463920474052429e-02
3.850541710853576660e-01
6.839593499898910522e-02
6.895830631256103516e-01
0.000000000000000000e+00
4.493177309632301331e-02
5.577175319194793701e-02
4.739455878734588623e-01
6.464673671871423721e-03
7.359520792961120605e-01
2.977479100227355957e-01
0.000000000000000000e+00
9.496638774871826172e-01
4.917084872722625732e-01
2.062436491250991821e-01
8.253260254859924316e-01
4.448728859424591064e-01
0.000000000000000000e+00
9.931815788149833679e-03
1.163710594177246094e+00
0.000000000000000000e+00
0.000000000000000000e+00
3.154902078676968813e-04
2.991606593132019043e-01
2.108996212482452393e-01
1.836721658706665039e+00
4.318065941333770752e-02
3.556779026985168457e-01
4.008745029568672180e-02
8.144831657409667969e-01
3.664446175098419189e-01
8.601259440183639526e-03
4.946485757827758789e-01
2.992922067642211914e-01
1.320348232984542847e-01
2.022191286087036133e-01
0.000000000000000000e+00
1.015252545475959778e-01
5.320167168974876404e-02
1.703042149543762207e+00
8.418969064950942993e-02
2.326995134353637695e-01
1.259001623839139938e-02
5.677903816103935242e-02
1.386226564645767212e-01
0.000000000000000000e+00
6.381898373365402222e-02
5.540404468774795532e-02
9.431375563144683838e-02
4.993020594120025635e-01
2.277736663818359375e-01
6.947014331817626953e-01
5.990395545959472656e-01
1.741364717483520508e+00
1.205347999930381775e-01
1.500205636024475098e+00
3.624792397022247314e-02
1.710761547088623047e+00
1.192771047353744507e-01
4.209362268447875977e-01
1.135073229670524597e-02
4.891878366470336914e-01
2.919924259185791016e+00
1.187142014503479004e+00
0.000000000000000000e+00
0.000000000000000000e+00
5.946920439600944519e-02
1.471332907676696777e-01
8.031377792358398438e-01
1.559751033782958984e-01
7.203032970428466797e-01
2.342186570167541504e-01
4.285610094666481018e-02
1.370995938777923584e-01
2.767942845821380615e-01
3.456906974315643311e-01
4.027230441570281982e-01
1.521568652242422104e-02
6.732137203216552734e-01
2.535866796970367432e-01
5.047450065612792969e-01
2.201162576675415039e-01
0.000000000000000000e+00
2.964939177036285400e-01
1.929583996534347534e-01
4.886598885059356689e-01
6.675126496702432632e-03
3.478783667087554932e-01
8.444828912615776062e-03
3.236796706914901733e-02
2.706108391284942627e-01
6.745325028896331787e-02
2.435379475355148315e-01
9.421286582946777344e-01
3.288397073745727539e+00
1.408088803291320801e-01
0.000000000000000000e+00
1.396050900220870972e-01
3.502200171351432800e-02
9.878218919038772583e-02
3.457824885845184326e-02
3.760521411895751953e-01
8.829482197761535645e-01
7.401789426803588867e-01
9.964592754840850830e-02
4.147306978702545166e-01
5.554843321442604065e-02
2.111569195985794067e-01
1.288538551330566406e+01
5.434277281165122986e-02
1.988727211952209473e+00
1.778424024581909180e+00
2.031426131725311279e-02
1.099386140704154968e-01
0.000000000000000000e+00
7.961292564868927002e-02
9.512565098702907562e-03
1.383754909038543701e-01
3.610821440815925598e-02
9.841027855873107910e-02
6.392195224761962891e-01
1.837653517723083496e+00
0.000000000000000000e+00
6.709364801645278931e-02
8.281474001705646515e-03
1.637119203805923462e-01
8.902782946825027466e-02
1.787243932485580444e-01
4.959765076637268066e-02
0.000000000000000000e+00
3.903441667556762695e+00
5.191420391201972961e-02
8.481020331382751465e-01
2.204226493835449219e+00
3.826371729373931885e-01
0.000000000000000000e+00
1.101820915937423706e-02
0.000000000000000000e+00
3.659452870488166809e-02
8.425669670104980469e-01
7.043039202690124512e-01
2.023147642612457275e-01
6.826352328062057495e-03
8.672974109649658203e-01
1.206792593002319336e-01
3.533498942852020264e-01
8.438235521316528320e-02
7.705432176589965820e-01
4.835567772388458252e-01
9.678553938865661621e-01
2.663088403642177582e-02
0.000000000000000000e+00
5.516345798969268799e-02
1.013665497303009033e-01
0.000000000000000000e+00
9.060875326395034790e-02
0.000000000000000000e+00
5.962783470749855042e-03
0.000000000000000000e+00
2.024570247158408165e-03
4.843306168913841248e-02
1.385536044836044312e-01
1.290278509259223938e-02
4.090962409973144531e-01
2.751810550689697266e-01
2.614531517028808594e-01
9.584727287292480469e-01
2.172953262925148010e-02
3.646522462368011475e-01
6.693710684776306152e-01
2.250963002443313599e-01
2.212172001600265503e-01
0.000000000000000000e+00
2.744076028466224670e-02
1.106385961174964905e-01
3.999812006950378418e-01
4.024923592805862427e-02
3.926183283329010010e-02
4.195882081985473633e-01
3.682711124420166016e-01
4.534346610307693481e-02
1.453225314617156982e-01
4.027969837188720703e-01
2.035825490951538086e+00
7.592941820621490479e-02
1.483081281185150146e-01
8.270211219787597656e-01
1.969297170639038086e+00
1.056472063064575195e-01
1.611927986145019531e+00
1.015625119209289551e+00
1.185545604676008224e-02
5.106960982084274292e-02
6.769371777772903442e-02
1.958095841109752655e-02
2.355483055114746094e+00
0.000000000000000000e+00
2.504545822739601135e-02
1.079638481140136719e+00
7.124742493033409119e-03
0.000000000000000000e+00
9.745289571583271027e-04
3.304643929004669189e-02
4.705588221549987793e-01
7.277360558509826660e-02
1.400498390197753906e+00
1.214809194207191467e-01
5.195912718772888184e-02
2.019528746604919434e-01
1.587193608283996582e-01
1.668990552425384521e-01
5.751528963446617126e-02
1.415936350822448730e-01
2.221899628639221191e-01
4.451002478599548340e-01
1.530372500419616699e-01
0.000000000000000000e+00
0.000000000000000000e+00
3.179654777050018311e-01
7.896226644515991211e-01
1.625160694122314453e+00
4.442264139652252197e-02
0.000000000000000000e+00
4.355963319540023804e-03
5.321825295686721802e-02
1.477366685867309570e-01
6.157293915748596191e-01
9.717099368572235107e-02
8.806282877922058105e-01
2.272050678730010986e-01
0.000000000000000000e+00
4.717162847518920898e-01
3.606832325458526611e-01
5.496842265129089355e-01
4.715836942195892334e-01
1.731594204902648926e-01
1.899272352457046509e-01
2.995594963431358337e-02
4.247361421585083008e-01
1.142368000000715256e-02
1.984500765800476074e+00
1.949833482503890991e-01
0.000000000000000000e+00
4.116418305784463882e-03
0.000000000000000000e+00
1.232493400573730469e+00
0.000000000000000000e+00
5.401598662137985229e-02
0.000000000000000000e+00
6.137896776199340820e-01
3.410401344299316406e-01
8.295996785163879395e-01
0.000000000000000000e+00
0.000000000000000000e+00
1.891333311796188354e-01
7.117940187454223633e-01
2.413117587566375732e-01
1.446259301155805588e-02
0.000000000000000000e+00
4.344725981354713440e-02
1.602072864770889282e-01
1.394573450088500977e+00
6.448573470115661621e-01
1.421281576156616211e+00
1.857779547572135925e-02
2.915920019149780273e+00
3.283037841320037842e-01
0.000000000000000000e+00
1.143141835927963257e-01
0.000000000000000000e+00
5.718098953366279602e-02
7.595794796943664551e-01
1.509047672152519226e-02
0.000000000000000000e+00
2.357813343405723572e-02
0.000000000000000000e+00
0.000000000000000000e+00
1.150430291891098022e-01
0.000000000000000000e+00
5.813954472541809082e-01
0.000000000000000000e+00
0.000000000000000000e+00
1.164541482925415039e+00
2.920244038105010986e-01
3.303466364741325378e-02
1.790767759084701538e-01
5.266252160072326660e-01
3.301464915275573730e-01
4.899102747440338135e-01
0.000000000000000000e+00
6.281874179840087891e-01
5.730606615543365479e-02
1.222007393836975098e+00
2.208538651466369629e-01
0.000000000000000000e+00
1.993030868470668793e-02
1.127737760543823242e-01
1.250439286231994629e-01
1.507457375526428223e+00
2.725994288921356201e-01
2.975677605718374252e-03
6.878994405269622803e-02
2.089121580123901367e+00
4.786193743348121643e-02
6.937106251716613770e-01
1.886130720376968384e-01
3.650182485580444336e-02
5.303173512220382690e-02
0.000000000000000000e+00
9.493878483772277832e-02
8.249730467796325684e-01
3.594737648963928223e-01
1.590743213891983032e-01
2.110716328024864197e-02
2.200604677200317383e-01
0.000000000000000000e+00
3.485604822635650635e-01
2.080665528774261475e-01
1.359981596469879150e-01
2.266630828380584717e-01
1.236109412275254726e-03
3.513089418411254883e-01
1.645151823759078979e-01
1.270433217287063599e-01
0.000000000000000000e+00
3.883199989795684814e-01
0.000000000000000000e+00
4.670190811157226562e-02
0.000000000000000000e+00
0.000000000000000000e+00
2.575199306011199951e-01
0.000000000000000000e+00
0.000000000000000000e+00
1.507239639759063721e-01
5.417100787162780762e-01
1.072072051465511322e-02
4.238541796803474426e-02
1.724267005920410156e+00
0.000000000000000000e+00
1.225627809762954712e-01
0.000000000000000000e+00
0.000000000000000000e+00
0.000000000000000000e+00
0.000000000000000000e+00
8.161161541938781738e-01
2.879913449287414551e-01
1.747400760650634766e-01
5.112938284873962402e-01
4.563086032867431641e-01
1.205339193344116211e+00
2.817388996481895447e-02
0.000000000000000000e+00
5.236219242215156555e-02
2.110671438276767731e-02
6.696092337369918823e-02
1.737176924943923950e-01
5.010142549872398376e-02
6.071751564741134644e-02
4.959379881620407104e-02
0.000000000000000000e+00
4.415902495384216309e-01
1.423905611038208008e+00
8.491693437099456787e-02
7.140016183257102966e-03
4.747725129127502441e-01
1.602769047021865845e-01
1.833161950111389160e+00
8.233053609728813171e-03
4.011566750705242157e-03
3.691130280494689941e-01
6.865965127944946289e-01
9.537082910537719727e-02
4.882503151893615723e-01
0.000000000000000000e+00
9.024024941027164459e-03
8.221396803855895996e-02
1.891088113188743591e-02
1.036934554576873779e-02
3.131462931632995605e-01
7.625880241394042969e-01
0.000000000000000000e+00
0.000000000000000000e+00
0.000000000000000000e+00
8.300273120403289795e-02
0.000000000000000000e+00
0.000000000000000000e+00
1.080003976821899414e+00
1.105963718146085739e-02
0.000000000000000000e+00
2.580626010894775391e-01
7.545673847198486328e-01
2.921505570411682129e-01
0.000000000000000000e+00
3.451497852802276611e-02
0.000000000000000000e+00
0.000000000000000000e+00
0.000000000000000000e+00
4.234800860285758972e-02
0.000000000000000000e+00
1.081488505005836487e-01
7.277796268463134766e-01
2.111394517123699188e-02
1.386863738298416138e-01
9.205442070960998535e-01
4.259847402572631836e-01
0.000000000000000000e+00
6.752162575721740723e-01
2.096475809812545776e-01
9.299565106630325317e-02
2.962486743927001953e-01
0.000000000000000000e+00
6.249049305915832520e-01
0.000000000000000000e+00
6.289061903953552246e-02
6.572917103767395020e-01
0.000000000000000000e+00
8.228979259729385376e-02
2.843236178159713745e-02
0.000000000000000000e+00
2.107498794794082642e-01
5.431982278823852539e-01
0.000000000000000000e+00
3.365909159183502197e-01
3.447473347187042236e-01
1.278610825538635254e+00
3.100497722625732422e-01
9.225398302078247070e-03
7.895077019929885864e-02
1.882628947496414185e-01
1.313468068838119507e-01
6.434255242347717285e-01
1.544768363237380981e-01
1.361492574214935303e-01
0.000000000000000000e+00
0.000000000000000000e+00
1.354357227683067322e-03
6.248318031430244446e-02
2.709210813045501709e-01
2.429692074656486511e-02
0.000000000000000000e+00
1.589186936616897583e-01
1.331823319196701050e-02
0.000000000000000000e+00
1.644766926765441895e-01
6.856832504272460938e-01
6.997573375701904297e-01
3.747515678405761719e-01
7.544215023517608643e-02
5.901941061019897461e-01
0.000000000000000000e+00
1.138458997011184692e-01
2.248558104038238525e-01
8.950308710336685181e-02
2.067016810178756714e-01
1.054039224982261658e-01
0.000000000000000000e+00
1.043649005889892578e+01
1.122139930725097656e+00
1.517567038536071777e-01
1.161890942603349686e-02
0.000000000000000000e+00
9.925898909568786621e-02
1.627101063728332520e+00
0.000000000000000000e+00
8.943606168031692505e-03
1.167032402008771896e-02
6.805620342493057251e-02
2.398318238556385040e-02
1.550853848457336426e+00
2.178097516298294067e-02
0.000000000000000000e+00
0.000000000000000000e+00
0.000000000000000000e+00
1.008821465075016022e-02
3.591459989547729492e-02
3.157430142164230347e-02
5.432987585663795471e-03
0.000000000000000000e+00
0.000000000000000000e+00
8.996617048978805542e-02
1.510303318500518799e-01
4.286073148250579834e-01
6.184590049088001251e-03
0.000000000000000000e+00
3.435274362564086914e-01
1.183500606566667557e-02
2.651271224021911621e-01
0.000000000000000000e+00
2.373226732015609741e-01
2.495664916932582855e-02
9.705358743667602539e-01
1.134090781211853027e+00
6.617000102996826172e-01
2.116196155548095703e-01
2.066641859710216522e-02
2.786012887954711914e-01
5.784003436565399170e-02
2.733025550842285156e-01
1.020804699510335922e-02
5.576402321457862854e-02
1.498020738363265991e-01
2.793520390987396240e-01
2.530102729797363281e+00
5.345182493329048157e-02
4.489769041538238525e-01
1.380283236503601074e-01
2.226723581552505493e-01
0.000000000000000000e+00
0.000000000000000000e+00
8.736063539981842041e-02
1.610793918371200562e-01
0.000000000000000000e+00
2.307043643668293953e-03
0.000000000000000000e+00
0.000000000000000000e+00
0.000000000000000000e+00
0.000000000000000000e+00
3.113038837909698486e-01
2.081586271524429321e-01
4.320462346076965332e-01
1.371726840734481812e-01
4.959451258182525635e-01
5.410587787628173828e-01
1.128286600112915039e+00
2.221346497535705566e-01
1.548088192939758301e-01
1.151878014206886292e-01
9.129034280776977539e-01
0.000000000000000000e+00
5.279134213924407959e-02
4.575219377875328064e-02
3.307756409049034119e-02
0.000000000000000000e+00
0.000000000000000000e+00
5.845182538032531738e-01
3.910481452941894531e+00
2.120047621428966522e-02
7.864379882812500000e-02
1.508634686470031738e-01
9.254586696624755859e-02
0.000000000000000000e+00
5.716710090637207031e-01
4.494554102420806885e-01
3.428193554282188416e-02
1.876017153263092041e-01
2.752924680709838867e+00
1.511008888483047485e-01
1.863571405410766602e-01
9.990333765745162964e-02
6.157050281763076782e-02
1.080257445573806763e-01
8.073813915252685547e-01
0.000000000000000000e+00
8.727518320083618164e-01
2.760704457759857178e-01
8.986057639122009277e-01
6.126181483268737793e-01
1.352570176124572754e+00
8.444934338331222534e-02
1.629450619220733643e-01
2.492420934140682220e-02
1.647258847951889038e-01
2.411437965929508209e-02
3.424474969506263733e-02
0.000000000000000000e+00
1.101981759071350098e+00
1.870511323213577271e-01
5.090613663196563721e-02
8.800261467695236206e-02
0.000000000000000000e+00
5.658487230539321899e-02
2.373832017183303833e-01
1.674237489700317383e+00
3.475496172904968262e-02
9.371516853570938110e-02
1.237753257155418396e-01
4.947010427713394165e-02
2.463907003402709961e-01
8.678672313690185547e-01
0.000000000000000000e+00
0.000000000000000000e+00
1.523090875707566738e-03
9.535468220710754395e-01
9.330212324857711792e-02
6.895896196365356445e-01
6.582615375518798828e-01
4.222286865115165710e-02
6.406010985374450684e-01
0.000000000000000000e+00
1.932926326990127563e-01
1.192484498023986816e-01
5.424328893423080444e-02
0.000000000000000000e+00
6.394766271114349365e-02
5.103684067726135254e-01
4.253413975238800049e-01
0.000000000000000000e+00
1.175553426146507263e-01
9.944773465394973755e-02
5.464112162590026855e-01
2.512299828231334686e-02
6.983784260228276253e-05
8.738814294338226318e-02
0.000000000000000000e+00
0.000000000000000000e+00
4.532317221164703369e-01
3.563554286956787109e-01
2.918998897075653076e-01
1.130118489265441895e+00
0.000000000000000000e+00
4.383306205272674561e-02
1.977140307426452637e+00
1.919447481632232666e-01
1.896189302206039429e-01
0.000000000000000000e+00
1.266159117221832275e-02
2.879730984568595886e-02
6.262221373617649078e-03
1.299014408141374588e-02
7.781672477722167969e-01
3.700124025344848633e-01
4.199609905481338501e-02
1.939593069255352020e-02
4.175154864788055420e-02
0.000000000000000000e+00
0.000000000000000000e+00
0.000000000000000000e+00
1.974788755178451538e-01
3.137021780014038086e+00
1.559713631868362427e-01
8.168078660964965820e-01
7.055218219757080078e-01
0.000000000000000000e+00
6.737661361694335938e-01
1.005179435014724731e-01
2.161293506622314453e+00
8.115565180778503418e-01
2.397986412048339844e+00
0.000000000000000000e+00
3.970539569854736328e-01
4.720811545848846436e-01
7.948448657989501953e-01
0.000000000000000000e+00
0.000000000000000000e+00
1.470397412776947021e-01
8.792903274297714233e-02
7.840049266815185547e-02
2.523604035377502441e-01
7.355955243110656738e-01
0.000000000000000000e+00
7.558879256248474121e-02
0.000000000000000000e+00
4.934161901473999023e-01
8.760537952184677124e-02
1.686352938413619995e-01
1.159308552742004395e+00
8.129897713661193848e-01
1.068433467298746109e-02
2.627170085906982422e-01
8.666303008794784546e-02
1.613461971282958984e+00
0.000000000000000000e+00
0.000000000000000000e+00
3.392472505569458008e+00
5.942544713616371155e-02
2.859333038330078125e+00
9.585423395037651062e-04
0.000000000000000000e+00
8.502105483785271645e-04
1.547053456306457520e-01
7.080301046371459961e-01
1.815579086542129517e-02
5.527027323842048645e-02
8.477299213409423828e-01
7.398808002471923828e-01
0.000000000000000000e+00
7.105181217193603516e-01
3.121972680091857910e-01
0.000000000000000000e+00
4.219566658139228821e-02
1.243578940629959106e-01
7.607921957969665527e-01
1.362225264310836792e-01
7.467421237379312515e-03
5.597807168960571289e-01
0.000000000000000000e+00
1.856840103864669800e-01
3.192773833870887756e-02
0.000000000000000000e+00
2.042494416236877441e-01
1.559710800647735596e-01
1.731902174651622772e-02
6.338724493980407715e-01
1.618385910987854004e+00
1.414903402328491211e+00
1.299949735403060913e-01
2.155623137950897217e-01
3.587770089507102966e-02
0.000000000000000000e+00
4.710725322365760803e-02
2.731261253356933594e-01
0.000000000000000000e+00
5.101157426834106445e-01
9.624373167753219604e-02
2.680476665496826172e+00
8.631055355072021484e-01
9.658126831054687500e-01
0.000000000000000000e+00
2.667513191699981689e-01
8.571761846542358398e-01
1.017340183258056641e+00
0.000000000000000000e+00
5.691400170326232910e-02
3.276595771312713623e-01
3.532643914222717285e-01
1.550106883049011230e+00
1.331201642751693726e-01
0.000000000000000000e+00
0.000000000000000000e+00
0.000000000000000000e+00
0.000000000000000000e+00
1.033870220184326172e+00
0.000000000000000000e+00
1.192170232534408569e-01
7.669679820537567139e-03
0.000000000000000000e+00
4.881170019507408142e-02
4.561082646250724792e-02
0.000000000000000000e+00
1.384637951850891113e+00
2.583120763301849365e-02
0.000000000000000000e+00
7.465099543333053589e-02
4.484898447990417480e-01
1.039465963840484619e-01
2.693335711956024170e-01
3.382908180356025696e-02
1.569299936294555664e+00
7.099111564457416534e-03
0.000000000000000000e+00
9.580756425857543945e-01
1.157981276512145996e+00
0.000000000000000000e+00
6.105834245681762695e-01
0.000000000000000000e+00
1.252127625048160553e-02
1.265505105257034302e-01
5.518482923507690430e-01
1.624934491701424122e-03
1.019738912582397461e+00
1.440686639398336411e-02
1.873795688152313232e-01
0.000000000000000000e+00
2.118515074253082275e-01
3.311149775981903076e-01
3.154617547988891602e-02
4.977698624134063721e-02
0.000000000000000000e+00
2.210369706153869629e-01
4.551472142338752747e-02
5.241812672466039658e-03
1.788613498210906982e-01
0.000000000000000000e+00
5.757165327668190002e-02
0.000000000000000000e+00
4.335716724395751953e+00
5.111775398254394531e-01
4.930319488048553467e-01
3.163163363933563232e-02
0.000000000000000000e+00
4.478017091751098633e-01
9.332846999168395996e-01
2.616833662614226341e-03
7.704580426216125488e-01
3.530199527740478516e-01
9.698693640530109406e-03
6.433371454477310181e-02
3.085655160248279572e-02
2.799477577209472656e-01
4.063198268413543701e-01
7.230476010590791702e-03
0.000000000000000000e+00
5.154753923416137695e-01
4.880426917225122452e-03
0.000000000000000000e+00
4.583725929260253906e-01
5.456027388572692871e-01
1.082865953445434570e+00
0.000000000000000000e+00
4.565919339656829834e-01
1.778711192309856415e-02
0.000000000000000000e+00
3.072014451026916504e-01
3.965483009815216064e-01
4.243143796920776367e-01
2.999539375305175781e-01
4.011707603931427002e-01
1.611730270087718964e-02
1.892830580472946167e-01
0.000000000000000000e+00
0.000000000000000000e+00
1.630956083536148071e-01
6.465137004852294922e-01
5.605258345603942871e-01
3.792157471179962158e-01
9.384764730930328369e-02
3.396054357290267944e-02
2.659727811813354492e+00
1.640776097774505615e-01
2.286832965910434723e-02
8.228639513254165649e-02
2.917938306927680969e-02
0.000000000000000000e+00
2.406934052705764771e-01
1.184234261512756348e+00
0.000000000000000000e+00
1.127452962100505829e-02
5.511067807674407959e-02
6.325311660766601562e-01
0.000000000000000000e+00
0.000000000000000000e+00
8.501540422439575195e-01
3.690831661224365234e-01
4.957350492477416992e-01
0.000000000000000000e+00
6.268019229173660278e-02
3.471546471118927002e-01
1.022251009941101074e+00
5.917575955390930176e-02
1.334892492741346359e-02
1.650623559951782227e+00
8.508211374282836914e-01
1.389206886291503906e+00
7.095567137002944946e-02
1.066947951912879944e-01
1.079351902008056641e+00
0.000000000000000000e+00
2.983841579407453537e-03
1.266686990857124329e-02
0.000000000000000000e+00
4.439137876033782959e-01
0.000000000000000000e+00
1.157383695244789124e-01
0.000000000000000000e+00
0.000000000000000000e+00
3.140667825937271118e-02
8.413226902484893799e-02
7.870644330978393555e-01
2.019975520670413971e-02
3.203469794243574142e-03
1.313715457916259766e+00
2.682726085186004639e-02
0.000000000000000000e+00
5.031472817063331604e-02
0.000000000000000000e+00
1.623983681201934814e-02
0.000000000000000000e+00
4.359853267669677734e-01
2.773402035236358643e-01
0.000000000000000000e+00
4.120987951755523682e-01
0.000000000000000000e+00
3.076996095478534698e-02
1.942316770553588867e+00
4.707261547446250916e-02
4.081979095935821533e-01
1.059646964073181152e+00
8.590370416641235352e-01
0.000000000000000000e+00
0.000000000000000000e+00
5.619359388947486877e-02
2.123905420303344727e+00
3.536457940936088562e-02
8.647806048393249512e-01
0.000000000000000000e+00
1.698631167411804199e+00
5.907302349805831909e-02
4.040997847914695740e-02
1.964992284774780273e-01
9.481258988380432129e-01
7.756888866424560547e-02
8.612146973609924316e-01
2.881317436695098877e-01
1.165748313069343567e-01
1.009909749031066895e+00
2.728016674518585205e-01
1.337679624557495117e-01
1.084562838077545166e-01
1.052887961268424988e-01
1.255636289715766907e-02
1.947427541017532349e-02
1.841781020164489746e+00
5.622696597129106522e-03
0.000000000000000000e+00
0.000000000000000000e+00
0.000000000000000000e+00
3.111293911933898926e-02
1.137080267071723938e-01
2.574310600757598877e-01
0.000000000000000000e+00
2.669697105884552002e-01
8.941186591982841492e-03
2.308509647846221924e-01
1.952566020190715790e-02
0.000000000000000000e+00
0.000000000000000000e+00
9.376963600516319275e-03
1.530450186692178249e-03
3.720266371965408325e-02
1.006613016128540039e+00
0.000000000000000000e+00
1.326313801109790802e-02
1.324564218521118164e+00
3.056240268051624298e-02
3.233321309089660645e-01
1.072302646934986115e-02
2.687421560287475586e+00
4.737544059753417969e-01
1.407587230205535889e-01
0.000000000000000000e+00
1.870138198137283325e-01
0.000000000000000000e+00
0.000000000000000000e+00
7.773996144533157349e-02
2.852970547974109650e-02
5.610744357109069824e-01
0.000000000000000000e+00
4.244273900985717773e-02
1.270071029663085938e+00
4.141871258616447449e-02
0.000000000000000000e+00
0.000000000000000000e+00
0.000000000000000000e+00
2.286239117383956909e-01
7.198870927095413208e-02
3.549604713916778564e-01
3.465352058410644531e-01
2.430897712707519531e+00
0.000000000000000000e+00
9.891642630100250244e-02
0.000000000000000000e+00
9.724217653274536133e-02
0.000000000000000000e+00
2.630456984043121338e-01
3.231379017233848572e-02
1.462693929672241211e+00
0.000000000000000000e+00
1.349745035171508789e+00
0.000000000000000000e+00
9.182214736938476562e-01
2.119751647114753723e-02
9.903848171234130859e-02
1.096666082739830017e-01
3.541221320629119873e-01
5.192444920539855957e-01
0.000000000000000000e+00
1.703296788036823273e-02
6.507539749145507812e-01
2.863761410117149353e-02
2.220885455608367920e-01
1.635586842894554138e-03
4.216977581381797791e-02
4.808500409126281738e-02
7.879968881607055664e-01
6.706053018569946289e-01
5.649901926517486572e-02
1.212845817208290100e-01
0.000000000000000000e+00
1.545500606298446655e-01
6.669077873229980469e-01
3.385400772094726562e-02
0.000000000000000000e+00
1.728394418023526669e-04
1.186611801385879517e-01
0.000000000000000000e+00
2.427588999271392822e-01
3.680356591939926147e-02
4.911743476986885071e-02
6.100436672568321228e-02
1.205831766128540039e-02
1.895196288824081421e-01
2.752461656928062439e-02
5.047773942351341248e-02
1.551774442195892334e-01
1.030467033386230469e+00
6.355287879705429077e-02
0.000000000000000000e+00
5.429840087890625000e-02
9.686042666435241699e-01
2.758362293243408203e-01
7.404637932777404785e-01
3.561687096953392029e-02
1.449602693319320679e-01
2.005310803651809692e-01
3.403158113360404968e-02
0.000000000000000000e+00
1.417136639356613159e-01
3.440241515636444092e-02
1.757654398679733276e-01
0.000000000000000000e+00
4.105917513370513916e-01
5.371600985527038574e-01
6.501267552375793457e-01
8.353078365325927734e-02
7.051952183246612549e-02
5.339126288890838623e-02
7.148360610008239746e-01
1.607004761695861816e+00
1.183440834283828735e-01
6.610432863235473633e-01
1.858181953430175781e+00
1.096061393618583679e-01
1.563175618648529053e-01
1.407182216644287109e-01
4.372871015220880508e-03
2.259730339050292969e+00
5.360639467835426331e-02
9.971392899751663208e-02
0.000000000000000000e+00
6.610666401684284210e-03
0.000000000000000000e+00
8.330911397933959961e-01
3.840816020965576172e-01
0.000000000000000000e+00
4.572341740131378174e-01
0.000000000000000000e+00
6.112683564424514771e-02
0.000000000000000000e+00
1.114543527364730835e-02
1.493205785751342773e+00
6.125033367425203323e-03
5.971596576273441315e-03
1.049135088920593262e+00
2.157248323783278465e-03
2.067434787750244141e-01
0.000000000000000000e+00
1.283164173364639282e-01
1.445922255516052246e-01
0.000000000000000000e+00
0.000000000000000000e+00
0.000000000000000000e+00
2.829630076885223389e-01
2.799731731414794922e+00
1.765304505825042725e-01
7.621721364557743073e-03
2.224186435341835022e-02
1.615787111222743988e-02
0.000000000000000000e+00
1.600449681282043457e-01
2.305270582437515259e-01
6.107251048088073730e-01
4.678005278110504150e-01
0.000000000000000000e+00
3.583157062530517578e-01
9.567252360284328461e-03
1.017909571528434753e-01
0.000000000000000000e+00
2.144130617380142212e-01
6.292449235916137695e-01
4.946735687553882599e-03
2.593103051185607910e-01
0.000000000000000000e+00
1.137550100684165955e-01
1.290026307106018066e-01
5.457645654678344727e-02
5.251747369766235352e-02
4.178948700428009033e-03
0.000000000000000000e+00
2.868691384792327881e-01
8.099856972694396973e-02
1.221660599112510681e-01
1.538435339927673340e+00
0.000000000000000000e+00
6.612370014190673828e-01
7.386675477027893066e-01
1.385828733444213867e+00
2.362177008762955666e-03
2.600857734680175781e+00
1.965979337692260742e-01
0.000000000000000000e+00
5.450428649783134460e-02
2.327241748571395874e-02
8.596683144569396973e-01
0.000000000000000000e+00
2.930713258683681488e-02
1.878888607025146484e+00
2.202524337917566299e-03
6.414078474044799805e-01
3.505726344883441925e-03
0.000000000000000000e+00
6.513651609420776367e-01
6.352732777595520020e-01
6.092403456568717957e-02
5.443775653839111328e-01
3.855629861354827881e-01
1.093191742897033691e+00
6.028870344161987305e-01
0.000000000000000000e+00
4.816394329071044922e+00
1.153039708733558655e-01
4.350445866584777832e-01
2.243907451629638672e-01
0.000000000000000000e+00
1.653504325076937675e-03
2.975393319502472878e-03
2.877416834235191345e-02
0.000000000000000000e+00
0.000000000000000000e+00
1.855094432830810547e-01
9.748036861419677734e-01
4.214059934020042419e-02
4.009801428765058517e-03
3.484016895294189453e+00
0.000000000000000000e+00
9.947865456342697144e-02
3.903591036796569824e-01
1.153851225972175598e-01
0.000000000000000000e+00
4.361888766288757324e-02
0.000000000000000000e+00
0.000000000000000000e+00
9.440079331398010254e-02
9.306507185101509094e-03
2.874134294688701630e-02
6.720426678657531738e-01
3.944600820541381836e-01
1.027840822935104370e-01
8.837063610553741455e-02
2.335413917899131775e-02
1.927211508154869080e-02
8.151791244745254517e-02
1.089553833007812500e-01
0.000000000000000000e+00
7.640767842531204224e-02
8.212377876043319702e-02
4.499338101595640182e-03
1.839536666870117188e+00
5.104467738419771194e-03
9.885602593421936035e-01
1.471734046936035156e+00
1.614281535148620605e+00
3.877232670783996582e-01
8.089902997016906738e-01
0.000000000000000000e+00
5.154140591621398926e-01
6.640506386756896973e-01
0.000000000000000000e+00
8.350801467895507812e-02
4.592133462429046631e-01
2.869376420974731445e+00
6.747031956911087036e-02
6.851222366094589233e-02
5.454164464026689529e-03
1.017951034009456635e-02
3.153529763221740723e-01
3.084458224475383759e-02
1.327627539634704590e+00
8.625089526176452637e-01
6.176901981234550476e-02
1.598626375198364258e-01
6.665436029434204102e-01
5.692607760429382324e-01
0.000000000000000000e+00
1.750278472900390625e-01
2.958694100379943848e-02
4.227760136127471924e-01
3.110726363956928253e-03
8.323352038860321045e-02
1.097573488950729370e-01
0.000000000000000000e+00
5.034960433840751648e-02
2.949258565902709961e+00
1.226932108402252197e-01
8.222849369049072266e-01
1.179715245962142944e-01
3.454716503620147705e-02
8.100186474621295929e-03
4.813696742057800293e-01
2.584639936685562134e-03
8.451581597328186035e-01
2.332377672195434570e+00
5.307376384735107422e-01
1.091447830200195312e+00
0.000000000000000000e+00
0.000000000000000000e+00
2.910436689853668213e-02
9.424237161874771118e-02
4.834011197090148926e-01
7.678078860044479370e-02
2.096459567546844482e-01
0.000000000000000000e+00
0.000000000000000000e+00
1.029340028762817383e-01
3.672763332724571228e-02
9.405732899904251099e-02
4.969469457864761353e-02
1.759596467018127441e-01
0.000000000000000000e+00
0.000000000000000000e+00
1.614959239959716797e-01
1.362446546554565430e+00
8.773410320281982422e-01
2.210776209831237793e-01
3.036257028579711914e-01
1.259874999523162842e-01
0.000000000000000000e+00
2.015922784805297852e+00
0.000000000000000000e+00
1.387861669063568115e-01
1.422467470169067383e+00
6.129474565386772156e-02
6.601491943001747131e-03
1.650609970092773438e-01
0.000000000000000000e+00
5.747432261705398560e-02
0.000000000000000000e+00
4.034902155399322510e-02
1.737811863422393799e-01
3.059930503368377686e-01
1.304417699575424194e-01
0.000000000000000000e+00
9.773322194814682007e-02
1.085942983627319336e+00
1.345420926809310913e-01
1.719921641051769257e-02
9.553461074829101562e-01
0.000000000000000000e+00
6.452026963233947754e-01
2.557747298851609230e-03
1.155513823032379150e-01
2.275015413761138916e-01
7.365389168262481689e-02
1.415299624204635620e-01
2.220387309789657593e-01
1.423247098922729492e+00
4.877477884292602539e-02
7.002734541893005371e-01
0.000000000000000000e+00
4.307341575622558594e-02
0.000000000000000000e+00
2.026770077645778656e-02
3.853153288364410400e-01
2.682929635047912598e-01
6.555776000022888184e-01
6.776090012863278389e-04
5.338971316814422607e-02
0.000000000000000000e+00
5.241024494171142578e-01
5.860063061118125916e-02
0.000000000000000000e+00
3.137018904089927673e-02
1.990724056959152222e-01
0.000000000000000000e+00
0.000000000000000000e+00
3.505889177322387695e+00
4.226223230361938477e-01
0.000000000000000000e+00
0.000000000000000000e+00
5.681803822517395020e-02
1.658984899520874023e+00
1.193165313452482224e-02
4.967145025730133057e-01
1.248608469963073730e+00
4.684857428073883057e-01
7.193088531494140625e-02
3.428176641464233398e-01
8.427318185567855835e-02
3.433859944343566895e-01
1.321755908429622650e-02
4.090326726436614990e-01
1.342433243989944458e-01
1.861804246902465820e+00
9.328013658523559570e-02
5.175654590129852295e-02
3.156070411205291748e-01
3.488222882151603699e-02
4.292555749416351318e-01
0.000000000000000000e+00
0.000000000000000000e+00
6.488786339759826660e-01
1.685559451580047607e-01
0.000000000000000000e+00
1.084514409303665161e-01
0.000000000000000000e+00
2.864751219749450684e-01
1.649401965551078320e-03
9.160252660512924194e-02
0.000000000000000000e+00
4.610912129282951355e-02
5.378463864326477051e-02
2.206157445907592773e-01
6.043086647987365723e-01
1.390405148267745972e-01
0.000000000000000000e+00
7.219878956675529480e-03
2.938860058784484863e-01
2.039214849472045898e+00
5.562087520956993103e-02
2.114045143127441406e+00
1.919595718383789062e+00
1.728135108947753906e+00
6.821127235889434814e-02
1.653201878070831299e-01
3.631587326526641846e-02
1.793987117707729340e-02
5.703250169754028320e-01
1.305106580257415771e-01
1.109599351882934570e+00
0.000000000000000000e+00
2.120721787214279175e-01
0.000000000000000000e+00
3.719093045219779015e-03
2.625327371060848236e-02
1.403716802597045898e-01
1.385993212461471558e-01
0.000000000000000000e+00
9.899833798408508301e-01
1.821528196334838867e+00
5.216691493988037109e-01
0.000000000000000000e+00
0.000000000000000000e+00
2.231451511383056641e+00
1.717288605868816376e-02
8.117084950208663940e-02
5.561771988868713379e-02
0.000000000000000000e+00
2.285858094692230225e-01
7.460194081068038940e-02
4.037857055664062500e-01
1.141997724771499634e-01
2.127502672374248505e-02
0.000000000000000000e+00
3.983234986662864685e-02
3.226363658905029297e-01
2.081802487373352051e-02
4.236134141683578491e-02
1.428201235830783844e-02
2.877800464630126953e-01
5.570450425148010254e-02
9.190795421600341797e-01
7.321115583181381226e-02
9.642048180103302002e-02
0.000000000000000000e+00
2.463319003582000732e-01
9.148667752742767334e-02
1.031811118125915527e+00
1.804473996162414551e-01
0.000000000000000000e+00
4.472070839256048203e-03
2.361475955694913864e-03
6.526784300804138184e-01
9.803670644760131836e-02
7.662789523601531982e-02
0.000000000000000000e+00
2.135942876338958740e-01
4.223917961120605469e+00
9.915608912706375122e-02
1.241921111941337585e-01
9.498948603868484497e-02
1.719819195568561554e-02
0.000000000000000000e+00
4.459536820650100708e-02
3.127649128437042236e-01
4.085137844085693359e-01
9.022967219352722168e-01
1.877024471759796143e-01
5.893465131521224976e-02
4.159883596003055573e-03
1.237239092588424683e-01
0.000000000000000000e+00
3.994788229465484619e-02
0.000000000000000000e+00
1.228564158082008362e-01
0.000000000000000000e+00
1.602499932050704956e-01
5.107720941305160522e-02
9.881584346294403076e-02
0.000000000000000000e+00
1.376381069421768188e-01
4.664835706353187561e-02
1.089896678924560547e+00
4.727735370397567749e-02
0.000000000000000000e+00
3.334000706672668457e-01
0.000000000000000000e+00
1.804588362574577332e-02
7.489519566297531128e-02
2.326010912656784058e-02
2.675920724868774414e-01
1.109312996268272400e-01
1.389105767011642456e-01
1.551104523241519928e-02
2.586803138256072998e-01
0.000000000000000000e+00
1.771782487630844116e-01
8.583681285381317139e-02
7.735163089819252491e-04
1.541914194822311401e-01
3.576290607452392578e-01
2.440899133682250977e+00
2.378582507371902466e-01
5.367546677589416504e-01
6.403443962335586548e-02
0.000000000000000000e+00
3.070205450057983398e+00
2.107478976249694824e-01
2.363345585763454437e-02
0.000000000000000000e+00
8.888566493988037109e-02
0.000000000000000000e+00
4.875853359699249268e-01
0.000000000000000000e+00
1.240286529064178467e-01
4.446900784969329834e-01
3.112884759902954102e-01
1.730618439614772797e-02
5.377377197146415710e-02
1.733262985944747925e-01
1.175324916839599609e+00
2.825804948806762695e-01
3.883019387722015381e-01
1.215688139200210571e-02
0.000000000000000000e+00
3.650516271591186523e-02
0.000000000000000000e+00
3.419813811779022217e-01
2.303128130733966827e-02
2.041203156113624573e-02
5.035832896828651428e-02
2.659360468387603760e-01
5.346171855926513672e-01
8.307795971632003784e-02
3.278860822319984436e-02
5.573572590947151184e-02
5.907146260142326355e-02
2.542105913162231445e-01
2.819879949092864990e-01
2.468548417091369629e-01
0.000000000000000000e+00
1.161087155342102051e-01
0.000000000000000000e+00
6.323988735675811768e-02
6.308317184448242188e-02
1.015985608100891113e-01
2.618287317454814911e-02
2.660715281963348389e-01
1.405614521354436874e-02
7.964913547039031982e-02
5.054550766944885254e-01
3.088827989995479584e-02
0.000000000000000000e+00
1.258824765682220459e-01
7.858864963054656982e-02
9.526319801807403564e-02
2.085250243544578552e-02
5.322770029306411743e-02
6.896509323269128799e-03
3.512870147824287415e-02
0.000000000000000000e+00
3.765775263309478760e-02
1.334335684776306152e+00
0.000000000000000000e+00
2.242810130119323730e-01
7.417269349098205566e-01
5.832844376564025879e-01
1.516849398612976074e-01
0.000000000000000000e+00
4.371371120214462280e-02
4.584519192576408386e-03
3.940876945853233337e-02
0.000000000000000000e+00
3.343939483165740967e-01
1.252761632204055786e-01
2.858169674873352051e-01
4.806816205382347107e-02
0.000000000000000000e+00
1.243055105209350586e+00
1.901620030403137207e-01
2.145994424819946289e+00
3.427202403545379639e-01
7.565881591290235519e-03
