2.622560911976103267e-17
1.395340886620920768e-18
1.889647326688923684e-14
5.369763362849717518e-25
2.559059525878777146e-21
8.445153576287162767e-24
2.457926563659783908e-29
4.831934760964267616e-24
5.775851182685340063e-19
1.561557557437046654e-18
4.583866363087925745e-17
5.822614804640259791e-20
6.482953191038918353e-18
1.023261191819308657e-21
7.494952669362860269e-26
1.236630219492472630e-22
1.933431449702255572e-16
1.758776647418930310e-18
7.500519981048532469e-21
4.987955794058395771e-26
7.927523560664670566e-25
1.611121688131015488e-24
3.153639113453065721e-18
5.113082539647000705e-19
1.586078299337860369e-15
8.178556268367050824e-15
1.772644175292016965e-19
3.243248519789124331e-19
1.660173459310995952e-16
8.141555552091292071e-20
7.547325105417437982e-23
6.323464646025079346e-16
1.125887931377178594e-21
1.470124105188309188e-14
1.522566074886838421e-16
2.727036563054212318e-21
1.442331957394898437e-19
2.745326116087063631e-19
2.928513077112178398e-14
1.015542562728423217e-20
5.574684476627623651e-19
1.274553492034090008e-20
6.398297447687651789e-23
3.645238900346869482e-22
1.249050408460288642e-24
1.482112939378830611e-17
2.590951165414719771e-23
1.746086669308949709e-20
2.379107958815321520e-21
2.395083090189764619e-11
2.822500974532671930e-15
2.876564255289496539e-17
4.396352459156034880e-18
2.847603473550910924e-14
1.371979212321497742e-19
1.500529348093715323e-15
3.304071073879437943e-22
9.223149658032746621e-23
2.386473194376539285e-19
9.324780575530679282e-17
3.240076089784140341e-23
3.001049726240868120e-18
2.720226457772484266e-17
2.731832217313284566e-24
8.033454678257975381e-20
1.224811875117372183e-17
1.482146150680424615e-18
1.765863021008610842e-17
2.685696894979866696e-16
9.101070862650023630e-15
4.743010785201778382e-26
2.027830350468870502e-13
2.115493712949910753e-25
8.549206222951986754e-23
1.031772501834905596e-25
1.306197916446288300e-20
1.334161649665534876e-21
6.462003203820659160e-22
1.881070544696373271e-18
3.593655863338984791e-15
2.842140306917489740e-17
2.777932231665408583e-18
5.797882621312807109e-19
4.147810567234344603e-13
1.991787957616566763e-22
2.232718177008763405e-11
5.385856284611037492e-14
1.475785910576982163e-13
1.311467862027631648e-16
3.863245274626347231e-16
1.701403571524075231e-14
9.345080574936956487e-24
4.722245839446803921e-20
1.812045760548244036e-19
8.100774139302395444e-23
8.891221286031625660e-24
6.896067868463214199e-18
1.308570294663972695e-15
1.571558716495502495e-10
1.901488000258591549e-14
2.335875362493439189e-13
1.866911861241786832e-15
1.227218847377198330e-12
5.030681166778849800e-12
1.507850995010663088e-15
3.386725824313931293e-21
9.830648522358098495e-25
3.486914591610798409e-25
3.739606354579496811e-22
1.644631188234355751e-14
4.704362755535260350e-17
1.552514922176229106e-10
3.407317830661504843e-13
3.703508614719821412e-20
1.082365107742600729e-18
1.065968517746434738e-15
4.985226811601102598e-22
2.133288072275689326e-19
1.424323983409414573e-12
1.628166900618805563e-14
2.798796588097170884e-14
4.090093403395257676e-16
2.243216078222210550e-21
4.293548599743372482e-16
1.454430600725512357e-21
9.970547402986617869e-23
1.851587255650266208e-20
1.161470577724586148e-24
6.137333109454040520e-24
3.726346221504331108e-16
1.120673664292218471e-20
2.581466910016713874e-18
3.809570617590165601e-21
2.097374511207202892e-17
4.356934407835739176e-18
2.282286932112614485e-17
3.054510460928958583e-20
1.012766920959873968e-16
5.940662399194483224e-16
3.039105678226405871e-08
9.394599146617110819e-06
9.329563788185168960e-10
7.622806830198669559e-10
2.623570527493512827e-10
5.331497830024511941e-12
2.587798681938369150e-13
2.896504022981516058e-18
4.514384184250206484e-17
1.315783309605435096e-15
3.591880332561848905e-19
3.934485116180441722e-12
1.135234376122007394e-12
3.492371435449908798e-18
1.744337985050368600e-25
4.594122244630725714e-18
4.570933220050366124e-22
7.560547045277666317e-24
7.864050673746529542e-20
6.150668624589628042e-13
7.322936948126433643e-15
2.556343846626702321e-16
1.210508225313604894e-20
1.121109007359974083e-14
2.259819628755938520e-20
1.156544990035615831e-17
3.699529224632236435e-11
1.718018292191057783e-14
7.731584816816905459e-11
8.805254240821234254e-16
5.359705469927405571e-21
1.017027933539324104e-19
9.041581197665512354e-16
9.387647326164483275e-10
2.278408513830924853e-16
7.090389473468627912e-13
1.035296979924684917e-18
7.150118841870254040e-20
1.246785382150639079e-15
4.111159609101839658e-18
2.713430695411300775e-11
6.639497979188391241e-12
1.066659908389631060e-15
2.723454323317819318e-18
3.937447570412035223e-21
5.039468761226354534e-23
3.585981811011309834e-18
3.770378735543917794e-20
9.354751220774060871e-23
6.445005039667129379e-18
8.588596447803385076e-15
3.106551779328507040e-15
3.867456587609655766e-19
9.875303022153711363e-17
4.552621991391758745e-24
1.301043020572911597e-17
2.040459334405164315e-24
1.910667804527754754e-14
1.665818669206649847e-17
4.879325175948636427e-20
1.454541917684029628e-13
1.461819901056623741e-25
6.962423240608232514e-23
1.153307050646906507e-24
2.114046817251940211e-20
5.978949718980472919e-23
2.559923106826289541e-10
5.379674803407397121e-07
3.083522786938490338e-19
9.785148904484231025e-07
2.288006720612296161e-16
7.420289832886159398e-15
1.148198659581707536e-22
5.915774082424483862e-20
5.209935049619303333e-18
1.145651368784149728e-16
9.726526663561805312e-20
3.144872396895238842e-16
3.875772543112774728e-26
7.447230647230650943e-22
3.525186084553148075e-21
1.271343078060975264e-21
3.417166225564506653e-16
2.061291486680598485e-18
1.350696265944861807e-07
6.128882523626089096e-03
6.877937000014240955e-19
4.800127026693688215e-19
7.865880391477730882e-09
1.580902800534462335e-21
4.997793555147890569e-22
1.960900119376781693e-15
6.386867496881497988e-21
4.374912518482235037e-22
1.117120519793766715e-16
2.445108667579184921e-19
2.830682577226184549e-09
1.532391530020046216e-14
1.401235685858703351e-17
5.235034294343576421e-19
9.163411356535184151e-26
4.992570033777879117e-23
3.585844912619932308e-18
1.975314052570428520e-16
2.241084642284874549e-15
2.716860787491389574e-21
1.257259574227731491e-11
1.140049565862000236e-08
1.272973970880610684e-28
9.351371336759310583e-21
2.533045080446839719e-17
1.297019200483147394e-17
9.533858424948249422e-11
9.296385276164054190e-13
1.685346734830050428e-23
2.452282391441551053e-19
6.057505167963395608e-17
2.401910483577583135e-17
9.754817879362707479e-17
9.876470339434146196e-17
1.480915168272645133e-09
7.552358839445135483e-17
1.090917612600605935e-05
4.637892480894575031e-20
4.313015997674787469e-17
8.765741742018597245e-16
7.617191415380178862e-19
1.393510335925340918e-19
2.698406105297583096e-19
8.457088653511524168e-15
1.493462188255303172e-19
8.288028791703666727e-18
4.361260148849085234e-17
2.053497476228738350e-11
3.785614530182890292e-11
1.315037908410937277e-19
1.264467906299899394e-17
3.152401858051839529e-17
6.553159880573066618e-21
1.106556007238255861e-15
7.496912475952746090e-22
5.888341703438177126e-16
1.442661472546727178e-20
2.911789170403456678e-20
6.834473715048791642e-14
6.994069973542983844e-24
1.737401797942961434e-21
3.661069887210589583e-22
3.561254969774176662e-24
6.151845310210848342e-23
7.741076285715684426e-25
1.147166466010573327e-20
1.895800220949938927e-20
1.070040943796173169e-18
5.546807045793411550e-13
1.330808804722902591e-18
3.762232298979977585e-20
4.809087525302654243e-20
1.711573677801571319e-23
1.487395723191021693e-19
1.207207031499436723e-19
9.892929068737192030e-21
4.800632350037427152e-22
6.379355850351858337e-17
1.075151265620525774e-18
1.853666587683497948e-26
1.439682523742285232e-19
8.967603961180887790e-21
2.957583036103709172e-15
6.392687068929719953e-23
3.844776657402685665e-25
1.306313220900034217e-19
2.567689224297908134e-17
5.345969037256711499e-19
1.284629689268328146e-18
5.968186288137980935e-18
9.711794323114582989e-15
6.277860375601295565e-19
2.251268196809274107e-19
7.552704270068937627e-17
5.524887945257989963e-20
2.512096400561689271e-17
3.918505871496200728e-22
1.162211984702053590e-22
7.549750959986075703e-21
2.973676201625526514e-26
2.804814764699246626e-21
1.059580398382781975e-20
5.186654464869304646e-18
3.008809921157534349e-18
4.095241345393869193e-18
4.937958375528239685e-10
2.377873390541334481e-14
2.308451184283258784e-16
1.418186840819014377e-23
1.491519432609893777e-21
3.851117866485498192e-25
1.080084562341936293e-25
3.297445265310603758e-16
1.094769528567368174e-24
1.411270064991575599e-28
7.849445004843181445e-15
1.057982615019104839e-17
2.783363292772278624e-18
6.070932970500258195e-21
2.455862180978496791e-16
4.878950763630356809e-21
3.694153395862302737e-20
3.455691970020216525e-24
5.030803439726863808e-24
1.842169894849229486e-18
9.323124411310331802e-21
2.204715191581922630e-16
3.903687921484187869e-16
1.636648241519662872e-14
7.738608350150918595e-22
7.749962896257636455e-27
6.651816839815213927e-20
1.577989190112682841e-18
7.806521994052874000e-18
4.384925139939373799e-20
6.125095832894389861e-18
1.835865339850745586e-23
7.094809877722422715e-25
6.606759381271261387e-18
1.927350390999003964e-22
3.117737432766127079e-21
7.572859833673135746e-20
1.285851361334527758e-24
2.195259797533308603e-21
2.687704197628736877e-17
1.869979099582499933e-20
3.941212539838737441e-17
7.550623021609208268e-19
1.100396466363883844e-17
6.818526320818973918e-13
1.599341900390362419e-22
7.395871384679693837e-23
6.978524747440103348e-19
6.686966896456987081e-23
3.593280651766273536e-25
2.422983805196008945e-25
1.332217760485418252e-15
1.818364145124055350e-23
4.534102314521920585e-13
2.901545378622297055e-19
2.671056203807568459e-23
1.081937524021901655e-15
8.472119603040785224e-26
8.569167212938458039e-28
2.857216459402850594e-18
1.705031477164636444e-15
1.193271825776582510e-16
7.297311366283310008e-11
7.588378439071091774e-15
4.104625439451531355e-14
1.326674088664316466e-16
9.457442609060835481e-23
3.629676906670182629e-26
2.292119266741540762e-14
5.319805793796428262e-12
2.026603254102880993e-18
2.640934496774790388e-23
7.628552838028822730e-21
3.210364984376941344e-15
3.507934845137442549e-21
7.831173414987296956e-22
1.477008370337144371e-20
1.374735943355562517e-25
2.409185351215370474e-11
8.127862360610236636e-22
5.042437761043277578e-20
2.666115610821715408e-18
5.605800943320337170e-18
7.285913409052491296e-13
8.751005952944979072e-05
3.651238755786323509e-10
1.760750257347089981e-14
3.334190666764990021e-23
1.209122298811982077e-11
1.443718389649719738e-20
1.856268015473936637e-21
1.363851631457080327e-12
5.052086241277340444e-19
7.688330369776417067e-20
3.718961682391049711e-16
1.222120735638659514e-14
9.486855130139819862e-23
3.060862080999781232e-16
4.295168417906098323e-17
1.431775921993100179e-16
7.750518357527779211e-21
3.272732446348438783e-24
3.560338514088524134e-20
1.149494350648397589e-17
7.679700382934593001e-23
5.330890766575059398e-22
5.226541626858591423e-16
1.008620256535833456e-20
6.520143743197520966e-29
4.494841545970273673e-19
2.145197864830694634e-12
1.146647289669804420e-25
1.400782192359677279e-16
2.225102434749715030e-05
1.829288922028280099e-21
1.677684164088356166e-20
4.312117340716375979e-14
1.086262901850432172e-08
4.031939715154785405e-23
2.975607553114145861e-17
1.009246321158840075e-15
2.648327588057130080e-17
3.892351363626263402e-19
1.784737647418516108e-24
1.502676999211805625e-23
3.733416028585401225e-13
9.624835308564780862e-21
1.923673267224392275e-19
1.263040019794381408e-11
2.139673834433090255e-15
1.202440111456454241e-13
1.189497870066500669e-19
1.385997338764857333e-20
9.481427767111899300e-23
2.467376058649202106e-15
5.218982224164392392e-08
1.608648439588052993e-22
4.626594754823711714e-15
7.463382634077721928e-15
2.298135911172477508e-16
1.479949382444598061e-13
1.125982157312117524e-14
7.532439082191810797e-12
1.000505920525020958e-16
3.261557605270424405e-21
1.434212688544201767e-18
1.725966318799583844e-22
6.383379627428230688e-15
1.122445799500715324e-11
3.563493044902677532e-19
2.352065564537042519e-08
6.471192750679945682e-18
2.070722061368803315e-21
3.867181145275674197e-24
2.203708169992799754e-14
3.911472789544165329e-14
1.513502755550245286e-32
1.654505335478398573e-20
1.082195133506047569e-08
2.395142417732643025e-11
1.904975616067263768e-15
1.049284397287803477e-18
9.661968344528732718e-18
3.496308209219511804e-23
5.395012561693057762e-12
1.656003112415760370e-11
2.122588576938560893e-27
1.239627837941054483e-17
3.204795211786404252e-05
5.860592837911677243e-18
3.847475723434135020e-14
1.104601583764404357e-18
1.163593639695105039e-26
1.955699385582787481e-24
6.178401974060721003e-14
1.998246945515702588e-13
9.399852857888690849e-13
7.593764721582681870e-15
1.438168162835853776e-18
1.553131261599631461e-21
4.924211745181890105e-16
6.681323096048016408e-18
1.455886345707345487e-19
5.298103435434667111e-24
1.162093750221859789e-12
1.362454177256111620e-10
3.542305653617441352e-21
6.280700265426375495e-11
1.632335827378601778e-15
4.995769617961525431e-16
2.263252519424385767e-13
4.288984992411258688e-22
3.628119987614849349e-22
1.625267085764063272e-20
1.127319038655219861e-21
3.211158450255879870e-09
1.721988768863075053e-28
3.934434828474854423e-26
1.149782309292635141e-12
6.397689402039144838e-15
1.615150279131627610e-19
2.338579541922882686e-22
1.048516690961293012e-17
9.594833937529928825e-24
4.520924650266988642e-13
1.025302776968666098e-17
2.024944915793389782e-15
1.513925915308370930e-15
6.133681562658921393e-09
6.446227780543267727e-05
4.454796851405262714e-07
1.375507178149932497e-25
4.407312977088577560e-20
1.169340206871112738e-15
7.188008748926222324e-05
2.290186775521829156e-26
2.423501495165060234e-25
4.887780351213863517e-21
7.492410082603212377e-18
7.896619498988884838e-17
2.221544210525769336e-13
4.516190250399654765e-18
1.621091331972721265e-23
2.283726824630372434e-22
1.871669407621335099e-21
1.428070872495995537e-18
9.828443527221679688e-01
2.846418910187368282e-22
5.676622906596208570e-17
1.203554859458366047e-21
7.681608921454248508e-22
5.427666237463324439e-13
1.034807644167743439e-25
1.392449378023741247e-09
7.179096400444664425e-18
1.419005419692256875e-21
2.888925386333317941e-24
2.491360008308944433e-16
1.053685356800618421e-24
7.044808258884621699e-14
5.986711926198040601e-07
2.907879126422009730e-22
1.046825277538884684e-26
1.667559925755104598e-18
5.800770461032462438e-15
1.182004037646834172e-17
1.789545595043406934e-11
1.230091645536441130e-20
2.541218395210809072e-21
3.987126807777604046e-15
6.771758154222595749e-11
5.093753584618603003e-14
5.160699191608615743e-19
4.150142563419932469e-18
1.069389683820394857e-15
7.050770557681662609e-12
1.124578485889315971e-10
2.331156059598726690e-18
1.042056493095315121e-18
1.990353053343373419e-29
7.402951569076233462e-24
9.699305802968183343e-10
1.603875263131614112e-22
3.927013488315897190e-18
1.650594937029160174e-30
1.014051496716966358e-14
4.303552413431431980e-23
1.308751249233763220e-28
6.705572985765684280e-09
3.088557580803626135e-14
2.664342492633158307e-21
1.484410814033278419e-16
1.354721914454040118e-21
1.374838397651704228e-21
1.485786613915301117e-17
1.179791681060015158e-18
6.211815783974117267e-11
5.461861228594523665e-14
1.536805757521367277e-14
6.087025328227468890e-10
8.844929996754125057e-12
1.254631984354092597e-18
1.600529344816870000e-18
5.711694408140873679e-20
8.965949625805175877e-16
6.102496286075620446e-07
3.294752693155070147e-17
4.706625783891720332e-24
4.578900466998524899e-18
2.096980719063208226e-26
7.233204479490776142e-23
7.021279716488970646e-14
5.942948064330266789e-06
2.080976314660851201e-14
1.675290926057450032e-29
3.987565888481636994e-16
7.725834098718572379e-15
5.524675091653099608e-21
2.152490837551560583e-18
1.290569780394434929e-04
1.929885160980118232e-18
2.441478449803375500e-15
8.493714464029918521e-16
7.572514663933826995e-12
2.172403970027855895e-18
1.232576757673187196e-12
7.171538554585343980e-19
6.078195105752939468e-18
2.530694299061919077e-20
2.631801181162810629e-17
1.442887848615928214e-19
2.713790573980427415e-24
3.001014546074510000e-26
5.206084782992899136e-24
3.265029401046963804e-22
5.603922333431167989e-17
5.470510329452782372e-12
5.910277027814368574e-18
1.081996669865542246e-20
1.458338658166802304e-14
2.407171676683316877e-20
2.734258652825616309e-11
2.471939808401657501e-08
1.734145270958220575e-12
3.071303416435915590e-18
2.316914518457382489e-21
5.936307160920493525e-18
6.459097146027659164e-10
1.499586362092007295e-21
4.352432890942225599e-18
1.898635870918596869e-14
5.351010703090222203e-18
1.212655253734832483e-31
1.280719839634992543e-26
1.595694588683045296e-26
1.788700695094839943e-28
8.560650150808281036e-18
3.688800632570289668e-21
1.786807110041361620e-18
1.292853570617118631e-19
3.267124110740251470e-21
1.311520969090909083e-19
3.942387533355256766e-16
5.972487523925680110e-19
4.034435546057535404e-14
3.216702484888298019e-15
1.625644668672093154e-21
1.934592083621834918e-21
2.066783007500883407e-22
2.825837327691260725e-06
1.028566062450408936e-02
4.882952225338357617e-29
1.352446117637882262e-19
1.603639957510375661e-18
5.884834854687646315e-17
2.086745207248671984e-16
1.591804188461054537e-10
4.495902405105872931e-20
2.088346583453972182e-23
1.748529848319256173e-16
5.533741173624484588e-11
1.196717692390075749e-13
7.218650311333810562e-23
4.525761015949925081e-11
5.474480644403562432e-18
2.696067777181407925e-21
7.180909312361864827e-24
3.062570752554449882e-10
2.787194767520230106e-21
1.813720766854885404e-25
1.205801714173563438e-14
4.689287861915394224e-20
8.289936673487152307e-23
1.455238172149227763e-17
1.824933622232732341e-20
4.714058883957545685e-19
3.021022570817632104e-19
1.362167583590645492e-11
5.510268613605669174e-17
8.123352586153487209e-07
1.288935511651102456e-24
8.464328535692872598e-20
2.010593405991464423e-19
1.364599820280571160e-25
6.889531364840089517e-15
1.644171418750586117e-16
5.751775573969101346e-19
1.230462129755971468e-13
8.024584339750838219e-17
1.510073736519200460e-14
1.888154812284214244e-15
4.440178713593923021e-08
3.129269998680683784e-07
1.064733136841489755e-22
6.377854855029764514e-15
3.277233142359605274e-22
3.041167903231628707e-17
7.853454435299009675e-16
5.329559428264884536e-18
4.783030728753266680e-14
1.618470354635747011e-17
2.439300544995032461e-22
1.200452378014905268e-18
1.924656965918476820e-19
3.789299910444700101e-18
1.009928256074272105e-22
1.667132118282049829e-20
3.499854983601835556e-06
1.039482492052809515e-13
5.012803505621832301e-10
5.597197950621152912e-15
3.866453114129052374e-19
3.327192335719978515e-29
7.240917423734434197e-20
4.266937594366027042e-07
4.968322895020191399e-25
3.059255959669826552e-09
4.337097298427616316e-20
1.446091957291173458e-08
1.541987911710113987e-18
1.106117138292459726e-15
7.552688905189059455e-21
3.431502225626549067e-20
5.562520951156153890e-16
2.731240926621776157e-22
2.457780040587731613e-19
3.276832295022696732e-15
5.442850084960147207e-18
6.582836489452126294e-14
5.691814575214948491e-09
5.270027259030030109e-08
1.467562182888570987e-12
8.461682603486161915e-27
2.118023057391843514e-23
6.713228063726095485e-12
6.767365075562215897e-23
1.752345284936757119e-13
1.272969793811307149e-12
2.701093250657776760e-27
2.629060194126024289e-18
4.017325649929587988e-15
2.000107501029949942e-17
1.153789080789826005e-20
2.833077061836775101e-08
1.655527081254656169e-14
1.082226127414765692e-23
2.597573053179762197e-22
1.219638155594012036e-22
2.862936884090450107e-12
3.785042163677705901e-16
3.506173476552909563e-11
4.054479462670818046e-13
2.586955343853882710e-20
2.296684706564605660e-13
4.903865815265494798e-19
1.980817853491911862e-13
9.563936029268714584e-28
5.186853636022581853e-25
2.246985150028413258e-13
2.183581671033607563e-08
3.022909478072807743e-14
4.572063091316835078e-16
1.329357826530908011e-18
2.129147247777792712e-14
8.211089473807678523e-25
5.851796996324482372e-16
3.112994820145091601e-14
4.960382365276627681e-12
1.099074362911325026e-18
5.759588227356726708e-13
3.608855888189026993e-19
1.530902297250206867e-21
2.845427615316004077e-13
4.717078545557761726e-20
2.544485491244260524e-15
2.645517727894591043e-19
1.962001529090282106e-21
4.532057831097132880e-15
9.240882334336416482e-19
6.947140299044341025e-16
1.705192466364173964e-17
1.064052182010683391e-20
2.615481720091850093e-10
3.790131592905018887e-14
4.799078559111405913e-21
1.033090020045127958e-21
1.583122793961273581e-22
2.131313731740253618e-17
3.096607847752577125e-26
1.601199199554324563e-20
2.093822897509872242e-19
4.849397966522062120e-11
4.513899373693189154e-18
7.352198710952606575e-12
3.410900431686090975e-17
2.599800375677216669e-17
2.234346149427970543e-18
1.596817188025123624e-12
1.041021618680606359e-14
6.288729716662246664e-23
2.389572753869109706e-17
3.134930877072433526e-16
3.430116374983095967e-19
8.344853128817997234e-13
8.789909047841640527e-18
6.006557128802784507e-18
7.156831929529004705e-20
1.567768199875300972e-14
5.175729708539582048e-16
1.655485673751244622e-18
7.413988811039816311e-20
2.067417095158677504e-19
3.325781093970971947e-23
3.975099888796459633e-22
1.029115211549716973e-25
6.493779784190988058e-15
3.005381753826869581e-17
4.705472123056608780e-11
5.741914904382584758e-25
1.658364980441136977e-14
1.069975596527781480e-18
8.760797019305263248e-23
6.210444380982949042e-10
2.238363403771622606e-19
2.450641440468535708e-15
6.112121587704556877e-17
2.108742732298204969e-13
7.353501708511631443e-16
2.756573452573213290e-13
1.191244994265867005e-21
2.738191424809852344e-20
1.615062572945096413e-21
3.873516566091594665e-23
4.216260231438206593e-15
5.889294829586333435e-09
5.997212986410655799e-19
4.364688977924240044e-17
6.176958684128708299e-12
7.181722698889520288e-19
2.697346280137749529e-19
5.676855757938642247e-19
4.681228495118094912e-12
2.749935966873257032e-13
1.575666492802028082e-19
2.021151461781908841e-19
1.411241393865086500e-23
2.253748090748056619e-22
1.014749084760069309e-08
6.239702764893051423e-13
2.071051142573927892e-16
4.867871712391319463e-28
2.014630693615576755e-20
3.033265305596444250e-10
7.190597054392507161e-21
8.740376477560290752e-21
8.983216187449259241e-21
1.415242784075232407e-10
2.111358602692355362e-24
2.685342417793594629e-28
3.486065481453941142e-24
3.495519584972562358e-24
9.692283420292824303e-09
1.520316263529571263e-21
8.895321701452019170e-10
3.484002022012097264e-18
3.222158079887793048e-21
7.294193732094306215e-15
9.321524172254211150e-21
7.666023371655228402e-10
2.627722021366577648e-14
7.953885714395346339e-23
4.305733499561870614e-17
7.772592037942683868e-17
9.564408310789361687e-21
1.941154614826245961e-08
2.348992350071771261e-25
9.473353794073778795e-18
6.899676278449354272e-17
8.044465318145643993e-27
5.730604051626929114e-17
1.143237192535576964e-16
2.857070324699828604e-21
2.048740882041484534e-18
3.119561553521776887e-11
6.182141929454709750e-13
2.960980636999011040e-04
1.551561410275716091e-14
3.420422278743728839e-11
4.741551737084460406e-16
2.413376268305730127e-14
1.150680226662915586e-22
2.391279359821704611e-16
5.587449253274812122e-11
1.270390903584939224e-09
7.856084174815213759e-18
2.818296435434797168e-21
3.156787587431054155e-21
2.012730163611831051e-23
1.770837572715941444e-14
1.327240938994486805e-16
1.014389356632250657e-19
3.479773977646538619e-13
9.050553394159303530e-16
6.153903224907161603e-18
1.103670695382552493e-18
1.180465191063360153e-21
3.881531127770791473e-17
1.566947557298309563e-16
1.214806960172420803e-18
1.152875699556391855e-17
1.250679379345190381e-19
1.321139734205634478e-15
1.615885758532442651e-09
6.265336692382397765e-15
9.894863734330028457e-19
1.265777131377501374e-15
7.343857209805222247e-24
1.078992899180375173e-18
7.522915180105187952e-17
2.816174661501573180e-24
8.588994722695184048e-14
6.735454060031282556e-16
1.863554307342165511e-14
1.487112155337280859e-19
9.178037907683159619e-18
5.410300408302737660e-21
1.191143999603740903e-15
8.610836454488921434e-23
2.885237303829228667e-23
2.302157745576407186e-21
4.471933314918654506e-15
1.242244954681111008e-18
1.005428935571467056e-18
9.125203678298547112e-21
1.154265145850570147e-19
1.843172954739526601e-20
8.378797752383592138e-23
1.428939866926954406e-22
5.185032363688088158e-18
2.077296693210179381e-21
1.680299366100174828e-25
4.167738037633398069e-25
1.498256857957905541e-17
4.074820044103547034e-14
2.175059120788952065e-24
2.297945001150586280e-22
7.181527794457687481e-20
2.545538475206837970e-19
7.143521430250290087e-20
2.701142942214139892e-21
1.902097062277164958e-18
1.261645119372337685e-16
7.558240415990800078e-24
4.786272495895976299e-17
3.971399373844504075e-23
4.321743407855170099e-25
3.847862732787735510e-15
1.181364527771657175e-16
8.733055251175514400e-11
4.494209579982283160e-18
9.931590177714047639e-25
6.195898667618595972e-19
1.263410141336778967e-20
1.887782546680569961e-20
4.960467402302334329e-16
8.873197929894053888e-16
9.830356277598845983e-16
1.101526229644508769e-17
5.507526038123612791e-21
5.034125916791160320e-16
