2.307552164688866751e-15
3.486782963526831140e-15
1.177299035169665498e-12
1.017190009240596212e-19
1.774796240751938520e-17
2.680890710923137588e-18
5.964719669117559365e-26
5.660354331898821898e-18
1.524405703393332673e-14
4.582403250255606686e-13
7.938437407428722281e-11
1.095298180017443885e-18
4.158074926041699371e-12
3.873394052823433834e-16
5.923514683500390241e-20
1.799236603200725268e-22
4.637438436733143377e-12
8.258546163554189579e-14
8.894599507708189368e-18
3.069236537654389926e-20
1.235493926574108008e-20
1.028795062429031090e-20
2.090792410079991837e-15
3.869491803799168794e-14
1.913773366125567921e-14
8.020160056909642066e-12
1.751378658348888800e-16
1.694002155279319792e-15
8.135717793900099082e-11
3.303752060877622465e-15
2.102107340887210797e-16
6.225975845985942669e-10
8.203452260752749220e-15
6.334563096288547968e-09
6.386486450793427139e-09
1.024739334622619478e-16
1.744413532893396290e-13
3.394325082169287987e-15
1.328506315373401137e-12
6.978601882032223918e-18
1.581457621108173228e-12
3.264066661474627172e-15
3.586610931497993164e-16
7.985912653497249112e-18
6.123365288334867672e-17
8.435975510268263478e-15
1.751584891019210521e-17
1.208402952354581394e-13
1.148066423829405269e-14
1.608386895890490109e-10
1.117073742399254596e-14
6.456568678141205719e-13
1.806306738569036369e-14
5.069880713165497710e-12
1.624302990423315621e-15
7.634064821265829082e-13
3.403049362707329670e-16
3.965791384560138106e-17
8.935383383112320381e-16
2.269726290596296714e-13
4.772680656981295911e-19
6.399554145072525180e-14
1.836692554773797226e-13
7.660862157325974535e-20
4.894935110151229282e-16
8.579204187342259758e-12
5.065815727512724964e-14
4.906867284455024292e-14
1.159976194958778350e-11
3.221815175757924976e-11
1.085994278669646175e-20
1.062410092345089652e-06
1.022816323746119982e-19
4.510838808735465402e-15
2.734368945651062376e-20
1.298087917834565906e-16
2.232904379245118781e-14
1.154154811950974455e-14
1.121499421108396177e-10
6.249113032597009010e-11
2.707258516757710121e-13
1.081485636179706222e-13
7.053736748478334553e-16
4.962554672749419638e-12
6.578615057237512153e-17
1.011302153131055093e-10
3.184836725941830871e-12
9.317343341308514937e-09
8.859153594232985554e-16
2.496670405138790017e-13
1.186384974635745770e-13
9.132295096074377085e-22
4.830236086661985652e-16
2.040365785872864761e-15
7.862187837157665981e-19
6.301213913803912308e-22
1.324372858965304142e-15
1.317378606376096162e-12
5.948149972567762234e-09
1.653956971381376206e-10
4.968689847582863361e-13
8.302883662721083358e-13
9.745990681153671176e-10
2.653527120255461114e-10
3.111446994488926455e-15
7.688683498349794783e-18
5.501500188919877374e-19
3.717158023789548357e-23
3.774753939372955109e-18
3.475381440964930846e-12
2.494305830080817280e-16
9.019381908004220350e-10
9.044045373718390124e-11
3.655803941228453688e-15
9.126010900748979249e-14
2.137626420274305050e-13
6.134628365671027521e-19
8.974154198690517843e-16
1.300674290494185925e-10
7.990112044220509802e-12
3.752692805392143782e-07
1.072873072934660277e-13
3.308676696784478860e-19
2.414708185263640151e-15
2.111501432580628520e-17
5.298236580009339037e-18
5.636306699141613308e-11
9.943808754344872696e-21
1.875335934154090411e-19
1.527205486097187037e-14
1.064324774211671413e-17
6.387064220748786894e-15
3.790364388495479278e-19
1.634628406753640267e-14
2.848837981719886704e-15
2.070077848777973498e-16
1.248588080020633043e-15
3.431843432480027878e-14
1.721572884250122115e-10
5.597549261437961832e-06
1.743143796920776367e-01
3.577559226641824353e-08
1.040423858178485261e-09
2.041960156518030090e-09
1.296513785220554382e-09
6.647887795807605471e-10
9.436269582559220215e-14
2.909609673421714726e-13
3.007267612015196434e-12
1.750263454135259078e-12
9.577446462571970187e-07
1.393627768742078388e-09
3.420319305710660786e-16
1.710407364497468585e-19
2.058785787860330403e-15
3.356924073963165582e-19
3.584892530466851137e-21
8.482665978024170241e-16
3.075897592186294105e-10
2.009822308579600758e-10
1.111357117444811138e-10
2.197926751905271447e-17
1.076030237134872891e-11
1.025096213426099356e-14
7.021005277814060253e-14
1.332743637671995884e-10
8.509059342548530580e-13
7.365674736803384803e-10
1.225283031503279774e-13
2.028309676007789604e-19
7.402969703180703465e-14
5.086494420103448988e-11
9.707609024189878255e-06
2.276210632739389395e-14
1.237051260039034872e-11
5.666034624178615392e-15
4.113866799299037424e-12
2.878489981095189165e-12
1.075348362080981847e-16
2.077696770186321373e-08
2.074845539823400031e-08
1.854471742455347100e-14
6.603879249000854657e-11
1.733901986366868432e-16
8.131253374614455520e-14
1.144615738996046517e-11
4.554629649778860201e-14
1.960901952409019111e-19
8.250361633585962017e-17
6.953848439997592501e-14
1.648580057189708015e-11
4.290499545831053018e-16
1.252887598085072191e-14
2.092184304415192979e-19
6.412787510214068565e-14
1.065277261539475001e-21
1.938686849944915025e-10
1.313008729519893336e-12
1.221963526323649116e-14
3.961801109397811160e-09
1.287993319062872731e-20
8.716932046425521209e-20
6.394990391109723113e-18
4.746268056239441753e-17
3.240007315956411861e-18
6.694509391280689670e-10
1.911860358916328551e-08
1.175258383721931171e-14
1.046574951146794774e-07
1.279924910937253139e-15
6.037461112648467854e-14
3.983342523476803561e-20
1.007500816210759252e-19
1.615638319828936959e-16
1.523324235549080024e-18
8.936562586978157601e-19
4.319701589022796259e-15
4.453051399954910875e-22
2.588523949713921745e-19
4.856151555991598503e-18
1.442126551646695328e-20
2.359338488534573793e-15
1.350637444835528674e-16
3.339328759466297925e-05
1.868323385715484619e-01
2.917916694942027100e-14
1.307170212729632380e-14
1.473136990171042271e-07
1.767344170613448294e-17
5.036094358494852760e-18
7.034940338601636256e-12
9.180335815424831930e-19
7.009279839602707763e-19
5.522400706213861921e-15
9.014843940940940321e-17
2.271577059786977770e-08
8.257242545967047320e-13
2.090776510255132337e-11
1.973787236084212360e-12
8.934780885175158128e-21
2.154558995878096291e-18
1.334947370744757333e-13
9.043476010368520224e-15
1.760127876782036083e-10
2.404394923856108604e-15
2.052450050193943554e-11
4.369363182377128396e-07
1.671314494612460163e-27
3.558304347715285528e-17
3.596547633820910972e-14
8.386786612955311748e-15
2.764808471056312555e-08
3.603768542262408836e-12
1.689187381779109934e-16
5.363600557449401795e-16
2.073330222784885990e-12
1.171806809165164623e-14
1.563783689128780963e-13
1.698985461866253655e-15
7.989232244653976522e-07
1.005722631911010190e-12
9.441007023269776255e-06
4.981071544918744189e-17
1.187727623501097507e-13
6.379546413706749242e-13
2.250886380495559225e-13
4.526865536071122964e-13
1.839762337699918371e-15
2.485024963583271074e-10
1.885325425778853342e-14
1.458878938132208460e-15
1.493182713704823555e-14
2.617283278993909335e-08
8.140981435644789599e-07
1.516036211499094399e-12
4.775007429388966607e-13
5.657688808549318771e-14
9.628624694036720173e-18
1.469000268650155760e-12
5.700846386771638211e-21
5.841975666241727705e-13
1.288073431417310552e-14
2.092961634988130498e-16
7.483418745790615390e-11
2.745919424306114361e-20
7.909881652662723028e-16
4.061984781510721996e-20
4.600845613885996472e-21
4.295193233324474914e-19
2.607271271283225865e-21
2.085334897391493574e-16
3.334984814275209913e-18
7.850092773289594171e-16
1.410748740049427852e-10
6.928551499272355362e-17
2.648669908481829025e-16
3.422134867893541176e-15
2.862595226151395033e-16
1.488264350722142456e-17
8.487064328951686204e-17
2.361175067722457929e-15
8.179405915205040792e-19
2.099100893104832721e-10
5.385107290645230194e-12
3.638025808665018221e-22
1.256382693194668665e-12
6.709294612125635965e-15
3.302564888230108409e-09
4.426346047554253270e-21
6.992206993318326661e-21
1.112675608523931367e-15
4.120890087500050925e-11
2.164122006598212522e-11
7.681995908533426065e-15
1.123351764257055074e-13
2.584072279071536471e-13
7.949618509317264020e-15
1.087986358351812025e-17
3.269769776660137739e-14
3.416065057917657686e-18
4.956341716574495446e-15
3.571668691281998519e-19
2.849875800153113604e-19
4.251131907033189358e-19
8.090367612458464692e-21
5.390917618152536747e-18
1.032343744960162370e-15
4.183062469136468800e-15
4.002226610018422281e-14
1.186661527716650747e-16
1.080191395885776728e-05
3.330105524668169892e-09
1.359946877332873783e-11
1.535148885803102123e-18
2.508713728164714920e-17
8.023523987263364150e-20
1.645390192868976342e-20
1.604743220902024592e-14
6.233257556201517483e-18
3.785887451270838489e-25
5.278928336127641785e-11
3.441371103016233057e-12
8.646944651188176456e-14
3.639812078298300705e-17
9.968231752185974237e-13
9.416613505391826372e-15
2.278195739154574573e-14
4.008146257927242080e-18
2.347009803218918018e-18
4.251027545791206605e-15
5.851370091719066205e-15
5.846955271294682066e-14
1.327869342260257213e-10
1.354874967773866956e-07
2.899220983730230183e-14
7.151698110605376766e-19
6.856590888796080217e-16
3.679615413804311359e-16
7.953584622508169666e-13
1.205493712665151040e-12
5.068381517364900328e-16
1.336818102301074764e-16
5.457193396781816707e-17
1.656621617229098176e-14
1.097822801090532485e-14
8.803087689360835364e-18
6.824124327686059699e-14
4.420598363680882951e-18
2.188899762967704758e-16
8.444774827337520051e-13
4.545937948245552286e-16
4.848431413160192091e-15
1.066287832226890664e-13
1.489643979457784539e-14
2.162287016105324255e-10
9.956501718059876729e-18
5.189794584749621298e-15
4.648680461297009792e-14
7.473310813131607989e-17
7.275199732936177776e-17
8.111377313392779691e-22
7.607044334723145340e-13
2.900791713686684677e-18
6.642054267702590664e-11
1.226649026714240207e-16
2.528109955476225845e-17
8.539040785224272234e-13
8.876460677645820301e-19
1.082994496869112683e-21
2.285842074976028593e-15
3.644108972911119793e-11
7.305770978417377992e-15
4.734485870017124398e-08
3.475189320339966415e-12
4.189838038147486454e-13
2.127349928567013812e-15
1.452523339529434584e-19
4.639874845081952504e-18
3.405688749134709592e-14
1.014599746440580930e-07
5.610785947281887991e-16
5.494809331740089071e-19
2.124812471966924105e-14
5.996310761292866776e-13
1.080112674255103520e-17
1.062819036663125823e-18
1.489484690279841938e-18
1.413559643009977772e-19
2.517458774775604979e-08
8.873994204391943974e-14
4.904654813220972378e-16
1.529529782828831230e-07
1.342271766283618939e-14
2.997287834594075662e-11
1.277153789997100830e-01
1.902502322348453845e-10
1.149917921300369628e-11
4.897275964593317463e-21
1.140302538260584697e-05
3.513028084579927768e-13
1.376273849896245734e-15
1.398258007156982785e-07
1.894169805000903845e-15
2.548204431750827892e-14
6.037424726823559240e-11
3.202235004939879559e-11
1.714916967081469868e-17
2.351709474536891123e-15
3.963831622958921552e-14
6.004619544641709439e-13
5.090463878058056751e-15
2.743905867574046039e-22
2.541036803216959540e-17
2.374135730606632792e-15
6.202521179000272081e-17
5.207305720384683076e-15
8.182591409999773191e-11
3.149225942956218605e-13
3.078499668045276722e-20
2.370021225713697666e-13
3.642104395851220033e-09
1.505728975836360884e-22
7.442518823452815013e-12
4.152698814868927002e-02
1.149902283039284240e-15
5.508978625440392728e-18
2.230770235200907337e-08
5.672896374875335823e-09
1.463089279385092398e-19
1.244339158622265185e-12
1.042553865460149609e-08
5.149944966833977077e-16
2.502139561353939473e-16
3.243938440118781840e-19
1.449128212480772174e-15
3.135221466124549217e-12
2.673865465980724724e-17
1.707027933821314829e-15
5.281843851179246485e-09
4.995539398811033038e-11
1.912231262224395323e-09
1.874608320237894626e-17
4.373916864548049732e-14
4.753089255758018246e-21
2.195703471472021384e-12
1.995361344597768039e-06
5.825779532316619283e-15
1.397486848464524201e-10
3.432498452138332823e-10
1.152843653873247831e-10
8.021341024126021901e-15
4.000217865285371488e-11
7.699257897897382463e-12
2.657724908206038350e-11
1.666282155047475559e-16
1.351270051392185548e-14
3.998065821392364608e-19
4.846540920325215218e-13
1.163354079736222957e-09
1.848598924218854134e-14
3.284918420831672847e-05
4.500243233618306249e-11
8.902274585739823891e-17
4.182445543153170879e-20
4.947881548922339334e-10
1.012005035327945279e-09
1.530056276913603931e-26
7.415381197972692462e-09
6.553607818204909563e-05
8.603010748231554317e-09
7.504784120537788539e-12
6.305107430354828929e-15
2.028368961779370566e-14
8.277428368756223109e-20
2.345301958282114407e-13
4.572689578060448040e-15
1.295435454339187424e-25
3.744880228832541259e-17
1.353599714093434159e-06
4.319540601940841107e-13
7.644607169510209133e-11
3.151651812031407072e-18
1.911342604629205730e-23
6.026349227953357118e-21
1.673405236265763235e-14
3.393266841556635827e-13
2.517512413813260963e-11
6.485273984502271105e-10
7.004326182643086374e-14
3.904340517102200481e-23
8.971835996568824911e-14
3.219789072948092690e-14
4.590523707687088617e-12
2.640291529698647123e-20
1.068872312708080141e-12
5.272820027824032252e-11
2.783594489753487196e-18
5.509652734048131606e-10
7.701515748921583526e-13
5.313037336474035754e-12
2.136183482707998404e-13
2.408237712160093127e-18
1.529920020272800147e-21
1.487274116796638568e-13
2.977816083990631817e-19
3.890821972163394094e-06
6.903424502638531120e-20
8.114100082584368117e-22
2.349459577999368776e-07
4.082169444055011587e-13
6.102453950691290319e-15
4.661223579289835647e-15
2.096608748159561886e-13
4.737368585465106239e-17
2.150217124578107653e-13
3.796464350031870938e-15
1.284678474711142826e-09
2.262708943823188434e-11
5.207123467698693275e-05
2.870175137559272116e-07
2.635260534589178860e-05
2.835162583501268047e-18
6.855679693103071404e-15
2.234523567427090102e-14
1.429555368304136209e-06
1.589743717422745465e-20
1.598244290686434939e-20
9.132292497085817140e-15
2.703881633566232456e-14
1.308607999739308525e-09
3.927147235877059828e-13
2.838942625192706747e-16
6.900629860014323645e-21
5.377616517506737109e-15
7.975078572706274576e-17
2.390440140753388731e-14
6.246468983590602875e-03
4.361170813342929507e-18
2.768073760776103591e-16
2.593656408959417800e-17
4.537649176645658547e-19
3.437015649865315936e-08
2.648832414385682114e-23
2.523490911698900163e-05
1.082626606500316710e-14
1.843743895477826015e-17
4.068047756906794266e-20
2.699550869303402045e-12
1.976742461139409591e-18
9.619521845749545719e-10
5.581254954449832439e-04
1.113881148166111050e-16
2.349449445662540261e-23
2.832032424529887758e-15
3.390113884060852456e-11
2.791209375175435214e-13
1.712303721035368653e-08
3.860249424971027177e-17
7.955054846182080925e-17
8.484142038813879266e-15
3.382431001952568295e-09
2.056712656087200664e-12
1.120023236482470264e-12
5.775787292015832630e-13
3.202219305692421969e-13
7.104156846127196445e-11
1.655720751614353503e-07
1.997188662551403066e-14
1.745906208226093902e-19
3.297127180981493352e-24
8.355670659114578013e-18
4.408652335405349731e-02
5.238125881882993362e-19
1.408131640803778062e-12
2.980570118706011156e-24
6.525313465564550053e-14
7.154013699332642398e-20
3.561211582424389506e-24
4.895106826552364510e-07
2.008877203709788137e-16
8.412944463781990653e-20
4.128277233950150560e-11
9.494147460312136804e-18
4.601072466276813488e-14
7.346285649545514847e-17
1.108097433255572639e-10
1.040141683006368112e-06
4.382637373671893766e-13
3.564463497696124250e-07
1.469018116040388122e-07
6.346847492011420400e-10
3.085185373234017314e-15
4.127385065666455688e-12
4.310828495383833836e-15
5.770058875143035948e-10
2.154282441324539832e-08
1.296147217333398771e-10
1.473992507305397538e-17
1.241197103456952514e-14
1.116891332473705735e-20
7.414029412373002864e-15
5.331014709536452401e-12
1.322420407086610794e-02
7.011879965546086169e-10
1.653847791514904271e-20
1.254215806732739136e-12
1.713852042055374891e-12
1.707868190504991095e-15
3.492623560100614961e-17
2.797271299641579390e-04
2.941621420190707048e-14
2.256404630740331541e-14
1.208821365454701337e-15
1.223779566572602562e-08
5.049162043330168714e-12
1.148295014630207334e-09
4.280127901407082547e-12
5.586682375394169675e-13
1.392299819137415504e-16
2.584948551596129990e-14
5.921061395050528672e-17
5.275694737016596961e-23
2.591246514937634518e-22
7.157842821785726932e-18
1.189358560030047245e-15
1.056740411423454356e-15
7.384773348384499059e-11
2.098309048216562278e-13
2.371866735722501354e-20
1.064029073183370144e-12
2.152491110521162726e-16
8.425199382600112585e-08
1.295088586630299687e-04
4.021318055023176408e-14
6.676446288184090250e-12
1.695583608143490933e-14
1.153383486808545744e-12
4.069249825988663360e-09
3.171541493937336505e-17
1.507148063543560425e-15
1.620290707160521038e-10
1.580693719362494254e-13
4.477473129408142107e-24
3.673979943023329738e-22
3.936653864764896451e-18
3.062616830931978255e-20
3.306421976490003800e-13
9.568319091478541690e-18
3.557693888423221393e-17
5.929116789551991396e-14
5.344952597720006339e-16
1.110652787966769691e-15
1.692247009838984684e-13
5.550024568206192790e-15
6.118646700414842599e-10
4.161302413763223740e-09
1.121357130415279180e-12
2.484011802673935509e-13
5.952154783404151961e-17
2.563223009929060936e-03
1.480390778851869982e-06
2.766526884433768441e-20
3.586681394051292882e-15
6.391996493600648685e-16
6.286009581780993560e-13
1.771178689824459696e-12
7.544341540377530464e-11
8.002986385123379587e-19
1.580814280738250511e-17
5.785555953589927025e-13
5.733357966164476238e-08
4.541163018539906560e-12
1.808144688891503873e-17
3.356582567448640475e-09
1.026331127906192022e-17
5.791144672740746163e-16
2.243987973443041772e-18
1.926747650315974170e-09
6.316530035262383918e-19
7.351537401806272974e-22
9.417678858980593759e-10
3.575462389725350470e-17
1.164517704195259184e-16
4.327485821808063279e-15
1.064182126915036643e-18
1.019362054483071919e-14
1.759471474765961219e-12
3.464825226728862617e-08
1.459983609702897311e-12
3.746925592422485352e-01
2.094086799144549628e-17
8.018050895041618758e-19
8.280161046763756354e-16
9.289886937204758681e-21
2.488686756674240996e-10
6.402612814926378348e-12
7.464869724493718735e-19
2.384361597052020443e-10
3.574479601198277123e-10
3.417829907981229098e-11
8.068464646404649443e-11
1.498816436651395634e-05
9.855381213128566742e-03
3.201012936206108161e-19
2.636950553747130499e-12
2.837932811372708137e-18
3.209875399333428359e-13
2.991266739513220863e-12
5.118321322328256429e-10
9.696196846665605489e-16
1.722816008777050545e-12
4.998921792344908819e-19
2.803639091719656307e-11
2.945340551279687549e-16
5.367126353268171501e-14
1.536207521890805145e-20
2.370663073399809084e-13
2.222076545876916498e-05
1.639421515209349423e-10
5.277411219140049070e-08
1.095131985096031713e-09
8.240273630002840910e-15
5.402720906507629343e-23
7.762925274432144166e-17
5.945286147834849544e-07
2.867347808904430705e-17
4.072550655109807849e-05
4.224107978459627885e-17
1.624563825316727161e-03
5.216712614187005159e-14
1.157835871450074716e-12
2.992443735839143970e-15
4.351435390400476555e-13
1.240030040455808447e-11
8.019462271961787361e-18
1.148338067295589723e-14
1.384280745586607964e-10
2.570630814875511649e-14
1.307184070188649461e-12
4.713518079370260239e-03
1.601519272753648693e-08
1.153856654667606563e-08
4.481835104229125483e-22
4.206319655842070506e-19
2.651216579607762469e-09
2.414095339969099108e-19
9.910355203146536951e-09
3.364663825333735758e-10
3.424986239598133303e-20
9.280601287464662619e-11
3.571765452847763811e-11
6.413533576834010153e-14
1.115180105377977515e-12
3.889187496497470420e-07
1.416600398183170961e-13
6.704676265896766624e-19
8.441067958373940037e-21
2.098940198670643263e-18
4.658665963305601287e-14
1.562911312955744814e-15
1.481603173481005342e-09
7.702428028721897135e-09
5.396394052101238792e-13
1.408689399795548525e-06
6.328415439252332853e-13
1.045412298394943207e-10
1.459404835991022217e-19
2.792522418529730732e-22
3.890646919219031830e-12
1.194592114188708365e-04
3.241937968079255938e-13
1.094694793119617079e-14
6.470449611617628042e-17
1.188564437842876131e-12
2.641519093192657092e-21
1.058890253041386287e-13
2.993247360041917382e-12
4.527658603592499276e-08
2.435661481531292694e-12
1.430656461354207210e-11
5.044903418428236229e-17
4.816043015654974158e-19
1.649858805130577366e-09
1.561985336537806413e-14
1.302621205345744215e-13
1.643816352506623495e-19
3.052161199746907449e-16
1.073460140221804693e-10
2.000694203694821554e-16
3.692423699696439909e-13
1.256400582530514676e-14
2.542373733881998371e-18
1.156845996774791274e-06
2.077046090676049062e-09
9.828317839871719306e-17
2.467598351858297156e-16
1.023222831318401510e-18
2.139303708140194438e-12
4.946299340584155494e-20
3.753033847392149959e-16
1.186644708818691829e-14
2.218269345988232999e-09
1.820374521160875885e-16
5.573963957061778274e-09
2.590913811620354501e-12
1.686649816123528267e-13
5.059219015945970455e-11
6.152261859682095491e-12
1.592785972559518370e-11
3.473426418618933299e-16
7.117322790156643819e-12
4.996961733283455942e-10
9.611715898088829708e-16
8.856941222101788469e-12
1.577190424973968358e-14
6.669910734835582389e-10
2.130162799623969150e-12
1.912057356889818038e-08
4.628447215879356869e-14
1.789454110064092607e-12
1.772269397209980113e-13
1.171677680315844685e-17
7.051681117802175962e-19
4.031973311794105682e-20
2.274315966466575433e-24
2.310279884065735700e-10
3.225773381049235056e-12
2.562916051829233766e-06
6.493509980209049799e-20
1.868577688413086690e-11
1.305456072154273853e-14
1.035909965426339788e-15
5.989598261813000590e-10
2.324419953389500471e-13
8.577611489268680868e-17
5.301340014760361208e-14
1.119580192443514477e-10
6.684750951564677468e-13
1.479608657817266248e-10
7.590422647210171622e-16
2.804611701552387661e-19
9.280369868828166641e-19
1.007251628051227652e-18
1.279075153085007521e-12
1.476936631661374122e-05
2.881327823001066915e-17
8.351370132551536041e-14
1.312026320920978151e-10
3.291507374098810226e-18
9.412261873625307404e-16
3.265148428427389320e-16
1.856108866604699870e-08
6.612198717448336538e-07
2.849914137079373293e-15
2.314975773196840253e-15
6.085212983618021782e-20
3.586212759838334639e-17
8.957966883826884441e-07
1.788535652913481044e-09
1.589436319105602680e-14
8.350773626497796738e-23
1.242675750344128624e-17
2.225926942767131322e-10
5.552164898041173750e-18
9.723814157387484938e-19
1.266359651817195917e-16
1.451404317912019515e-12
9.096398489946626000e-18
1.289939798636625748e-21
1.931103021257802042e-21
2.208170225738883120e-18
1.026210156851448119e-07
1.329986152924203291e-17
1.085333246737718582e-02
5.349637996863690454e-18
2.424567098198264492e-14
1.854901648945528336e-12
3.727747994857587971e-17
6.131813279353082180e-08
5.809714959548878399e-14
7.933175588107808322e-17
2.078830081403274573e-16
1.045767036064303851e-14
5.067393135794572966e-17
7.023039643172523938e-07
1.213069880886059445e-17
1.065512559910927748e-14
3.385183055569572323e-15
4.643269801111023268e-20
1.712842432992356390e-12
1.377272438213587510e-14
2.873755414627062474e-16
1.193831423387141984e-15
4.640053063997839899e-10
2.579872730376631118e-12
1.108652650145813823e-04
1.092121948431667988e-09
3.685568794598026443e-10
2.093129706018381775e-12
1.848331349085796660e-10
1.442918997135869664e-20
1.382303820018915275e-11
1.504623069195076823e-04
1.606900497108654235e-07
5.767808539808294555e-12
6.917063614925218914e-17
9.282037671738226683e-18
8.563254942557210520e-18
7.596163281720080818e-11
9.265027695057808732e-17
2.766657925352433326e-17
7.891596709441728308e-08
1.983971494035063898e-11
1.798279915547675717e-14
5.625016100795760237e-16
2.339501278003621048e-18
1.444641021391968039e-11
3.521606563219176200e-14
5.424625228114072624e-18
8.919692648335850182e-14
3.779528773284468457e-15
1.104403786304775092e-12
1.337950905622165010e-08
1.420930159558991823e-13
3.069970319624637511e-11
9.115665037043307883e-13
8.023095533555455824e-20
8.782880564321693395e-14
7.216990702358576197e-16
7.914358279950098826e-21
7.201339676486673280e-13
6.770696199878689647e-14
1.745038304395291062e-14
7.472672105621625168e-20
2.299555750150312529e-15
7.593977935657373539e-18
1.127078140018833441e-12
4.429069830526768215e-19
3.906579354838315646e-21
3.452132275022756205e-16
1.712770441968103352e-12
1.734131588326803808e-11
1.068516646961659849e-14
1.019631328903982022e-16
2.735576928826130572e-14
5.731363734301497814e-17
2.335389621672561370e-19
2.416131238251745247e-19
3.942250578715597586e-15
3.853905611417235498e-18
2.183542267168612120e-19
2.030435452431920067e-22
2.638799687657358839e-14
7.588947699421755289e-12
7.865003870155526195e-20
5.547798263286294601e-20
7.626994882894652140e-16
6.018619076495032756e-17
6.120656106392633996e-17
1.265320088446466837e-18
3.256329227259695952e-16
5.551392949932482113e-14
2.796311202599359451e-19
6.058118552166105730e-15
5.497908932591690119e-20
1.517447647209470679e-20
1.332490649937068117e-12
1.587347549410200731e-12
1.172362118495584582e-07
1.670130286111036562e-18
6.078227346409783430e-21
1.878246644383707066e-15
3.284723293663987197e-17
4.642231896237422357e-17
1.062797961616512854e-12
2.012881614860129176e-12
2.848271965505411174e-12
1.528295854669528553e-13
2.684791694691937667e-17
3.744252087198307599e-13
