1.261608839035034180e+00
1.323174387216567993e-01
5.503030866384506226e-02
2.706839740276336670e-01
2.139048725366592407e-01
1.851536035537719727e+00
3.860661685466766357e-01
5.469693541526794434e-01
0.000000000000000000e+00
0.000000000000000000e+00
0.000000000000000000e+00
4.891537725925445557e-01
0.000000000000000000e+00
2.180819958448410034e-01
4.050670266151428223e-01
6.462747603654861450e-02
2.804796397686004639e-01
4.286666959524154663e-02
3.962876498699188232e-01
0.000000000000000000e+00
1.114721536636352539e+00
2.376911938190460205e-01
1.002959068864583969e-02
1.919823288917541504e-01
7.208584547042846680e-01
1.294407546520233154e-01
0.000000000000000000e+00
0.000000000000000000e+00
1.433143168687820435e-01
0.000000000000000000e+00
2.359797060489654541e-01
0.000000000000000000e+00
7.770638465881347656e-01
2.462522089481353760e-01
2.193822413682937622e-01
0.000000000000000000e+00
2.914806008338928223e-01
0.000000000000000000e+00
3.300455808639526367e-01
4.373682737350463867e-01
3.822764381766319275e-02
1.329300284385681152e+00
3.176571726799011230e-01
0.000000000000000000e+00
4.831567108631134033e-01
1.777135729789733887e-01
1.057960391044616699e-01
1.026110768318176270e+00
0.000000000000000000e+00
1.790318191051483154e-01
0.000000000000000000e+00
6.335469484329223633e-01
1.408658735454082489e-02
1.433798313140869141e+00
6.399887800216674805e-02
0.000000000000000000e+00
8.273719251155853271e-02
1.904232613742351532e-02
1.892502978444099426e-02
3.465951383113861084e-01
3.752241730690002441e-01
3.081715106964111328e-01
0.000000000000000000e+00
9.084061533212661743e-02
1.728719770908355713e-01
2.517474628984928131e-02
1.033869162201881409e-01
6.834882497787475586e-02
1.644237712025642395e-02
2.864806950092315674e-01
0.000000000000000000e+00
2.962575852870941162e-01
8.987551331520080566e-01
4.187674224376678467e-01
1.073231473565101624e-01
2.676618844270706177e-02
6.562441587448120117e-02
9.989314712584018707e-03
7.673394866287708282e-03
0.000000000000000000e+00
1.350867748260498047e+00
7.914355397224426270e-01
4.018726050853729248e-01
0.000000000000000000e+00
4.843414574861526489e-02
0.000000000000000000e+00
0.000000000000000000e+00
6.474486738443374634e-02
4.259930849075317383e-01
1.711245626211166382e-01
0.000000000000000000e+00
5.025610923767089844e-01
0.000000000000000000e+00
0.000000000000000000e+00
9.928060173988342285e-01
0.000000000000000000e+00
0.000000000000000000e+00
6.629090309143066406e-01
8.740955032408237457e-03
4.749595522880554199e-01
7.581033706665039062e-01
1.320346474647521973e+00
2.820398509502410889e-01
5.066484808921813965e-01
6.760676503181457520e-01
2.139131784439086914e+00
2.046347111463546753e-01
0.000000000000000000e+00
5.875418782234191895e-01
1.091682836413383484e-01
2.885838747024536133e+00
0.000000000000000000e+00
0.000000000000000000e+00
0.000000000000000000e+00
2.816295949742197990e-03
0.000000000000000000e+00
1.966117918491363525e-01
0.000000000000000000e+00
0.000000000000000000e+00
1.533916145563125610e-01
5.459467172622680664e-01
0.000000000000000000e+00
0.000000000000000000e+00
4.650586098432540894e-02
7.078100442886352539e-01
0.000000000000000000e+00
9.064349578693509102e-04
6.885597109794616699e-01
0.000000000000000000e+00
5.702510010451078415e-03
2.972522974014282227e-01
1.361465826630592346e-02
0.000000000000000000e+00
0.000000000000000000e+00
1.512053702026605606e-02
9.913218766450881958e-02
5.280533432960510254e-02
6.832353472709655762e-01
2.682907506823539734e-02
0.000000000000000000e+00
1.500016357749700546e-02
2.541567087173461914e-01
4.742992669343948364e-02
9.354614019393920898e-01
2.791020572185516357e-01
0.000000000000000000e+00
0.000000000000000000e+00
4.965604245662689209e-01
9.571172297000885010e-03
0.000000000000000000e+00
3.477408885955810547e-01
3.805094659328460693e-01
0.000000000000000000e+00
1.292819231748580933e-01
0.000000000000000000e+00
6.765978783369064331e-02
2.120284596458077431e-03
4.703998565673828125e-02
2.566936016082763672e-01
0.000000000000000000e+00
6.446133255958557129e-01
0.000000000000000000e+00
1.883424282073974609e+00
0.000000000000000000e+00
0.000000000000000000e+00
6.541240215301513672e-02
2.975783348083496094e-01
1.394572854042053223e+00
0.000000000000000000e+00
1.175534799695014954e-01
3.689301665872335434e-03
2.118538469076156616e-01
4.258066415786743164e-01
4.612471163272857666e-02
3.990633189678192139e-01
0.000000000000000000e+00
0.000000000000000000e+00
1.055310945957899094e-02
7.929427921772003174e-02
8.017320632934570312e-01
4.996752142906188965e-01
0.000000000000000000e+00
7.202093005180358887e-01
2.926225960254669189e-02
0.000000000000000000e+00
0.000000000000000000e+00
1.339392513036727905e-01
8.373212069272994995e-03
8.464213460683822632e-02
7.327888626605272293e-03
6.783718615770339966e-02
3.550094366073608398e-01
0.000000000000000000e+00
0.000000000000000000e+00
5.809326767921447754e-01
1.612935811281204224e-01
2.950401902198791504e-01
1.274416446685791016e-01
1.108265668153762817e-01
8.681789785623550415e-02
7.352685928344726562e-01
2.019658833742141724e-01
1.275514811277389526e-01
3.132021129131317139e-01
2.886016368865966797e-01
0.000000000000000000e+00
4.184733144938945770e-03
2.467195272445678711e+00
3.121335525065660477e-03
9.275548160076141357e-03
4.811985492706298828e-01
1.071538552641868591e-01
0.000000000000000000e+00
1.212909668684005737e-01
4.171673655509948730e-01
0.000000000000000000e+00
3.699581027030944824e-01
1.221307754516601562e+00
3.034753203392028809e-01
2.047587782144546509e-01
4.227053165435791016e+00
3.660658895969390869e-01
2.128782719373703003e-01
0.000000000000000000e+00
0.000000000000000000e+00
1.615207076072692871e+00
2.791778326034545898e+00
7.317611575126647949e-02
1.535865962505340576e-01
1.441892147064208984e+00
1.664158329367637634e-02
1.435049295425415039e+00
0.000000000000000000e+00
1.243365090340375900e-02
1.501774042844772339e-01
0.000000000000000000e+00
6.600754801183938980e-03
3.035284876823425293e-01
1.607153415679931641e-01
0.000000000000000000e+00
8.322472684085369110e-03
4.581062495708465576e-01
6.162400171160697937e-02
8.295347094535827637e-01
5.875833034515380859e-01
0.000000000000000000e+00
9.527949690818786621e-01
0.000000000000000000e+00
2.389635337749496102e-04
0.000000000000000000e+00
3.275356441736221313e-02
1.198013305664062500e+00
4.404093623161315918e-01
3.313752114772796631e-01
4.567886590957641602e-01
3.966027405112981796e-03
6.549487113952636719e-01
0.000000000000000000e+00
0.000000000000000000e+00
4.211424291133880615e-01
2.983335591852664948e-02
1.272355020046234131e-01
6.724622845649719238e-01
5.710440874099731445e-02
5.059681087732315063e-02
2.504263818264007568e-01
2.770559489727020264e-02
9.084390103816986084e-02
1.154196169227361679e-02
0.000000000000000000e+00
5.046123862266540527e-01
1.795877702534198761e-02
0.000000000000000000e+00
4.084625467658042908e-02
1.290132701396942139e-01
4.197227582335472107e-02
1.386280823498964310e-02
3.568555414676666260e-02
1.998665332794189453e-01
4.199466705322265625e-01
2.992376312613487244e-02
1.623063981533050537e-01
0.000000000000000000e+00
2.166667133569717407e-01
5.843220949172973633e-01
1.917480528354644775e-01
2.380491197109222412e-01
8.043581247329711914e-02
6.379725933074951172e-01
2.057989537715911865e-01
1.789745539426803589e-01
0.000000000000000000e+00
0.000000000000000000e+00
6.817956455051898956e-03
3.867766261100769043e-01
6.025048438459634781e-03
1.552935957908630371e+00
1.923765987157821655e-02
8.763302564620971680e-01
1.712091416120529175e-01
1.585552655160427094e-02
1.015418648719787598e+00
1.547383368015289307e-01
1.886042207479476929e-01
0.000000000000000000e+00
0.000000000000000000e+00
1.584971100091934204e-01
4.960883036255836487e-02
2.068479955196380615e-01
1.927246898412704468e-02
1.113915815949440002e-01
7.315716147422790527e-02
2.024710893630981445e+00
8.339664936065673828e-01
5.385853722691535950e-02
4.528076052665710449e-01
2.344802767038345337e-02
1.134722709655761719e+00
7.200815081596374512e-01
1.286601424217224121e+00
0.000000000000000000e+00
0.000000000000000000e+00
3.619765117764472961e-02
1.139881182461977005e-02
1.743788421154022217e-01
2.614638954401016235e-02
2.356903860345482826e-03
1.412459823768585920e-04
1.540961712598800659e-01
1.698877364397048950e-01
2.434080243110656738e-01
1.618528389371931553e-03
9.380424022674560547e-02
1.843592822551727295e-01
0.000000000000000000e+00
5.671519041061401367e-01
4.276527836918830872e-02
2.617062032222747803e-01
4.319145679473876953e-01
5.495425313711166382e-02
2.211557626724243164e-01
1.497012853622436523e+00
6.542638689279556274e-02
1.351993083953857422e-01
1.192069984972476959e-02
0.000000000000000000e+00
3.883499503135681152e-01
1.215120404958724976e-01
9.033644199371337891e-02
0.000000000000000000e+00
0.000000000000000000e+00
0.000000000000000000e+00
7.507209181785583496e-01
2.396034300327301025e-01
2.854385972023010254e-01
1.813864219002425671e-03
4.876048564910888672e-01
0.000000000000000000e+00
1.191305518150329590e-01
1.989751355722546577e-03
2.973093986511230469e-01
2.048039896180853248e-04
1.382538080215454102e-01
5.018334388732910156e-01
7.636576890945434570e-02
1.795660555362701416e-01
1.778641343116760254e-02
0.000000000000000000e+00
5.018658041954040527e-01
1.934476010501384735e-02
0.000000000000000000e+00
6.785755753517150879e-01
5.368198752403259277e-01
4.454597234725952148e-01
2.497651055455207825e-02
2.017000690102577209e-02
4.635857418179512024e-02
0.000000000000000000e+00
0.000000000000000000e+00
7.087302803993225098e-01
6.846766471862792969e-01
4.864635169506072998e-01
5.281900987029075623e-02
0.000000000000000000e+00
6.965219508856534958e-03
0.000000000000000000e+00
0.000000000000000000e+00
1.080569177865982056e-01
0.000000000000000000e+00
4.023144245147705078e-01
1.655104458332061768e-01
2.827222943305969238e-01
0.000000000000000000e+00
4.181878268718719482e-01
2.320836931467056274e-01
2.796247042715549469e-02
5.869240760803222656e-01
7.855883240699768066e-01
1.847522333264350891e-02
5.482159256935119629e-01
1.030915230512619019e-01
5.224492549896240234e-01
4.108240362256765366e-03
1.000004768371582031e+00
0.000000000000000000e+00
1.876165866851806641e-01
2.231524884700775146e-01
2.034631669521331787e-01
4.667790606617927551e-03
1.761626005172729492e-01
1.156475208699703217e-02
2.254371792078018188e-01
4.001396000385284424e-01
1.291250735521316528e-01
1.778525710105895996e-01
8.376582711935043335e-02
5.322283133864402771e-02
5.416581034660339355e-02
1.392083466053009033e-01
0.000000000000000000e+00
9.282467514276504517e-02
1.615695208311080933e-01
0.000000000000000000e+00
1.963251642882823944e-02
1.100670695304870605e+00
1.410746946930885315e-02
8.604007214307785034e-02
1.811822801828384399e-01
1.230393409729003906e+00
0.000000000000000000e+00
8.138065040111541748e-02
6.510232686996459961e-01
3.211507499217987061e-01
0.000000000000000000e+00
0.000000000000000000e+00
3.713659942150115967e-01
8.506429381668567657e-03
1.090577363967895508e+00
0.000000000000000000e+00
2.456018924713134766e-01
9.965091198682785034e-02
5.198278650641441345e-02
4.146980047225952148e-01
1.848814636468887329e-01
0.000000000000000000e+00
7.803481817245483398e-02
1.094609022140502930e+00
2.494671382009983063e-02
1.770295649766921997e-01
6.866478174924850464e-02
2.639485299587249756e-01
0.000000000000000000e+00
9.875839948654174805e-01
2.810771167278289795e-01
3.486064076423645020e-01
0.000000000000000000e+00
1.548001617193222046e-01
0.000000000000000000e+00
9.449114203453063965e-01
0.000000000000000000e+00
5.135412327945232391e-03
0.000000000000000000e+00
1.584744095802307129e+00
5.719993114471435547e-01
1.032849699258804321e-01
0.000000000000000000e+00
7.198094129562377930e-01
2.582411468029022217e-01
4.277157783508300781e-01
0.000000000000000000e+00
3.643026575446128845e-02
0.000000000000000000e+00
1.883155703544616699e-01
0.000000000000000000e+00
1.532285823486745358e-03
3.276488065719604492e+00
1.057940497994422913e-01
2.197513580322265625e-01
3.016975894570350647e-02
1.011549681425094604e-02
2.875696718692779541e-01
4.288265481591224670e-02
7.919587194919586182e-02
3.786666393280029297e-01
8.067385107278823853e-02
0.000000000000000000e+00
6.766607984900474548e-03
0.000000000000000000e+00
0.000000000000000000e+00
0.000000000000000000e+00
4.401302039623260498e-01
2.101050456985831261e-03
4.854321777820587158e-01
3.637143671512603760e-01
2.266383171081542969e-02
6.727037578821182251e-02
9.940299391746520996e-01
5.851667374372482300e-02
2.310645878314971924e-01
8.511075973510742188e-01
7.222161442041397095e-02
3.631005063652992249e-02
1.198444962501525879e+00
2.888007760047912598e-01
1.269587315618991852e-02
1.094059050083160400e-01
5.515011143870651722e-04
0.000000000000000000e+00
4.476507380604743958e-02
5.043698549270629883e-01
4.129024595022201538e-02
8.112783543765544891e-03
6.369537115097045898e-01
4.971453547477722168e-01
0.000000000000000000e+00
1.922503113746643066e-02
2.372100390493869781e-02
1.634356677532196045e-01
2.430266328155994415e-02
7.366195321083068848e-02
0.000000000000000000e+00
0.000000000000000000e+00
0.000000000000000000e+00
1.155191753059625626e-02
4.797542989253997803e-01
1.000809788703918457e+00
7.154513150453567505e-02
1.072254419326782227e+00
7.664418816566467285e-01
1.386967152357101440e-01
2.731031738221645355e-02
7.942825555801391602e-02
7.053085565567016602e-01
1.038622483611106873e-02
0.000000000000000000e+00
3.002396225929260254e-01
1.073497533798217773e+00
2.360253967344760895e-02
0.000000000000000000e+00
2.551174163818359375e-01
7.033266425132751465e-01
2.061137706041336060e-01
0.000000000000000000e+00
0.000000000000000000e+00
3.948981761932373047e-01
1.225002050399780273e+00
0.000000000000000000e+00
3.758289515972137451e-01
0.000000000000000000e+00
1.928800530731678009e-02
4.899226874113082886e-02
1.923505775630474091e-02
6.502863019704818726e-02
0.000000000000000000e+00
8.780307173728942871e-01
3.911758065223693848e-01
9.783434271812438965e-01
3.298166440799832344e-03
1.119380354881286621e+00
2.015422843396663666e-02
1.105734780430793762e-01
2.138695001602172852e+00
2.016048878431320190e-02
1.975313305854797363e+00
1.397469341754913330e-01
1.363225579261779785e-01
3.607818186283111572e-01
6.716316938400268555e-02
1.690882630646228790e-02
4.304476678371429443e-01
5.548194423317909241e-02
1.396006438881158829e-02
1.280665397644042969e-02
1.292306303977966309e+00
0.000000000000000000e+00
8.295189738273620605e-01
4.735777080059051514e-01
1.245283722877502441e+00
7.034403681755065918e-01
4.398204851895570755e-03
4.705303609371185303e-01
2.632836112752556801e-04
3.574905917048454285e-02
7.658506035804748535e-01
0.000000000000000000e+00
1.316379159688949585e-01
2.796532213687896729e-02
1.572536975145339966e-01
8.567308783531188965e-01
4.810623168945312500e+00
3.250020146369934082e-01
0.000000000000000000e+00
2.267563156783580780e-02
1.451032608747482300e-01
0.000000000000000000e+00
3.733698129653930664e-01
1.639508754014968872e-01
2.387534677982330322e-01
3.353267312049865723e-01
3.741393685340881348e-01
1.743181049823760986e-01
1.961513012647628784e-01
6.463430472649633884e-04
2.278699725866317749e-01
0.000000000000000000e+00
9.575176835060119629e-01
0.000000000000000000e+00
7.183289155364036560e-03
4.907139837741851807e-01
4.674864187836647034e-02
3.630822896957397461e-01
8.528010249137878418e-01
1.917036771774291992e+00
0.000000000000000000e+00
1.165092810988426208e-01
4.477917775511741638e-02
1.740490049123764038e-01
0.000000000000000000e+00
2.136443853378295898e-01
3.886796999722719193e-03
0.000000000000000000e+00
3.306619226932525635e-01
2.467570304870605469e+00
1.383949398994445801e+00
1.356497645378112793e+00
3.513796329498291016e-01
1.317828893661499023e-02
0.000000000000000000e+00
2.853685431182384491e-02
8.914042711257934570e-01
6.709869205951690674e-02
5.822387933731079102e-01
2.652113512158393860e-02
6.304124355316162109e+00
4.965082705020904541e-01
3.795174956321716309e-01
5.929940938949584961e-02
3.471879065036773682e-01
0.000000000000000000e+00
3.530344963073730469e+00
0.000000000000000000e+00
5.801281929016113281e-01
9.727241843938827515e-02
2.253169752657413483e-02
4.997803270816802979e-02
2.699581086635589600e-01
1.315545588731765747e-01
2.772930622100830078e+00
0.000000000000000000e+00
6.894704420119524002e-03
2.906787395477294922e-01
0.000000000000000000e+00
2.917733788490295410e-02
2.499378519132733345e-03
2.883122563362121582e-01
1.141345594078302383e-02
6.472289562225341797e-02
7.802546024322509766e-01
1.295947581529617310e-01
2.685210704803466797e-01
0.000000000000000000e+00
2.337650395929813385e-03
5.909808874130249023e-01
5.644844379276037216e-03
2.196995258331298828e+00
1.115477159619331360e-01
3.194140672683715820e+00
9.887109696865081787e-02
1.727545559406280518e-01
7.289840579032897949e-01
0.000000000000000000e+00
6.081249192357063293e-02
0.000000000000000000e+00
2.187023609876632690e-01
7.737487554550170898e-01
6.175552029162645340e-03
3.457660973072052002e-01
0.000000000000000000e+00
1.662241518497467041e-01
4.797232151031494141e-01
5.606283619999885559e-02
0.000000000000000000e+00
8.251987397670745850e-02
3.711949661374092102e-02
5.406898260116577148e-02
1.373620629310607910e-01
2.256312221288681030e-02
4.586211405694484711e-03
3.699645996093750000e-01
9.599549174308776855e-01
7.224300503730773926e-02
3.233582675457000732e-01
7.993631996214389801e-03
1.281351596117019653e-01
9.886614046990871429e-03
6.579717993736267090e-02
4.909799993038177490e-02
5.853424668312072754e-01
0.000000000000000000e+00
0.000000000000000000e+00
1.221830025315284729e-02
1.475318148732185364e-02
3.931995332241058350e-01
0.000000000000000000e+00
5.133098363876342773e-02
3.134285211563110352e-01
8.501784801483154297e-01
0.000000000000000000e+00
5.396587848663330078e-01
3.443232178688049316e-01
1.987122893333435059e-01
0.000000000000000000e+00
0.000000000000000000e+00
1.520365476608276367e+00
1.102061867713928223e+00
0.000000000000000000e+00
2.505148295313119888e-04
5.483938455581665039e-01
1.236189603805541992e-01
0.000000000000000000e+00
2.999579668045043945e+00
2.300608456134796143e-01
9.563913568854331970e-03
0.000000000000000000e+00
2.620259821414947510e-01
2.416544109582901001e-01
6.490954160690307617e-01
6.207091808319091797e-01
5.729147195816040039e-01
0.000000000000000000e+00
2.201151289045810699e-02
4.659113883972167969e-01
0.000000000000000000e+00
1.754255145788192749e-01
5.799517035484313965e-01
1.565891206264495850e-01
0.000000000000000000e+00
7.105429768562316895e-01
2.812475562095642090e-01
1.158761620521545410e+00
0.000000000000000000e+00
5.187335014343261719e-01
4.468139708042144775e-01
2.021249681711196899e-01
3.836671411991119385e-01
4.202636778354644775e-01
2.389275096356868744e-02
3.452966213226318359e-01
1.557630449533462524e-01
1.395446900278329849e-02
7.923790067434310913e-02
9.640594720840454102e-01
2.445071237161755562e-03
2.031467854976654053e-02
4.940892159938812256e-01
1.265405956655740738e-02
4.244310855865478516e-01
0.000000000000000000e+00
2.606925249099731445e+00
1.013971447944641113e+00
7.974928021430969238e-01
9.346268177032470703e-01
1.873314976692199707e+00
2.688151001930236816e-01
5.181560665369033813e-02
9.086297750473022461e-01
1.170788519084453583e-02
0.000000000000000000e+00
5.856311917304992676e-01
2.107087671756744385e-01
1.784392260015010834e-02
8.671950548887252808e-03
8.252909034490585327e-02
0.000000000000000000e+00
1.513538043946027756e-02
0.000000000000000000e+00
0.000000000000000000e+00
0.000000000000000000e+00
8.329045772552490234e-01
2.288532257080078125e-01
1.321875333786010742e+00
4.150256216526031494e-01
1.331438302993774414e+00
2.102546952664852142e-02
3.943211212754249573e-02
1.007685661315917969e-01
0.000000000000000000e+00
7.507254369556903839e-03
2.552725672721862793e-01
6.485666614025831223e-03
1.415845565497875214e-02
0.000000000000000000e+00
1.159643888473510742e+00
5.063441395759582520e-02
0.000000000000000000e+00
2.018268108367919922e-01
1.528276652097702026e-01
1.608821749687194824e+00
1.526467919349670410e+00
0.000000000000000000e+00
0.000000000000000000e+00
0.000000000000000000e+00
1.042390584945678711e+00
4.841329097747802734e+00
0.000000000000000000e+00
1.847697615623474121e+00
1.947326585650444031e-02
1.060768216848373413e-01
9.591533988714218140e-02
9.891261458396911621e-01
1.117820262908935547e+00
0.000000000000000000e+00
5.935627594590187073e-02
0.000000000000000000e+00
1.019606273621320724e-02
4.005686044692993164e-01
7.640522718429565430e-01
0.000000000000000000e+00
2.922768115997314453e+00
1.266216993331909180e+00
0.000000000000000000e+00
6.197234615683555603e-02
0.000000000000000000e+00
4.664320871233940125e-02
9.895159602165222168e-01
2.004964947700500488e-01
1.020514607429504395e+00
1.546036452054977417e-01
2.274314500391483307e-02
5.792798474431037903e-02
7.195519208908081055e-01
8.300435543060302734e-02
1.701547652482986450e-01
3.183206915855407715e-01
4.898554682731628418e-01
1.117566972970962524e-01
1.059788614511489868e-01
1.478654444217681885e-01
1.079202443361282349e-01
8.722823113203048706e-03
0.000000000000000000e+00
0.000000000000000000e+00
3.231813758611679077e-02
4.391303658485412598e-01
0.000000000000000000e+00
5.060397982597351074e-01
0.000000000000000000e+00
0.000000000000000000e+00
2.297163009643554688e+00
3.891859948635101318e-01
1.611876301467418671e-02
0.000000000000000000e+00
3.890110412612557411e-03
1.008802801370620728e-01
3.662765622138977051e-01
1.098486185073852539e-01
1.689451336860656738e-01
8.845786005258560181e-02
1.041787505149841309e+00
0.000000000000000000e+00
2.004505135118961334e-02
8.044265508651733398e-01
1.736836135387420654e-01
0.000000000000000000e+00
1.988480091094970703e-01
4.006580263376235962e-02
5.792171135544776917e-02
7.344101667404174805e-01
1.597527973353862762e-02
7.419076561927795410e-02
2.494338154792785645e-01
3.175190389156341553e-01
1.050044894218444824e-01
1.063454627990722656e+00
1.511031985282897949e-01
5.569889023900032043e-02
1.919948011636734009e-01
1.522324979305267334e-02
1.380717635154724121e+00
2.275676131248474121e-01
1.316162012517452240e-02
4.801595117896795273e-03
2.714264392852783203e-01
6.149367690086364746e-01
6.482095718383789062e-01
0.000000000000000000e+00
0.000000000000000000e+00
9.159901142120361328e-01
3.226485252380371094e+00
2.920402288436889648e-01
9.003134816884994507e-02
3.988192081451416016e-01
2.843578532338142395e-02
1.077711060643196106e-01
2.552592754364013672e-01
2.120151966810226440e-01
4.272530600428581238e-02
3.470091149210929871e-02
1.150234103202819824e+00
9.731239080429077148e-01
0.000000000000000000e+00
5.306512713432312012e-01
3.602542579174041748e-01
0.000000000000000000e+00
9.604622721672058105e-01
8.649943023920059204e-02
4.908277187496423721e-03
1.236603595316410065e-02
1.116392761468887329e-01
5.863891169428825378e-02
0.000000000000000000e+00
0.000000000000000000e+00
7.436929736286401749e-03
1.789689958095550537e-01
5.073212385177612305e-01
7.833673804998397827e-02
1.551835775375366211e+00
1.763885840773582458e-02
5.404438972473144531e-01
1.191972717642784119e-01
1.217937003821134567e-02
5.950742959976196289e-01
4.901769757270812988e-02
6.927190348505973816e-03
3.623222112655639648e-01
2.288707941770553589e-01
0.000000000000000000e+00
0.000000000000000000e+00
0.000000000000000000e+00
0.000000000000000000e+00
2.210891693830490112e-01
6.516393274068832397e-03
4.028432846069335938e+00
0.000000000000000000e+00
3.805034458637237549e-01
2.744936756789684296e-02
2.061253041028976440e-01
0.000000000000000000e+00
1.550758630037307739e-02
0.000000000000000000e+00
4.047690033912658691e-01
5.725384950637817383e-01
0.000000000000000000e+00
5.048673152923583984e-01
3.047762513160705566e-01
0.000000000000000000e+00
4.005384743213653564e-01
0.000000000000000000e+00
1.429806798696517944e-01
0.000000000000000000e+00
0.000000000000000000e+00
3.113765120506286621e-01
0.000000000000000000e+00
2.151383645832538605e-02
2.741274796426296234e-02
9.746703319251537323e-03
8.914718031883239746e-01
5.669499933719635010e-02
2.317206263542175293e-01
5.654047802090644836e-02
7.827613502740859985e-02
2.436400502920150757e-01
8.591823279857635498e-02
1.376939892768859863e+00
3.207978606224060059e-02
2.705548703670501709e-02
4.488211572170257568e-01
7.226584013551473618e-03
7.779030799865722656e-01
6.327892541885375977e-01
2.744985222816467285e-01
0.000000000000000000e+00
0.000000000000000000e+00
2.907962203025817871e-01
4.650621861219406128e-02
3.540650904178619385e-01
9.638097286224365234e-01
3.046532161533832550e-03
2.379239769652485847e-03
4.705334663391113281e+00
1.060471013188362122e-01
5.091693878173828125e+00
0.000000000000000000e+00
2.545616328716278076e-01
3.989434614777565002e-02
6.262080371379852295e-02
7.018755674362182617e-01
4.427632689476013184e-01
0.000000000000000000e+00
6.500160787254571915e-03
0.000000000000000000e+00
1.337446421384811401e-01
6.970396041870117188e-01
3.756181299686431885e-01
3.298504352569580078e+00
1.462626457214355469e-01
1.905883103609085083e-02
4.679951816797256470e-02
3.643504977226257324e-01
4.129447788000106812e-02
1.611125826835632324e+00
1.439149826765060425e-01
1.359821259975433350e-01
5.548813939094543457e-02
7.445755600929260254e-02
6.060120090842247009e-02
4.591856300830841064e-01
4.663567543029785156e-01
1.728457659482955933e-01
0.000000000000000000e+00
7.432162165641784668e-01
1.190633177757263184e-01
5.069759208709001541e-03
1.143951714038848877e-01
4.379191398620605469e-01
0.000000000000000000e+00
0.000000000000000000e+00
1.152033507823944092e-01
1.955841183662414551e-01
4.381207823753356934e-01
4.320276260375976562e+00
5.657310038805007935e-02
7.062555551528930664e-01
5.073657035827636719e-01
1.972925066947937012e-01
4.432905837893486023e-02
0.000000000000000000e+00
4.035667181015014648e-01
3.347063362598419189e-01
0.000000000000000000e+00
4.487181603908538818e-01
0.000000000000000000e+00
7.185628265142440796e-02
0.000000000000000000e+00
0.000000000000000000e+00
3.037605583667755127e-01
2.415734529495239258e-01
0.000000000000000000e+00
6.154417619109153748e-02
4.437840729951858521e-02
3.978007659316062927e-02
1.466852277517318726e-01
7.920168340206146240e-03
2.493397593498229980e-01
1.075078248977661133e+00
3.302879340481013060e-04
1.879714429378509521e-01
0.000000000000000000e+00
1.145153716206550598e-01
6.833224906586110592e-04
3.489846363663673401e-02
8.069159090518951416e-02
5.314275026321411133e-01
0.000000000000000000e+00
1.305766496807336807e-02
1.593692600727081299e-01
1.072619110345840454e-01
7.544885873794555664e-01
1.069632358849048615e-02
8.827997744083404541e-02
1.060258969664573669e-01
2.715768106281757355e-02
1.401614844799041748e-01
1.935210637748241425e-02
6.695707142353057861e-02
1.389439851045608521e-01
9.536995291709899902e-01
7.765778899192810059e-02
9.523286670446395874e-02
1.252154409885406494e-01
2.841143496334552765e-02
1.032511115074157715e+00
5.651891604065895081e-02
6.455447077751159668e-01
1.544911563396453857e-01
5.482531711459159851e-02
4.498076066374778748e-02
1.726892031729221344e-02
8.133116364479064941e-02
3.972478955984115601e-02
9.532006829977035522e-02
9.243573248386383057e-02
7.430745363235473633e-01
3.525157868862152100e-01
0.000000000000000000e+00
3.657958507537841797e-01
3.550876677036285400e-02
0.000000000000000000e+00
7.318875193595886230e-02
9.676433205604553223e-01
4.956965520977973938e-02
1.257987618446350098e+00
1.212912321090698242e+00
1.652717143297195435e-01
5.935745835304260254e-01
4.102967213839292526e-03
5.539987683296203613e-01
6.125644315034151077e-03
3.283923864364624023e-01
2.927212715148925781e-01
0.000000000000000000e+00
5.940928459167480469e-01
6.843287348747253418e-01
4.114988073706626892e-02
2.838748991489410400e-01
1.668440699577331543e-01
1.865059733390808105e+00
3.679326772689819336e-01
3.173137828707695007e-02
1.014375329017639160e+00
3.892237544059753418e-01
1.693553775548934937e-01
3.580856621265411377e-01
0.000000000000000000e+00
5.035608410835266113e-01
5.014034748077392578e+00
9.347540885210037231e-02
4.248295128345489502e-01
2.004670538008213043e-02
3.347174823284149170e-02
1.705092936754226685e-01
2.979451119899749756e-01
3.588018193840980530e-02
5.618157386779785156e-01
5.627360567450523376e-02
6.115231513977050781e-01
1.092304825782775879e+00
5.074005126953125000e-01
1.347156893461942673e-02
0.000000000000000000e+00
1.153705865144729614e-01
4.750450253486633301e-01
2.405495755374431610e-02
1.354754120111465454e-01
3.393992483615875244e-01
1.368459910154342651e-01
1.025708913803100586e+00
1.011968404054641724e-01
3.094294667243957520e-01
0.000000000000000000e+00
7.606077194213867188e-02
6.526394933462142944e-02
8.116344809532165527e-01
3.130037486553192139e-01
9.403998404741287231e-02
0.000000000000000000e+00
6.582018733024597168e-02
0.000000000000000000e+00
0.000000000000000000e+00
4.296684637665748596e-03
1.737092062830924988e-02
0.000000000000000000e+00
1.351547539234161377e-01
2.058773040771484375e-01
0.000000000000000000e+00
0.000000000000000000e+00
0.000000000000000000e+00
5.404407978057861328e-01
6.402853876352310181e-02
0.000000000000000000e+00
9.870902895927429199e-01
0.000000000000000000e+00
7.950317263603210449e-01
1.510183513164520264e-02
1.075957939028739929e-01
5.910675525665283203e-01
0.000000000000000000e+00
2.937667071819305420e-01
5.840139091014862061e-02
9.853423573076725006e-03
3.809408098459243774e-02
2.699089348316192627e-01
3.193219900131225586e-01
5.929537117481231689e-02
1.975938439369201660e+00
3.745820224285125732e-01
0.000000000000000000e+00
1.548911929130554199e-01
5.974874645471572876e-02
1.331720650196075439e-01
3.714940324425697327e-02
1.293547153472900391e+00
2.073272019624710083e-01
0.000000000000000000e+00
6.036226637661457062e-03
1.662385463714599609e-01
8.128581941127777100e-02
0.000000000000000000e+00
1.093693971633911133e-01
8.925296068191528320e-01
7.610074877738952637e-01
5.208312869071960449e-01
0.000000000000000000e+00
1.149137854576110840e+00
2.798899710178375244e-01
8.101104497909545898e-01
1.300531625747680664e-01
7.785235345363616943e-02
3.031223081052303314e-02
5.341070652008056641e+00
3.027629554271697998e-01
4.100361168384552002e-01
0.000000000000000000e+00
3.473618924617767334e-01
9.254804998636245728e-02
2.869157195091247559e-01
2.073830924928188324e-02
0.000000000000000000e+00
0.000000000000000000e+00
8.393612504005432129e-02
1.285067081451416016e+00
2.267622202634811401e-01
6.344290915876626968e-03
4.664531946182250977e-01
2.775964438915252686e-01
0.000000000000000000e+00
0.000000000000000000e+00
1.194768249988555908e-01
2.923455238342285156e-01
1.183733865618705750e-01
0.000000000000000000e+00
2.633849531412124634e-02
0.000000000000000000e+00
2.516804933547973633e-01
0.000000000000000000e+00
5.542018413543701172e-01
3.488163948059082031e-01
2.970513701438903809e-01
9.958053380250930786e-02
0.000000000000000000e+00
0.000000000000000000e+00
1.627598889172077179e-02
2.916677892208099365e-01
6.727859973907470703e-01
0.000000000000000000e+00
1.343970373272895813e-02
1.671833097934722900e-01
9.671942144632339478e-02
1.759507358074188232e-01
8.301180601119995117e-02
1.758617460727691650e-01
3.637202978134155273e-01
2.053088396787643433e-01
8.514737337827682495e-02
7.116655111312866211e-01
1.932426542043685913e-01
4.290246069431304932e-01
1.329549495130777359e-02
4.230550676584243774e-02
9.711834788322448730e-01
0.000000000000000000e+00
1.389756798744201660e+00
9.808487258851528168e-03
1.061573275364935398e-03
1.980846524238586426e-01
6.095500588417053223e-01
1.489803045988082886e-01
0.000000000000000000e+00
3.271005153656005859e-01
1.770615279674530029e-01
1.999151147902011871e-02
0.000000000000000000e+00
4.927203953266143799e-01
0.000000000000000000e+00
2.357060611248016357e-01
3.409565985202789307e-01
2.542984485626220703e-01
6.491822749376296997e-02
2.269739983603358269e-03
5.824323743581771851e-02
1.187442779541015625e+00
5.165427178144454956e-02
1.066807746887207031e+00
1.567143388092517853e-02
0.000000000000000000e+00
4.060800001025199890e-02
0.000000000000000000e+00
0.000000000000000000e+00
2.573146522045135498e-01
2.804766595363616943e-01
0.000000000000000000e+00
3.905015438795089722e-02
8.093157783150672913e-03
1.093940362334251404e-01
0.000000000000000000e+00
0.000000000000000000e+00
1.577005147933959961e+00
1.084899157285690308e-01
2.906877361238002777e-02
1.446936875581741333e-01
9.726056456565856934e-02
9.812109917402267456e-02
9.654896706342697144e-02
0.000000000000000000e+00
0.000000000000000000e+00
4.968538880348205566e-02
0.000000000000000000e+00
3.667259216308593750e-01
1.621748805046081543e+00
4.894156157970428467e-01
2.797548472881317139e-01
1.605151295661926270e+00
9.945685975253582001e-03
2.258742749691009521e-01
5.420241877436637878e-02
0.000000000000000000e+00
0.000000000000000000e+00
4.698212146759033203e-01
3.307508707046508789e+00
3.316901996731758118e-02
7.258762419223785400e-02
2.338736057281494141e-01
4.975655674934387207e-02
0.000000000000000000e+00
0.000000000000000000e+00
0.000000000000000000e+00
1.369077563285827637e-01
3.431984037160873413e-02
0.000000000000000000e+00
1.439067244529724121e+00
0.000000000000000000e+00
1.788176596164703369e-02
0.000000000000000000e+00
3.156369328498840332e-01
0.000000000000000000e+00
4.249212518334388733e-02
3.095712661743164062e-01
1.536020040512084961e-01
0.000000000000000000e+00
1.658115983009338379e-01
0.000000000000000000e+00
0.000000000000000000e+00
0.000000000000000000e+00
2.665049210190773010e-02
6.566589474678039551e-01
1.019351333379745483e-01
3.320522010326385498e-01
4.719740897417068481e-02
1.067432314157485962e-01
6.490231305360794067e-02
8.823617547750473022e-02
1.325512584298849106e-02
2.318417727947235107e-01
0.000000000000000000e+00
0.000000000000000000e+00
2.400422841310501099e-01
2.418890222907066345e-02
0.000000000000000000e+00
1.659182086586952209e-02
8.958160877227783203e-02
1.833833158016204834e-01
8.052371442317962646e-02
3.907405771315097809e-03
9.039555490016937256e-02
0.000000000000000000e+00
1.811890721321105957e+00
3.180035576224327087e-02
0.000000000000000000e+00
2.883021719753742218e-02
6.031143292784690857e-02
3.873236477375030518e-01
6.242524832487106323e-02
5.947123169898986816e-01
3.134997934103012085e-02
2.580030858516693115e-01
1.317374967038631439e-02
1.993189901113510132e-01
4.064581692218780518e-01
6.566172838211059570e-02
0.000000000000000000e+00
5.510504841804504395e-01
1.112829595804214478e-01
2.451273202896118164e-01
0.000000000000000000e+00
9.284231811761856079e-02
0.000000000000000000e+00
1.702268570661544800e-01
2.430887967348098755e-01
0.000000000000000000e+00
1.176972031593322754e+00
0.000000000000000000e+00
1.973436176776885986e-01
1.878756284713745117e-01
0.000000000000000000e+00
1.092224419116973877e-01
3.925701603293418884e-03
9.109910577535629272e-02
5.731704458594322205e-02
9.814064018428325653e-03
0.000000000000000000e+00
2.005246430635452271e-01
2.274002134799957275e-01
1.849858015775680542e-01
0.000000000000000000e+00
3.811528384685516357e-01
1.403302550315856934e-01
9.536583721637725830e-02
1.695686280727386475e-01
6.781448125839233398e-01
9.234870970249176025e-02
0.000000000000000000e+00
0.000000000000000000e+00
3.428719937801361084e-01
0.000000000000000000e+00
1.809097640216350555e-02
0.000000000000000000e+00
3.755851089954376221e-02
0.000000000000000000e+00
0.000000000000000000e+00
7.506696879863739014e-02
1.572834253311157227e+00
0.000000000000000000e+00
1.889041364192962646e-01
2.308530956506729126e-01
1.618996076285839081e-02
1.128828898072242737e-01
2.260439395904541016e+00
0.000000000000000000e+00
0.000000000000000000e+00
2.835212508216500282e-03
3.509989008307456970e-02
2.823778614401817322e-02
1.878842152655124664e-02
8.745542168617248535e-01
2.863884866237640381e-01
0.000000000000000000e+00
0.000000000000000000e+00
0.000000000000000000e+00
0.000000000000000000e+00
1.195414811372756958e-01
9.614245593547821045e-02
0.000000000000000000e+00
3.777814626693725586e+00
8.178485035896301270e-01
1.196192026138305664e+00
9.544039368629455566e-01
3.179445564746856689e-01
8.096697181463241577e-02
0.000000000000000000e+00
0.000000000000000000e+00
0.000000000000000000e+00
7.830201648175716400e-03
0.000000000000000000e+00
0.000000000000000000e+00
7.564718127250671387e-01
9.426779113709926605e-03
9.702014923095703125e-02
9.067035466432571411e-02
3.410196676850318909e-02
7.563472390174865723e-01
5.311204791069030762e-01
9.503785967826843262e-01
0.000000000000000000e+00
1.621204018592834473e-01
3.354645892977714539e-02
5.432128906250000000e-01
0.000000000000000000e+00
4.820190370082855225e-01
0.000000000000000000e+00
3.198230743408203125e+00
2.487494051456451416e-02
4.319390654563903809e-01
7.146441936492919922e-01
1.606250107288360596e-01
2.724978625774383545e-01
4.601314365863800049e-01
0.000000000000000000e+00
8.971715345978736877e-03
8.695263862609863281e-01
0.000000000000000000e+00
3.955807209014892578e+00
7.141872495412826538e-02
5.127170562744140625e+00
1.786193624138832092e-02
0.000000000000000000e+00
7.611203938722610474e-03
2.300446033477783203e-01
6.359106302261352539e-01
1.710404008626937866e-01
2.012364119291305542e-01
7.300104200839996338e-02
6.110588461160659790e-02
0.000000000000000000e+00
3.723587095737457275e-01
5.737483501434326172e-01
1.287874132394790649e-01
1.742590777575969696e-02
1.116136834025382996e-02
7.883818820118904114e-03
1.310439873486757278e-02
6.680885702371597290e-02
2.057311296463012695e+00
1.374020934104919434e+00
8.541065454483032227e-02
3.194490432739257812e+00
8.920350074768066406e-01
0.000000000000000000e+00
1.178409337997436523e+00
1.706125497817993164e+00
3.502740621566772461e+00
2.211527347564697266e+00
7.206532955169677734e-01
0.000000000000000000e+00
6.261535286903381348e-01
6.850289553403854370e-02
0.000000000000000000e+00
0.000000000000000000e+00
1.943136006593704224e-01
0.000000000000000000e+00
1.057114481925964355e+00
0.000000000000000000e+00
4.742950499057769775e-01
4.540157616138458252e-01
1.326369773596525192e-02
1.706312000751495361e-01
3.955427557229995728e-02
1.097016856074333191e-01
4.006885923445224762e-03
2.203527092933654785e-02
5.029700696468353271e-02
1.127760410308837891e+00
1.170796975493431091e-01
3.734066486358642578e-01
0.000000000000000000e+00
2.711271494626998901e-02
1.484266389161348343e-02
0.000000000000000000e+00
5.028540641069412231e-02
2.929427921772003174e-01
8.532921969890594482e-02
3.154483437538146973e-02
0.000000000000000000e+00
8.697468638420104980e-01
1.035036146640777588e-01
3.577525913715362549e-02
0.000000000000000000e+00
3.633182868361473083e-02
1.522423774003982544e-01
0.000000000000000000e+00
3.967357575893402100e-01
2.415054887533187866e-01
7.642463780939579010e-03
1.669714331626892090e+00
5.136821269989013672e-01
8.675427436828613281e-01
2.568776011466979980e-01
4.511425197124481201e-01
1.593884974718093872e-01
7.936062663793563843e-02
2.412107884883880615e-01
7.973138689994812012e-01
2.430270314216613770e-01
6.629914790391921997e-02
3.980212211608886719e-01
1.172160208225250244e-01
9.864258021116256714e-02
2.799051068723201752e-02
3.207497298717498779e-01
3.460081517696380615e-01
1.369400769472122192e-01
3.191354036331176758e+00
2.046518325805664062e-01
0.000000000000000000e+00
9.121550247073173523e-03
5.958252549171447754e-01
2.097568035125732422e+00
1.139215100556612015e-02
1.687616556882858276e-01
8.686599135398864746e-02
1.911280900239944458e-01
0.000000000000000000e+00
2.009045481681823730e-01
3.811742365360260010e-01
0.000000000000000000e+00
0.000000000000000000e+00
0.000000000000000000e+00
4.969173669815063477e-01
2.498438209295272827e-02
0.000000000000000000e+00
6.396302580833435059e-02
6.742274761199951172e-01
8.397791534662246704e-03
4.304066300392150879e-02
1.755161881446838379e-01
3.240321159362792969e+00
1.749006360769271851e-01
5.936761498451232910e-01
2.064827680587768555e-01
1.427511721849441528e-01
3.472905233502388000e-02
1.819697953760623932e-02
1.201762557029724121e-01
0.000000000000000000e+00
0.000000000000000000e+00
7.487019896507263184e-02
4.225170314311981201e-01
2.287485897541046143e-01
4.600958526134490967e-01
6.731402277946472168e-01
0.000000000000000000e+00
1.375157944858074188e-02
3.808261454105377197e-01
1.686829477548599243e-01
2.461249679327011108e-01
3.242172598838806152e-01
0.000000000000000000e+00
4.626869559288024902e-01
2.158678174018859863e-01
1.194368675351142883e-02
7.051830887794494629e-01
2.316344082355499268e-01
2.795841079205274582e-03
9.095189571380615234e-01
0.000000000000000000e+00
8.180512189865112305e-01
1.188006773591041565e-01
1.128612458705902100e-01
0.000000000000000000e+00
4.456541836261749268e-01
7.115509510040283203e-01
2.566693305969238281e+00
6.500361561775207520e-01
1.918987333774566650e-01
5.856755375862121582e-02
2.119093090295791626e-01
1.580439880490303040e-02
1.207865476608276367e-01
9.709395468235015869e-02
1.770316958427429199e-01
3.798634409904479980e-01
4.416645690798759460e-02
3.130000829696655273e-02
7.400917261838912964e-02
2.340344935655593872e-01
1.657992601394653320e-01
3.976333737373352051e-01
3.453332930803298950e-02
1.322290450334548950e-01
6.408619284629821777e-01
7.830077409744262695e-01
2.055245161056518555e+00
8.334121853113174438e-02
6.022312119603157043e-02
1.347700506448745728e-02
2.790490090847015381e-01
8.389032483100891113e-01
1.331823706626892090e+00
0.000000000000000000e+00
1.303890943527221680e-01
2.045245319604873657e-01
5.911118350923061371e-03
1.524963825941085815e-01
2.174450755119323730e-01
0.000000000000000000e+00
4.178105387836694717e-03
7.445006966590881348e-01
5.306360498070716858e-02
0.000000000000000000e+00
3.202936053276062012e-02
0.000000000000000000e+00
1.819554157555103302e-02
1.145384788513183594e+00
1.452018320560455322e-01
0.000000000000000000e+00
4.119889438152313232e-02
1.788764744997024536e-01
2.573100626468658447e-01
2.381582856178283691e-01
5.465785264968872070e-01
1.299458891153335571e-01
0.000000000000000000e+00
7.727447152137756348e-02
2.379834651947021484e-01
6.730893254280090332e-01
0.000000000000000000e+00
0.000000000000000000e+00
6.052551046013832092e-02
1.782375276088714600e-01
1.861944794654846191e-01
0.000000000000000000e+00
1.259599812328815460e-02
0.000000000000000000e+00
2.460536547005176544e-03
9.892822057008743286e-02
0.000000000000000000e+00
0.000000000000000000e+00
4.301648214459419250e-02
3.289059698581695557e-01
1.030633807182312012e+00
8.580258488655090332e-01
7.253442704677581787e-02
0.000000000000000000e+00
9.809943437576293945e-01
2.367607831954956055e+00
2.324039638042449951e-01
1.260772943496704102e-01
9.016718864440917969e-01
5.271366834640502930e-01
5.162047147750854492e-01
5.385929942131042480e-01
7.630240917205810547e-02
1.470674753189086914e+00
1.731986254453659058e-01
0.000000000000000000e+00
0.000000000000000000e+00
7.376371026039123535e-01
0.000000000000000000e+00
2.848061174154281616e-02
3.127883195877075195e+00
4.841138795018196106e-02
1.456533521413803101e-01
7.862759232521057129e-01
7.656256202608346939e-03
2.659173682332038879e-03
5.468277335166931152e-01
6.268173456192016602e-02
6.657574772834777832e-01
1.198437362909317017e-01
3.195666009560227394e-03
1.539980769157409668e-01
1.138882339000701904e-01
2.442203015089035034e-01
4.161971807479858398e-02
0.000000000000000000e+00
0.000000000000000000e+00
3.819220364093780518e-01
0.000000000000000000e+00
1.127069592475891113e+00
7.680102437734603882e-02
2.852139472961425781e-01
4.671747982501983643e-02
6.180555224418640137e-01
0.000000000000000000e+00
1.427898854017257690e-01
3.377988701686263084e-03
7.054709792137145996e-01
5.898793041706085205e-02
1.967401951551437378e-01
3.192254006862640381e-01
6.959731578826904297e-01
2.284219712018966675e-01
2.045089565217494965e-02
4.333443066570907831e-04
0.000000000000000000e+00
2.546460330486297607e-01
0.000000000000000000e+00
9.319162368774414062e-02
4.402101933956146240e-01
0.000000000000000000e+00
1.392291903495788574e+00
9.959599701687693596e-04
1.550311297178268433e-01
0.000000000000000000e+00
3.414659798145294189e-01
5.116735026240348816e-02
3.370008170604705811e-01
1.919936202466487885e-02
6.218410655856132507e-02
1.189073268324136734e-02
0.000000000000000000e+00
1.159731224179267883e-01
1.050583124160766602e-01
1.925499588251113892e-01
0.000000000000000000e+00
0.000000000000000000e+00
1.040498852729797363e+00
1.847206205129623413e-01
9.833443164825439453e-01
7.729783058166503906e-01
2.611571311950683594e+00
5.164337158203125000e-01
0.000000000000000000e+00
6.788594126701354980e-01
3.047539107501506805e-02
1.227456778287887573e-01
7.009452581405639648e-02
3.113424964249134064e-02
0.000000000000000000e+00
6.470602937042713165e-03
1.804595887660980225e-01
9.085288643836975098e-01
1.027890592813491821e-01
8.032986521720886230e-01
6.261680722236633301e-01
0.000000000000000000e+00
0.000000000000000000e+00
0.000000000000000000e+00
9.363932609558105469e-01
1.617145687341690063e-01
1.274476766586303711e+00
6.544625163078308105e-01
3.952814638614654541e-02
0.000000000000000000e+00
1.802017167210578918e-02
6.677299737930297852e-02
1.591638684272766113e+00
8.249078989028930664e-01
0.000000000000000000e+00
1.730892956256866455e-01
0.000000000000000000e+00
3.639522492885589600e-01
8.067588210105895996e-01
3.868982493877410889e-01
2.060791552066802979e-01
5.113880038261413574e-01
2.651595175266265869e-01
1.073718905448913574e+00
0.000000000000000000e+00
0.000000000000000000e+00
1.519902609288692474e-03
0.000000000000000000e+00
1.021104156970977783e-01
4.875252842903137207e-01
1.415445804595947266e+00
4.676132202148437500e-01
1.817367672920227051e-01
7.039114236831665039e-01
5.204330012202262878e-02
6.500499248504638672e-01
7.296396046876907349e-02
4.684758372604846954e-03
0.000000000000000000e+00
5.302891135215759277e-01
2.922998070716857910e-01
6.855090260505676270e-01
1.530123651027679443e-01
5.414315685629844666e-02
2.236631885170936584e-02
2.192648053169250488e-01
5.122877955436706543e-01
0.000000000000000000e+00
0.000000000000000000e+00
1.824225299060344696e-02
8.453557491302490234e-01
2.132730334997177124e-01
1.176203712821006775e-01
1.183504536747932434e-01
2.630431577563285828e-02
1.356893498450517654e-02
7.644650992006063461e-03
1.117739900946617126e-01
0.000000000000000000e+00
1.204764395952224731e-01
1.667364984750747681e-01
0.000000000000000000e+00
1.821226032916456461e-04
1.266227811574935913e-01
1.632706820964813232e-01
2.108325716108083725e-04
3.845854103565216064e-01
9.775806069374084473e-01
0.000000000000000000e+00
0.000000000000000000e+00
0.000000000000000000e+00
0.000000000000000000e+00
9.755850583314895630e-02
1.264360189437866211e+00
3.138500452041625977e-01
1.467855274677276611e-01
6.201050058007240295e-02
7.154486775398254395e-01
1.685981824994087219e-02
4.096924513578414917e-02
0.000000000000000000e+00
6.006969809532165527e-01
1.572669669985771179e-02
5.434260368347167969e-01
0.000000000000000000e+00
5.570224486291408539e-03
0.000000000000000000e+00
5.404455065727233887e-01
6.495677947998046875e+00
4.692747294902801514e-01
0.000000000000000000e+00
2.278604358434677124e-01
1.801095306873321533e-01
6.851337850093841553e-02
7.010209560394287109e-02
3.905261039733886719e+00
5.202363729476928711e-01
0.000000000000000000e+00
1.885592043399810791e-01
1.942509599030017853e-02
5.858204960823059082e-01
0.000000000000000000e+00
7.924578785896301270e-01
8.885610103607177734e-02
0.000000000000000000e+00
0.000000000000000000e+00
8.335423469543457031e-01
9.636539965867996216e-02
2.122363001108169556e-01
2.342662811279296875e-01
4.650621488690376282e-02
6.084452867507934570e-01
1.580679863691329956e-01
2.871603071689605713e-01
2.664871811866760254e-01
1.194503828883171082e-01
1.575479656457901001e-02
2.239106446504592896e-01
0.000000000000000000e+00
9.023972600698471069e-02
1.226510256528854370e-01
0.000000000000000000e+00
1.371551305055618286e-01
0.000000000000000000e+00
1.871342537924647331e-03
7.307107746601104736e-02
0.000000000000000000e+00
6.261734366416931152e-01
6.061141490936279297e-01
4.010213539004325867e-02
1.860665827989578247e-01
4.626683592796325684e-01
1.701968908309936523e-01
2.019055001437664032e-02
3.306502103805541992e-01
5.907638072967529297e-01
3.832992911338806152e-02
2.479698359966278076e-01
1.607753634452819824e-01
4.830756187438964844e-01
2.571298927068710327e-02
4.559210538864135742e-01
0.000000000000000000e+00
4.933817386627197266e-01
2.666133046150207520e-01
2.183926105499267578e-01
0.000000000000000000e+00
5.029184222221374512e-01
3.044228851795196533e-01
9.254876524209976196e-03
0.000000000000000000e+00
3.304237127304077148e-02
1.429639607667922974e-01
1.099603533744812012e+00
2.106986939907073975e-01
2.420133054256439209e-01
1.984111219644546509e-02
4.204128384590148926e-01
2.250316087156534195e-03
2.770049870014190674e-01
8.248527646064758301e-01
0.000000000000000000e+00
8.312082886695861816e-01
4.593930020928382874e-02
0.000000000000000000e+00
0.000000000000000000e+00
2.020450830459594727e-01
2.325129359960556030e-01
1.145153120160102844e-01
1.126700788736343384e-01
5.818013101816177368e-02
1.540325582027435303e-01
1.143915504217147827e-01
7.984642870724201202e-03
3.085493743419647217e-01
2.554835379123687744e-01
1.254040002822875977e-02
0.000000000000000000e+00
4.819105193018913269e-02
2.527510225772857666e-01
3.199429810047149658e-01
1.117528304457664490e-01
4.857185482978820801e-01
1.060613632202148438e+01
1.058798879384994507e-01
2.680184841156005859e-01
1.059306412935256958e-01
3.608288288116455078e+00
9.197865724563598633e-01
3.970077514648437500e+00
8.564646244049072266e-01
1.079643052071332932e-02
1.355152279138565063e-01
3.911390900611877441e-01
3.650533258914947510e-01
1.174231052398681641e+00
5.829145312309265137e-01
6.672173142433166504e-01
9.511712007224559784e-03
1.202496811747550964e-01
0.000000000000000000e+00
7.795000672340393066e-01
4.638457298278808594e-01
3.995321691036224365e-01
9.183483719825744629e-01
1.112631559371948242e+00
3.582902908325195312e+00
9.012156724929809570e-01
1.637454032897949219e+00
4.851324260234832764e-01
4.615125805139541626e-02
0.000000000000000000e+00
9.511213302612304688e-01
5.152000859379768372e-02
1.537391394376754761e-01
0.000000000000000000e+00
1.276283860206604004e-01
0.000000000000000000e+00
1.348117887973785400e-01
4.248841702938079834e-01
6.221413984894752502e-02
1.971167773008346558e-01
2.298785746097564697e-01
2.716375747695565224e-03
9.919453412294387817e-02
1.682892888784408569e-01
6.289376318454742432e-02
0.000000000000000000e+00
1.195495352149009705e-01
0.000000000000000000e+00
7.351104259490966797e+00
1.545520573854446411e-01
1.108180880546569824e-01
0.000000000000000000e+00
0.000000000000000000e+00
1.543965786695480347e-01
3.789570927619934082e-01
3.583254516124725342e-01
1.952987164258956909e-01
5.005427002906799316e-01
0.000000000000000000e+00
2.942642197012901306e-02
1.510645449161529541e-02
0.000000000000000000e+00
3.786446750164031982e-01
3.411267325282096863e-02
6.485541164875030518e-02
7.601056247949600220e-02
6.156391650438308716e-02
0.000000000000000000e+00
1.357531666755676270e+00
8.969783782958984375e-03
1.377675831317901611e-01
0.000000000000000000e+00
3.744721412658691406e-01
0.000000000000000000e+00
0.000000000000000000e+00
1.423971056938171387e+00
2.642947249114513397e-02
5.949388742446899414e-01
3.379761874675750732e-01
1.759870722889900208e-02
5.063231587409973145e-01
0.000000000000000000e+00
2.288349390029907227e+00
