2.196163982152938843e-01
2.113257497549057007e-01
5.297353025525808334e-03
1.191769361495971680e+00
6.230199933052062988e-01
1.036169886589050293e+00
7.218193262815475464e-02
1.108269333839416504e+00
3.585787117481231689e-01
6.391109898686408997e-03
2.390361577272415161e-01
4.639715552330017090e-01
0.000000000000000000e+00
3.757626935839653015e-02
9.739588499069213867e-01
6.274729222059249878e-02
1.002343818545341492e-01
1.102337539196014404e-01
0.000000000000000000e+00
1.204194277524948120e-01
2.335781157016754150e-01
5.335512757301330566e-01
9.519423544406890869e-02
0.000000000000000000e+00
0.000000000000000000e+00
4.312592446804046631e-01
5.805619806051254272e-02
0.000000000000000000e+00
0.000000000000000000e+00
5.395130719989538193e-04
1.068743988871574402e-01
4.761170968413352966e-02
3.244265168905258179e-02
6.732620298862457275e-02
0.000000000000000000e+00
0.000000000000000000e+00
1.595772802829742432e-02
1.350640505552291870e-02
1.222404122352600098e+00
7.192992419004440308e-02
8.823089599609375000e-01
3.027961492538452148e+00
0.000000000000000000e+00
1.836981810629367828e-02
5.002243518829345703e-01
1.433611195534467697e-02
0.000000000000000000e+00
2.366218715906143188e-01
0.000000000000000000e+00
1.963424235582351685e-01
0.000000000000000000e+00
9.279612302780151367e-01
0.000000000000000000e+00
4.342264175415039062e+00
0.000000000000000000e+00
0.000000000000000000e+00
2.766149863600730896e-02
3.263916587457060814e-03
5.827487632632255554e-02
5.910987257957458496e-01
1.718327879905700684e+00
3.401457145810127258e-02
0.000000000000000000e+00
1.694689318537712097e-02
1.758230328559875488e-01
0.000000000000000000e+00
6.944498419761657715e-02
1.603414565324783325e-01
1.239554397761821747e-02
1.625881716609001160e-02
6.261842790991067886e-03
2.338390499353408813e-01
1.151716470718383789e+00
1.953076273202896118e-01
2.248127758502960205e-01
0.000000000000000000e+00
3.116565346717834473e-01
0.000000000000000000e+00
0.000000000000000000e+00
0.000000000000000000e+00
3.925783932209014893e-01
1.045441389083862305e+00
6.343847513198852539e-01
0.000000000000000000e+00
9.802780300378799438e-02
6.872169207781553268e-03
0.000000000000000000e+00
8.046682476997375488e-01
2.290517278015613556e-02
1.616919934749603271e-01
0.000000000000000000e+00
1.404444780200719833e-02
0.000000000000000000e+00
3.366775065660476685e-02
1.849173903465270996e-01
0.000000000000000000e+00
3.730407357215881348e-02
6.780550479888916016e-01
0.000000000000000000e+00
8.537291735410690308e-02
7.043296694755554199e-01
1.597997546195983887e+00
4.197910130023956299e-01
1.593325614929199219e+00
7.583859562873840332e-01
1.338881611824035645e+00
1.096075996756553650e-01
2.036088705062866211e-01
4.792925715446472168e-01
2.671234011650085449e-01
3.542170286178588867e+00
0.000000000000000000e+00
0.000000000000000000e+00
1.935718581080436707e-02
0.000000000000000000e+00
0.000000000000000000e+00
1.017621755599975586e-01
0.000000000000000000e+00
0.000000000000000000e+00
5.530886352062225342e-02
2.388517409563064575e-01
4.849034920334815979e-02
0.000000000000000000e+00
0.000000000000000000e+00
1.244696304202079773e-01
3.082448840141296387e-01
8.414741605520248413e-02
1.430139690637588501e-01
8.871253579854965210e-02
0.000000000000000000e+00
1.515224575996398926e-01
9.038696996867656708e-03
1.204170137643814087e-01
0.000000000000000000e+00
1.274079695576801896e-04
0.000000000000000000e+00
1.921222507953643799e-01
1.341367959976196289e+00
2.314509153366088867e-01
4.541830625385046005e-03
6.801372021436691284e-02
4.147893190383911133e-01
5.072799394838511944e-04
1.161752343177795410e-01
8.478938341140747070e-01
1.547169387340545654e-01
0.000000000000000000e+00
0.000000000000000000e+00
5.051126237958669662e-03
2.088597416877746582e-02
3.460136353969573975e-01
4.210529476404190063e-02
4.755305945873260498e-01
0.000000000000000000e+00
0.000000000000000000e+00
7.178481817245483398e-01
0.000000000000000000e+00
1.524229720234870911e-02
4.222898930311203003e-02
3.406172096729278564e-01
7.259320467710494995e-02
2.931769005954265594e-02
1.066629409790039062e+00
1.654578745365142822e-01
0.000000000000000000e+00
4.125514999032020569e-03
1.295963764190673828e+00
2.085420370101928711e+00
2.372455783188343048e-02
5.320655107498168945e-01
1.559720560908317566e-02
1.689525693655014038e-02
5.316661298274993896e-02
3.339137136936187744e-01
5.127298235893249512e-01
0.000000000000000000e+00
0.000000000000000000e+00
0.000000000000000000e+00
1.114575743675231934e+00
1.405100822448730469e+00
1.777288317680358887e-02
0.000000000000000000e+00
2.043050080537796021e-01
0.000000000000000000e+00
0.000000000000000000e+00
4.005163908004760742e-02
5.196924805641174316e-01
1.729814708232879639e-01
6.689507048577070236e-03
2.238348871469497681e-02
5.238397717475891113e-01
5.061982870101928711e-01
0.000000000000000000e+00
0.000000000000000000e+00
2.082840651273727417e-01
1.719139218330383301e-01
6.407995820045471191e-01
1.941700428724288940e-01
3.266622498631477356e-02
2.075496613979339600e-01
3.857375085353851318e-01
8.670399188995361328e-01
2.120142104104161263e-03
5.263604968786239624e-02
1.242143213748931885e-01
1.136726234108209610e-03
7.435597479343414307e-02
1.189501509070396423e-01
9.745709896087646484e-01
8.951746225357055664e-01
1.747360974550247192e-01
7.499638944864273071e-02
6.999197602272033691e-02
1.048764586448669434e-01
1.782084554433822632e-01
3.876703977584838867e-02
4.044617116451263428e-01
2.227528989315032959e-01
1.046296302229166031e-02
1.446091830730438232e-01
7.294575691223144531e+00
1.471726149320602417e-01
4.514073729515075684e-01
3.999065607786178589e-02
0.000000000000000000e+00
1.399424910545349121e+00
1.429044604301452637e+00
3.136989194899797440e-03
6.408818066120147705e-02
3.207798898220062256e-01
4.597149416804313660e-02
3.220330715179443359e+00
6.708522140979766846e-02
2.145294249057769775e-01
7.544577717781066895e-01
3.235615417361259460e-02
0.000000000000000000e+00
3.465648740530014038e-02
2.505525648593902588e-01
0.000000000000000000e+00
3.122453391551971436e-02
1.279084384441375732e-01
0.000000000000000000e+00
1.050801396369934082e+00
6.722728013992309570e-01
2.182587832212448120e-01
9.152039289474487305e-01
0.000000000000000000e+00
0.000000000000000000e+00
1.041395440697669983e-01
1.331932246685028076e-01
1.909428685903549194e-01
4.430904388427734375e+00
2.516134828329086304e-02
3.833490610122680664e-01
0.000000000000000000e+00
1.423037946224212646e-01
0.000000000000000000e+00
0.000000000000000000e+00
4.493576288223266602e-01
5.450953841209411621e-01
0.000000000000000000e+00
7.195835709571838379e-01
5.967308878898620605e-01
1.325903981924057007e-01
8.899793028831481934e-03
7.094792127609252930e-01
8.774988353252410889e-02
4.856797400861978531e-03
1.974967420101165771e-01
7.376892566680908203e-01
2.587358951568603516e-01
5.718900263309478760e-02
1.465856730937957764e-01
4.182219505310058594e-01
0.000000000000000000e+00
4.518112540245056152e-02
2.837323248386383057e-01
1.770256012678146362e-01
1.455353975296020508e+00
1.100427880883216858e-01
1.243745803833007812e+00
1.501059085130691528e-01
6.833307147026062012e-01
7.317572832107543945e-02
4.148456573486328125e+00
1.317253261804580688e-01
7.812113314867019653e-02
4.214646294713020325e-02
5.526829361915588379e-01
0.000000000000000000e+00
0.000000000000000000e+00
1.557674910873174667e-02
0.000000000000000000e+00
4.151898384094238281e+00
0.000000000000000000e+00
2.428011447191238403e-01
4.253283143043518066e-02
2.044984251260757446e-01
1.387839913368225098e-01
3.362761810421943665e-02
0.000000000000000000e+00
6.394957304000854492e-01
2.456494569778442383e-01
0.000000000000000000e+00
0.000000000000000000e+00
0.000000000000000000e+00
3.748187050223350525e-02
9.742429107427597046e-02
0.000000000000000000e+00
5.182502865791320801e-01
4.400310665369033813e-02
3.441564559936523438e+00
2.001040875911712646e-01
9.241638779640197754e-01
1.046191230416297913e-01
3.345287218689918518e-02
1.574289798736572266e+00
1.319648027420043945e-01
1.061843276023864746e+00
2.823990769684314728e-02
3.003314835950732231e-03
1.458170916885137558e-02
3.125229477882385254e-01
1.405218362808227539e+00
1.378130614757537842e-01
0.000000000000000000e+00
1.179409265518188477e+00
0.000000000000000000e+00
3.694836050271987915e-02
3.312123194336891174e-02
2.101316582411527634e-03
1.107682138681411743e-01
2.157493084669113159e-01
0.000000000000000000e+00
2.568797349929809570e+00
0.000000000000000000e+00
7.332767844200134277e-01
1.022091865539550781e+00
5.600246787071228027e-02
5.950902104377746582e-01
1.337135195732116699e+00
0.000000000000000000e+00
0.000000000000000000e+00
0.000000000000000000e+00
0.000000000000000000e+00
0.000000000000000000e+00
1.418521720916032791e-02
2.415847778320312500e-02
0.000000000000000000e+00
4.510515555739402771e-02
0.000000000000000000e+00
1.228451967239379883e+00
5.774738788604736328e-01
3.810274880379438400e-03
1.664407700300216675e-01
1.200398325920104980e+00
0.000000000000000000e+00
3.900686800479888916e-01
0.000000000000000000e+00
3.381693959236145020e-01
0.000000000000000000e+00
3.057090640068054199e-01
9.350237250328063965e-02
0.000000000000000000e+00
5.862098336219787598e-01
5.374464392662048340e-01
0.000000000000000000e+00
3.597798943519592285e-01
3.706992045044898987e-02
0.000000000000000000e+00
3.449990987777709961e+00
1.665174365043640137e-01
1.038282752037048340e+00
3.495745360851287842e-02
0.000000000000000000e+00
3.243614435195922852e-01
0.000000000000000000e+00
5.630057305097579956e-02
3.971136510372161865e-01
5.530318617820739746e-01
4.290421903133392334e-01
7.766363676637411118e-03
1.021623890846967697e-02
0.000000000000000000e+00
5.519569292664527893e-02
1.145623847842216492e-01
5.047653988003730774e-02
2.911966585088521242e-04
1.266594678163528442e-01
5.378383025527000427e-02
1.122161895036697388e-01
1.464097350835800171e-01
3.340042233467102051e-01
2.348300069570541382e-01
1.943496465682983398e-01
3.058055877685546875e+00
2.003909111022949219e+00
1.027012839913368225e-01
1.398928880691528320e+00
9.136499837040901184e-03
2.792958319187164307e-01
5.657163858413696289e-01
4.878690838813781738e-02
0.000000000000000000e+00
3.838831484317779541e-01
5.778267979621887207e-01
9.953507184982299805e-01
3.586407899856567383e-01
1.519075393676757812e+00
0.000000000000000000e+00
3.217159584164619446e-02
8.058349490165710449e-01
5.730825942009687424e-03
2.611850202083587646e-02
0.000000000000000000e+00
0.000000000000000000e+00
0.000000000000000000e+00
1.082169115543365479e-01
0.000000000000000000e+00
1.151899434626102448e-02
4.628732204437255859e-01
0.000000000000000000e+00
3.032252490520477295e-01
1.254887506365776062e-02
5.133030191063880920e-02
0.000000000000000000e+00
0.000000000000000000e+00
2.670802831649780273e+00
8.365830406546592712e-03
4.856014549732208252e-01
0.000000000000000000e+00
1.615163385868072510e-01
3.232508199289441109e-03
0.000000000000000000e+00
1.591124296188354492e+00
0.000000000000000000e+00
3.264224529266357422e-01
1.038158219307661057e-02
1.588708877563476562e+00
3.351071476936340332e-01
4.434288144111633301e-01
1.053134560585021973e+00
1.382695585489273071e-01
5.859486758708953857e-02
0.000000000000000000e+00
2.157287206500768661e-03
2.303492128849029541e-01
1.078865408897399902e+00
2.814982831478118896e-02
5.062460899353027344e-01
0.000000000000000000e+00
1.773633435368537903e-02
5.104765295982360840e-02
5.726418495178222656e-01
2.169576585292816162e-01
6.976804137229919434e-02
0.000000000000000000e+00
6.707122176885604858e-02
0.000000000000000000e+00
1.192655935883522034e-01
7.790653035044670105e-03
2.939598798751831055e+00
5.024924874305725098e-01
2.430273592472076416e-01
3.783749043941497803e-02
1.568707227706909180e-01
1.307800877839326859e-02
1.275823116302490234e-01
0.000000000000000000e+00
0.000000000000000000e+00
0.000000000000000000e+00
2.892583906650543213e-01
0.000000000000000000e+00
3.726802393794059753e-02
1.975532621145248413e-01
6.409509479999542236e-02
1.351088136434555054e-01
1.581401824951171875e-01
1.766245961189270020e+00
4.224958717823028564e-01
0.000000000000000000e+00
9.831240028142929077e-02
4.025453925132751465e-01
1.591771841049194336e-01
5.001360177993774414e-01
0.000000000000000000e+00
0.000000000000000000e+00
1.229429524391889572e-02
3.181954473257064819e-02
2.176570892333984375e-01
5.042927861213684082e-01
1.239374160766601562e+00
7.912345975637435913e-02
0.000000000000000000e+00
3.870127499103546143e-01
3.907544910907745361e-01
3.165170922875404358e-02
3.158528506755828857e-01
1.665004968643188477e+00
1.358046382665634155e-01
4.121059179306030273e-01
1.634985804557800293e-01
1.617227494716644287e-01
0.000000000000000000e+00
1.845291256904602051e-01
0.000000000000000000e+00
3.173709288239479065e-02
2.199417352676391602e-01
3.335198879241943359e+00
0.000000000000000000e+00
1.049003750085830688e-02
2.431949079036712646e-01
5.975096821784973145e-01
1.953169889748096466e-02
1.627434231340885162e-02
0.000000000000000000e+00
1.107539385557174683e-01
2.460749819874763489e-03
2.495960332453250885e-02
0.000000000000000000e+00
1.099408790469169617e-01
0.000000000000000000e+00
0.000000000000000000e+00
5.620445609092712402e-01
8.602910637855529785e-01
2.134472504258155823e-02
3.934151172637939453e+00
2.782443761825561523e-01
3.177288472652435303e-01
7.367417216300964355e-02
5.808306857943534851e-02
2.274477481842041016e-01
3.071280661970376968e-03
8.223995566368103027e-02
3.362977504730224609e-01
2.674670219421386719e+00
7.168910931795835495e-03
2.074271813035011292e-02
9.841107726097106934e-01
9.462461620569229126e-02
1.283006310462951660e+00
8.616711944341659546e-02
0.000000000000000000e+00
1.272335290908813477e+00
2.474630594253540039e+00
0.000000000000000000e+00
6.748334169387817383e-01
2.972137928009033203e-01
2.154134809970855713e-01
0.000000000000000000e+00
7.648205384612083435e-03
3.279487788677215576e-02
3.470933809876441956e-02
1.638410568237304688e+00
4.117698222398757935e-02
5.076903104782104492e-01
0.000000000000000000e+00
1.060313344001770020e+00
1.000433713197708130e-01
5.643453598022460938e-01
3.473221957683563232e-01
0.000000000000000000e+00
6.804542541503906250e-01
0.000000000000000000e+00
0.000000000000000000e+00
2.940445184707641602e+00
8.808657526969909668e-02
1.376863270998001099e-01
6.063058972358703613e-01
1.149074554443359375e+00
2.767922580242156982e-01
1.305262930691242218e-02
2.040519475936889648e+00
0.000000000000000000e+00
1.861451148986816406e+00
1.350593566894531250e-01
1.789741396903991699e+00
6.336519122123718262e-01
4.468643069267272949e-01
3.510911762714385986e-01
4.492835141718387604e-03
2.920796871185302734e-01
2.985837757587432861e-01
2.150250673294067383e-01
1.487331278622150421e-02
1.165164038538932800e-01
4.340623319149017334e-01
7.484664320945739746e-01
7.393767833709716797e+00
7.700989395380020142e-02
1.817656494677066803e-02
3.368590176105499268e-01
2.908582210540771484e+00
0.000000000000000000e+00
1.105629801750183105e-01
4.130118489265441895e-01
7.268003225326538086e-01
3.616531789302825928e-01
5.155926942825317383e-01
7.961803674697875977e-02
6.695426106452941895e-01
2.027321048080921173e-02
2.148364204913377762e-03
1.024816483259201050e-01
1.455678820610046387e+00
0.000000000000000000e+00
9.991306811571121216e-02
3.279599249362945557e-01
3.670934438705444336e-01
4.825159907341003418e-02
1.712403148412704468e-01
2.556051731109619141e+00
0.000000000000000000e+00
0.000000000000000000e+00
4.647308494895696640e-03
0.000000000000000000e+00
6.173738092184066772e-02
2.816561460494995117e-01
2.997196018695831299e-01
1.172298491001129150e-01
4.335973262786865234e-01
2.508293867111206055e+00
1.900172233581542969e+00
3.976702690124511719e-01
4.989776909351348877e-01
0.000000000000000000e+00
0.000000000000000000e+00
1.853301748633384705e-02
1.798254847526550293e-01
0.000000000000000000e+00
6.783655285835266113e-01
1.029054634273052216e-02
3.909017562866210938e+00
0.000000000000000000e+00
1.524314522743225098e+00
2.746754288673400879e-01
5.852657556533813477e-01
4.867849871516227722e-02
1.197193741798400879e+00
7.054517418146133423e-02
6.024445295333862305e-01
9.393386840820312500e-01
3.659604117274284363e-02
0.000000000000000000e+00
0.000000000000000000e+00
2.396724820137023926e-01
4.363207340240478516e+00
0.000000000000000000e+00
2.245175838470458984e-01
2.710116505622863770e-01
0.000000000000000000e+00
0.000000000000000000e+00
0.000000000000000000e+00
3.151264190673828125e-01
7.841781973838806152e-01
0.000000000000000000e+00
8.496880531311035156e-01
7.441815733909606934e-01
7.863288046792149544e-04
2.359621599316596985e-02
0.000000000000000000e+00
2.956270873546600342e-01
3.331498242914676666e-03
3.234035015106201172e+00
3.887491524219512939e-01
2.287537336349487305e+00
2.389175817370414734e-02
6.187071204185485840e-01
8.973919749259948730e-01
1.588783599436283112e-02
2.105600945651531219e-02
1.672766730189323425e-02
7.037495374679565430e-01
6.147792339324951172e-01
3.454159572720527649e-02
3.581883907318115234e-01
0.000000000000000000e+00
1.165827736258506775e-01
1.069417744874954224e-01
0.000000000000000000e+00
4.453722387552261353e-03
1.935390233993530273e-01
2.993211448192596436e-01
1.257835626602172852e-01
3.272193074226379395e-01
6.742068380117416382e-02
1.171286851167678833e-01
8.597609400749206543e-02
3.193643569946289062e+00
0.000000000000000000e+00
1.915445327758789062e-01
2.797207534313201904e-01
4.539869353175163269e-02
0.000000000000000000e+00
4.844759032130241394e-02
9.819491952657699585e-02
7.944785058498382568e-02
1.312953978776931763e-01
6.129483580589294434e-01
2.099516429007053375e-02
2.387976273894309998e-03
6.359741091728210449e-01
0.000000000000000000e+00
2.015488035976886749e-02
8.951098322868347168e-01
4.499932527542114258e-01
0.000000000000000000e+00
1.738355606794357300e-01
7.624477893114089966e-02
5.186109542846679688e-01
0.000000000000000000e+00
7.474440336227416992e-02
5.889760851860046387e-01
1.992226600646972656e+00
0.000000000000000000e+00
6.693491339683532715e-02
4.641065895557403564e-01
1.187780797481536865e-01
4.485037326812744141e-01
1.988703250885009766e+00
0.000000000000000000e+00
0.000000000000000000e+00
0.000000000000000000e+00
1.551979780197143555e-01
2.305017411708831787e-01
1.293997526168823242e+00
5.662811994552612305e-01
1.074119750410318375e-02
0.000000000000000000e+00
0.000000000000000000e+00
1.358609437942504883e+00
4.873234778642654419e-02
8.740025758743286133e-02
1.363469600677490234e+00
5.538978427648544312e-02
0.000000000000000000e+00
1.125698685646057129e-01
8.978294730186462402e-01
3.053790628910064697e-01
1.342866383492946625e-02
1.654987484216690063e-01
1.394006729125976562e+00
1.614423096179962158e-02
1.619368642568588257e-01
0.000000000000000000e+00
4.522231221199035645e-01
6.253378093242645264e-02
0.000000000000000000e+00
1.134923100471496582e+00
3.306186944246292114e-02
1.637316346168518066e+00
3.628238737583160400e-01
7.725207209587097168e-01
9.698699712753295898e-01
8.280356414616107941e-03
2.299243360757827759e-01
0.000000000000000000e+00
1.154076933860778809e+00
7.039602100849151611e-02
2.677428424358367920e-01
3.232403278350830078e+00
3.859125971794128418e-01
1.030764579772949219e+00
2.922427468001842499e-02
2.244329929351806641e+00
4.310210794210433960e-02
0.000000000000000000e+00
7.284840345382690430e-01
3.993263244628906250e-01
4.022315740585327148e-01
2.086440920829772949e-01
2.440931946039199829e-01
4.361998662352561951e-02
7.488421350717544556e-02
0.000000000000000000e+00
0.000000000000000000e+00
3.356581181287765503e-02
1.519749283790588379e+00
0.000000000000000000e+00
1.708986401557922363e+00
5.874383822083473206e-02
6.448624134063720703e-01
0.000000000000000000e+00
1.071003898978233337e-01
9.127763509750366211e-01
2.204387784004211426e-01
1.050969818606972694e-03
0.000000000000000000e+00
0.000000000000000000e+00
0.000000000000000000e+00
5.592520833015441895e-01
1.155768990516662598e+00
1.808899641036987305e-01
0.000000000000000000e+00
1.728483885526657104e-01
0.000000000000000000e+00
2.262040853500366211e+00
7.051104307174682617e-01
0.000000000000000000e+00
0.000000000000000000e+00
1.058157011866569519e-01
8.140392899513244629e-01
1.194038033485412598e+00
0.000000000000000000e+00
5.478912591934204102e-01
3.807043656706809998e-03
1.487066507339477539e+00
0.000000000000000000e+00
6.345318555831909180e-01
6.125393390655517578e+00
1.773656755685806274e-01
1.027806941419839859e-02
5.954106152057647705e-02
0.000000000000000000e+00
8.485240489244461060e-02
1.035549521446228027e+00
4.891759902238845825e-02
2.782669782638549805e+00
1.113390684127807617e+00
3.746874397620558739e-03
0.000000000000000000e+00
0.000000000000000000e+00
0.000000000000000000e+00
1.184101104736328125e+00
1.059002578258514404e-01
2.879862785339355469e+00
0.000000000000000000e+00
2.212256640195846558e-01
2.598412148654460907e-02
2.315903753042221069e-01
2.751895412802696228e-02
0.000000000000000000e+00
6.710018515586853027e-01
4.534354209899902344e-01
0.000000000000000000e+00
1.833203621208667755e-02
4.320404231548309326e-01
0.000000000000000000e+00
9.053392708301544189e-02
1.707237809896469116e-01
0.000000000000000000e+00
1.697670854628086090e-02
1.031044840812683105e+00
0.000000000000000000e+00
6.488975486718118191e-04
5.771584436297416687e-02
7.599896751344203949e-03
2.679972171783447266e+00
7.792917490005493164e-01
1.017333626747131348e+00
5.021560937166213989e-03
8.422993868589401245e-02
3.177861571311950684e-01
1.700423955917358398e-01
2.521272897720336914e-01
3.397202789783477783e-01
5.455843806266784668e-01
1.157398700714111328e+00
8.272137045860290527e-01
0.000000000000000000e+00
1.426510691642761230e+00
6.401597708463668823e-02
4.041090980172157288e-02
1.070163957774639130e-02
5.150394979864358902e-03
3.161331173032522202e-03
2.659768052399158478e-02
1.084976270794868469e-02
3.195055993273854256e-03
7.339367270469665527e-02
2.919698655605316162e-01
0.000000000000000000e+00
4.597541391849517822e-01
2.693395689129829407e-02
1.806444227695465088e-01
1.210095509886741638e-01
0.000000000000000000e+00
9.878502786159515381e-02
2.060807645320892334e-01
0.000000000000000000e+00
4.420542344450950623e-02
5.509534478187561035e-01
1.762324720621109009e-01
2.413913607597351074e-02
2.160552144050598145e-02
0.000000000000000000e+00
1.764394521713256836e+00
6.245992660522460938e+00
0.000000000000000000e+00
4.973928630352020264e-01
4.312587156891822815e-02
0.000000000000000000e+00
7.067684084177017212e-02
4.199349135160446167e-02
1.073490023612976074e+00
1.505654752254486084e-01
7.926286756992340088e-02
5.046182870864868164e-01
3.954946100711822510e-01
0.000000000000000000e+00
1.964629441499710083e-01
1.642808198928833008e+00
0.000000000000000000e+00
1.662866115570068359e+00
1.583263650536537170e-02
2.172450423240661621e-01
1.096313372254371643e-01
4.977332055568695068e-01
3.445505499839782715e-01
5.464345216751098633e-02
4.907882511615753174e-01
1.651360071264207363e-03
2.225899845361709595e-01
1.859112381935119629e-01
4.193683564662933350e-01
8.968390822410583496e-01
5.379844307899475098e-01
1.506190281361341476e-02
3.771001473069190979e-03
4.097314924001693726e-02
4.335176646709442139e-01
1.447741058655083179e-03
3.559501841664314270e-03
1.698635518550872803e-01
2.545768320560455322e-01
0.000000000000000000e+00
0.000000000000000000e+00
0.000000000000000000e+00
0.000000000000000000e+00
1.854680895805358887e+00
5.521832033991813660e-02
3.576808691024780273e+00
5.524045228958129883e-02
4.113810062408447266e-01
1.986433118581771851e-01
2.011470869183540344e-02
1.079683825373649597e-01
7.569287717342376709e-02
3.440788481384515762e-03
3.663928806781768799e-01
4.580971598625183105e-01
2.072174288332462311e-02
5.431485772132873535e-01
0.000000000000000000e+00
9.262665174901485443e-03
4.075357913970947266e-01
1.360725262202322483e-03
1.808907836675643921e-01
0.000000000000000000e+00
1.735740751028060913e-01
5.330007076263427734e-01
0.000000000000000000e+00
2.047081012278795242e-03
1.177031639963388443e-02
1.566410809755325317e-01
2.358843982219696045e-01
0.000000000000000000e+00
2.735257148742675781e-01
4.595452919602394104e-02
1.162663474678993225e-01
1.919432356953620911e-02
1.018548965454101562e+00
1.707274436950683594e+00
6.358935032039880753e-03
2.404565066099166870e-01
6.490758806467056274e-02
0.000000000000000000e+00
6.702971458435058594e-01
4.207931831479072571e-02
4.443184286355972290e-02
0.000000000000000000e+00
0.000000000000000000e+00
1.182743385434150696e-01
3.859308063983917236e-01
1.107412815093994141e+00
1.431882660835981369e-02
1.439830958843231201e-01
3.711216524243354797e-02
2.488312482833862305e+00
7.540377974510192871e-02
5.359663963317871094e+00
1.185365021228790283e-01
7.806394100189208984e-01
3.822804987430572510e-01
4.401609674096107483e-02
7.281516194343566895e-01
6.366745233535766602e-01
0.000000000000000000e+00
2.043167352676391602e-01
1.470682621002197266e-01
0.000000000000000000e+00
1.035795137286186218e-01
0.000000000000000000e+00
6.336838722229003906e+00
1.429354101419448853e-01
0.000000000000000000e+00
2.452850788831710815e-01
2.829796075820922852e-01
1.105652563273906708e-02
1.323175907135009766e+00
1.084700599312782288e-01
0.000000000000000000e+00
9.537548422813415527e-01
4.536920785903930664e-02
9.949325025081634521e-02
6.950402632355690002e-03
3.982905149459838867e-01
3.121155798435211182e-01
0.000000000000000000e+00
1.786033213138580322e-01
0.000000000000000000e+00
3.773262202739715576e-01
9.920471906661987305e-01
1.643159091472625732e-01
0.000000000000000000e+00
1.407618820667266846e-01
4.263826906681060791e-01
1.648453623056411743e-01
5.940348505973815918e-01
4.970171451568603516e+00
9.681099094450473785e-03
2.680459618568420410e-01
1.980274617671966553e-01
5.639986991882324219e-01
1.788310147821903229e-02
1.028092950582504272e-01
7.159196734428405762e-01
1.291541934013366699e+00
3.904277831315994263e-02
3.157441020011901855e-01
0.000000000000000000e+00
5.023857951164245605e-01
0.000000000000000000e+00
0.000000000000000000e+00
6.500321626663208008e-02
3.159415721893310547e-01
1.359151117503643036e-02
2.506158053874969482e-01
4.740701019763946533e-01
1.104590773582458496e+00
2.353806793689727783e-01
5.094516277313232422e-01
2.789519548416137695e+00
0.000000000000000000e+00
1.477933973073959351e-01
3.240103600546717644e-03
0.000000000000000000e+00
4.337988328188657761e-03
5.284764245152473450e-02
0.000000000000000000e+00
0.000000000000000000e+00
4.852270483970642090e-01
8.818540722131729126e-02
1.346532404422760010e-01
5.609404295682907104e-02
4.521946609020233154e-02
8.755373358726501465e-01
0.000000000000000000e+00
1.573946475982666016e+00
4.043532013893127441e-01
2.908182442188262939e-01
9.313036799430847168e-01
0.000000000000000000e+00
1.340834617614746094e+00
1.982289552688598633e-01
3.905188143253326416e-01
1.049841403961181641e+00
0.000000000000000000e+00
6.567771546542644501e-03
0.000000000000000000e+00
1.692658543586730957e+00
3.433041647076606750e-02
4.305602908134460449e-01
8.528563193976879120e-03
3.756690770387649536e-03
0.000000000000000000e+00
1.253283768892288208e-02
5.647783279418945312e-01
2.160452753305435181e-01
0.000000000000000000e+00
1.122561171650886536e-01
1.503356695175170898e-01
4.278301298618316650e-01
5.580217391252517700e-02
5.969453975558280945e-02
1.081568077206611633e-01
3.834769129753112793e-02
2.134890258312225342e-01
4.219700694084167480e-01
2.035154551267623901e-01
1.913970112800598145e+00
2.347089290618896484e+00
0.000000000000000000e+00
4.715763330459594727e-01
0.000000000000000000e+00
4.054126441478729248e-01
2.163206934928894043e-01
2.133750468492507935e-01
3.167209029197692871e-02
0.000000000000000000e+00
5.147372484207153320e-01
5.751218199729919434e-01
1.827729940414428711e-01
2.577988505363464355e-01
6.895716488361358643e-02
1.360715925693511963e-02
2.168268263339996338e-01
2.513067051768302917e-02
8.613757491111755371e-01
3.851306065917015076e-02
2.871116995811462402e-01
2.705593109130859375e+00
0.000000000000000000e+00
1.351941823959350586e-01
3.621808767318725586e+00
4.940150305628776550e-02
1.389324069023132324e-01
0.000000000000000000e+00
5.212044343352317810e-03
2.235081434249877930e+00
7.175975944846868515e-03
4.419374838471412659e-02
5.512233972549438477e-01
1.100237146019935608e-01
1.124768778681755066e-01
1.837006807327270508e+00
1.369915962219238281e+00
0.000000000000000000e+00
1.087058112025260925e-01
0.000000000000000000e+00
9.083735942840576172e-01
1.740743666887283325e-01
2.587411925196647644e-02
3.104926943778991699e-01
4.626431465148925781e-01
6.503964215517044067e-02
4.930340871214866638e-02
2.377549931406974792e-02
1.521196495741605759e-02
0.000000000000000000e+00
9.015766978263854980e-01
8.815240859985351562e-01
5.718631744384765625e-01
3.510437905788421631e-02
0.000000000000000000e+00
3.526596426963806152e-01
0.000000000000000000e+00
1.516245007514953613e-01
2.003130763769149780e-01
0.000000000000000000e+00
0.000000000000000000e+00
3.132137060165405273e-01
9.186473325826227665e-04
0.000000000000000000e+00
0.000000000000000000e+00
2.408024668693542480e-02
0.000000000000000000e+00
8.251232653856277466e-02
0.000000000000000000e+00
1.087799191474914551e+00
5.478598643094301224e-03
1.043822050094604492e+00
3.188193216919898987e-02
1.408861279487609863e-01
0.000000000000000000e+00
0.000000000000000000e+00
6.568062305450439453e-01
3.319429000839591026e-03
7.480035722255706787e-02
5.735176429152488708e-02
0.000000000000000000e+00
4.365887641906738281e-01
0.000000000000000000e+00
3.614685773849487305e+00
7.984219193458557129e-01
1.585953533649444580e-01
0.000000000000000000e+00
2.474207729101181030e-01
0.000000000000000000e+00
3.639752566814422607e-01
7.207151651382446289e-01
0.000000000000000000e+00
0.000000000000000000e+00
0.000000000000000000e+00
1.062139403074979782e-02
4.003501534461975098e-01
2.418477833271026611e-02
4.682215452194213867e-01
8.316729664802551270e-01
1.787864327430725098e+00
2.066374778747558594e+00
1.758908736519515514e-03
1.215168118476867676e+00
5.900726318359375000e-01
2.360157519578933716e-01
3.075545653700828552e-02
7.767305243760347366e-03
1.473141908645629883e-01
3.768166065216064453e+00
1.868356704711914062e+00
5.199119076132774353e-02
1.658512628637254238e-03
4.285722970962524414e-02
9.014234691858291626e-02
4.055509269237518311e-01
2.023670077323913574e-02
7.475791033357381821e-03
0.000000000000000000e+00
9.636647999286651611e-03
1.416200876235961914e+00
1.127504408359527588e-01
0.000000000000000000e+00
3.752297461032867432e-01
2.222928553819656372e-01
0.000000000000000000e+00
7.029385864734649658e-02
2.595186531543731689e-01
0.000000000000000000e+00
1.459295861423015594e-02
0.000000000000000000e+00
7.342582941055297852e-02
0.000000000000000000e+00
4.307219088077545166e-01
2.540784422308206558e-03
1.457773447036743164e+00
1.672442436218261719e+00
0.000000000000000000e+00
0.000000000000000000e+00
0.000000000000000000e+00
3.667457699775695801e-01
6.678772717714309692e-02
2.354223467409610748e-02
1.034705117344856262e-01
3.492352366447448730e-01
0.000000000000000000e+00
1.709063202142715454e-01
1.772720739245414734e-02
2.559025883674621582e-01
1.403113603591918945e-01
0.000000000000000000e+00
8.285334706306457520e-01
0.000000000000000000e+00
2.005697339773178101e-01
1.506867051124572754e+00
1.725681871175765991e-01
1.997053176164627075e-01
0.000000000000000000e+00
0.000000000000000000e+00
3.349258601665496826e-01
8.141615986824035645e-02
3.656089305877685547e-01
2.366283982992172241e-01
3.269640505313873291e-01
1.150963529944419861e-01
1.270479202270507812e+00
5.380054935812950134e-02
0.000000000000000000e+00
4.615756496787071228e-02
0.000000000000000000e+00
0.000000000000000000e+00
2.461942583322525024e-01
9.589137136936187744e-02
1.130922585725784302e-01
3.751545250415802002e-01
2.008175700902938843e-01
2.546056918799877167e-02
0.000000000000000000e+00
1.450456120073795319e-02
0.000000000000000000e+00
5.762665271759033203e-01
3.444148004055023193e-01
2.171602725982666016e+00
2.707829773426055908e-01
0.000000000000000000e+00
2.992554008960723877e-01
3.018997311592102051e-01
7.252686657011508942e-03
1.345989346504211426e+00
1.471247911453247070e+00
0.000000000000000000e+00
0.000000000000000000e+00
0.000000000000000000e+00
0.000000000000000000e+00
6.708505004644393921e-02
0.000000000000000000e+00
2.010313749313354492e+00
5.113127827644348145e-02
3.871949911117553711e-01
2.475303411483764648e-01
1.545028090476989746e-01
1.013043284416198730e+00
2.058793092146515846e-03
1.077989395707845688e-02
0.000000000000000000e+00
4.692937135696411133e-01
1.323913931846618652e-01
9.194269776344299316e-02
3.805410563945770264e-01
1.419685244560241699e+00
1.228785049170255661e-02
5.288063287734985352e-01
0.000000000000000000e+00
1.984823942184448242e-01
1.156224608421325684e+00
3.757278993725776672e-02
0.000000000000000000e+00
3.335670381784439087e-02
3.427288532257080078e+00
0.000000000000000000e+00
1.757008433341979980e-01
2.034612558782100677e-02
7.923803329467773438e-01
0.000000000000000000e+00
0.000000000000000000e+00
0.000000000000000000e+00
1.222819924354553223e+00
1.159082632511854172e-02
7.545395493507385254e-01
1.114324092864990234e+00
7.198356091976165771e-02
0.000000000000000000e+00
1.447296142578125000e-02
0.000000000000000000e+00
3.020272850990295410e-01
7.207890506833791733e-03
2.113430202007293701e-01
0.000000000000000000e+00
7.009583711624145508e-02
5.427012220025062561e-03
6.276712287217378616e-03
0.000000000000000000e+00
0.000000000000000000e+00
6.285910308361053467e-02
7.040530443191528320e-01
5.764742195606231689e-02
0.000000000000000000e+00
1.819334179162979126e-02
6.592670828104019165e-02
3.821666538715362549e-01
2.613666951656341553e-01
1.323415040969848633e-01
1.635462939739227295e-01
0.000000000000000000e+00
3.929843604564666748e-01
7.587616443634033203e-01
2.997988648712635040e-02
0.000000000000000000e+00
6.922729313373565674e-02
1.117888372391462326e-02
1.088725328445434570e-01
2.665216103196144104e-02
0.000000000000000000e+00
9.780686348676681519e-02
1.945316195487976074e-01
2.458539009094238281e+00
0.000000000000000000e+00
5.160441249608993530e-02
0.000000000000000000e+00
2.049416452646255493e-01
2.146507948637008667e-01
6.667711585760116577e-02
1.806625872850418091e-01
9.710074402391910553e-03
4.650301933288574219e-01
2.620542794466018677e-02
3.006728366017341614e-02
1.473036557435989380e-01
7.113077491521835327e-02
0.000000000000000000e+00
2.917053997516632080e-01
1.083480790257453918e-01
5.465727448463439941e-01
0.000000000000000000e+00
1.934798508882522583e-01
1.317315548658370972e-01
9.430111944675445557e-02
7.226997017860412598e-01
4.020805656909942627e-02
1.882642745971679688e+00
9.934504330158233643e-02
9.136822819709777832e-02
3.605379536747932434e-02
0.000000000000000000e+00
9.792816638946533203e-01
0.000000000000000000e+00
1.411742568016052246e-01
4.629669189453125000e-01
2.067507356405258179e-01
0.000000000000000000e+00
2.735744118690490723e-01
0.000000000000000000e+00
1.619312316179275513e-01
3.730932623147964478e-02
6.249694228172302246e-01
8.141557127237319946e-02
3.834912180900573730e-01
0.000000000000000000e+00
3.972119688987731934e-01
1.460133306682109833e-02
4.647215083241462708e-02
0.000000000000000000e+00
1.004968643188476562e+00
2.567447163164615631e-02
0.000000000000000000e+00
0.000000000000000000e+00
3.292211890220642090e-02
0.000000000000000000e+00
0.000000000000000000e+00
0.000000000000000000e+00
2.323315143585205078e+00
0.000000000000000000e+00
0.000000000000000000e+00
0.000000000000000000e+00
1.698583178222179413e-02
1.850552707910537720e-01
1.516432642936706543e+00
9.471376240253448486e-02
0.000000000000000000e+00
2.706476114690303802e-02
1.396056652069091797e+00
5.183013156056404114e-02
3.613979369401931763e-02
9.012734293937683105e-01
1.530497968196868896e-01
0.000000000000000000e+00
0.000000000000000000e+00
0.000000000000000000e+00
3.476280570030212402e-01
3.490491956472396851e-02
1.502562761306762695e-01
2.061849273741245270e-02
3.161444187164306641e+00
1.075996279716491699e+00
4.745227396488189697e-01
3.780695796012878418e-01
1.051687970757484436e-01
3.652581274509429932e-01
1.441167853772640228e-02
0.000000000000000000e+00
0.000000000000000000e+00
1.105126552283763885e-02
0.000000000000000000e+00
6.017451733350753784e-02
8.765351958572864532e-03
0.000000000000000000e+00
9.431533515453338623e-02
4.127150475978851318e-01
2.503802478313446045e-01
6.773787736892700195e-01
1.455414593219757080e-01
0.000000000000000000e+00
0.000000000000000000e+00
3.351068794727325439e-01
0.000000000000000000e+00
3.158397376537322998e-01
0.000000000000000000e+00
9.236508011817932129e-01
1.365461479872465134e-02
3.599482297897338867e+00
1.088643074035644531e+00
2.756322145462036133e+00
3.356417417526245117e-01
1.078490242362022400e-01
1.496922504156827927e-02
3.423718810081481934e-01
0.000000000000000000e+00
4.154505953192710876e-02
1.136443972587585449e+00
5.996908619999885559e-02
3.062253952026367188e+00
7.870633900165557861e-02
7.040356636047363281e+00
3.271466121077537537e-02
0.000000000000000000e+00
2.751829102635383606e-02
2.154784947633743286e-01
5.143342018127441406e-01
3.742951750755310059e-01
1.325274467468261719e+00
2.359604090452194214e-02
2.479007467627525330e-02
3.973623737692832947e-02
1.882817596197128296e-02
7.394764423370361328e-01
1.345430910587310791e-01
3.408089687582105398e-04
0.000000000000000000e+00
0.000000000000000000e+00
1.873888820409774780e-01
5.571626424789428711e-01
3.168270587921142578e+00
2.595201492309570312e+00
0.000000000000000000e+00
5.944982528686523438e+00
8.689355105161666870e-02
0.000000000000000000e+00
5.345502495765686035e-01
1.101534128189086914e+00
2.391482353210449219e+00
2.595658063888549805e+00
4.133306145668029785e-01
0.000000000000000000e+00
2.558074295520782471e-01
1.941832900047302246e-01
6.213278323411941528e-02
0.000000000000000000e+00
2.274890840053558350e-01
0.000000000000000000e+00
3.014849662780761719e+00
2.524134635925292969e+00
2.407480776309967041e-01
1.139412894845008850e-01
1.207410078495740891e-02
2.565290033817291260e-01
0.000000000000000000e+00
6.293919682502746582e-02
5.557614564895629883e-01
5.015158280730247498e-02
3.256617859005928040e-02
2.520827390253543854e-02
2.939173951745033264e-02
3.634868562221527100e-01
1.148004606366157532e-01
1.730266064405441284e-01
0.000000000000000000e+00
0.000000000000000000e+00
0.000000000000000000e+00
5.558642745018005371e-02
3.086668848991394043e-01
0.000000000000000000e+00
0.000000000000000000e+00
1.404453217983245850e-01
1.246636629104614258e+00
2.737790048122406006e-01
1.402762532234191895e-01
0.000000000000000000e+00
3.244953453540802002e-01
0.000000000000000000e+00
2.515141725540161133e+00
1.693514585494995117e-01
0.000000000000000000e+00
1.412123680114746094e+00
3.021458983421325684e-01
2.002903223037719727e+00
1.282092332839965820e-01
5.470587611198425293e-01
0.000000000000000000e+00
1.759611368179321289e-01
1.446754485368728638e-01
2.202982753515243530e-01
5.826870352029800415e-02
1.107318252325057983e-01
2.285756915807723999e-01
0.000000000000000000e+00
3.635703623294830322e-01
3.639413118362426758e-01
1.864625886082649231e-02
1.665063053369522095e-01
9.080215543508529663e-02
3.445269823074340820e+00
1.234820261597633362e-01
0.000000000000000000e+00
2.524548470973968506e-01
7.310869097709655762e-01
1.865381836891174316e+00
1.216125860810279846e-02
1.328367739915847778e-01
0.000000000000000000e+00
8.047292381525039673e-02
4.667039960622787476e-02
9.381273388862609863e-01
5.579495802521705627e-02
0.000000000000000000e+00
0.000000000000000000e+00
7.437235116958618164e-02
4.726340770721435547e-01
1.118442509323358536e-02
1.830478385090827942e-02
0.000000000000000000e+00
9.033948183059692383e-02
5.567834898829460144e-02
1.356696151196956635e-02
1.006233334541320801e+00
5.627428293228149414e-01
7.831814885139465332e-01
4.277170002460479736e-01
4.986104369163513184e-01
6.688141822814941406e-01
1.911070896312594414e-03
1.187479138374328613e+00
6.048239395022392273e-02
2.771079242229461670e-01
0.000000000000000000e+00
4.799100756645202637e-02
1.403205513954162598e+00
1.163725927472114563e-01
3.151066005229949951e-01
1.693767011165618896e-01
0.000000000000000000e+00
2.755202166736125946e-02
7.427107095718383789e-01
1.526922464370727539e+00
2.099981307983398438e+00
2.817502319812774658e-01
0.000000000000000000e+00
5.156835913658142090e-01
1.069678068161010742e+00
0.000000000000000000e+00
4.415747642517089844e+00
0.000000000000000000e+00
6.766205281019210815e-02
2.338727474212646484e+00
1.746131181716918945e-01
3.659076988697052002e-01
2.683527469635009766e-01
9.716904163360595703e-02
6.725322455167770386e-02
7.338502258062362671e-02
6.511152386665344238e-01
5.149475574493408203e+00
1.032689094543457031e+00
4.464196860790252686e-01
6.623207032680511475e-02
5.165089964866638184e-01
0.000000000000000000e+00
0.000000000000000000e+00
1.792058348655700684e-01
1.227408349514007568e-01
1.118885651230812073e-01
7.536666840314865112e-02
8.626563847064971924e-02
0.000000000000000000e+00
5.339496135711669922e-01
9.302531182765960693e-02
0.000000000000000000e+00
8.709084242582321167e-02
4.134963080286979675e-02
2.999853789806365967e-01
7.757471799850463867e-01
5.025113224983215332e-01
0.000000000000000000e+00
1.430423930287361145e-02
0.000000000000000000e+00
2.341153845191001892e-02
3.524689078330993652e-01
8.842846751213073730e-01
1.710285898298025131e-03
2.735830545425415039e-01
1.703622460365295410e+00
2.542126774787902832e-01
4.931396245956420898e-01
6.962777674198150635e-02
3.533262014389038086e-02
4.819461703300476074e-02
6.502369046211242676e-01
8.740870654582977295e-02
2.348590791225433350e-01
0.000000000000000000e+00
1.524633262306451797e-03
0.000000000000000000e+00
3.390779197216033936e-01
1.945474147796630859e-01
4.667451679706573486e-01
1.848997324705123901e-01
5.452471971511840820e-01
4.678737819194793701e-01
4.418960213661193848e-01
1.930468201637268066e+00
9.774774312973022461e-02
4.333116114139556885e-02
9.922382421791553497e-03
3.343341872096061707e-02
3.765512704849243164e-01
1.078692674636840820e-01
2.642663717269897461e-01
3.091203980147838593e-02
2.397828735411167145e-02
3.847668766975402832e-01
0.000000000000000000e+00
0.000000000000000000e+00
0.000000000000000000e+00
1.979617029428482056e-01
3.644532859325408936e-01
0.000000000000000000e+00
0.000000000000000000e+00
0.000000000000000000e+00
3.213285803794860840e-01
3.087922632694244385e-01
1.524117588996887207e-01
0.000000000000000000e+00
0.000000000000000000e+00
1.847378969192504883e+00
1.241545438766479492e+00
2.869956493377685547e-01
0.000000000000000000e+00
1.722695827484130859e+00
1.234364390373229980e+00
2.406778097152709961e+00
9.197499155998229980e-01
1.112792342901229858e-01
7.366904616355895996e-01
2.652286589145660400e-01
0.000000000000000000e+00
0.000000000000000000e+00
1.550629258155822754e+00
0.000000000000000000e+00
4.123581945896148682e-01
2.719080448150634766e+00
1.131836175918579102e+00
1.193212941288948059e-01
2.978625893592834473e-01
0.000000000000000000e+00
0.000000000000000000e+00
1.263154745101928711e-01
1.915282011032104492e-01
3.845526278018951416e-01
4.522636830806732178e-01
1.465961933135986328e-01
5.103926062583923340e-01
8.904885053634643555e-01
5.868924856185913086e-01
1.770339161157608032e-02
0.000000000000000000e+00
0.000000000000000000e+00
1.025848269462585449e+00
4.143052175641059875e-02
2.204720258712768555e+00
0.000000000000000000e+00
8.207011818885803223e-01
1.429005861282348633e+00
5.467588305473327637e-01
9.192771278321743011e-03
1.879997178912162781e-02
1.589103788137435913e-01
1.777849435806274414e+00
3.372292593121528625e-02
2.067078202962875366e-01
0.000000000000000000e+00
1.914874315261840820e-01
1.132820695638656616e-01
0.000000000000000000e+00
0.000000000000000000e+00
2.574267610907554626e-02
8.551549315452575684e-01
3.709461167454719543e-02
1.620685309171676636e-01
5.554238557815551758e-01
4.831358194351196289e-01
9.947354197502136230e-01
0.000000000000000000e+00
0.000000000000000000e+00
8.601318113505840302e-03
1.069039940834045410e+00
5.084478259086608887e-01
0.000000000000000000e+00
6.886203587055206299e-02
0.000000000000000000e+00
2.354709804058074951e-01
0.000000000000000000e+00
1.144676804542541504e-01
1.877658814191818237e-01
1.233798563480377197e-01
1.152068283408880234e-02
2.875692769885063171e-02
5.929149389266967773e-01
5.354211851954460144e-02
1.555143237113952637e+00
1.103095412254333496e+00
4.101290106773376465e-01
3.897758126258850098e-01
1.022724270820617676e+00
6.137678623199462891e-01
4.848940372467041016e-01
1.383503712713718414e-02
9.193955361843109131e-02
6.028553843498229980e-01
4.433094710111618042e-02
1.801521182060241699e-01
1.542413383722305298e-01
2.422148287296295166e-01
2.792676165699958801e-02
2.782591581344604492e-01
1.222310423851013184e+00
5.751380324363708496e-02
2.624204456806182861e-01
0.000000000000000000e+00
4.640568792819976807e-01
3.699432015419006348e-01
1.019194006919860840e+00
4.570724666118621826e-01
6.899160146713256836e-02
0.000000000000000000e+00
0.000000000000000000e+00
9.706951677799224854e-02
1.046427726745605469e+00
5.540235042572021484e-01
0.000000000000000000e+00
1.031228378415107727e-01
0.000000000000000000e+00
6.056300401687622070e-01
3.088072776794433594e+00
2.318723797798156738e-01
6.669604778289794922e-02
1.229584142565727234e-01
7.844924181699752808e-02
1.214060306549072266e+00
4.751952737569808960e-02
2.448287248611450195e+00
0.000000000000000000e+00
3.950873017311096191e-02
4.120311737060546875e-01
0.000000000000000000e+00
0.000000000000000000e+00
1.595595479011535645e+00
5.592091381549835205e-02
4.429162442684173584e-01
3.344269990921020508e-01
5.517646074295043945e-01
2.742605805397033691e-01
8.401320129632949829e-02
2.107627242803573608e-01
1.544930577278137207e+00
1.927196085453033447e-01
2.013315916061401367e+00
4.113733470439910889e-01
4.641735181212425232e-02
5.724560022354125977e-01
1.322520673274993896e-01
6.576665043830871582e-01
9.176781401038169861e-03
7.347483187913894653e-02
3.408911451697349548e-02
8.601874709129333496e-01
1.124221682548522949e+00
6.450944393873214722e-02
2.167437821626663208e-01
2.916299402713775635e-01
6.271038949489593506e-02
2.395516633987426758e-01
9.386479109525680542e-02
3.907209634780883789e-02
3.312799707055091858e-02
1.375973522663116455e-01
1.080938875675201416e-01
0.000000000000000000e+00
2.244191914796829224e-01
7.330824136734008789e-01
1.121190283447504044e-02
4.401601552963256836e-01
1.133454032242298126e-03
3.789823502302169800e-02
2.808424457907676697e-02
4.887288436293601990e-03
2.131404727697372437e-02
3.154905438423156738e-01
3.143109083175659180e-01
2.588138729333877563e-02
1.038411408662796021e-01
4.513867944478988647e-02
1.425048112869262695e-01
6.279215216636657715e-02
1.514729380607604980e+00
2.841578423976898193e-01
3.444231348112225533e-03
1.456636353395879269e-03
4.096212983131408691e-02
0.000000000000000000e+00
0.000000000000000000e+00
7.497372478246688843e-02
5.510790348052978516e-01
5.570232391357421875e+00
3.481867536902427673e-02
8.300205320119857788e-02
1.326803922653198242e+00
5.357226133346557617e-01
4.630879759788513184e-01
0.000000000000000000e+00
4.636155605316162109e+00
0.000000000000000000e+00
1.099521070718765259e-01
4.852261543273925781e-01
5.455717910081148148e-03
1.182811617851257324e+00
7.063573598861694336e-01
2.540497779846191406e-01
3.391003012657165527e-01
2.642780728638172150e-02
0.000000000000000000e+00
5.280359983444213867e-01
4.928107559680938721e-02
0.000000000000000000e+00
3.351005613803863525e-01
0.000000000000000000e+00
6.118182539939880371e-01
4.116649925708770752e-01
6.704589128494262695e-01
0.000000000000000000e+00
2.360840886831283569e-01
9.392023086547851562e-02
0.000000000000000000e+00
0.000000000000000000e+00
0.000000000000000000e+00
0.000000000000000000e+00
1.157553568482398987e-01
1.304330080747604370e-01
3.574113361537456512e-03
8.900795131921768188e-02
0.000000000000000000e+00
0.000000000000000000e+00
1.622482240200042725e-01
1.669512748718261719e+00
1.783109456300735474e-01
5.544751882553100586e-02
9.753299504518508911e-02
2.670483589172363281e-01
1.870408505201339722e-01
0.000000000000000000e+00
0.000000000000000000e+00
4.578565359115600586e-01
3.663390874862670898e-02
3.965027332305908203e-01
3.964609059039503336e-04
2.195617854595184326e-01
8.044642955064773560e-02
0.000000000000000000e+00
1.073711439967155457e-01
1.458125352859497070e+00
0.000000000000000000e+00
6.685222685337066650e-02
4.059912264347076416e-01
1.218631863594055176e+00
7.222245633602142334e-02
0.000000000000000000e+00
7.154605817049741745e-03
2.159085124731063843e-01
2.571704387664794922e+00
2.773649096488952637e-01
0.000000000000000000e+00
2.362967282533645630e-01
9.137979745864868164e-01
0.000000000000000000e+00
2.870491147041320801e-01
8.995686769485473633e-01
0.000000000000000000e+00
4.528662264347076416e-01
1.126730069518089294e-01
1.269989162683486938e-01
3.414965793490409851e-02
2.794866263866424561e-02
1.591529697179794312e-01
5.729834735393524170e-02
0.000000000000000000e+00
1.429830305278301239e-02
6.702335178852081299e-02
2.068545222282409668e-01
1.657784357666969299e-02
9.779364801943302155e-03
1.575233340263366699e-01
1.457492709159851074e+00
0.000000000000000000e+00
0.000000000000000000e+00
5.633433461189270020e-01
9.606671333312988281e-01
5.614975690841674805e-01
2.889398634433746338e-01
1.273957443237304688e+01
7.593196630477905273e-02
8.417176008224487305e-01
6.619481444358825684e-01
2.786240577697753906e+00
3.635161221027374268e-01
3.339625835418701172e+00
3.145315870642662048e-02
4.700977504253387451e-01
1.186426207423210144e-01
1.441291719675064087e-01
0.000000000000000000e+00
1.705122351646423340e+00
5.176756158471107483e-02
5.604177713394165039e-01
0.000000000000000000e+00
8.506864309310913086e-02
9.132363647222518921e-02
9.993466138839721680e-01
7.068603485822677612e-02
8.783546090126037598e-01
5.008680224418640137e-01
1.591347336769104004e+00
2.668699502944946289e+00
2.144252777099609375e+00
1.939230203628540039e+00
1.665255427360534668e-01
1.188428997993469238e-01
1.730544269084930420e-01
7.456502318382263184e-01
7.913455367088317871e-02
6.713798642158508301e-01
8.684839308261871338e-02
2.016190886497497559e-01
0.000000000000000000e+00
2.180870622396469116e-03
1.025301694869995117e+00
5.348091721534729004e-01
5.138774514198303223e-01
1.684988141059875488e-01
1.199558563530445099e-02
0.000000000000000000e+00
5.368985980749130249e-02
1.862740702927112579e-02
1.001406708383001387e-04
4.101426899433135986e-01
0.000000000000000000e+00
4.097903251647949219e+00
0.000000000000000000e+00
5.877059102058410645e-01
2.825495004653930664e-01
1.348777264356613159e-01
3.295643925666809082e-01
3.985421955585479736e-01
8.005970716476440430e-01
2.806110084056854248e-01
0.000000000000000000e+00
2.320309169590473175e-03
0.000000000000000000e+00
0.000000000000000000e+00
2.424226514995098114e-02
7.921228408813476562e-01
0.000000000000000000e+00
7.192248106002807617e-02
1.502358764410018921e-01
0.000000000000000000e+00
0.000000000000000000e+00
2.884832382202148438e+00
0.000000000000000000e+00
2.702864110469818115e-01
9.132258710451424122e-04
3.326006978750228882e-02
0.000000000000000000e+00
0.000000000000000000e+00
4.448942184448242188e+00
2.292596846818923950e-01
8.509087562561035156e-01
2.712267637252807617e-01
5.351228639483451843e-02
2.193358659744262695e+00
1.039113663136959076e-02
4.313785210251808167e-02
