1.773689944917222761e-10
3.568173256862650078e-10
1.861029219618615116e-09
1.447049979841352751e-10
1.211539979451004001e-09
1.018811035535804876e-09
3.209245091895240876e-10
1.414695649515351761e-08
1.555006150510962470e-07
4.818543786200280010e-08
1.668562621404134916e-09
2.802989507166842031e-10
6.255224671569692418e-10
1.053016340790691174e-08
6.920354511663617814e-09
1.257169146562375772e-09
6.191754331474896844e-10
1.457369158686105948e-08
8.922970664571039379e-07
5.048738316304479667e-09
1.497085566626310538e-09
2.372021246088706903e-09
6.575179289924903969e-10
8.098626835817412939e-07
3.219290789502338157e-08
1.019798689938511416e-09
1.274309768817261102e-09
7.911825083972701123e-10
6.747674641260914541e-10
1.318753883872147981e-09
9.711060400263704651e-09
5.637476707676114529e-09
1.017925832513810747e-08
3.096225720256029490e-09
5.121460588952686521e-09
1.057476506360899293e-08
8.860356004447567102e-09
1.496072266071735157e-09
1.488503986735167928e-09
4.271471709671459394e-07
1.842676455865444041e-09
1.825653406228866515e-09
2.338876292640179599e-08
1.268598111892060842e-06
4.696624866795673370e-09
3.715938889925496369e-09
1.040339547841995227e-08
2.034865786981754354e-07
6.504743410573610163e-09
6.859588008722994346e-09
1.049879738701520182e-08
3.888742483582063869e-08
1.717969544401398707e-09
1.700683593952589945e-09
3.869378151222235829e-09
6.004188257691112085e-09
3.270122617138326859e-09
1.190636145231849241e-09
4.263213781996455509e-09
9.022056879359752202e-09
7.353808939569717040e-08
2.206616223077162431e-08
8.433270082264243683e-09
1.192340559619253781e-09
3.350948629687877656e-09
8.549849717098823021e-09
2.106925656164548855e-08
3.368622492061490448e-09
1.728906129372376199e-09
2.914132046782924590e-09
2.187213049564817879e-10
4.628796013150804356e-09
5.081825515951265970e-10
2.333385706876356380e-09
6.365192817270326486e-10
5.123148016927814297e-10
6.100279392740048934e-08
3.233425971416181710e-08
5.307514983066141667e-10
5.255314516894316057e-10
9.701582648347084614e-09
7.712389754610526893e-11
2.998014636546031397e-08
1.913628561167612929e-10
3.894366606971289002e-09
1.652921888251057680e-08
6.621004633444727006e-09
3.954221117208334135e-10
2.245139185674815963e-08
4.607506376430592354e-09
1.951000472288910714e-09
1.837851115737976215e-08
8.215075147921524490e-11
6.168460231492645107e-07
1.546252154094318598e-10
1.775281588400901001e-09
5.790253965187730500e-08
4.018952726170255119e-09
6.945713448835988402e-10
2.501839180268916607e-09
3.580706176009584851e-09
5.835262072650948539e-06
1.116221337582601336e-08
2.434509704940523989e-09
2.088975037395357504e-08
1.758580907562645734e-07
2.418182702967897058e-07
4.030826783463226093e-10
1.659804377274198828e-10
3.770568579586353053e-10
5.185088469694676405e-11
5.163416222364602959e-11
5.925991697353083509e-09
5.497439392598835184e-09
1.208136968244843956e-08
1.152556106109869916e-10
1.234408575356837900e-09
6.456935680576592063e-11
1.421234574472407530e-09
6.347967040909452408e-09
8.149796393297492614e-10
1.148705131015503866e-09
1.807190841418560012e-09
3.419039773522314363e-10
2.188428549487753116e-09
3.150153249364961994e-09
4.642817519329156539e-10
9.169667108954726586e-11
2.417532396492561020e-09
1.491223367011684786e-09
2.650942312887316632e-11
3.562646622157217280e-09
5.143621639724926808e-10
4.642383422126528103e-10
4.912741879969928505e-10
2.444530966538849270e-10
1.212169298270282525e-08
1.217981893120168024e-08
3.341719345684168729e-09
1.702049057250576425e-10
3.592941569263707891e-11
1.489136314258843186e-10
2.195596655873988112e-11
1.642693980841158918e-09
1.287600692734258701e-09
3.110367785552625719e-08
6.806453178853644204e-09
4.371580430984067789e-08
8.149210195540490531e-09
9.658557287295366223e-10
3.018187300085628522e-08
2.184018939033194329e-07
1.819420503146318424e-09
2.976446866753690301e-09
2.181810287993357633e-09
2.391276343605142074e-10
1.172806118887592675e-08
3.064080189574269752e-08
4.284792520792279902e-09
9.354577112929973737e-10
1.991525833133778178e-10
1.222846157666879208e-09
1.533286719812565480e-09
8.813095142556903738e-09
1.436136187749070814e-07
1.094957546854402608e-08
2.137900745324827767e-09
2.507069885027135570e-09
2.379207719727105541e-09
3.489596389627536155e-09
4.406722098337922944e-09
3.488604960466545890e-09
4.382029406002629912e-09
5.578058015487386001e-10
9.961889091414377617e-09
9.725995564480172106e-10
2.982522229189044083e-09
2.527785269990090455e-08
1.016050177327088022e-08
5.511227030297050078e-08
6.143693553894991055e-08
8.982611876540147477e-10
3.580039020789627102e-08
4.362607164409837424e-09
1.152981043972545194e-09
5.404194869385037236e-09
1.957173623168273480e-08
3.112407886973755922e-09
1.413351102819149219e-10
3.978666729409496838e-09
6.743750002868864613e-10
5.625027554856387724e-09
1.044574204911441484e-09
9.616388796374053527e-10
7.309780003517118985e-10
8.749136526375878020e-08
5.263352420570299728e-09
5.173538042413383664e-08
5.298920413565610943e-09
9.194054406691520853e-09
1.948698313825047990e-09
7.597663054248471326e-10
2.691936451526544261e-09
1.622556200508995516e-09
2.564672363369879804e-10
3.138674173897015862e-07
1.864206211621421971e-08
6.745885516856731101e-10
1.824078452727917465e-07
2.512153596256894161e-09
5.805810943115830014e-09
1.823259210276262365e-09
8.852770960743328033e-09
1.641319191669765587e-09
6.498967053403248428e-08
2.279098021418235476e-09
1.661576654043983581e-08
1.063496224418258862e-08
1.166678864628067913e-09
4.201334036224579904e-08
2.310793334459049220e-09
2.207410698673584193e-09
9.741571993515663053e-10
1.042034568854433019e-06
2.722263161558657885e-07
3.524285085987344246e-09
8.922459215909839259e-09
3.437122231275679951e-08
5.058743646202401578e-09
5.671162150999720097e-11
4.395716235450208842e-09
3.731381070792849641e-08
5.854274576222451287e-08
2.174203705962440836e-09
4.463942957499966724e-07
8.965414188821796415e-09
3.425231298592734674e-08
9.003985468325481634e-08
8.736554946153773926e-08
9.315819227140309522e-09
9.240630305384911480e-08
1.163350749067149081e-08
3.515328916847693108e-09
4.010147325317348077e-09
7.901540755028690910e-08
2.870846671498838987e-09
2.215079497602800984e-08
3.548085159010838652e-10
9.600120698394221108e-09
8.183227429015005328e-09
1.418315354051458144e-09
6.346078329499960091e-09
7.189156825404552364e-09
1.665710458453872889e-09
2.752607564104891935e-08
3.971002193736694608e-09
9.818229784741561161e-08
1.697190610272514277e-09
4.688882171421937528e-09
1.467992092329950538e-07
3.481148880268847279e-08
1.327764920233676094e-08
8.203461732136929641e-08
8.122189587567163471e-10
2.626459716381646103e-09
4.548800891512883027e-09
6.115281170337993899e-09
1.122363446626195582e-08
2.336812912062669056e-07
4.395593222739080375e-08
1.137329785905194512e-08
1.127568372005782749e-09
4.065807690523115525e-09
4.793571317662781439e-09
1.302287344628894061e-08
2.617803929183537548e-08
1.657470494187407439e-09
6.732273627463314369e-10
1.710227626183780103e-09
1.354554601817881121e-08
5.010614589906481342e-09
8.571648280053523195e-09
6.525743945218209774e-09
3.471823939449336649e-09
2.479662031262819255e-10
1.100054802805061627e-08
3.789367752915495657e-08
3.445018137426814064e-08
1.274650696103662995e-08
2.472372528927735402e-08
3.973392495026928373e-07
8.123050321273694863e-08
2.750863536959968769e-09
1.061548715597382397e-08
3.555386456355336122e-07
4.984347615391016006e-04
1.239467550817607844e-08
2.957973338197916746e-04
5.405753711329452926e-08
8.339484480757164420e-08
1.225163998030964763e-10
1.629207990738734679e-09
3.309212459612353996e-09
4.271564879587685937e-09
4.939049169649933901e-10
4.881947734958203000e-09
3.032901041422064736e-09
2.510796570653894833e-10
2.155218226107535884e-10
1.307849939458094468e-09
1.765849355628290596e-09
2.202330540157504402e-09
5.932030866517834511e-09
1.076894662332961161e-08
1.381673975231478835e-08
1.333240740031271798e-09
1.306311836479778776e-09
5.529898067235805570e-11
4.441129408672139789e-10
6.420661224915136245e-10
7.449872940767932050e-10
4.590786417679737497e-09
5.892176746513655416e-10
8.133875517568611713e-11
1.461306076144808230e-10
2.143661081976944160e-10
1.037726571340158443e-10
1.172300034824047543e-09
8.323498001949758418e-10
6.520191608849756904e-10
4.511353512981486347e-09
4.256429875226785953e-09
2.969801071728284114e-09
1.431616714064887219e-09
8.076502666654050699e-08
7.268329227372305468e-08
7.785881450672604842e-08
4.070247427989670541e-08
8.607297985463446821e-09
1.479383560099023498e-10
9.124402566840217332e-09
1.301152133237337694e-05
3.008138719451380894e-06
2.079502792184939608e-07
8.244539344559598248e-07
4.671986062021460384e-06
4.939973223372362554e-06
1.197296683130844031e-06
1.234586989085073583e-06
8.827012010215185001e-08
3.176097607138217427e-08
6.807082675308606667e-11
1.866154786256402076e-09
6.446334133158870827e-09
3.867323243866849225e-07
9.286409863307198975e-08
2.903287565914070001e-08
5.254019583844637964e-07
4.666134856279313681e-08
9.167888115335642851e-10
8.298828220176801551e-07
7.308957350460332236e-08
2.900848130593658425e-07
1.969982399430136866e-08
5.419670401352050249e-08
2.426929677312728018e-05
7.724729221081361175e-05
3.718144297599792480e-01
9.401792776770889759e-04
6.201462745666503906e-01
1.256263116374611855e-03
7.154699414968490601e-05
3.832263246295042336e-06
4.867949610343202949e-05
4.451368295121937990e-05
1.148376031778752804e-04
1.421597403350460809e-06
1.138913576141931117e-04
8.978515688795596361e-05
1.987444004043936729e-03
7.497113547287881374e-04
1.636207336559891701e-03
1.180082472274079919e-05
1.729613359202630818e-07
2.732648226810852066e-06
4.244919182383455336e-06
7.337185792266609496e-08
7.982926319982652785e-08
3.115374624940159265e-07
4.404223929999062648e-10
4.493199590172025637e-09
9.338710915685055625e-10
7.333701423917204920e-10
4.369064138254330487e-11
3.195685105428225370e-10
4.461991054416358793e-10
3.344019505746587129e-10
9.706203618620179441e-10
3.034948126146019831e-10
2.538451671085795169e-09
6.409134889473477870e-10
2.531079124068469355e-09
1.612233901937543123e-09
1.342964628392451232e-09
5.259440452598518334e-12
1.537840410570368022e-10
1.792832271529931631e-10
1.102396174346154112e-09
1.209581990124775075e-09
4.771320560870151439e-10
1.214844336239195854e-09
3.611093021826938809e-11
3.121237313052915852e-08
2.603804505341145159e-09
9.598527306309279084e-09
2.505196272650778155e-09
4.970064360065862274e-10
3.113340252269836128e-09
1.447455766356853246e-10
2.578554703092095224e-09
1.988406772568396264e-09
5.759641208413768254e-09
2.034039159326539448e-09
3.816943705547970467e-10
6.441787103739216036e-09
1.196940990766393043e-09
9.281531099247786187e-10
3.591157149429591300e-09
1.354860188484963146e-07
2.618922678720991826e-08
1.511124836373056723e-10
2.894577688650201708e-09
5.273569914088227506e-10
2.282752431526091641e-09
4.784929785728309071e-09
2.723615999400408327e-09
1.010415640045891905e-10
1.032002816536703449e-09
6.695623500085901014e-10
2.502685347849364916e-08
5.090714516597927286e-09
8.680131058369511265e-10
2.452255065676922641e-10
3.909121915057767183e-10
3.667879333590917668e-09
9.192967276305807900e-09
9.828918789978047243e-10
1.790038055560216890e-07
3.888927935236097255e-08
8.674883589243620463e-10
2.271658139374466145e-10
2.984193447908012331e-10
1.459070531062423015e-09
8.085326297369022086e-10
2.041404378871902736e-09
7.813183877658502752e-09
5.137968983603968809e-08
9.751412122227520740e-09
5.985687057119548626e-09
3.366526779569056771e-10
4.563190714179654606e-09
1.289566897710869853e-09
2.372739782430244304e-10
2.429919447877182392e-07
1.790288273184614809e-08
8.361336623075033003e-10
1.556139939129508321e-10
2.592016379310280172e-09
6.654017892238073273e-10
5.191023433326336090e-08
1.083429124193457938e-09
4.809811926520524139e-08
4.039469869709932937e-10
6.595929913366660458e-10
4.743683224006645105e-09
1.146350125935668984e-09
8.844326937484936479e-10
1.281297068445041987e-09
1.945586136642418751e-09
9.832744618520905533e-10
3.930744618685366731e-10
8.336493717564508188e-10
1.125765369813791494e-09
3.006361604107610219e-09
1.314449105116466399e-10
3.470160547802692008e-10
9.101189246685237322e-11
1.344259548119453029e-08
9.018663860160813783e-08
3.976478240019787336e-07
3.562660166878117707e-09
2.040125792746039224e-07
7.105604105106522184e-09
1.707198098166440303e-11
9.711481618879247435e-10
2.762728414096304874e-11
1.326900256337637529e-10
3.141213067436865458e-09
6.134366348220510190e-10
4.156331279148162139e-09
3.305604234782322237e-09
6.625236359525388252e-09
9.974262527023824987e-10
1.215094136419736515e-10
2.402894994091298031e-09
9.675410472809176099e-10
1.909251201581696478e-09
5.152795523599706939e-09
1.134521254719800254e-09
1.079519737490208797e-10
2.695907941330233371e-09
1.344566569194682870e-09
1.067458454961922598e-09
9.761809138808530406e-10
2.257444453590551348e-09
1.421623085917644858e-08
1.551564876578481744e-09
9.928409205883781397e-09
4.039102385888782010e-09
8.579418064869059890e-09
2.540460897204610546e-10
3.958393612890631630e-10
6.292791177031631378e-09
8.054991340600281546e-09
3.662601111287244748e-09
6.144894593163030549e-10
1.841912872224682474e-10
5.178811893213897122e-11
8.546568452949543371e-10
4.378804430160698757e-09
8.536092943600692706e-10
9.596802241773616515e-10
1.959808842988408628e-10
3.814855098482894391e-10
3.392697789372789430e-10
2.181298475179005436e-09
7.673734536695064889e-09
5.293960381180795594e-09
6.214933567783020862e-10
2.869478210598686019e-09
1.500333546289311926e-08
2.122712450258745775e-09
2.082546224357884057e-08
4.186309965348300466e-09
6.861908019573093043e-08
2.894439576905938338e-09
3.987738139699104067e-09
2.113576813567163981e-10
1.158796392175531764e-10
3.181831687015801435e-09
1.995510562347035943e-10
1.688517659026445017e-09
6.317899536867344068e-10
1.843562413839094916e-09
1.042834263387248939e-09
4.640515471887596277e-10
3.316011021325948604e-09
2.957071920661746844e-09
3.220271382886608080e-09
8.254424921361191991e-10
2.783681340989829778e-10
3.113504731810934345e-10
9.887118679330342275e-09
8.078204216666051707e-10
2.477718863413969075e-10
2.453247049949425218e-10
1.304825136827503229e-09
1.871106114492704364e-08
4.299913758387674534e-09
3.132991865939516174e-09
2.670075716082465078e-09
1.483886880038198797e-08
1.863775134225420516e-09
5.209437325959243026e-10
2.443833135856721128e-09
1.390880077778433588e-09
1.893240009209762320e-10
1.038810149012192596e-09
5.563204341640926032e-10
7.693705672551232055e-10
1.664230531162047555e-09
1.211808098311450976e-09
1.682329497931789319e-09
9.762521457901129907e-09
1.521301556950405143e-10
3.957822514166764449e-09
4.228883909718206269e-09
3.896367317679505504e-08
2.286513200999706896e-09
7.391605105766529960e-09
3.818594745963466153e-11
5.175380568545051574e-09
7.645894334329383923e-11
3.447178764659497574e-09
1.574982699814597709e-09
1.506284680319325275e-10
4.770777195517439395e-07
1.272424943188354973e-09
2.642366603300416728e-10
8.843348831000241717e-10
4.043667800601724593e-08
1.653342740493002339e-10
7.666400847483600955e-10
3.152485383850489598e-09
2.964102074898278261e-09
3.365602241345300172e-10
1.197068999481132323e-09
6.875093272462606819e-10
8.723869626692248858e-09
1.156393114598586180e-08
1.133896709859527618e-08
2.403546028872938223e-09
3.437999440691896780e-09
4.114540097521768303e-10
5.244452871977500763e-09
5.549935511162118473e-10
5.791523705056533800e-08
1.099254645642311345e-10
2.335056414892733301e-08
5.040740047590475115e-10
2.184512570835295264e-09
3.010395488445283263e-09
2.462545900527857157e-08
5.530294000521962516e-09
1.752704786861514208e-10
3.762204783819278475e-11
3.840972873092596274e-09
7.893481424048331974e-10
2.121818054590107749e-09
1.667209842404204778e-10
6.153232923189477788e-10
7.191827688934893104e-10
3.411106119788342994e-10
6.729157675522401405e-09
1.157360216552660859e-07
2.645908603327029596e-09
8.232416526254837663e-09
2.140525623417488532e-08
4.390360019979056005e-10
7.222992204347633560e-10
1.684287015413232780e-10
9.739660189467258533e-10
6.375435734895518181e-10
2.860152470418597659e-08
2.639235052726007780e-09
1.533038140877351907e-09
5.011864256942999418e-10
3.405008774937101634e-10
5.565398489282280536e-11
3.422579553102877981e-08
7.321500627988086762e-10
4.784735385676697206e-10
6.023251675202345723e-09
5.063695684981439626e-09
5.053263918419759193e-10
7.559949333213467071e-10
1.072409272495633559e-09
4.146613330480164450e-10
2.629863438130541908e-09
4.120618846137347191e-10
3.964833794611877238e-09
9.297246861272867591e-10
2.843575375166551567e-10
1.726375264965440692e-09
3.164315198755929259e-10
4.312568357978108224e-10
1.330802312793366582e-08
1.307647989889915152e-09
1.219961492937571279e-10
2.377452235080568244e-09
1.095385115945646248e-09
2.049014957705708184e-09
4.246836216026395050e-09
2.270761495504203253e-10
3.807841597591732352e-09
5.522438062399714909e-10
1.959410944607498095e-08
2.623043258154211799e-07
2.789773967393216481e-09
2.698814949297911880e-09
1.423842044268042173e-09
2.171733681777254787e-09
2.574171098501665256e-09
1.848600161835634026e-10
4.960395427744401786e-10
1.288868567428380629e-09
1.675604544004727359e-09
3.835046863409630191e-11
1.475472383161147150e-10
9.670294426333825299e-11
2.280955868627643213e-08
1.248202097237083308e-09
1.599382293271389699e-09
1.998844867401317060e-09
3.268083803575905222e-09
1.610879962754552253e-07
7.126570444881963340e-10
3.860174332959154242e-11
1.518945191847365095e-09
3.337489840049556733e-09
2.747282179527132939e-09
5.239020883784917260e-10
4.508305673223134136e-10
2.077931782196174026e-08
1.833015517149760853e-09
3.304196916076307389e-10
3.115472546610931204e-09
6.428714449668859743e-09
1.242795200084856333e-09
7.293012860287717558e-10
1.376125741137101954e-10
1.227395851621793099e-09
1.880238853502191887e-09
2.026135231814052418e-10
9.846612414321498363e-10
1.742133659554667702e-09
1.060996552837423224e-07
4.467688163867222784e-10
6.775600080999311103e-09
8.669309714548489865e-10
4.276462517438517352e-10
5.994553298194205126e-09
2.394633469293694361e-08
2.051330216801261486e-09
1.588141707031809347e-08
1.148265393879910334e-08
5.667313146551222758e-11
1.278359917922244904e-10
1.998201604180849245e-08
6.192518720027351264e-11
2.022334477658205287e-08
1.400530136308475448e-09
9.936778067043405827e-10
2.837050239179461641e-08
6.375447947348789057e-10
1.650558356658393677e-09
1.127144710899585789e-09
4.019405253075092332e-09
1.696307805332253338e-08
1.847195640891641233e-08
1.108946490191442535e-09
7.561568260427975474e-09
7.628447318275277667e-10
1.706657215549967077e-08
5.942037972772595822e-10
1.445607245020852361e-10
1.351140799243921720e-08
2.697812817586964229e-08
9.914192800053456267e-10
1.986500075545905020e-09
5.837732519609062365e-10
4.420787347303445358e-10
7.851153061011473255e-10
7.658633904839007300e-08
1.307032149178155578e-09
5.428810734287026207e-10
4.395540376123108217e-09
1.100549962274044447e-08
3.386875846445036586e-08
1.580351072227870191e-09
1.018970463562141049e-09
1.094268009538268416e-09
3.961770078664272887e-10
9.225656683042871009e-09
1.241357128201059368e-09
6.911951455634834929e-09
8.977631971163191338e-09
6.033413213479832393e-10
1.301722840629793154e-09
8.379556604154458910e-09
2.439050739155845804e-09
7.843045324307240662e-09
1.255231296681813546e-08
2.237672547256153166e-10
2.378141461534255541e-09
2.326275616582051953e-09
2.603774973408690130e-09
2.871547888361192236e-09
1.163862894948408666e-09
1.099810797988709510e-09
1.122639092798749516e-09
6.939923635762568210e-11
3.826458261357856827e-09
6.177876343826937955e-08
2.943678856226483731e-09
4.709605594399590700e-09
3.313363805546032381e-08
1.531785009944997000e-08
2.583624425511743539e-10
7.558493275716671178e-10
2.660528464204503507e-09
3.601392961627425393e-08
1.839018715088514000e-08
5.524387614030956684e-10
1.626251633357611581e-10
8.047922883669400562e-10
9.380225662880548043e-08
9.290103131220917021e-10
6.098225258099887469e-10
2.682535971132438135e-09
6.276135861016385320e-11
6.592044132780472410e-10
2.298023715763264363e-10
1.714024755461451832e-10
3.116350510978804778e-10
2.507882790325766109e-09
4.784680984748490573e-10
9.446017301684150880e-10
1.464619980851011860e-08
4.403963860255544205e-10
3.913732671279035458e-10
2.456166292574835097e-08
1.531351823125248757e-09
2.417145150701571765e-09
4.456717772605145456e-10
2.071282922955219874e-09
8.064430012666434777e-09
7.128497098163322221e-11
2.006357024963989488e-10
2.974255008947324086e-10
1.035783125935552107e-09
1.140822880607572642e-09
2.092191753177985447e-09
5.463112184855845044e-09
1.771426383356811129e-08
3.371476431368591875e-09
5.664163360563634342e-09
1.891436118839351366e-09
8.398020945321604813e-09
8.531372830411498853e-10
5.659563040438797543e-09
1.749722922106400347e-09
1.923975867512695004e-09
1.539927962923570703e-09
6.751613712552284596e-10
1.421360007469729680e-08
1.378678149421830312e-08
5.696351390582776730e-09
1.566083795978556736e-08
1.145314776351824548e-08
2.742681637357691216e-08
7.027940007731103833e-09
2.587816072541215817e-10
1.454424802815879048e-09
5.428894001013873094e-10
3.716087215721586290e-09
2.476093496905917846e-10
1.095571189324573425e-09
6.633375515541217737e-10
1.690522166697405737e-09
5.178059225841025182e-08
9.711185189331672518e-10
8.000210982572752982e-08
1.410430794379635699e-08
5.828261484541741311e-11
1.843798891343340074e-08
4.016161569975196244e-10
2.410794619489564639e-10
1.129967408530774264e-08
4.566759193025404784e-10
9.237695608454998819e-10
7.528149215119128712e-10
2.481366223605618870e-09
6.613015024470314529e-09
1.377282554670955506e-08
1.032623098140561524e-09
1.237456581648643805e-09
1.452783560118575679e-09
2.925102826623060537e-09
6.701589838620236605e-10
8.939301521238007808e-10
2.877961757796754227e-10
6.512290262605802127e-09
3.936334036502842082e-10
1.062917184824208050e-10
1.347172040588873188e-09
5.617161491500155535e-08
3.553720095972323634e-10
1.329574494945973129e-08
1.838678542753768852e-08
1.352091327788684794e-09
8.399266837599839164e-10
6.502853255874185834e-10
1.972465385469135413e-10
9.427495450964329393e-10
1.909534974586790668e-09
1.567573293392854339e-10
9.763354569258808624e-10
1.977502828154342751e-09
6.086163795160359768e-10
4.286621335669593691e-10
3.619721467007508409e-10
1.723153564281432182e-10
1.750319611470985137e-10
1.074620184504659903e-10
2.757070960424101713e-10
1.861504006495096064e-10
2.011415922709147708e-09
5.388816948226349268e-09
1.485866540917868406e-08
9.985873239415354874e-10
4.445409318432069767e-10
1.707558205943371377e-09
8.866301581811342203e-10
1.366204749331245694e-08
2.433143686531025196e-10
1.782922282034249406e-10
7.419290071197792713e-09
3.421085983945637565e-11
3.102811341193500994e-09
5.223774746099252297e-10
1.321607534521263005e-08
1.066422919393517077e-05
1.066323473963848301e-08
4.828961189251579356e-11
8.444311916377955640e-09
5.039365036374476858e-10
5.235195610353571283e-10
7.782466338035476383e-10
2.430501133687812398e-09
3.936141190763464692e-09
1.101827074023731257e-08
3.714387020181675325e-09
1.881070160747455589e-10
4.025141331354120666e-10
2.654459985151902401e-10
1.842861696577102748e-10
6.351982134722433671e-11
1.132663407510392517e-10
3.949220328536284796e-08
1.893291523558104927e-09
1.702069485354229528e-09
1.619686607057246874e-09
1.525063235419121810e-11
1.369366064984944842e-09
1.000556235086769163e-10
1.392345128081728944e-09
3.651733360143794016e-09
3.111387147924915553e-09
5.014735293684680073e-09
1.852918263267611110e-09
4.189129043652428663e-09
3.241377388718547081e-09
2.212751759600450896e-09
1.270315186374659788e-09
2.930206743911867306e-09
3.616643651227491318e-10
2.742775784270179429e-08
1.495981005739110969e-09
2.049593605946142816e-09
1.270930805041814438e-09
9.726793814834877594e-10
1.585330267062090570e-08
1.608624788929091665e-09
3.848694696273469162e-09
4.057564950699088513e-09
5.228252497602170479e-09
3.318263663842913047e-09
3.178398433334450601e-09
1.469602217696319713e-10
2.160997353284344058e-10
1.539580685161467954e-10
4.526017755024369649e-11
7.346507430172621866e-11
3.209145796323475963e-11
2.504841334349805493e-10
7.875138763324684987e-09
2.827917067182994515e-10
1.815607220123638399e-09
4.593911084871393768e-10
1.113771563865384451e-08
3.203781062666166690e-08
6.930793716719563236e-08
1.195779475438030204e-09
6.393473750421208024e-09
4.834580735746385471e-08
4.233863482028255021e-09
2.672531751457540850e-09
9.498234199156740942e-09
4.205966241954683937e-09
1.910169800112271332e-08
6.939732344335425296e-09
7.362605192184901171e-09
2.887893923997353340e-09
3.794211611563014230e-09
3.657161240511186406e-10
1.091776780093312027e-09
1.199850885313935578e-07
7.418515224344446324e-08
9.766991659887480637e-09
5.803765290579576686e-08
1.091098589256489504e-08
5.866775953933256460e-10
8.602652812328415166e-09
1.177667408036597863e-09
1.402923643922804331e-08
5.116666201843145245e-09
3.061963349537677459e-09
2.176678037812962430e-08
7.909214394530295067e-10
