3.454940500358105737e-11
5.332240204936056216e-10
4.649729490324716608e-09
9.591910599127118076e-10
9.529926847662295586e-10
2.668755660906185767e-09
1.187097975474671330e-09
5.480371711996667727e-09
7.762256393206712346e-10
4.169912748430704141e-10
1.122001536818517664e-11
2.283824518389820923e-11
1.400218829772370555e-10
2.933743248334508280e-10
2.763478113010364723e-09
4.403371070549333410e-11
1.357101670623750422e-11
3.439740159372206563e-10
4.846770207400652453e-10
1.716506936588757526e-10
7.604163826391285852e-11
2.276745042495420535e-10
3.955221983265033714e-10
5.467010666393434803e-08
4.021189603520269884e-09
1.489896817030711418e-10
3.923108018999421631e-11
4.318869220587551183e-11
5.226280519465831276e-11
8.172908461112626810e-10
2.577420776805894320e-10
5.117148926814252263e-10
9.298922049039148874e-11
3.224805755763782145e-09
6.723351320125914299e-10
1.352856021652470986e-10
1.222528300814929025e-09
2.283411931758294600e-10
2.697441749133222544e-11
2.978035373857323975e-09
4.800214739586472490e-11
2.047094715962316513e-10
9.271334810989628750e-10
1.391473714029700659e-09
7.305133720159062705e-10
3.588962182998756134e-10
3.496481715270505219e-10
1.370488722507445800e-09
9.641182074915377598e-09
6.865919388587826688e-09
4.574881862229318585e-10
1.108317881914899772e-09
3.916336699383293762e-10
6.039624356191097831e-11
2.915902796996050483e-10
1.333041566020654045e-09
1.587206616138203685e-10
8.216543417871591259e-11
1.716847358723683215e-10
3.758066358106049165e-10
1.373561042683490996e-09
2.430785850382477520e-10
1.237680180565803312e-09
6.083201165019147538e-10
1.011757788660361257e-09
1.446546910033319477e-10
5.575448991379516883e-10
2.446647329179540975e-10
6.480226077965056675e-11
3.836895731690326272e-11
4.408782713904990658e-11
2.011959487902004184e-09
2.867735215961175754e-10
1.267383142877775981e-10
3.606391574262346467e-10
8.129543566104402430e-11
1.094192825235040800e-08
2.105842833444171447e-09
7.259031570283625001e-11
3.661332903526215432e-10
4.278523646483733955e-10
9.155239066860332287e-12
2.693090417338339648e-09
1.297939967309647002e-11
3.081393473713944786e-10
3.812047122409012445e-09
3.403487491837609014e-10
1.913328384617329903e-10
1.743479671745262749e-08
9.987385918286406650e-11
4.364966166292560956e-10
9.614086610154615187e-11
7.662868256597121785e-11
7.805869017829536460e-08
3.642753459986991516e-11
1.156470683105759178e-10
7.776768562450797617e-09
2.322672887355992088e-10
1.707591359978444245e-11
3.029843390067732400e-11
4.359391458930161889e-10
1.889236855845410901e-08
3.796169767422696850e-10
9.718406079883834536e-10
6.086662729387626314e-09
1.364805424231008146e-08
2.224142292561737122e-08
9.908098785871288783e-10
1.703837765321125630e-10
1.561536455696455050e-09
3.443965945759686065e-11
1.888679768136114490e-10
6.341643321583489978e-10
3.918608215691676833e-10
1.544535749298248106e-10
4.837669848045678123e-11
4.298121303314417219e-10
2.769180440509444452e-10
3.238253276638403122e-10
1.015092232492520452e-09
2.149408290241794361e-10
3.175656404508231390e-10
1.605445221208867679e-09
4.466944591996480085e-10
1.392240878139716642e-09
3.585000629691137419e-10
1.157005269369903999e-09
1.863744575336667708e-10
5.614143039345265151e-10
9.314098797785774764e-11
8.604150031343849037e-11
2.062408022140971298e-09
5.216055920520545897e-10
1.150977577135670060e-11
2.665610510099725161e-10
8.038020249401256478e-11
1.378994918255216362e-09
2.120565528729301263e-10
1.585660353020656999e-10
2.606434165719484497e-11
8.756008938737291913e-12
9.028511445408060609e-12
2.558770686653111248e-12
2.886530459100811186e-10
9.216250679289217373e-11
8.080458258064027177e-08
1.554882000931456787e-09
9.493592578735388088e-09
8.385175886971296677e-10
1.586490760985270754e-08
8.201524792639247607e-08
6.156751219954514909e-10
1.076913558328840281e-10
9.946025114615508755e-10
4.661804275940539810e-10
1.450398912083983305e-09
1.028157337046309294e-09
5.886500731300259304e-10
2.003816418350012896e-10
7.541438584723891836e-10
2.083881955883271075e-10
4.358210736743473035e-10
9.792143762510363558e-10
1.241266534002249955e-09
2.771697094061664757e-09
2.075901228693055600e-09
7.061093376670157795e-10
4.985204471452675534e-10
3.102595125259455244e-10
5.323693708092491761e-10
3.744023757690229104e-09
8.211754054521236412e-10
1.532721505270728812e-09
8.345446556035085450e-10
6.859005030612763676e-10
4.154067922979010064e-10
1.664966164938164184e-09
3.224850431138293061e-08
9.498591246881460393e-09
4.773612061192977762e-10
1.965033913364777618e-09
3.340020759967643471e-10
2.737400084384944421e-09
3.852260177517052853e-10
8.453537314601078378e-10
4.812887866023629613e-10
5.821617077295115905e-10
1.257540072074903037e-09
4.321209362556643896e-11
9.332864481237379550e-10
1.195315374458161273e-10
1.612513678139748663e-08
3.254612968017767116e-10
7.074438812537664489e-10
5.412203463173170803e-10
2.441087554316823116e-09
7.202150875684765197e-09
2.816033806141149398e-08
5.300412997399917003e-09
6.133122343321417702e-10
1.203012578443463099e-09
9.763498898252009894e-10
1.655674708445076249e-09
8.487092695297349110e-10
7.902952736671409184e-10
2.025780609926641773e-08
1.204872535076617623e-09
2.609663596331301960e-10
3.969446993323799688e-09
4.375619033769595490e-10
1.638777169521432597e-10
5.814282388882929808e-10
1.147951067537178460e-09
8.906619330950604763e-10
1.133731686309147335e-08
4.266609565650725244e-10
2.674155341608752678e-10
8.284956609649896109e-10
3.540178913907787717e-11
3.516185564933493879e-09
2.299456181020786971e-10
1.898655954679639990e-10
5.546865633476727453e-09
2.359359996262355708e-08
1.894180741146556102e-07
6.943153829652715103e-10
1.927831672077218172e-09
2.901745732586391568e-09
2.017104483442722085e-09
3.346233290457689691e-09
1.476046396220453971e-09
4.356484506473634610e-09
1.875288146990783389e-09
7.679513025493633904e-09
3.454682229175887187e-08
1.087034462443625671e-09
6.092098381316191080e-09
2.410978305888988871e-09
3.336420206778711872e-08
8.498468595519170776e-09
1.764714596674821223e-08
2.770994100842472108e-09
6.504822791519870862e-10
2.773705432002060434e-10
1.379776364274221123e-07
7.030842019695171530e-10
1.985555719841158862e-09
5.259482849240271207e-10
1.859186804509249669e-09
1.371935010041624992e-09
8.568745157866430873e-10
7.956934000574733545e-10
5.274534586874324305e-09
1.664114540611549842e-10
3.459467601274468507e-09
2.979761437593708706e-10
4.388771301933047653e-08
4.898061956026822372e-09
4.167139966426702813e-09
2.514074282089495682e-09
5.184724649609506741e-09
1.683490458148639846e-09
9.813665435842722218e-10
1.626989099001718841e-10
5.212554832212390465e-10
5.896108046243853096e-10
4.044278523185340646e-10
5.461765706371579654e-09
6.976752509046946216e-10
1.162870955084827074e-08
1.553569539680665912e-08
4.247530771550600548e-09
2.953643107872494511e-09
5.259191970807819416e-10
4.453736934806329373e-08
3.795570524545155422e-09
7.098772236702188820e-09
5.544610326424503910e-10
3.001905946042882078e-10
2.367437978989528347e-08
1.793283632700592989e-09
2.759496187110244136e-09
1.036886043692675230e-08
5.356912247123091220e-09
7.763214376899085778e-11
7.834981552434783225e-09
2.327660020284838538e-08
4.696786248814532883e-08
4.066503134225740723e-09
3.588021257883156068e-08
1.774993663161694712e-08
1.734356516180923791e-07
6.454512924136679430e-09
3.121734426514422012e-09
9.576145203027408570e-06
3.282538455096073449e-05
5.570113899011630565e-06
1.283414778299629688e-03
1.514068337371554662e-08
4.258167152215719398e-08
2.183212595083250385e-12
1.274891719971193993e-10
6.496201493400022287e-11
5.074710790475833733e-11
1.470209926024423908e-10
4.502477002343852064e-10
1.735214194553691414e-10
1.135238777982827685e-10
9.979979342933376074e-11
6.882629882687396616e-11
4.148689031202579258e-11
6.585049866503212002e-11
4.659890182057147001e-11
3.044257068651745612e-10
6.637421168242951808e-10
2.274943428082210062e-10
1.914536723601756307e-10
3.100020587454288545e-11
3.629596970200488215e-11
2.326085331294525105e-11
7.357900747018142340e-12
1.729567045138935555e-10
2.781656328887383012e-11
7.717429126308239518e-12
3.722891786517301682e-11
3.377764431003460466e-12
5.341803388514421158e-12
2.019922673568430582e-09
1.230697488363574621e-10
1.398126475704586369e-10
2.062025272753231775e-10
4.618739612993749688e-09
1.587346587506033302e-09
2.246087760227055696e-09
6.876771596608932668e-09
4.145576770753223173e-09
1.408318905937733234e-09
4.089276917085271634e-09
1.246385494813040395e-10
5.699657065760810326e-11
2.764010575972974948e-09
2.549694855247253145e-08
1.951476491512948996e-08
1.097746427092261001e-08
1.583542683647465310e-07
2.363279918426997028e-07
2.904731744024502404e-08
2.523072950566529471e-08
1.267506988256172917e-09
4.699525657514413979e-09
4.016919685767561532e-09
1.115576381272020967e-11
1.521985593111452317e-10
2.336956184123550884e-09
6.083227255260226229e-09
7.429251103197032080e-10
3.535209680549655786e-09
4.910737150254362859e-09
1.445039998770880629e-08
9.840745579525744802e-11
5.109715743856213521e-07
6.139770913904385452e-10
1.754665746034334006e-08
4.241602347132555906e-10
7.092949561027239724e-10
1.246876199729740620e-03
5.305873975157737732e-02
9.400151968002319336e-01
3.501993342069908977e-05
4.031062126159667969e-03
2.754345769062638283e-05
8.452554538962431252e-06
7.493131124647334218e-05
2.573986239440273494e-05
1.198653990286402404e-05
8.962533684098161757e-06
1.540965044455333555e-08
5.186564635550894309e-07
4.449535992989694932e-07
8.483561396133154631e-05
7.730295124019903596e-07
2.959192170237656683e-05
2.123841369439105620e-07
1.543232173162323306e-07
2.447532132521246240e-08
6.247873898246325552e-07
5.050510409887465357e-08
4.348284932120805024e-08
2.201173629146069288e-06
4.321928648298722919e-10
1.699975604729786482e-09
2.333924893627159491e-11
4.402743447595725002e-10
4.186654148363722072e-11
2.140803784245193242e-10
2.377041341539154473e-10
4.184245727678614912e-10
7.306008575902467328e-11
1.575104935369608938e-09
6.460732837609839407e-09
1.158730000838659180e-09
2.505796903307100365e-09
9.433516190426871617e-10
1.264109511511790629e-10
5.178631135027700338e-11
9.434447667544532123e-11
3.436017248503731025e-09
3.765082967621680154e-10
2.935825749172948917e-10
1.745505406880454302e-09
2.872119764241176654e-10
3.819752569800272113e-10
6.327378176962383804e-09
1.650891090498873837e-09
9.739468120883998381e-10
5.721847995410200838e-10
4.222182048430056511e-10
1.493947898723035905e-08
9.167003961474406992e-11
8.658415096007843204e-10
8.159139475161225619e-10
8.332090573048844817e-09
6.772155614065411555e-10
9.404610423757731041e-10
5.009121117893755581e-09
1.403658189680356827e-09
1.362897905643478680e-09
6.790107920373600336e-10
2.073270799485271709e-08
3.365202561056435115e-10
7.007038838047208174e-10
1.012715467041402917e-09
3.206577448011671549e-09
1.329612947520431021e-10
8.769016068832513611e-11
3.135048132207884919e-08
1.296063117939283416e-10
5.938691760576375600e-10
1.542513200503137227e-10
6.579673339501823648e-08
1.553112416452506750e-09
5.458398733004798942e-10
8.430715847662639817e-11
3.067092135822235832e-10
1.782234637648372200e-10
6.549765729779721823e-10
2.209535748809443589e-10
9.802068046127487833e-10
4.000990372343693480e-10
1.518479265938399436e-11
5.747237796782656005e-09
4.149609267312115435e-10
7.718173322679433568e-10
6.422911091874539125e-10
1.410427330483798869e-08
2.318963354674963284e-10
1.163978247120667220e-08
7.060127149571826521e-09
8.237961424129025545e-08
2.853908220856737898e-10
5.402302494239563657e-10
2.721735903321587102e-08
5.817365478222313868e-10
3.539711812550194736e-08
9.894950830924287288e-11
3.173161455816142507e-10
7.205578494984266058e-11
1.432940766044055181e-09
3.502856060766390556e-10
1.423852857840302022e-08
5.229643385007420875e-10
2.511324481702104094e-08
8.884274427245486550e-10
5.641748873630447747e-11
1.905378216315867235e-10
2.002040977444607961e-09
3.321151686996870467e-11
9.741173145894066465e-11
1.139499938851429306e-09
4.699173272726397954e-10
6.769640403803123263e-09
5.910836264888530422e-10
1.119740272725877617e-10
4.518969920486171077e-10
3.655797539692251519e-11
1.415581679653499236e-10
8.519903671455608674e-10
6.935718666056800430e-09
4.283433607810138710e-09
3.042146090592723340e-09
3.887099531141302577e-09
5.635624411581829918e-09
9.638639886233590914e-10
8.547696404848093010e-12
1.540607919015002381e-10
2.416555670847753134e-11
7.834768944725567508e-10
7.682471547809655021e-09
2.719252878424782693e-10
6.642018601787924581e-10
6.848285272198495477e-10
3.740925791362315067e-09
2.107646002169616395e-10
5.242994233212172617e-11
3.459380004677825582e-10
4.968677691508105454e-10
1.097230972746388034e-09
1.092703150185059258e-09
2.013386540822281745e-10
3.312080470996292547e-11
2.726159575860975792e-10
6.217499431970807677e-11
6.244326167248459569e-10
4.936958397649959807e-09
1.173923319663927600e-10
3.112797797300004277e-09
2.320960090784751628e-09
2.818406341642543111e-10
1.956103945488507634e-09
1.454651621379809967e-09
5.661172919335655251e-11
1.814577099690239947e-10
1.405484478800289594e-10
3.314986329883140570e-08
1.007667904673326120e-08
1.571371505137975078e-10
3.562826422776055324e-10
1.130774016089297618e-10
6.010345554585683203e-10
1.162482221594984821e-09
2.378973962269270714e-10
1.087774315067235875e-10
2.576560909073322136e-10
3.979133134102141867e-10
3.071616225258644306e-11
1.735452337392473510e-10
1.231204721507950239e-10
1.147386186062249180e-09
8.612149882125663680e-10
9.038897630375686276e-09
2.393264475486489573e-10
8.417175845210067564e-10
5.890173349065719322e-10
7.339466812084083358e-09
2.103445195800190959e-10
1.187200004970634382e-09
3.158217576348931743e-10
9.705027753659223322e-11
2.020660548607278173e-11
3.942220855313038896e-11
3.249729652043953365e-11
1.963227219681229485e-10
6.911047290003580201e-10
7.548979774618658212e-10
1.713066077879688009e-10
2.821816391662679280e-10
2.943872368099675896e-10
8.192276301777212666e-10
1.058735321635140281e-08
6.422384291049354488e-10
1.565224949651167208e-09
6.094245663668118596e-10
1.129302589220060327e-07
1.191248072407447012e-10
4.206794287919812803e-11
8.618669666837774912e-11
2.781935126705548100e-09
1.132624549704530637e-09
5.518671031268240768e-08
2.521984621139949923e-09
7.804045742965115551e-10
2.535319953977932528e-09
3.539026294241409687e-10
1.416245870577981236e-10
5.148496629026055871e-10
1.035748500854971610e-10
8.924725541925582206e-11
8.432119447121522171e-10
1.048811926196435707e-09
1.405136146326313451e-10
9.511640364223694633e-10
2.252568964689061204e-10
1.716916053773331896e-10
2.967392775943267225e-09
1.010114492050462331e-10
4.701767419845737095e-09
5.060958319091923840e-10
2.127538811791396256e-09
1.441286673342645486e-10
7.368192722623234658e-09
3.660276595707223635e-11
4.277585785583681854e-10
2.211777462568509378e-11
1.061722176842749832e-08
1.427572993151215996e-08
8.168447862555439087e-11
6.455214140999032679e-09
5.489697932348214238e-11
2.069365512280540997e-10
8.913481064354300543e-11
6.700439314499817556e-09
2.947827815180659172e-10
6.055083101585978511e-10
2.366714380030998655e-09
4.840755019053233354e-10
7.538544788410206365e-11
9.560274794040424240e-10
2.056966819097283405e-09
2.109417529538859526e-08
1.533572491219103995e-09
1.165975205275060489e-09
2.277270455541824390e-10
1.241652447525609659e-09
1.960753642782364636e-10
1.384640402335435283e-09
8.677691898384409797e-10
5.719515527857765846e-09
3.020399486075575624e-10
1.852009101632745569e-09
3.997399744548602030e-09
4.993740976289018363e-10
1.740447924669652480e-10
1.469588117863906973e-09
2.506761465070894701e-10
2.448981850644571523e-10
3.885709462525532842e-11
2.871688886685319630e-09
5.601628050300178074e-10
8.621119096385854164e-11
3.615875932005963023e-10
5.268168123961913807e-10
1.281867806346426164e-10
3.730641906507514705e-10
1.060043719469661028e-10
1.752430645041158641e-09
1.052858078498530858e-10
1.336922128558626355e-09
9.202435258259811235e-09
1.649577835438620355e-10
9.372729675716229281e-11
2.205447352521261450e-10
4.915823303974775627e-10
1.007004479802731112e-09
1.765152291000049445e-08
9.987904947550418910e-10
9.785306592791087610e-11
2.639017449013181249e-09
1.725345560865676475e-11
2.201609866636644597e-10
3.281656546505473671e-08
1.445885522421974656e-09
8.730698108916357114e-11
4.393099217736562423e-09
9.504349529620981230e-10
4.112821194723892404e-09
8.544639995555769474e-10
2.051785547019235878e-10
1.744635685918538570e-10
3.033308881850160788e-10
1.478942662780369233e-10
1.957036199762285378e-10
3.277810661783675528e-11
6.246264616649455093e-11
2.749692251668989229e-09
4.318426727323299019e-10
8.457406996953409362e-10
3.008522320158135699e-09
1.459569964890050642e-10
6.803759222684391261e-10
2.730023496155808971e-08
6.267247276703358239e-10
7.988762429356199846e-10
5.183397044916659979e-10
7.680486108219142238e-11
6.316136502704239319e-10
3.242109636314438603e-10
1.882660249918899353e-09
2.167548585063627797e-09
9.142422929819815636e-10
2.028749390703410427e-09
6.384348605337208937e-11
3.906727719105163033e-10
9.341822870823079938e-10
4.467526348861383667e-09
5.418568704840254213e-09
1.070679100934057715e-10
1.397841842276648094e-09
2.153959510753367113e-10
1.112029149319404553e-10
1.494310924998742962e-10
7.223194820049627651e-10
6.998249757472763122e-10
5.505607636457909848e-10
2.412596233902775111e-10
1.329534260463560713e-10
1.886633249625901954e-08
5.319947815607406483e-10
2.450991076763386900e-10
8.849536103916477714e-10
3.078786559029822456e-09
1.199513821603659380e-09
9.278901258458205348e-11
1.081984501993815684e-10
5.028867877676646003e-10
1.761246815057404547e-09
3.861021224960126119e-10
2.362383622056540844e-10
4.801428588052658597e-09
4.628414096430333302e-09
1.293063017770990086e-10
6.108894640144413302e-11
1.544003480624667191e-09
2.204669363736755372e-10
1.320748788113945693e-10
1.967327967200560579e-10
7.748561792197961040e-09
3.122633485119763463e-09
4.610127210535885922e-11
9.304905734808244233e-10
1.352022938050367884e-10
1.101067459430282724e-09
1.016057371572287593e-08
6.629892745912968621e-10
8.295768239019452039e-11
4.029187539167367049e-10
6.239733618684795147e-09
2.368265479557596365e-11
8.300643505876337258e-11
1.357675838420391301e-08
2.298108925380404344e-11
2.048853531277927686e-09
1.303769647797992093e-09
1.076847777614631241e-10
4.251445417935428850e-09
2.519189856720061016e-10
1.621945688867754143e-09
5.895082338946977529e-11
3.692791850085086480e-08
2.250096775568977137e-09
3.931959202674306653e-09
1.232767776748744382e-09
4.962476651826364105e-09
3.064741516123348219e-10
5.664149149708919140e-09
1.178681874325349099e-10
9.453145211058000541e-11
3.054214103848096329e-10
2.397552378852196853e-08
2.727069958741168421e-10
5.479480758019406039e-10
2.589873593361602389e-10
3.334902631824121499e-10
5.199963792890116565e-10
4.220702454205138565e-09
1.129857804538225707e-10
1.175166630673629697e-10
4.344425375002458622e-10
1.122904103034727541e-09
1.201237165293633780e-10
4.695016597722201368e-10
9.019294755496787275e-10
3.319202968032897161e-10
4.174727230576991133e-10
2.414378919013415725e-09
2.968681966919461956e-10
6.982676659106346051e-10
6.371068117516642815e-10
1.307846053677508280e-10
4.297375510997625270e-10
1.617218442495627073e-10
1.069885624538358115e-09
1.835376828296375606e-08
3.006478677125556942e-10
2.907611373892393658e-10
1.886898637337708351e-09
1.732090249007001148e-09
2.244687102859188599e-09
1.062478785507359191e-10
6.112906847377530539e-10
2.220714862000150447e-10
1.312747133219716034e-10
1.392980435860335930e-11
6.732234325568242639e-09
1.499822710471221399e-09
4.119437568839146024e-10
8.729836298293491836e-10
1.413130057414946350e-09
6.009615471924689700e-09
3.201570675237519481e-10
1.181813397144182431e-10
4.605038572691455556e-11
8.870474355049395854e-10
1.425933260357226118e-10
2.586005187765749724e-09
8.819900365608646098e-09
8.136683549153644890e-10
6.359064386174395622e-09
6.631512006194384412e-10
4.928870853126987583e-11
1.079472400355996342e-09
1.380810327189507802e-10
2.712678970340220985e-10
4.500519124039925600e-10
2.506680141234340908e-10
9.436521564154531916e-10
1.228163881705768290e-08
1.152395512349357887e-09
1.465640386832944841e-10
3.225720801580678199e-10
2.881085092720780949e-10
3.056456129857387793e-11
4.096162076194787005e-09
1.258300130757561419e-10
7.715980077094286571e-10
3.186875485727824753e-10
2.078800465099561734e-10
7.559757264630206919e-10
1.895322440659263918e-11
1.949265859835236370e-09
2.316054986684079608e-10
1.093368284799112189e-09
1.043688815927090729e-10
9.349322011020788636e-11
3.664478498421885888e-09
1.701587870606147135e-09
4.059284505752991379e-11
2.925217013061143234e-10
1.367045254774268415e-09
4.751175564088327974e-10
6.216684389492854734e-10
7.775152077726943389e-09
6.279284314736344186e-10
9.696211833443157957e-09
1.290909185103217283e-10
1.483868361518148049e-09
4.453358237732629732e-10
3.633235379219001970e-10
1.304157670745098585e-09
3.667833259335395724e-10
5.598605468115636086e-10
4.880976511856260913e-09
2.162065193545004149e-09
6.213543013444677854e-10
9.654961274918605341e-10
7.478042074460233835e-10
1.017101958211696910e-09
5.519044665724948118e-10
7.340401064759305427e-10
2.099953544387744842e-10
4.584909951699245312e-10
1.811497796211369860e-08
5.826694127186726746e-10
2.404558108182186515e-09
1.870129190395530827e-10
4.730359992599630914e-10
2.390728948142850641e-09
1.727149846753039952e-11
2.103269780562300184e-09
5.151541970782602675e-10
1.186771514394280302e-10
1.970389851280174298e-09
1.924800541175386570e-09
4.035078382536028130e-10
8.943121798665742972e-09
9.575860104860112187e-10
1.671616511877971334e-09
7.227177190038958088e-10
1.406898819666935196e-09
5.607218578340678050e-10
2.663171072558867536e-10
7.818422576022499015e-10
1.249140808151638637e-11
5.893915355770218412e-10
1.987810360759567629e-09
4.702389866384493189e-11
1.743987843028094176e-09
2.000900600762633985e-08
8.865620459985734669e-10
2.037667673482346231e-10
5.451714102377991367e-08
6.641756478131810582e-09
1.140828195800303035e-10
8.599543299681045028e-10
2.089355355394673097e-09
2.072108529205252125e-08
4.312179502363733263e-10
1.857176218367229126e-10
5.282861703648222829e-09
8.822365060723313945e-11
1.172411168148812521e-09
1.590831494313604821e-10
3.760531122609656052e-11
2.023863965305849888e-09
1.346784576222725960e-11
4.278644105681905785e-11
2.091922329805484537e-10
1.315623521236375382e-08
1.367245983097120643e-09
5.756935816947361673e-09
6.051634304782282925e-09
6.227598992047944648e-11
7.930934242672549317e-10
4.958890631456824849e-09
1.042861463851352255e-09
3.556188232778367819e-09
5.677515124702381399e-10
8.493696024292063385e-11
1.710919228514740098e-08
1.883980124683937163e-11
4.114979024194553858e-09
5.692008669955228584e-11
2.506709950722552094e-09
1.015324602171574497e-09
6.840322752665883854e-10
5.319526936997664990e-12
1.832528573331160260e-09
3.771343515257541412e-10
1.769638213744428867e-09
6.224514792485535963e-10
2.298041090753599747e-09
6.900286453337400872e-10
5.346163511887880304e-09
3.887312416406274451e-10
4.614781126677236500e-11
3.949950089232601158e-11
5.584756181814531928e-12
1.173885155747456110e-10
5.742341931819217038e-12
3.537978590650858735e-11
2.444069391316361362e-09
8.381526028777841475e-11
2.505514906658845575e-09
7.110097510754087580e-10
1.061941333480032057e-11
1.106820080032377973e-09
1.533998102154487952e-11
3.467333364870484047e-10
2.210240657163353717e-09
1.369976576626186215e-09
2.508894758612711939e-10
1.988704340094571421e-10
6.377316452699233196e-10
2.413512167898090865e-10
3.988951113864658282e-10
3.157193673164471193e-10
6.451247869243559308e-10
3.509568677340091369e-11
4.729918123835830102e-10
2.992981695815188914e-10
4.806621767272645229e-10
1.662670834345902904e-10
6.802898522284550609e-11
2.381062014222834478e-10
2.327435744131634010e-10
9.944072232315193105e-10
7.386946054843690490e-10
1.656928066973151203e-10
3.138048154660566524e-10
6.474286662339068243e-10
6.134125152268410375e-11
2.937414894654821751e-11
2.385143749172868866e-10
1.178937676649116639e-11
3.585438612674352044e-10
1.318502858976833281e-11
1.159726689681228606e-10
1.136972960225079987e-09
3.723369668140463773e-10
8.758789804552691294e-10
2.307974991677674836e-11
3.874973675266346618e-09
9.442977244589201291e-08
5.346910825210215990e-08
2.802331700024751626e-09
7.498273646433517570e-08
6.177583444788581346e-10
1.768925284029165823e-10
4.004525044898343822e-10
9.094543451659831135e-10
1.344517741586059856e-08
2.813680843871679826e-09
4.324666458277448555e-10
5.222160925910657170e-09
2.720914604736890396e-09
2.498956042096267538e-10
4.113853008247403409e-11
4.316464546905152133e-11
3.636031031817310577e-09
1.124229945248522711e-10
5.481068932056132326e-10
5.874597336363862610e-11
1.908852104159919350e-10
3.380163510202649491e-11
6.190307294540176031e-11
4.794466039459432949e-12
1.684298013560070473e-11
6.989192558037871095e-10
2.950171704152459995e-11
7.064864804284809452e-10
2.634862772410428988e-09
