1.973484064357665206e-15
5.481636398594301463e-14
1.473014490308145466e-18
4.343534282245184730e-21
6.328309542134475936e-17
2.721066046094225589e-17
5.061346114644565313e-18
2.819324018645317067e-16
7.998395348818299055e-12
3.512642720587827319e-16
2.803587050015377002e-11
3.353972207568966504e-17
2.637192222411377518e-13
9.611722250835934116e-16
1.472835976460150397e-16
1.753117590519822277e-16
5.373825621551300488e-15
1.939463912473482292e-18
1.256778650392565712e-16
7.257120470217670183e-20
1.321772270121067040e-18
9.920868431632317403e-18
8.690397102569143162e-15
2.393009054801886748e-11
1.451651299166911713e-12
5.577278916479855297e-11
8.244250025139750457e-20
1.443654169414912653e-17
5.053408388901343973e-14
3.669757060788243655e-19
1.088390022490737903e-16
2.881129709808583073e-11
1.856226544000305623e-12
1.159646597498342757e-12
2.989242154586430056e-13
6.087753177730989703e-18
9.129754786375843256e-15
2.707421172494571364e-16
6.682853711053484531e-17
2.037287032867832193e-15
6.239191749915972904e-16
8.975048877241055198e-16
1.360451876629021343e-17
2.546086595272807965e-15
2.810537209870411275e-18
3.037394554622485643e-12
6.400320709889790322e-16
8.284423111413548080e-18
1.678808184150590559e-15
3.617335764261042641e-09
3.266775142497096995e-13
7.329789444669720933e-13
3.945934748519680166e-17
1.943819318830572462e-14
1.618837307043249907e-13
5.415996088566597810e-14
1.573315588053458836e-14
2.437380649988347004e-17
2.379993704590725127e-16
6.050762388656557352e-16
1.590384826599938045e-16
3.135926318564665542e-21
2.889061873848769446e-13
2.917350421983924324e-18
6.080239664616599038e-16
1.393835004315767981e-18
4.794420886674113664e-17
5.389963475543879667e-11
4.173981513612250172e-14
5.406144904807617165e-16
3.521509037963211708e-17
1.641144577006758976e-12
4.537584449762726272e-18
3.708741617768773288e-18
3.603403523950209443e-21
8.048858075263704004e-14
2.726417077476831125e-17
1.121182574239394650e-19
9.336140293204984314e-15
3.953131658823716421e-12
1.448727138253502744e-09
1.682789768398277805e-15
9.381133023178556130e-13
6.961540176785019352e-13
3.346223135646599699e-20
7.476997524034532331e-16
3.344454005696441325e-17
1.320263309215110453e-14
1.025952444621765246e-16
1.393097353596814631e-16
1.231868139332755786e-17
2.068339143047732707e-19
2.295681633207808173e-16
1.313422162913316371e-13
1.652835738620385056e-17
7.515099362462206361e-20
4.574130426598661295e-19
1.473620710299570266e-19
2.981193307335320975e-19
3.056387643931571111e-19
6.390772633313446249e-11
5.545521810541760384e-18
5.948878542549884685e-13
1.110289093195042376e-15
3.892664524052236175e-10
7.435929615229071981e-22
7.748880277026585790e-16
1.761394260467354366e-18
2.486203959940329897e-16
6.896023448864320102e-15
8.271357727463824003e-16
6.217502624268579289e-15
4.034372526806259684e-14
3.397018181073435672e-13
1.012146299390025150e-13
4.765517980231948059e-10
5.432500401135883724e-17
2.594580713810774354e-15
9.922152682806384405e-11
9.107302412214579590e-11
4.941216164532080679e-14
2.165052805005313052e-14
3.943316556444827323e-17
2.191194491477088668e-12
1.629583029857029406e-18
4.069515532035102500e-17
4.929067137088294359e-13
3.541422533300377292e-23
6.113958259536669620e-18
2.287195421867504151e-15
1.266276257535789852e-19
4.233103247088654697e-21
2.033989143330018441e-20
2.372935931287711498e-20
1.443322945618131106e-18
7.414906832627239913e-16
1.048561355405648425e-15
3.315007988891748019e-19
1.073009161483130889e-16
2.433483373576877939e-13
1.713152867179393302e-13
1.733789362079463103e-10
1.332898563216773895e-15
5.515598286258416305e-13
4.177674492558984196e-15
2.809195367645123120e-12
7.092489352848166048e-15
2.085009140166682595e-13
2.099220509500722170e-19
3.995525880603459281e-17
4.454778212981125307e-11
9.633773948936399933e-14
5.285619490728491137e-19
2.215938555540665282e-22
2.309532607128886111e-17
2.223946876125984507e-17
6.041922408711876652e-18
1.156725398127213646e-17
9.070280923849754194e-17
3.694151646908838682e-13
2.066221325980333035e-12
1.245098994609797338e-13
1.567597440743639936e-10
1.652389650042202559e-15
4.779261809332344368e-18
3.559000569093259160e-16
2.506238936120854270e-16
4.044737906151035789e-13
8.770148695624483759e-17
7.801004647668357021e-20
7.001460521951759306e-17
4.152614396010084752e-13
3.869174505257127333e-15
4.653728608256055971e-15
2.793536852307900581e-14
1.359394442021158054e-16
1.528658888755557010e-16
2.908749397974597942e-18
1.047221706625116745e-16
8.833264675267571420e-11
2.654156225584489853e-14
3.416852293978430528e-16
7.732023368464159552e-15
9.455719627432523922e-13
1.283194267531241606e-14
2.508877675362122930e-17
4.010027628531705656e-19
2.105478068796139883e-17
1.000809959030970949e-18
2.253030051478470408e-14
4.529959664312334974e-17
9.999442815650586014e-14
2.788876916844039115e-19
7.202976490805959455e-21
2.765650664211805054e-14
2.326661036073021655e-17
8.578901308689112354e-15
7.723413054938621514e-12
5.881669069047283367e-17
1.427630800035495362e-12
4.360877925231636731e-16
1.491085248369185094e-15
1.041847560507474027e-14
2.028977262460908182e-18
1.068736727297180198e-15
1.017189330270069914e-14
1.386500376315824568e-11
1.898459312194697630e-16
1.493520529471936698e-09
2.480085999780989696e-15
3.814390200938842302e-17
8.062233763116209793e-16
1.988771685566625242e-16
1.103146487867320488e-14
1.257492645168750700e-13
2.625592859793355135e-17
8.932549144802237606e-11
1.256608277165020902e-20
4.190434686153755301e-19
3.022750019038289437e-12
3.011108424469247698e-16
8.432754958653904619e-17
8.041654038871482498e-16
7.258821987932151387e-09
6.718593681398488116e-08
3.609269426796515222e-18
1.322489345681812645e-13
1.403422544603140418e-18
5.056323732459084752e-20
8.411260835872836706e-17
1.928798417708790965e-15
4.625391226884781760e-16
1.056207382026989473e-18
1.479840833207290984e-10
5.995233132096051964e-15
8.746929504484246554e-13
3.487220085467173563e-17
2.205059485699267796e-12
7.604661800449108444e-15
1.306590876075028329e-13
1.570811758661375124e-14
2.934040178851249521e-15
1.585261971334944037e-14
7.005812894872107122e-14
1.799620758115267434e-16
1.332198376136420337e-13
1.770943981229940265e-15
8.949668229808294633e-19
2.593739610094150834e-15
5.408725920077019425e-15
1.465573357151714416e-15
7.295158400977275193e-13
1.024415476869192717e-16
7.556531469327097976e-18
4.609861754475974571e-13
1.973315716559398414e-14
1.168662128875341821e-11
3.652867175407692457e-10
6.959920378739326008e-13
1.721506292552688056e-12
4.837527134513713856e-14
7.748098340698561515e-08
1.521322293030579186e-17
1.283874482421731855e-11
9.722453555129420555e-14
2.724686253528785240e-13
2.128133389997510783e-12
1.203460616751306222e-13
9.210806522065660001e-15
1.025048766346163315e-16
2.812043082249396711e-15
1.469379923216675241e-15
2.457306060021924310e-11
2.010987643075168307e-08
2.282442084725749831e-14
1.400106679899648654e-11
2.016700834106543994e-10
2.712403579108998769e-16
2.064425544981386348e-15
7.004823507450154895e-18
6.811650496988319245e-16
1.696822986751913426e-15
9.480264855004434839e-16
4.645906258988162507e-15
5.844599068123417172e-20
7.883576142858873049e-19
3.752432718697395423e-17
1.715454469043506825e-17
5.900574659141542139e-15
1.852742164704524862e-16
2.177374126097411390e-17
7.650685467987068862e-17
1.719358467720203537e-14
1.081106454359215263e-10
6.218386265979813921e-13
1.583162073659494240e-10
3.576571113925175460e-12
1.830101960817800966e-13
4.249761165360612422e-17
6.094980254742865506e-18
3.076476603986822225e-16
3.345336243450565883e-16
5.271100396442296443e-12
3.492362369550395217e-15
3.502832623220744428e-17
1.663064171001738065e-15
4.789595369619759069e-13
4.538764925964694497e-13
2.003280063088987289e-20
2.694085120572759217e-19
8.980671058428455616e-15
9.885971402124379276e-16
1.447193398646830220e-14
4.278890537426820430e-19
1.763936287074892306e-14
3.635068362921431602e-17
4.022377900366216921e-18
1.019613196070979094e-22
1.202033016767917535e-18
1.730503975973385816e-19
6.940461973650832901e-16
1.271855863323471860e-15
2.365520823197905321e-16
7.794230090150336009e-18
2.788006257550538769e-18
2.015394129622174915e-17
5.493817155892291929e-15
1.512917915946765390e-11
4.210627547042260221e-14
2.883930344966395554e-13
1.155146533982076562e-10
3.781292295880651910e-14
8.977643478124838029e-18
2.025932079753855466e-16
7.780464072848046095e-21
1.337264930016833365e-20
1.298683620224502094e-15
1.316110442199994179e-13
4.256067331856775282e-19
1.068509243600827211e-21
2.108784914538978233e-14
3.729694070947475737e-12
5.032031098433482029e-16
6.777695593110854514e-16
1.205311111335261032e-11
1.709457906175562703e-13
1.089708699794286750e-13
6.837939096242598436e-14
4.548086828481089083e-14
4.096947223427525051e-16
3.909972185974809611e-14
1.859019535532802081e-11
6.227168845678032749e-13
3.433640904156737284e-13
1.008655456948306709e-18
5.408671007898850245e-20
3.236268045997365899e-17
1.175209617454354230e-18
2.191216212789988058e-15
7.639271450868633399e-20
3.509078498590009830e-17
3.285881147998214423e-15
9.238380733368902988e-18
1.239041780477060663e-16
1.140683917595197282e-16
1.372681807630671269e-13
6.449944051079015139e-11
5.036667155393359518e-13
2.259470171725452836e-12
2.635829554620272575e-09
2.243271469596448339e-17
3.150875213513311662e-16
4.301430506015369764e-17
1.490560438666467150e-17
3.705560774132539426e-14
2.235881272567777079e-17
2.111879991787963413e-18
1.323181930641464596e-15
3.918574260834386180e-17
1.468381244902082819e-17
7.486592913135006902e-22
5.453075691692527735e-17
2.973867330541456801e-19
5.426546256619146913e-13
7.604508275727418602e-17
1.122398581438635886e-18
1.890287429487163759e-15
1.572607299102964790e-14
5.545950339729899606e-16
2.514696401280510848e-15
2.277375811261632410e-14
7.913138324938326362e-14
1.363409431130702641e-15
4.880953714120339626e-12
3.857966723863626157e-11
4.655015248821393415e-19
4.556037401662712352e-19
8.780951302193150652e-19
1.145503556240897933e-14
1.177960073234229910e-12
2.104805723159366981e-15
1.984293898830524587e-15
1.111176661507829378e-19
3.740643872956187681e-16
1.652370035935517702e-16
6.031539637663111048e-17
1.516114198457822813e-17
1.936065308072443258e-09
2.436830251473232067e-11
3.123902571626653579e-14
1.862827680128363410e-15
1.939389879808658796e-18
6.790454026878872413e-16
5.895102114794603665e-13
2.518532369322201703e-07
6.448745075264550319e-13
6.699406059107295468e-21
2.937119355372755716e-15
1.160036396978471503e-15
3.600552762937553927e-17
4.282466801106405160e-19
4.213739003989386278e-13
1.894536739673654407e-14
2.913559411877563170e-17
3.071608811518070168e-17
1.199218129415205707e-15
1.167583672296744132e-15
1.345286885592107146e-21
7.936733274717042153e-14
1.910211290496003883e-18
9.051602213681087079e-20
1.368214288454352699e-21
2.425685308743582257e-16
1.115404086935494680e-16
3.338104939545759934e-18
2.685423883264093092e-09
1.425058564262591393e-14
7.884731126876374716e-16
4.467857246295078166e-22
8.983643906904092979e-13
1.670509802366340179e-15
1.761916111267473025e-21
1.300312201663045286e-11
1.501126480063508239e-12
1.453945421200705389e-16
1.146136030448656798e-16
4.486140433106828375e-18
7.073953307346926567e-15
2.400865423591683640e-17
1.501882494238382382e-12
1.014245436768701492e-12
1.038268931008619334e-14
2.430067433696202379e-15
7.827202200837992998e-21
2.319746085325535080e-19
1.028351530448987083e-14
6.889639020742452068e-21
4.076163850896818985e-10
9.852469554994577189e-15
2.284761572643456695e-12
3.633667780708256816e-17
1.416254494048098967e-18
8.028028244192656808e-20
2.424836243872389660e-22
1.830761697839758395e-13
2.836479220448030747e-14
3.309428399234087955e-16
5.222018682678490273e-15
3.375379142855905457e-11
3.242463806132911408e-14
1.735409824732414563e-07
1.133832350924679488e-11
4.218652066134004341e-13
3.035241030065594381e-19
5.055865629496095228e-18
2.736985004633910598e-16
1.265592041973032100e-13
3.560341279973697358e-18
1.206554821331362604e-12
1.491909437896643130e-16
2.104303059927148389e-12
3.201922977568572156e-16
4.731687673969538415e-22
3.153325198410601847e-18
6.657968147760949204e-17
2.046963198444086418e-14
4.528494838377755143e-23
1.068623745807510683e-13
6.100590255186943978e-09
1.114485929690450620e-15
7.042551546060943509e-17
6.291059388924616358e-14
1.811652363499158258e-14
1.121734458804332373e-19
2.723314048349331957e-21
4.598405498339088598e-15
1.421596943431849265e-18
4.004035480475583239e-19
2.105304794971889215e-14
5.498323150943118520e-12
6.555606074263795047e-14
3.838458427068113982e-18
2.495045819652952624e-19
1.643666684514539682e-19
2.679727133822560475e-14
2.718965189715122355e-13
1.110210968296998502e-11
3.355290402593131009e-17
3.282999330153418480e-15
2.693719355781548988e-16
8.165662826315355083e-19
7.805914118211298991e-13
2.180789660725761248e-14
1.961201288393186738e-20
7.988309449688535402e-14
1.465440130354878079e-10
1.628403768088549307e-16
8.072982928854222084e-14
1.409038597605105636e-11
1.538628678302976938e-15
1.933701565531284763e-18
5.450710378657099703e-15
3.598633875969998314e-15
2.457303566356927593e-13
1.359307960481986091e-21
2.470806220213062065e-13
7.145639060925773611e-14
1.004486032391217859e-17
1.359931843687545740e-19
5.918445529669302818e-13
4.217669866316005160e-17
1.156570238886045487e-11
1.444564504840084411e-15
1.215790593726032110e-16
9.829073319145287257e-13
1.367282506652815793e-18
5.803381340785463873e-22
2.197760745094312629e-13
3.050332677959934069e-14
2.640924215695662075e-15
3.990056440632272494e-14
2.697145727209399850e-22
6.132521898542372952e-20
4.983200707815455682e-18
1.050309492156564772e-10
1.702014769322990253e-16
1.024992519615473357e-19
1.616314794337737419e-19
3.770637940343679528e-19
9.584436577725341522e-10
1.766301261297141437e-16
9.225197645720828454e-13
2.934119418783465161e-14
4.347822235838691776e-16
1.284624891620775338e-17
1.875147427199408412e-04
2.384649422371154515e-10
3.526512091005728437e-16
9.150368063496058751e-21
9.177424301227358662e-21
2.862386338231307017e-18
7.202718421694953577e-09
1.977914576067397231e-16
1.562656525445210720e-14
2.319670135669641992e-16
1.680099673648678790e-18
8.146026204808199763e-20
3.361265259183010556e-14
5.734410776087051076e-12
1.426612379873404279e-05
5.428879390478869027e-08
2.513592240894205665e-16
1.378014540982741274e-21
4.168123772562218332e-15
1.004646279362253480e-11
2.279412392169888335e-08
2.484114259779235390e-12
9.661117175678415653e-18
1.189785888151937039e-15
1.648345450703686887e-18
6.048428018793483704e-17
7.576270273489297737e-19
8.050336126580839077e-17
2.933712509449560115e-17
6.022543175276950933e-08
5.928361913789398363e-14
2.747440729783390267e-12
2.214377363206086898e-20
3.383678584641339705e-20
3.811550034946610854e-19
3.771616081418023483e-19
1.483606640317880476e-12
6.260537064843547088e-21
1.396887031942389574e-15
1.552864871476091740e-20
5.777419827319470310e-17
3.538629334607170734e-22
4.086423186473747641e-18
9.389751549535550745e-15
1.105905141827629736e-16
3.785026017112148866e-16
1.863877802459611730e-17
3.317057070365406722e-19
2.905045859901908556e-14
9.667015800626531293e-18
1.742169403802940747e-14
1.236039922181771025e-15
4.053589020003300902e-09
5.904867705908145581e-10
6.156550114155834308e-08
3.288525214282627925e-16
9.726666573407600414e-21
1.563669513322655819e-15
3.428249916377125190e-16
3.228824881616222664e-14
5.059971538989849194e-12
2.527775514946095647e-12
3.152376905520004602e-13
7.716337334720546615e-14
6.634614688398984594e-18
7.887949852075941057e-16
7.131652907110819228e-11
2.233235948598255582e-12
5.154226916905694578e-18
1.689906726991107486e-20
4.153026121785086122e-13
4.710460754092649083e-12
2.147264588359121262e-08
5.077881041499194059e-18
7.398259227464620835e-10
2.191782977334355564e-09
6.091688958820284938e-11
7.232716703442795196e-20
9.116063881829461680e-18
1.440001298470847855e-18
9.242195453396107041e-09
3.185642938147895500e-18
3.400337335263788811e-17
2.454354832909298560e-15
2.485827788376908441e-21
5.733709486169800192e-16
8.417668440561492709e-20
3.111070005638748055e-22
1.754007107463337301e-16
1.802698928785148764e-16
3.757605972422751062e-16
2.155293995483186409e-16
7.635607454345329763e-18
1.121069493272984670e-15
1.499520315860133901e-13
1.382086295859423150e-14
4.449137672862812920e-12
2.565986942499876022e-04
1.352734596876510130e-19
6.292359211804154917e-13
5.575486903761084356e-13
2.918340222257675975e-11
3.373727892105188308e-13
9.535814846084456065e-12
1.639448132806364811e-09
3.591476058772968827e-07
4.914310061318594158e-13
3.310142874420229102e-19
5.163263835335692173e-24
1.704413037234022398e-15
8.348065560562765476e-17
6.403435073853991355e-12
1.862509068685253705e-14
2.465517901627858911e-18
1.300125296770508515e-16
6.737517444996288241e-13
6.289946228813246597e-17
2.724525249506171143e-13
2.091445446012545300e-17
1.858909305714365016e-15
1.308522474402495916e-11
1.257554413458242444e-18
4.690942440235021397e-23
1.121219799269474945e-14
9.994456171989440918e-01
3.983906032758305349e-13
1.944539492712107670e-17
2.142964980949646839e-15
3.340969569404607638e-19
4.941699718701009214e-13
2.179814488634246317e-12
3.544572633386203035e-15
7.838995582889378769e-16
9.509417214419865695e-17
3.477975514941280925e-16
9.412789991891656882e-12
9.963080285471510958e-18
1.757376842755531323e-15
1.078019763706790021e-14
5.103957380397348340e-20
1.010776742242153342e-20
6.695195006590901034e-27
1.144374664474590020e-10
1.186237455377651961e-15
1.241954821081258033e-19
2.631772659975289801e-15
3.506688280138954561e-14
5.591267169931453068e-21
8.734155163437479219e-14
7.528072527147364197e-19
5.615984570636630632e-19
3.567630312813453383e-17
4.313228086783846065e-17
2.938797684983291108e-17
3.685337104930574981e-11
4.495911412004144383e-23
1.073124357963957474e-15
1.681101393506383569e-16
4.979600309569856553e-14
2.444083824215681489e-10
1.100366108835403148e-18
2.404159025180298281e-14
6.770254495913619053e-12
2.037883185244021610e-17
2.676041166438380969e-09
8.281589458647431456e-08
1.329430916209833197e-14
5.485403107741149142e-06
1.145817069604456351e-16
1.075685322375311448e-16
1.510756716125230548e-13
1.883186782896013624e-19
3.454322966922151843e-15
7.712451706070893480e-18
1.151760588622265449e-14
7.277816667696499538e-16
1.119216485476804012e-20
1.111716846636978304e-16
1.468704543274620342e-19
6.783884841680618005e-14
2.066801362590208344e-19
4.748688963752967229e-13
8.264509730783069002e-17
3.590238813315752735e-17
5.632550309969076979e-18
8.749243869546688424e-14
2.625372498878171009e-17
8.295431727313771304e-17
4.494558862650488645e-22
1.041232855145124425e-12
1.756056636028117089e-15
8.682180668850847383e-11
9.851574884870942325e-21
5.316172849156863833e-12
6.075408437666824887e-19
2.612863542782899103e-17
6.580730257325483751e-16
4.696683955190869339e-18
1.737995537782270855e-16
5.509615140921752282e-17
4.612121773904520605e-13
5.166496520018918140e-16
2.258897247031654842e-08
6.888188817618691451e-15
3.819117331410604166e-12
5.527892810164303228e-08
3.204327333528912691e-14
1.493819846935004322e-20
5.100920722820483749e-20
1.635631408092308448e-09
3.705118385740032031e-20
1.504777401351020671e-06
4.958079845122920215e-13
6.468167201931912524e-14
9.899707100155291824e-16
2.641787621993074708e-10
4.524707729167113291e-18
1.695553961990337033e-12
4.880704977949790191e-07
3.300073325718244632e-09
2.056341792991446021e-19
7.908011430384965135e-17
3.964152014044930013e-21
1.763044022568254626e-15
2.059140482906993141e-15
1.299989087731601156e-12
1.556674089895686717e-18
8.593824843373606970e-14
2.586709839380585407e-11
8.167313568625281219e-19
4.460763989300176036e-07
8.809428287249995744e-21
1.412097749709358222e-22
6.146869679923838703e-08
4.851178446887256194e-16
2.845238935831871038e-19
5.769717386153172534e-15
7.494356155622605709e-13
8.365611536831352169e-10
9.374864397066810294e-22
1.225587631381586107e-09
1.928707471510193727e-10
9.906891973443521238e-11
3.298677168853266731e-16
1.934746986101756883e-13
2.264573213195744672e-13
2.970209968006665840e-16
1.292851948164752685e-06
1.594842730101575512e-10
3.759979307071947829e-12
1.639848175822689969e-17
2.735536948871020169e-14
4.875179605212462075e-18
1.536011071210253293e-14
3.160674846847122410e-12
1.942512661104456936e-20
1.706937724812432246e-15
1.032758473466961757e-14
7.961720746661044013e-14
6.153900743365323944e-18
2.730486640654469511e-17
3.970794349084635768e-22
6.174085409458218363e-15
5.684300550872975477e-14
3.597038237950938623e-17
7.380459238780435402e-21
3.024328563191319708e-13
2.923683607559314404e-22
7.494203657643083716e-08
3.579630689087842654e-11
7.059780277735017151e-13
1.279815923377336517e-11
1.670918819973721270e-10
9.370350717574638111e-09
4.060106742996560936e-15
8.452418842352926731e-05
6.197212204126986701e-14
4.822049010089202170e-11
4.629302339480182550e-19
2.773861598314580901e-13
2.121774969466422821e-15
2.448040956146840808e-13
2.819034072842896421e-08
1.476576565011267217e-13
7.468407836608292882e-11
3.754177408045392269e-18
2.356964678699893616e-15
4.273992141860343324e-21
5.431886765470267386e-14
1.236413478381041347e-21
1.051994047429616330e-09
3.687146992543280182e-17
5.366016964103437203e-09
4.430556752301317638e-20
7.257603407140322815e-09
2.693366710215805426e-11
4.495006885157556245e-21
7.449463526943949222e-17
2.176019369690172041e-18
1.899671283993320525e-14
1.313403951704950404e-14
8.246738934054740091e-19
1.001861149596550149e-09
9.523279934305641886e-18
4.348183325984106284e-14
2.495462140301485417e-21
4.691207605945462019e-17
6.251265616263879110e-10
9.704468131865873204e-13
6.238419558712848811e-08
2.212972677556688389e-15
1.046516931273167028e-12
4.283268992821831489e-07
3.198095767453666268e-20
1.236543090143982226e-10
5.535733575558267270e-19
1.197051736773484427e-15
1.272550675945893772e-10
3.925802349868945385e-09
1.854078359178818521e-16
1.334539906273399591e-18
4.936437712863440269e-15
2.537147221305722893e-15
9.438406604333495452e-16
1.593821364998401850e-17
2.257300029268874061e-15
1.294563785718669231e-22
2.174802005150411333e-12
4.423687883268768509e-18
7.818309201459481004e-21
1.108401692030322981e-15
1.608460586943749604e-11
1.525703620581088808e-18
1.091582856937131334e-17
2.135761439242450913e-20
3.093851582836699722e-21
9.596750477625093367e-13
1.841578874301560348e-18
6.665344613591452083e-15
1.370137830729772276e-19
1.149126189101362487e-16
1.558153744918300276e-10
3.748465080000151772e-12
2.533012892781253749e-19
6.354757113591086998e-15
8.619268304916851342e-18
1.460211676361559536e-21
1.447684847162827165e-14
1.709835276294223438e-14
8.100517534749736032e-17
2.530282462637035117e-17
1.346841678440645340e-15
1.779883037559670117e-16
4.418898093931780202e-18
2.792744924207113399e-09
4.002224587727260712e-16
7.457192868023767223e-18
1.688201080568023143e-18
3.351136778012922535e-15
3.339130255392182278e-14
1.983292240018749014e-14
7.401646517912752188e-10
3.412386153945354619e-15
2.568454035492274664e-16
5.804522400089770262e-18
6.275117381824343171e-15
1.640767132124205755e-18
1.461692420746951715e-12
2.284611388958524003e-10
2.731584862545721054e-14
2.337527957654850219e-13
2.455224523987891913e-16
6.963922424689128182e-19
8.525516959068113465e-10
7.068743525325720586e-16
6.497257625371797860e-19
3.666010873531325219e-17
1.409604702249820860e-16
5.769028907185732398e-17
2.148760592132997575e-15
3.905322827421286677e-17
1.007266169886396334e-13
4.621684729821605149e-17
1.475460773572194476e-18
1.303402222397974088e-17
2.633214860622932335e-14
1.237374092077914156e-09
3.650532306997966714e-11
2.759156835299703125e-12
2.113729156982824264e-11
1.690693984812696726e-08
3.968740976207652663e-19
3.340581476940713071e-15
1.765177380925032988e-15
2.741160227727093445e-19
2.300439179425683989e-11
1.735733193460042845e-12
7.965099933782138208e-12
1.114604434893727417e-16
1.525124834365551574e-14
1.527387346717940496e-17
1.631998231809561736e-16
7.569092345895058610e-15
2.522763349509897468e-18
3.003787611350357387e-17
6.896248155863204943e-11
2.513895456355446165e-19
1.243062524116690659e-14
8.059783740220310219e-21
7.162384208784765565e-17
1.178519555860066794e-16
1.030395728000155090e-17
8.837131330527436823e-13
1.466974737240889226e-07
3.712438205208211514e-17
3.037297518528048190e-15
1.020192025010394966e-16
1.691885631702368109e-14
5.504536781356268726e-15
5.750257180557183695e-20
1.754533185027139135e-19
3.987914230781195325e-16
1.482212661171552707e-19
7.615162362017101599e-17
2.058062921472814111e-13
1.260150178650221164e-10
2.936615877695145583e-22
1.602288993759332092e-13
6.170547008730402328e-17
1.016519475956545414e-19
7.936880827856453852e-15
1.387845018757920962e-14
7.325436091054626786e-11
2.832612799263073339e-18
4.666360754705594174e-18
3.544700535361238435e-19
1.874910605120946004e-16
2.639873967632960647e-17
1.024946592996900765e-17
5.108971203848428392e-17
5.264054002940075211e-17
8.085205428994644426e-17
5.373492314086555921e-17
1.260813708889004306e-14
1.054856186632287165e-15
