4.274562161299400032e-05
2.844192067641415633e-06
1.418134290724992752e-02
1.120229717344045639e-02
8.566725850105285645e-01
1.964674265764188021e-05
6.796084198867902160e-05
3.853190122526939376e-08
2.024979739445598170e-09
9.527908462203527051e-10
9.059246686149435845e-09
3.467798048717440906e-09
4.008150966683388106e-08
4.986604906775937707e-09
5.480873532803798298e-09
7.924651157509288169e-08
9.118099164595605544e-09
2.242001073682331480e-08
2.566654018210101640e-07
5.099740185698919959e-09
7.013500447072829047e-09
1.328375276443694020e-07
3.875779555073677329e-07
1.941886011991300620e-06
7.743346408517481905e-09
2.218826921307481825e-06
1.985129893000703305e-05
9.675705996414762922e-07
3.376507038410636596e-07
2.034947101492434740e-06
2.465431236942094984e-07
7.712880005783517845e-07
1.217297693756336230e-07
1.232786871696589515e-05
4.484695455175824463e-05
9.803072771319421008e-07
5.036066795582883060e-06
2.430168422051792732e-07
5.507411628968839068e-07
2.711470006033778191e-05
2.948980636574560776e-06
3.043881520170543808e-07
6.980120815569534898e-06
2.088747663719914271e-07
9.554975122227915563e-07
2.102893503774794226e-08
2.668013848960981704e-06
4.815755119125242345e-07
9.671695977431227220e-08
1.143150711868656799e-05
2.782723167911171913e-03
6.898596183191330056e-08
6.273480845919721105e-09
3.250476554583769939e-09
7.575596150388719252e-09
9.211940721343125915e-08
5.083715226561480449e-09
7.393345380357629892e-10
3.412488922549528070e-07
2.190059911200137321e-09
4.613914654783002334e-07
3.991860619834142199e-09
1.611907940457513178e-08
1.815356753809282964e-09
9.340656248468803824e-08
3.363172027093241923e-06
8.829203479443492597e-10
3.042232910033249027e-09
1.105159741499051052e-09
1.030969309923079891e-09
5.457045926249293188e-10
1.121683999372180551e-05
1.088682992644862679e-07
2.613136595996934375e-09
3.657902425402426161e-08
2.521894160167903465e-08
1.736680133035406470e-07
1.526540813756582793e-07
1.548256634009703703e-08
6.998083534881516243e-08
2.281717286223283736e-07
6.916744399454444192e-10
6.839442079353830195e-08
2.088960782131721317e-09
7.470688956345838960e-09
9.169601078440337005e-09
3.192600350754304372e-10
6.136135510814710869e-08
3.567576101204394945e-08
1.177139168362373312e-07
2.855831793269203445e-09
8.469744905426068726e-09
1.076048050663303002e-08
4.461652380882696889e-08
9.070571422853390686e-07
1.225870249754734687e-08
9.008797974274784792e-08
2.897752038322209955e-09
2.049381109259229561e-09
1.372383394482312724e-06
9.026828706737433095e-07
3.772231593757169321e-08
2.677417842988916163e-09
1.225316373165696859e-04
1.805846068236860447e-07
1.570913639170612441e-07
2.358900985655054683e-08
8.540099543097312562e-07
9.610030815565551165e-08
2.679278850337141193e-06
2.833317047645778075e-08
2.733914428176831279e-09
2.273479537961975439e-08
8.909670157208893215e-08
1.903345179243842722e-07
1.473300585530523676e-06
1.173832497869398139e-08
1.367193931400834117e-07
2.334868213438312523e-06
5.119858670354915375e-08
1.824344231238228531e-08
4.880767505710537080e-07
9.908431053418098600e-08
7.589005690533667803e-08
1.102089299820363522e-06
4.629493233210268954e-08
2.270899983614071971e-07
7.739390461836137547e-09
5.964579941064585000e-08
1.248738357162437751e-07
7.613183861110428552e-09
1.224400403287972949e-08
3.837786977101131924e-08
1.046362729795191626e-08
1.520490684470132692e-07
1.546934313978454156e-08
2.910853114101996653e-09
4.220398608367759152e-08
1.652489167724979779e-08
1.147324901751289872e-09
3.703558848489052480e-10
1.100699975609131798e-09
6.247255490698933045e-10
1.599985477440668546e-09
9.220487413585942704e-07
2.005215947065153159e-06
1.498569019986462081e-07
2.296223101438954473e-05
1.476296984037617221e-05
1.012389693642035127e-04
1.552624598843976855e-04
1.475866184819096816e-07
1.257162846046711024e-10
1.582308328806902864e-08
1.799080218134463394e-09
6.136846586457522790e-09
2.282006583698148461e-09
2.433793389045035838e-09
9.325293603978934698e-08
7.086856612659175880e-08
2.380904140508732780e-09
2.269710194013896398e-06
2.470343076765857404e-07
4.931588932777231093e-07
2.041854969547785004e-07
4.489916136662941426e-07
3.529870298280002316e-07
7.905508425665175309e-08
2.723785996749938931e-07
3.063556732740835287e-07
2.426415335321507882e-08
5.033745651417120825e-07
1.678427992146680481e-07
5.259337854113255162e-08
1.623223795377271017e-07
6.041058320249703684e-09
2.362912088216262418e-09
6.483595029749267269e-07
7.336464591389812995e-07
4.327798208692001936e-08
5.121851387457354576e-08
1.242363723008566012e-08
9.438907255798767437e-08
1.000147875629409100e-07
3.657370184484420861e-09
1.621124567918741377e-07
3.421213534693379188e-08
8.306447085715262801e-09
7.214128316945789265e-08
1.287148165829421487e-07
9.138278578291192389e-09
2.058467089227633551e-06
1.382762775392620824e-07
2.501757911943514046e-08
2.788187236646422207e-09
3.191370979038765654e-06
3.340444365562689200e-08
1.220686414171723300e-07
6.684193465389398625e-08
9.570470638209371828e-07
1.743032523870979844e-10
6.520691897549113492e-08
1.054834974922869151e-08
1.299757855122152250e-06
1.145134320701401975e-09
3.405047266369365389e-07
2.726899595018039690e-07
2.091345763233221078e-08
3.884227623984770617e-07
2.420564726435259217e-07
1.274965999442656539e-08
1.223380934334272752e-07
3.399605930098914541e-07
2.945188271041843109e-07
1.782866405619643047e-07
3.039711415908641357e-08
7.134917101581095267e-10
1.305024852626956999e-07
2.046202851602174633e-08
5.136633163260739821e-08
3.803199144503111029e-10
6.659251994278747588e-08
3.962882999530847883e-08
1.891355054794985335e-06
1.397841288053314202e-06
2.643392633672192460e-07
8.659179151493390236e-09
1.310660024955723202e-07
1.843259767042582098e-08
7.560543480167325470e-08
5.136085334811468783e-08
7.469410689964206540e-08
3.923433578023605151e-09
1.481092226640612353e-08
2.340807441214565188e-06
5.111082373332465068e-06
7.676328550587641075e-07
7.284753519343212247e-05
1.037414776305922715e-07
3.805655879318692314e-08
3.852523207115154946e-07
3.114698472472809954e-07
5.642997393806581385e-07
3.029436035362209623e-09
1.396309623480362916e-09
1.302857981499982998e-06
4.192822089521541784e-08
1.966609630699167610e-08
1.642768268084182637e-07
2.404590304649900645e-07
4.715105461627899786e-08
5.521158641386136878e-07
2.537546350822594832e-08
1.640300297367502935e-06
6.532468432851601392e-08
2.820967237582294729e-09
6.459860912855219794e-08
3.422662331331594032e-08
5.935244118404625624e-08
1.519669368121867592e-08
3.280478333422820469e-09
3.204096543640844175e-08
9.660602096062120836e-09
7.663947343417021330e-08
1.454384687349374872e-06
2.502441702745272778e-07
3.212392574170053194e-09
2.313919900132077601e-08
1.153767996697752096e-07
4.738169252505031181e-07
4.113168472485995153e-08
6.499198690335106221e-08
1.056171868185629137e-06
5.635530087033657765e-08
4.947376908148726216e-08
2.772840623777028668e-08
4.927775965057890062e-09
1.001666039002202524e-08
1.222172230086471245e-08
1.110396130599156095e-08
1.523735022601613309e-07
3.349827011334127747e-06
1.166968218058173079e-06
5.556660909178390284e-09
1.984881663474880042e-07
9.423657729712431319e-07
2.870420985345845111e-07
6.344489378307116567e-09
2.033577217730453413e-08
1.581128827865541098e-08
2.960152656328318699e-08
6.824631415547344204e-10
3.428673522876124480e-08
4.173765777437665747e-09
2.131067049049306661e-06
1.051934759743744507e-06
3.916988862329162657e-05
2.860637664525711443e-07
3.977566365165330353e-08
1.651160346227698028e-07
8.425532271871816192e-09
1.101307987028121715e-07
2.514530805797221547e-08
1.933378257490403485e-08
1.092020252002612324e-08
7.444711513926449697e-10
1.084891607661120361e-07
5.960826854334300151e-08
3.339743415153861861e-08
1.348578990700843860e-07
1.976231800426830887e-08
8.397383908231859095e-07
9.658413802071663667e-08
5.341248652257490903e-06
5.938791787230002228e-07
7.831090442778076977e-07
3.752053956418421876e-08
3.819195626419968903e-08
2.914315189173066756e-08
9.707003556513882359e-08
3.265682613218245933e-09
2.771629681319609517e-08
5.430588756460963396e-10
2.154959322098193297e-09
3.420208827265014406e-08
4.938641162688384156e-10
5.821272908157482107e-10
8.933523076848359779e-07
2.867857062938128365e-07
2.043509994109626859e-06
1.160420382007032458e-08
5.124205770812295668e-08
4.920947649367235499e-09
7.482772446110175224e-08
2.409719712659352808e-08
1.958880204711022088e-07
8.823437980254311697e-08
3.235495285025535850e-07
6.532984708762512582e-10
1.635817481471235624e-09
9.582807436459006567e-09
1.409811201114052892e-08
9.461613714734085079e-09
1.082483169767556319e-08
1.809643290471285582e-04
1.037285635163698316e-08
1.055778469094548200e-07
1.621017653441469974e-09
4.519870699937200698e-08
2.776958218930758449e-08
1.746147830772315501e-07
4.040240586533627720e-09
4.293306155034315452e-09
1.081244533907010918e-07
5.843811545780397410e-10
2.826483758155973192e-08
1.165091634902637452e-05
2.951387614302802831e-07
6.822937166361953132e-07
1.710671995169832371e-07
1.205266307806596160e-04
2.931794185201397340e-08
2.824091183128984994e-08
1.054277447565254988e-07
2.662009421783295693e-07
2.396502054580196273e-07
5.347614262518618489e-08
4.165217148965894012e-07
2.564535463989159325e-07
2.376420752625563182e-06
4.531679920205533563e-08
8.330707679249371722e-09
6.554621734267129796e-08
7.816998959242482670e-08
2.573401616245973855e-07
1.368337905205407878e-07
5.479799369823012967e-08
2.981374223054444883e-07
2.267071067763026804e-06
2.126331082763499580e-06
8.859864664145788993e-08
8.255412467406131327e-06
2.038182856267667376e-06
8.037583256736979820e-07
6.924536251062818337e-07
4.116455176728095466e-09
2.319779568438207207e-08
4.812268272758046805e-08
2.599155024540777958e-08
1.693282974883913994e-04
2.331648147446685471e-06
1.140697277151048183e-03
8.914872040577392909e-08
3.963164658671303187e-07
6.655754405073821545e-04
7.990516605786979198e-04
1.838637945184018463e-05
2.498515414117719047e-06
1.224213619366310013e-08
4.309757883902420872e-08
1.856030706903766259e-08
1.630259305329673225e-07
2.733783048824989237e-06
6.095401516859055846e-08
1.290464410885761026e-07
6.206977332112728618e-07
4.865194025427399538e-09
3.935344849992361560e-08
9.209762197315285448e-08
1.238800336977874395e-06
3.570591644574960810e-08
6.116638306963295690e-10
4.198880105832358822e-06
3.332992200739681721e-04
7.633787824090632057e-09
2.846743119011563294e-10
5.615596592178917490e-07
2.581855653716047527e-07
3.117344604675054143e-08
1.769483759517243016e-08
1.842208916968957055e-06
6.448058798014244530e-07
2.344748573079868947e-08
2.253546682595697348e-08
3.588801433807020658e-08
2.267943273182027042e-07
1.000083482693980841e-08
1.062703745446924586e-06
1.256110095937401638e-07
1.965676972304208903e-07
8.153904929031341453e-08
1.663005377849913202e-08
1.055173584063595627e-07
6.408819785974628758e-08
4.679463039281017700e-09
3.241165700273995753e-07
7.583845773595498940e-10
9.214787866085316637e-08
1.584745845661927888e-08
2.006399046905471550e-09
2.730120058913598768e-06
2.921424027135799406e-07
3.921952540508755192e-09
1.907798363731671998e-08
1.078392397602101482e-08
2.012290423181184451e-08
1.012812944622965006e-07
6.984006404309184290e-07
8.255593542116912431e-08
3.965325134913655347e-08
7.889390474247193197e-08
1.396099857942090239e-08
4.455408042502995158e-09
1.551910777664033958e-08
8.732780543141416274e-07
2.392189557554047497e-08
5.060459216110757552e-07
2.974740027639199980e-07
9.924488608703541104e-08
3.633439860095677432e-08
5.704061436517804395e-07
5.905742909817490727e-06
1.612206972367857816e-07
6.640850642725126818e-07
9.500457309741250356e-09
2.463629698468139395e-06
6.017724984985761694e-09
1.819378603329369071e-08
2.454920320360542974e-07
6.071607003832468763e-07
9.033295000904217886e-09
2.608230943224043585e-06
6.360511179082095623e-06
2.916823405030299909e-08
1.068356070277332037e-09
4.395018322611576878e-07
8.422286867926231935e-09
2.675687227338130469e-09
1.533596538649817376e-08
2.750609962021144383e-09
8.622226232546381652e-06
5.141662384744449810e-08
1.441532004875512030e-09
2.833437235949531896e-07
5.050933538086610497e-08
2.353569783508646651e-09
3.118867425655480474e-06
3.654837428257451393e-06
5.733105723493281403e-08
2.017972349221963668e-07
7.757971332011948107e-08
5.102804720991116483e-07
6.706908806108913268e-09
3.914708279761924814e-10
5.761972943219006993e-07
3.031568995837119473e-09
2.726365266880748095e-08
1.199588837152987253e-06
5.327995822312914243e-08
2.980116242667918414e-08
9.104357445721689146e-08
3.343811840750277042e-07
1.235252594655733560e-10
9.425743314750434365e-07
1.731367582635812141e-08
1.057990402841824107e-06
1.076095301755231048e-08
4.452174451330392912e-08
2.758772836841671960e-07
2.550170297155318622e-09
4.120001619867252884e-07
6.893590698275886552e-10
2.483201910763455089e-07
9.998184395954012871e-07
2.620548666953936845e-09
2.397846117219160078e-07
7.952163372237919248e-08
1.364145134630234679e-07
5.389117063714365941e-07
3.745354248962939891e-08
3.533994208382296165e-10
3.731051378963456955e-08
2.698414789392700186e-07
4.598809482558863238e-06
8.020347195270005614e-07
4.515896421253273729e-07
4.924007868112312281e-09
2.382421229185638367e-07
1.290147455534906840e-08
2.367442419881626847e-08
6.850029876659391448e-08
3.838797368871382787e-08
2.145849498091934038e-09
2.429483281218836055e-10
8.599276952736545354e-07
1.538398386458084133e-08
4.125706993818312185e-07
1.016421613542206615e-08
7.420208447683762643e-08
2.529384062199824257e-07
1.957135964403278194e-07
8.284597470264998265e-07
6.139732704468769953e-07
1.108874982946872478e-07
7.659212997168651782e-08
1.226377666085909368e-08
2.064241016341838986e-06
2.111303354368487817e-10
1.913008951248684752e-08
8.110470517408430169e-09
2.829659395686690004e-09
1.397811727477105137e-10
5.752833587280292704e-08
4.853539508076210041e-07
5.468295967148151249e-07
1.070855333296094614e-07
3.203746814506303053e-07
1.040296410792507231e-06
1.020120237171795452e-07
9.580400472941619228e-08
1.340174208053213079e-06
1.011172798826009966e-06
6.641693471465259790e-05
2.588729453023574933e-09
1.396783799734180320e-09
5.149284998395842194e-09
1.003176066660671495e-07
1.736473898006352101e-08
6.896685000867819326e-09
6.018508713623305084e-08
6.519246085190388840e-07
4.108354545451220474e-08
7.397933377006893352e-09
1.214014333505986087e-09
1.932188524733646773e-07
1.265766513824928552e-07
3.409812876498108380e-08
5.643931189069917309e-08
5.497750699134940078e-09
1.568166965171258198e-07
1.094976710191986058e-06
3.613761236920254305e-07
2.368787388462578747e-09
3.708650808675884036e-07
2.839948942678915955e-09
4.545524063814809779e-07
2.348611083391460852e-08
3.236184966226574033e-06
1.132553695271099059e-08
2.325258208202285459e-07
1.561096318880572653e-08
1.502245616791242355e-08
2.418679256876998807e-09
2.621429473492753459e-08
1.751408795769293647e-08
7.958789183248882182e-09
1.167209688901493791e-06
6.345714353983566980e-08
8.736278687138110399e-07
3.963328865097537346e-08
3.687571279442636296e-07
6.681551312226474693e-09
3.814094498011399992e-07
4.195611413848610027e-09
3.016135119437990397e-09
1.083034462112664187e-08
3.227225775503939076e-08
7.834712434373614087e-09
4.883145887646378469e-09
7.623660849276348017e-07
3.002609503255371237e-07
5.175911610422190279e-07
1.884111311412084433e-09
7.575674771942431107e-07
6.939727903443326795e-09
4.847811965191795025e-07
1.737066046558766175e-09
7.476212999790732283e-07
5.987913453964210930e-08
2.717841312005475629e-07
5.983798018860397860e-06
2.000716534666935331e-07
4.552187817807862302e-07
2.418348366006739525e-08
1.035506524971196995e-08
4.295642597185178602e-08
4.163463529494038085e-08
1.825460671511791588e-09
9.742245055122111808e-08
1.616574540896920098e-09
2.484581607120617264e-08
7.402545243451186252e-10
2.415128619759343565e-06
4.446776813438191311e-08
2.012688895547398715e-07
8.636087400759606680e-09
6.038340050196211450e-09
4.599697831508819945e-07
7.466462648153537884e-08
6.347337233592043049e-08
9.157767877354672237e-09
1.970044927190883755e-08
7.881720165414662915e-08
5.083087728507962311e-08
5.566624139419218409e-08
1.144455819002132557e-08
1.042785584104422014e-06
3.194257081062801262e-10
1.784484737754610251e-08
5.998830232556429110e-08
2.968615808640606701e-05
4.816590681855359435e-09
1.089167426471249200e-06
4.615278612618567422e-07
1.081556355586599238e-08
2.820559785732257296e-08
3.611662862113007577e-07
1.471802193009352777e-06
4.287659560731071906e-09
2.092538764486562286e-08
1.394247135522164172e-07
2.088146877632368614e-10
3.065340692387508170e-08
1.238750524379383933e-08
2.953162947960663587e-06
1.015570489926176379e-07
8.959994346469102311e-08
9.482376839287098846e-08
2.030864187929637410e-08
8.555036146162819932e-08
9.090406649647775339e-08
5.484769189934013411e-07
3.162746224916190840e-07
1.209726718798265210e-07
4.237324901623651385e-06
9.418909030500799417e-08
6.708814836997589737e-09
1.145101578003959730e-07
2.067686821760617022e-08
4.880015280761540453e-10
2.288903822034171753e-08
1.302886516896251123e-06
6.228086704140878282e-07
1.348094770037278067e-06
2.720457814575638622e-07
3.251823699201850104e-08
1.762338830424425851e-09
3.588436436885444891e-09
1.069342800974482088e-07
1.446514352743122345e-09
2.434155321751063639e-09
4.853333024357198155e-08
1.075350031243260673e-09
3.400068180781090632e-06
1.580945649948262144e-07
1.446847051056465716e-07
3.530824344011307403e-08
7.165342763570947682e-10
3.067463438810591470e-08
5.801371472102800908e-08
7.161336839089926798e-07
5.163938112673349679e-06
8.284695951488174614e-08
7.374632104983902536e-07
3.283284044641732180e-08
4.123999364225028330e-09
8.682311536389875073e-10
8.709238841220212635e-08
1.052284517299995059e-07
1.131044258251279189e-09
4.392388675000802323e-08
9.364269359934951353e-09
9.771314068984793266e-08
8.612305890665084007e-08
1.176095931754161938e-08
6.704779025312745944e-07
5.168162715563084930e-07
9.889338237201172888e-09
1.331315075958627858e-07
6.511979222523223143e-08
2.955537858895240788e-08
1.422663675754165524e-08
6.628082473980612122e-07
5.079683340625251731e-09
9.917705767747975187e-08
2.132628651452250779e-06
3.993086306053328371e-09
1.182347773465153296e-06
1.776911773276879103e-07
3.775856016741130361e-10
1.840172103584336583e-08
9.421527806807716843e-07
1.349610112555410524e-08
2.783563104458153248e-06
3.795094727365722065e-08
1.070471888908741676e-08
1.958242137334309518e-06
4.710020391485159053e-07
2.451008924708730774e-07
3.481609667232987704e-09
8.905184586183167994e-06
1.639178126566775973e-09
4.014618184555729385e-07
1.131652851427134010e-07
7.783111755088611972e-07
3.126662306840444217e-07
9.188281246963470039e-09
3.654360014593294181e-08
2.163362371188082278e-11
9.279193413647135458e-09
7.443792693351269918e-09
1.293791407341871036e-09
7.560554422525456175e-07
4.495213445920853701e-08
8.569104870126409423e-10
8.069603154581272975e-07
1.908753074530977756e-05
9.363238007153995568e-08
8.758043463785725180e-07
1.787219972015918756e-08
8.476067847595913918e-08
3.357033619977300987e-07
8.331613621237465850e-09
2.137521505574113689e-06
2.000659333134535700e-05
9.440793036219474743e-09
6.988586420675346744e-08
1.377210789854643735e-08
3.323669261590112001e-06
5.429175686799680989e-08
2.345294269900932704e-08
1.297743352779434645e-07
4.258572872117838415e-08
1.224002943445157143e-07
2.286216194136159174e-08
5.532925784201836450e-10
1.262098408005840611e-07
1.979586699007995776e-07
6.687428832918840271e-09
4.312628121283523797e-08
2.431237788869111682e-08
3.924471858596234597e-10
4.603329671226674691e-06
3.845317735340358922e-07
3.987678667272120947e-07
5.377665956984856166e-08
1.390092130293396622e-08
1.272929239348741248e-05
1.578548625147391249e-09
1.405802318998894407e-08
8.531526179966775203e-11
1.632294157616343000e-07
4.918979811918688938e-06
5.760530186194046109e-08
5.852590675203828141e-06
3.078577037740615197e-06
5.807241905131377280e-07
9.148659785296331393e-08
3.238729007204455002e-10
7.573013505179915228e-08
3.923944902339826513e-08
9.688998688943684101e-04
7.804588619819696760e-08
2.015720745873750275e-08
1.325072229718671224e-08
2.652095417943201028e-06
5.555855331351722270e-09
7.592049087179475464e-07
1.314742892333242708e-08
1.915633207616451728e-09
2.840978341467348400e-09
2.310064530774980085e-07
8.410207215092668775e-07
4.031604916576725373e-08
2.174925128883842262e-08
2.409659032309718896e-07
2.529456200051072301e-09
1.692156748056561355e-09
2.687484957277774811e-03
6.486137863248586655e-05
6.593891210826541283e-09
3.944339965755716548e-08
1.245844849506738683e-08
1.268801064213676000e-09
2.366185025692857380e-10
2.092295225963880512e-08
5.135445846349284693e-09
1.801546645197049656e-08
4.623278755389037542e-07
3.222089972609865072e-08
2.223680866109134513e-07
5.791285673240054166e-09
9.920003662955423351e-08
7.717875405433005653e-07
6.979411750762665179e-07
2.468342330530504114e-08
3.884403554366144817e-08
1.154102591272021527e-07
2.754364913926110603e-08
2.820467273068061331e-07
8.644435069982137065e-07
4.545723868432105519e-07
1.391301083231155644e-07
8.217207323468755931e-06
8.357683434212503926e-09
1.108320972775800328e-07
1.550736925537421484e-07
1.125819579783637892e-07
8.323544520294490212e-09
6.322467243080609478e-07
5.090898724802173092e-08
1.146443446486955509e-05
2.524110414015012793e-06
2.877046156868345861e-08
3.582296130844042636e-07
2.734766013645639759e-08
8.951955843272685343e-10
1.429621931947622215e-08
2.816640787273172464e-08
1.213997734339500312e-06
2.959750444730957497e-09
8.833874858282797504e-07
1.355959398097184021e-07
1.383316572400872246e-07
1.012401682487507060e-07
7.596160145340036252e-08
1.661971715805066196e-08
1.777544689218757412e-08
2.388322286606125999e-07
1.592933962513143342e-08
1.008118104550703720e-07
4.532241604238151922e-08
6.202441937830371899e-08
6.688972042923069239e-09
1.252501102833036839e-09
2.053507444088609191e-07
1.981441641873971093e-07
5.698687033373062150e-08
1.058859888658503223e-09
4.803414412890560925e-06
6.624233606089546811e-07
5.872231056969212659e-08
3.676888445625081658e-05
2.616401104660326382e-07
4.266412645392847480e-07
5.042393613763351823e-09
3.868951239383022767e-07
3.377526525127905188e-08
5.269750857905819430e-08
1.780420461727771908e-06
2.213768901526691479e-08
3.084624822236037289e-08
7.546391884716285858e-07
3.939645942807601386e-09
1.694402129714944749e-08
3.243766002469783416e-07
4.853508883684298780e-08
5.535524927324786404e-09
8.052103112277109176e-06
2.097641100817781989e-07
1.567905139054914798e-09
3.520023605929623045e-09
3.273673200965276919e-06
3.868846576438045304e-08
1.478827743994770572e-05
1.866271333028635127e-07
1.645679503781138919e-08
1.282202219954342581e-07
4.390025424072518945e-05
3.905228425082896138e-07
4.110852991345836926e-09
3.318691987885813433e-09
7.478359265178369242e-09
4.759336821734905243e-03
1.335647703548659138e-09
8.370147952518891543e-08
3.070929111004261358e-08
6.853196055089938454e-07
2.412419419783873309e-08
4.182151158715896599e-08
3.593238204757653875e-07
1.965374167411937378e-06
1.038052976909398240e-09
5.994875429404800116e-11
1.960171358561524357e-09
3.679155868852035383e-10
1.251625469933514978e-08
1.410789596256734058e-09
2.326654563455932134e-10
6.562640209040182526e-08
2.014538813543964579e-10
2.706225687987284800e-09
8.884833424538385316e-10
4.809067380429077332e-11
1.024819118455866374e-09
8.563043607523468381e-10
6.763535953524524302e-09
1.566074701031539007e-07
2.169000090646022727e-09
3.559058541213744320e-07
2.899696871505597073e-10
1.774518754160681056e-09
3.418150762435345769e-10
5.647815992659843687e-09
9.092794961418348976e-09
2.746485705529266852e-08
1.464802723560865161e-09
5.371389111274993411e-09
1.121065693610034941e-07
1.709359942481114558e-08
8.247813987338759034e-09
2.668599030641871650e-08
6.227762838761918829e-08
1.518642989140062127e-07
1.151335524696150969e-07
2.342785876408015611e-08
1.323827991672743565e-10
2.175708280205412848e-09
4.324282798506828840e-08
2.898796980232987153e-09
1.501133439774093858e-09
7.704321625112697802e-09
1.166166496702203403e-09
4.015173082905221236e-09
1.149629391683504309e-09
6.502903104887991503e-09
1.949430306069643848e-08
1.108891289902658173e-08
4.781736251402435300e-08
3.767920697672622055e-10
2.509701516828499734e-06
1.560770442665670998e-06
6.663753447355702519e-05
4.879861953668296337e-04
9.563535741108353250e-07
4.063111020968790399e-07
1.195573702261754079e-07
2.417533551124506630e-07
5.930025395173288416e-07
6.827063430137059186e-07
1.124132964491764142e-07
3.590718506529810838e-06
1.028732640406815335e-06
1.012433692812919617e-01
1.586681364074138401e-08
5.141054160162639164e-08
7.930831991131981340e-09
1.180174535875266884e-08
4.768047645598016970e-08
1.567444769534631632e-07
1.675590666216919544e-09
1.457807563554069930e-08
1.570213292723110499e-08
1.371199931377020675e-09
1.980185126981837129e-09
1.610995070677745389e-08
1.558530970946492289e-09
1.441876484875592723e-08
1.381868131034025282e-08
3.392411599634215236e-06
