9.145838703261688352e-06
1.345267519354820251e-04
3.575048875063657761e-03
3.505819663405418396e-02
1.914588212966918945e-01
2.204219698905944824e-01
1.597464084625244141e-02
1.787518522178288549e-05
6.432502232200931758e-06
1.945940493897069246e-05
1.484754420744138770e-06
6.632442364207236096e-07
1.688220663709216751e-06
1.405436336199272773e-07
1.578572778271336574e-06
6.760953397133562248e-07
6.603976885344309267e-07
3.973714512994774850e-07
3.213520358258392662e-06
1.694337470325990580e-07
1.272576014343940187e-06
6.582193691428983584e-06
5.782219432148849592e-06
2.172759013774339110e-05
2.896568548749201000e-05
8.893659924069652334e-07
2.836946077877655625e-05
4.311559109737572726e-07
3.575647269826731645e-06
6.478317118308041245e-06
3.056416062463540584e-06
1.488615225753164850e-06
3.246384267185931094e-06
2.191717177629470825e-02
1.453518122434616089e-01
2.101287009281804785e-06
2.370076690567657351e-04
2.752700254404771840e-07
8.032173354877158999e-06
8.177201380021870136e-06
3.939248017559293658e-06
1.427054394298465922e-05
7.073181677696993575e-06
5.654005872202105820e-05
2.481912997609470040e-05
1.891547144623473287e-04
6.705829036945942789e-06
4.125313807890051976e-06
7.849180292396340519e-07
8.877360378392040730e-04
5.432545673102140427e-03
1.147003445112204645e-06
9.620681140631859307e-08
5.366773052628559526e-07
5.764408269897103310e-04
1.979479293368058279e-06
5.953674531156138983e-07
3.682199860577384243e-07
5.090102786198258400e-05
2.723736997722880915e-06
7.029893822618760169e-06
9.020056523922903580e-08
1.570344579704396892e-06
1.250711557077011093e-05
9.324462553195189685e-06
4.392047878354787827e-03
5.492861419043038040e-06
1.912449079100042582e-05
4.669985173677559942e-06
2.529764060454908758e-05
1.638512571844330523e-06
1.742936437949538231e-04
4.689215984399197623e-06
1.345329656032845378e-05
5.067771326139336452e-06
1.378970068799389992e-06
2.044585869498405373e-07
3.351518671479425393e-06
5.144703436599229462e-07
1.147816965385572985e-05
1.556037022965028882e-05
7.805058703524991870e-05
9.493769903201609850e-05
6.220842624315991998e-05
9.389317710883915424e-06
5.649157628795364872e-06
9.218219020112883300e-06
1.326985056948615238e-06
2.612249772937502712e-06
6.197989819156646263e-07
8.947429108729920699e-08
3.713552359840832651e-06
2.067461934984748950e-07
6.140963705547619611e-06
1.909012325995718129e-07
2.431467862606950803e-07
1.216211671817291062e-06
4.367466388544016809e-08
3.688301148940809071e-07
1.833851257515561883e-07
2.240672756670392118e-06
4.443188117875251919e-06
3.026866352229262702e-06
2.030860377999488264e-05
1.909365607843938051e-07
7.259993850539103732e-08
3.183172907483822200e-07
9.764148294925689697e-02
3.636039764387533069e-05
1.214033691212534904e-04
6.385619053617119789e-05
9.045991464518010616e-05
7.051941793179139495e-05
9.840756320045329630e-06
4.371830073068849742e-06
1.238164895767113194e-05
2.006031991186318919e-06
1.499956008046865463e-03
5.492358468472957611e-06
7.224941782624227926e-06
7.561351367257884704e-07
1.776584031176753342e-05
2.206447788921650499e-06
5.467580049298703671e-04
1.914949643833097070e-05
2.907299403887009248e-06
1.618601163499988616e-05
7.565325859104632400e-07
1.095964535124949180e-06
8.311492365464800969e-07
2.678049781934532803e-07
1.133056244384533784e-07
1.947510099853388965e-06
5.310874371389218140e-07
5.334910611054510809e-07
2.816249889292521402e-06
1.108047911202447722e-07
1.817128918446542230e-06
1.516203974460950121e-05
2.738657371992303524e-07
2.043059765810539830e-07
1.367359573123394512e-06
3.830397474757774035e-07
7.797056156277903938e-08
1.374133717035874724e-06
1.512475864728912711e-04
1.073978273780085146e-05
3.310499340295791626e-02
9.981042705476284027e-03
7.544421125203371048e-03
3.825885476544499397e-03
6.275325176829937845e-06
3.069623346618755022e-07
1.106479203372146003e-06
7.106220891728298739e-07
3.422274232889321866e-07
1.189651470667740796e-06
2.516137101338244975e-06
2.139829575753537938e-06
5.991249736325698905e-07
6.179481033541378565e-07
6.563535634995787404e-07
4.213248416817805264e-07
1.318692966378876008e-06
1.009321113087935373e-05
8.888986826605105307e-07
3.645758397397003137e-07
4.148699304096226115e-07
3.411510931528027868e-07
7.626879323652246967e-07
3.052272461445681984e-07
4.501795046962797642e-05
1.275437284675717819e-06
1.659410145293804817e-06
2.762962765245902119e-07
1.312647555096191354e-06
6.246023644962406252e-07
3.733832954821991734e-06
2.340915671084076166e-06
1.648718921387626324e-07
1.058129726061451947e-07
7.016146810201462358e-07
6.559420739904453512e-08
9.782908819033764303e-06
8.921608127820945811e-07
1.381820084134233184e-06
3.207291854323557345e-07
3.955369436425826279e-07
9.685228405942325480e-07
1.268907681151176803e-06
6.296324045251822099e-06
1.995055754377972335e-06
1.520849650660238694e-07
1.959808969331788830e-06
7.840348814625031082e-08
3.860923698084661737e-06
1.296433964625975932e-07
2.185566785328774131e-07
9.465978223488491494e-07
8.602652883382688742e-07
7.036611577859730460e-07
2.318160881031872123e-07
1.647993599362962414e-06
4.509516315920336638e-07
3.262285304117540363e-07
3.903937795257661492e-07
1.194993092212826014e-05
1.718199655442731455e-06
9.143378520093392581e-06
1.294165485887788236e-06
7.876584277255460620e-06
1.592031253494496923e-06
2.779429223664919846e-06
3.093555733357788995e-06
4.903691319668723736e-07
9.803891316551016644e-07
5.261244382381846663e-07
2.126183034079076606e-07
6.747507086402038112e-08
3.134747572630658397e-08
4.237031703269167338e-08
1.344209522358141840e-06
1.047710270540846977e-06
1.842732672230340540e-05
7.471599019481800497e-07
1.739902018016437069e-07
7.771419632263132371e-07
5.175814976610126905e-07
5.397019435804395471e-07
1.123986180573410820e-06
3.976458913257374661e-07
9.058697969521745108e-07
1.683060304458194878e-06
1.932371844759472879e-07
2.861984569335618289e-07
5.498256996361305937e-07
1.168285962194204330e-06
1.204799104925768916e-06
5.478377715917304158e-07
1.072174541150161531e-06
4.307204562792321667e-06
2.764379814834683202e-06
2.403344296908471733e-07
1.195854224533832166e-06
2.821388420670700725e-07
2.850325017789145932e-06
6.166829393805528525e-07
4.646216495984845096e-07
1.379436980641912669e-06
4.937402877658314537e-07
7.674728976780897938e-07
5.296403833199292421e-05
4.779820983458193950e-07
2.616748133732471615e-06
9.636581808081245981e-07
3.496051590445858892e-07
7.004747430983115919e-07
1.403843043590313755e-06
3.374064135641674511e-06
4.576662036015477497e-07
7.694318355788709596e-07
1.280989863516879268e-06
2.688290692276495975e-07
4.610226653767313110e-07
1.494897787779336795e-06
5.137356765771983191e-06
2.475491555742337368e-06
2.190250143030425534e-06
9.549378319206880406e-07
7.841073966119438410e-06
1.485456414229702204e-05
1.163267484116659034e-06
1.178268485091393813e-05
1.263423314412648324e-06
2.591685017705458449e-07
1.135707293542509433e-06
2.768468903013854288e-06
8.122008239297429100e-07
3.175550489231682150e-07
6.683830520159972366e-07
1.442203256374341436e-06
5.692405920854071155e-06
1.374113617202965543e-05
2.076699274766724557e-06
7.806521352904383093e-06
1.641265953367110342e-05
1.385037990075943526e-06
5.799756763735786080e-07
1.410209515597671270e-04
9.931198292179033160e-06
4.945542241330258548e-05
4.566547886497573927e-07
5.924793526901339646e-07
5.076974630355834961e-04
9.716762178868521005e-06
2.915295681304996833e-06
1.315845147473737597e-04
1.221013690155814402e-06
1.353242737422988284e-06
3.496990302664926276e-06
4.641296413865347859e-07
4.087074103154009208e-06
3.044478091851487989e-07
2.769837010418996215e-06
4.277794118934252765e-07
3.078359895880566910e-07
6.108449497332912870e-07
7.900704076746478677e-06
6.490914529422298074e-06
2.776741325760667678e-07
1.780821185093373060e-05
1.674438499321695417e-05
4.457780050870496780e-06
3.276090865256264806e-07
6.213493179529905319e-06
4.661526418203720823e-06
6.810049626437830739e-07
2.296908405696740374e-06
1.693036756478250027e-04
7.110301521606743336e-05
1.718189878374687396e-06
1.085355734176118858e-07
4.134567461733240634e-07
2.756631829470279627e-06
6.494960302916297223e-07
1.726450875594309764e-07
5.737224455515388399e-07
8.488275925628840923e-04
4.514413376455195248e-05
1.140996464528143406e-04
6.083561174818896689e-07
6.801070412620902061e-06
2.051888486676034518e-06
2.232245833511115052e-06
1.665565832809079438e-05
9.879491926767514087e-07
2.349152509850682691e-06
1.073767361958744004e-05
2.892866177717223763e-07
7.031717075278720586e-08
5.207820140640251338e-05
2.158204551960807294e-06
2.134321164248831337e-07
6.372969778567494359e-07
2.598930905151064508e-06
1.670163214839703869e-06
1.210411141983058769e-06
7.414288347717956640e-07
4.706381514552049339e-05
6.140793630038388073e-06
3.196851321263238788e-05
5.256399617792339996e-07
7.953209433253505267e-07
1.381893343932460994e-05
2.019746534642763436e-05
2.258174572489224374e-05
1.800086010916857049e-06
1.623570597075740807e-06
1.688712529812619323e-07
5.750145533056638669e-07
3.666244083433412015e-06
1.505665636614139657e-06
1.080986749002477154e-06
1.492748651799047366e-05
3.062297764699906111e-06
1.231055080097576138e-06
1.958460700279829325e-07
1.182536720989446621e-06
1.417771045453264378e-06
1.292783849748957437e-06
4.807662890016217716e-07
5.772387225988495629e-07
9.765883532963925973e-07
4.072051069670123979e-07
3.727116336449398659e-06
9.905738806992303580e-07
6.833242309767229017e-07
1.266453523385280278e-06
6.209683078850503080e-08
3.067215175178716891e-07
1.308236164732079487e-06
5.357328518584836274e-07
3.889177833116264082e-07
2.774053427856415510e-06
8.669057365295884665e-07
7.957503953548439313e-07
1.144536099673132412e-06
2.025662979576736689e-07
3.777635697588266339e-07
1.626309007406234741e-03
4.201205738354474306e-04
4.376961442176252604e-04
2.570875512901693583e-04
4.676614844356663525e-05
1.745769288390874863e-03
2.711634850129485130e-03
2.001840993762016296e-02
1.669704914093017578e-02
2.545048801039229147e-06
3.514955169521272182e-04
5.883773042114626151e-07
8.393981261178851128e-06
1.629383586987387389e-05
7.535461008956190199e-06
3.478110738797113299e-05
2.437308830849360675e-05
4.178997983217414003e-07
2.705360202526208013e-07
1.977343345060944557e-06
8.266466466011479497e-05
1.703369093775108922e-06
1.054233689501415938e-05
8.065326255746185780e-06
3.777183565034647472e-06
1.597479013071279041e-06
6.038777655703597702e-08
2.977290023409295827e-05
5.422051253844983876e-05
3.466343514446634799e-06
3.121609324807650410e-06
2.316290419912547804e-06
3.124727754766354337e-06
1.304264628743112553e-06
4.969696760781516787e-07
2.298787507015731535e-07
1.385219820804195479e-05
7.790541758367908187e-07
2.239762807221268304e-06
1.753199853737896774e-06
1.899220251289079897e-06
8.024788940019789152e-07
1.089649003915837966e-06
6.840449714218266308e-06
7.901683602540288121e-06
3.971291789639508352e-06
6.432142981793731451e-05
7.389884899566823151e-07
3.341531191836111248e-05
8.812258784018922597e-06
1.259309101442340761e-06
4.114065632165875286e-06
4.404291303217178211e-06
4.840471774514298886e-06
1.862244289441150613e-06
2.998218349148373818e-07
1.100934241549111903e-06
2.301672211615368724e-04
4.807133336726110429e-06
8.689311243870179169e-07
6.398538971552625299e-06
1.255257643606455531e-06
4.864125457970658317e-07
6.641173968091607094e-06
2.358834535698406398e-06
1.775382827418070519e-07
1.488040908270704676e-07
1.342296218354022130e-05
3.937002020393265411e-06
5.864737318006518763e-07
3.925213968614116311e-05
1.153052471636328846e-05
1.010580490401480347e-06
1.313105349254328758e-05
1.908986996568273753e-05
2.229260871899896301e-06
3.092933184234425426e-06
1.489721512371033896e-06
3.002095354531775229e-07
2.098129243677249178e-06
3.322077191114658490e-06
5.950265858700731769e-06
2.989602990055573173e-06
1.178091451947693713e-06
3.243807498165551806e-07
7.945848210511030629e-07
7.194585577963152900e-06
1.337401613454858307e-06
1.113783625328323978e-07
3.591648237488698214e-06
9.766553148438106291e-07
2.566197872511111200e-05
3.221827228117035702e-06
9.171967008114734199e-07
1.576489125909574796e-06
2.539330853323917836e-05
8.769882242631865665e-07
6.546138706653437112e-07
1.900731263049237896e-06
1.805266765586566180e-05
5.540643542190082371e-06
2.159819132430129685e-06
1.201491159008583054e-06
1.383987728331703693e-05
5.111194241180783138e-07
1.139607138611609116e-05
9.879972822091076523e-07
1.481679419157444499e-06
3.069990953008527867e-06
1.251677986147115007e-05
1.113923917728243396e-05
1.466364096813776996e-06
1.909134516608901322e-05
2.169041636079782620e-06
4.165451628068694845e-06
3.081836212004418485e-06
2.087841721731820144e-06
1.496291247349290643e-06
7.508288035751320422e-06
2.052561740129021928e-06
2.508141108137351694e-07
4.572057605400914326e-06
6.033490649315353949e-07
8.323882525473891292e-07
8.551096470910124481e-07
1.559380052640335634e-06
2.015972859226167202e-05
2.202206633228342980e-05
2.064445652649737895e-05
4.575735147227533162e-06
4.581538178172195330e-06
1.350009279121877626e-05
3.849472989259083988e-07
1.092206161956710275e-06
2.647536530275829136e-05
3.442605418513267068e-07
3.669814395834691823e-05
5.818751105834962800e-06
1.205417993332957849e-05
1.703328393887204584e-06
1.262218802366987802e-06
5.053466338722500950e-06
1.782600094202280161e-07
5.292889113661658484e-07
1.081397655866567220e-07
2.332802614546380937e-05
2.713605624649062520e-07
2.898183538491139188e-06
6.936201771168271080e-06
4.226353667036164552e-06
1.206534193443076219e-06
1.051475992426276207e-04
4.411635018186643720e-06
5.959261670795967802e-06
5.506421985046472400e-07
1.093421360565116629e-06
1.428720424883067608e-04
9.973605301638599485e-06
6.240176162464194931e-07
3.679932092381932307e-07
1.538252690806984901e-04
6.716929874528432265e-07
2.312251353941974230e-06
6.567157925019273534e-06
8.266595614259131253e-06
2.495757871656678617e-05
1.876776764220267069e-06
2.248907367174979299e-05
2.021020482061430812e-04
2.258832637380692177e-06
8.908369864002452232e-07
1.144926820018099534e-08
5.892016474717820529e-07
2.272062192787416279e-05
1.054580138770688791e-06
1.229428903570806142e-06
6.803733754168206360e-07
9.778105777513701469e-06
1.329543806605215650e-06
4.741437805932946503e-06
2.186050380714732455e-07
5.215342753217555583e-06
8.197912393370643258e-07
9.788661827769828960e-07
7.343015795413521118e-08
5.008228072256315500e-06
7.799142736075737048e-07
9.620701348467264324e-06
2.329038125026272610e-06
7.720025678281672299e-06
3.596179340092930943e-06
8.378505299333482981e-06
1.443504970666253939e-06
2.803848815347009804e-07
8.153995622706133872e-06
7.505865369239472784e-07
1.163529304903931916e-06
5.573668317992996890e-07
9.796754966373555362e-06
2.142023367923684418e-05
1.384618030897399876e-06
1.816356302697386127e-06
9.353496352559886873e-06
2.674808285973995226e-07
3.424455030653916765e-07
3.748997642105678096e-06
7.788930247443204280e-07
4.652213647204916924e-06
1.060958425114222337e-06
1.972910467884503305e-05
2.488347490725573152e-05
6.534993008244782686e-05
3.769899649341823533e-06
1.824124410632066429e-06
2.868982846848666668e-07
2.841476089088246226e-05
1.812571781556471251e-06
4.925587290927069262e-06
4.671310875892231707e-07
3.502166919133742340e-06
4.693376013165106997e-06
2.886786751332692802e-05
2.189460701629286632e-06
3.567611628341182950e-08
7.945416768961877096e-07
1.001369582809275016e-06
3.552168436726788059e-06
5.861718091182410717e-05
1.426899143552873284e-05
2.909876229750807397e-06
1.272081021852500271e-06
1.947540840774308890e-05
2.409919943602290004e-07
1.810365802157321014e-06
1.809814239095430821e-05
2.294607348574118078e-08
2.033937334999791346e-06
7.362334599747555330e-06
6.350746275529672857e-07
1.796792093955446035e-05
5.488774377226945944e-07
2.487080621449422324e-07
2.608401473480626009e-06
1.578419954739729292e-07
1.628793825148022734e-06
2.260828068756381981e-06
8.986128250398905948e-07
1.731634370116807986e-06
1.800766767701134086e-05
5.832457190990680829e-06
8.648731636640150100e-06
8.692411483934847638e-07
1.307681145590322558e-06
7.447137704730266705e-06
4.597610313794575632e-06
4.335142875788733363e-05
7.457866217919217888e-07
5.655313998431665823e-06
1.280557398786186241e-06
6.620214207941899076e-07
2.430328095215372741e-06
1.516160591563675553e-05
1.401486770191695541e-05
2.033458031291957013e-06
1.756865231072879396e-06
2.557721927587408572e-07
1.297462517868552823e-06
1.555586550239240751e-06
5.428805707197170705e-06
3.455028127063997090e-05
6.262494935072027147e-06
2.202202449552714825e-05
2.590236931609979365e-07
3.397912587388418615e-05
1.155611357717134524e-06
3.781936175073496997e-05
2.987583513913705247e-07
1.291434000449953601e-05
2.421035787847358733e-06
9.967367986973840743e-06
5.344244709704071283e-05
3.662768506274005631e-07
1.813190692701027729e-06
2.127700281562283635e-05
6.564916475326754153e-06
1.270865413971478119e-05
1.395578919982654043e-06
3.826668034889735281e-06
3.780596443903050385e-06
2.991636392835061997e-06
1.849508294071711134e-06
8.653615623188670725e-06
6.902916993567487225e-06
4.587427611113525927e-06
2.289925942022819072e-05
5.976275474495196249e-07
6.500977747236902360e-07
6.322380272649752442e-07
2.851023509720107540e-06
5.688330475095426664e-06
3.153063744321116246e-06
9.702395118438289501e-07
4.488740887609310448e-05
1.918017233037971891e-06
7.159090728237060830e-06
1.139725136454217136e-04
2.409121407254133373e-06
1.685532538431289140e-06
3.872654360748128965e-06
4.161508968536509201e-06
8.278910172521136701e-06
1.639892252569552511e-05
1.921042421599850059e-04
2.411269406366045587e-07
8.239787348429672420e-06
1.570658423588611186e-05
1.065379251485865097e-06
3.901178843079833314e-06
5.304373189574107528e-06
7.919468885120295454e-07
4.090969923709053546e-06
3.662696826722822152e-06
3.263877033532480709e-06
3.817742981482297182e-05
8.090057690424146131e-07
7.004477083683013916e-06
3.012338311236817390e-06
1.015314410324208438e-05
1.336095010628923774e-06
7.308911881409585476e-05
4.700866156781557947e-06
3.926402314391452819e-06
1.308961259383067954e-06
4.671856004279106855e-06
2.348166617593960837e-06
7.531359005952253938e-05
7.912482033134438097e-06
6.931268359267050982e-08
1.618419082660693675e-05
1.331924067926593125e-05
1.357791802547581028e-06
2.256585673876543297e-07
1.316483303526183590e-05
5.576890202974027488e-07
1.851296110544353724e-04
6.439968274207785726e-07
4.307040398998651654e-06
8.081098349066451192e-05
4.053984412166755646e-06
4.571955116716708289e-07
9.174013939627911896e-07
4.632569471141323447e-06
3.398692115297308192e-06
4.683302449848270044e-06
4.348954917077207938e-06
2.232618498965166509e-06
6.060358646209351718e-05
1.096726805371872615e-06
2.073556743198423646e-06
4.219235449909319868e-07
1.265178161702351645e-05
8.899450222088489681e-06
6.565304033756547142e-08
3.408085149203543551e-06
1.527459744465886615e-06
2.863353529392043129e-06
2.191748353652656078e-04
2.602908352855592966e-05
1.454098850217633299e-07
1.505952241132035851e-05
1.078999957826454192e-06
5.217999387241434306e-06
2.122887508448911831e-06
1.121938026926727616e-07
2.722913450270425528e-06
8.996139513328671455e-06
3.142261846278415760e-07
1.618270744074834511e-07
1.512855078544816934e-06
1.731143157712722314e-07
5.125039479025872424e-06
7.628166827089444268e-07
5.201246494834776968e-06
1.790241185517515987e-05
2.679428234841907397e-06
2.270276354465750046e-06
1.418589999957475811e-05
1.201562736241612583e-05
1.856185008364263922e-05
5.336290200830262620e-07
5.556971132136823144e-07
1.610583422007039189e-05
2.804113421461806865e-07
1.045711469487287104e-04
2.110655259457416832e-05
1.858825271483510733e-06
6.440091624426713679e-07
4.832344984606606886e-06
5.227163455856498331e-06
8.062987433277157834e-08
6.217627515070489608e-07
1.690041671054132166e-07
6.403774023056030273e-05
2.696630690479651093e-05
3.747824848687741905e-06
4.598136456479551271e-06
5.085502925794571638e-05
7.164800990722142160e-06
1.202088242280296981e-06
2.023014218366370187e-07
5.314796567290613893e-07
2.365136424486991018e-07
3.804449806921184063e-04
4.035100118926493451e-06
1.732596683723386377e-05
9.871580459730466828e-07
4.605138315127987880e-07
3.355220599132735515e-07
1.066312870534602553e-05
3.131651965304627083e-06
2.263005569602682954e-07
1.266620188289380167e-06
6.806286819482920691e-06
1.922695446410216391e-05
5.185263944440521300e-06
2.212744220742024481e-06
9.692819730844348669e-05
6.610842007148676203e-08
1.824372333203427843e-07
1.679910201346501708e-05
7.641349657205864787e-05
5.404694434218981769e-07
3.035994632227811962e-05
3.578847085350389534e-08
6.567987611560965888e-07
8.841666385706048459e-07
5.129022042638098355e-07
5.435540515463799238e-06
1.316225279879290611e-06
4.722531230072490871e-05
1.418761030436144210e-06
1.694332013357779942e-06
3.679856263261171989e-06
2.624088847369421273e-05
2.205533906817436218e-03
2.909067734435666353e-05
3.243252649554051459e-06
1.690274075372144580e-05
2.588132247183239087e-06
1.110352840782979911e-07
9.427549957763403654e-05
1.322343791798630264e-06
6.948506779735907912e-05
1.993265505007002503e-05
3.550388498751999578e-07
5.001009412808343768e-05
1.135938600782537833e-05
1.461715510231442750e-05
5.899187726754462346e-06
1.099718019759166054e-06
1.341602001048158854e-06
1.278433683182811365e-05
4.110722147743217647e-05
1.039693233906291425e-05
3.347755637150839902e-06
2.563184534665197134e-05
4.847563104704022408e-06
1.820142472297447966e-07
9.162949027086142451e-06
2.112325546477222815e-06
1.369605070067336783e-05
9.107597520596755203e-07
6.721374575135996565e-06
7.703771188971586525e-06
1.570942913531325758e-05
4.933355626235425007e-07
9.061528061238277587e-08
3.045041410132398596e-07
1.518667659183847718e-06
1.410075583407888189e-06
1.357600922347046435e-05
2.764880719041684642e-06
7.327046660066116601e-06
5.860083547304384410e-06
2.777372628770535812e-06
7.617828714501229115e-07
9.997608003686764278e-07
2.393449722148943692e-05
6.262763690756401047e-06
3.244960453230305575e-06
5.104898264107760042e-06
7.208822808024706319e-06
5.885516657144762576e-06
2.192764441133476794e-06
1.786478037502092775e-06
1.202959765578270890e-06
2.215080348832998425e-05
1.307968523178715259e-05
1.390512011312239338e-06
1.146141812569112517e-06
2.892426437028916553e-06
3.259199047533911653e-06
9.931637805493664928e-07
6.016009592713089660e-06
6.526391302941192407e-07
3.132043275400064886e-06
5.137623884365893900e-05
1.864842602117278147e-06
3.695846680784597993e-05
4.158862793701700866e-06
3.197803607690730132e-06
5.962461727904155850e-06
6.184864105307497084e-07
5.644930297421524301e-06
2.410936986052547581e-06
1.706626972008962184e-05
1.265517312276642770e-05
1.957319000212009996e-06
7.881633791839703918e-06
4.367931687738746405e-04
8.669334050637189648e-08
3.396310603420715779e-06
2.963367364827718120e-07
5.054261691839201376e-06
1.957097090780735016e-02
3.102982759628503118e-07
5.098055407870560884e-05
1.174888802779605612e-05
1.089497345674317330e-06
1.395550953020574525e-06
2.122006117133423686e-05
6.689933070447295904e-05
3.805866435868665576e-05
1.313089086352192680e-07
3.095155065580001974e-08
2.944442201169295004e-07
1.450186744023085339e-07
1.822760786751587148e-08
6.987074243625102099e-07
4.480708923892962048e-07
8.762178367760498077e-06
2.303365249645139556e-07
8.953856678317606566e-08
1.256683503925160039e-07
1.123467541219724808e-08
5.683149311153101735e-07
4.819715115900180535e-08
1.471027530897117686e-07
1.665032868913840503e-06
4.700692954884289065e-07
1.093424017994948372e-07
1.761622314688793267e-07
2.994461922867230896e-08
1.219913059458122007e-07
1.363924440056507592e-07
6.709765898449404631e-07
1.243746623913466465e-06
1.053693381436460186e-06
5.984779818390961736e-07
6.413586106646107510e-06
4.196336249151499942e-06
1.186366944239125587e-06
2.726595539570553228e-06
1.471896894145174883e-06
2.257525466120569035e-06
4.960376372764585540e-06
9.083296248491024016e-08
2.399526124463591259e-07
1.363509113616601098e-06
8.986193279270082712e-06
3.399909758172725560e-07
2.948179371742298827e-07
2.486186474470741814e-07
9.252895694089602330e-08
7.443445326771325199e-08
2.074683180808278848e-07
2.758681603154400364e-07
1.019901810650480911e-05
1.849421664701367263e-06
7.623952114954590797e-06
3.407164115287741879e-07
2.335083991056308150e-05
1.798094162950292230e-04
2.762661551969358698e-06
5.854402552358806133e-04
1.297627841267967597e-05
1.027773578243795782e-05
1.830754808906931430e-05
2.698977004911284894e-05
8.148094821081031114e-06
3.504823098410270177e-06
5.593333480646833777e-05
1.955708739842521027e-06
5.914324447076069191e-06
1.215716227889060974e-01
4.926404471916612238e-06
1.544699625810608268e-05
6.811552793806185946e-06
4.323058249156019883e-07
1.001234977593412623e-06
2.835080977092729881e-06
2.873988762530643726e-07
1.949914008037012536e-07
1.055463599186623469e-06
1.246933720722154249e-07
4.059585023696854478e-07
1.394585069647291675e-06
9.153594504596185288e-08
8.142210390360560268e-07
4.117197477171430364e-06
8.465380960842594504e-05
