4.910562438453780487e-06
2.292738599862786941e-06
9.556020813761278987e-06
1.555156050017103553e-04
3.483360706013627350e-05
1.050086319446563721e-01
3.102790117263793945e-01
3.154135015392967034e-07
5.428377107818960212e-07
1.577815988973441108e-09
2.784953379020294051e-09
1.074904698583623031e-08
1.646604275151730690e-08
7.341546481853811201e-09
9.512143961387664604e-09
1.533662619124243065e-08
1.575591213054394757e-08
1.185712772411307014e-08
7.332492391043388125e-09
1.145832539961588736e-09
2.566046397589616390e-08
2.936340024461969733e-07
1.057347986943568685e-08
7.627188658432260127e-09
3.226768967579118907e-07
6.622807163791932794e-11
8.130056627919657330e-09
4.465006975262753031e-10
1.058669263365175084e-09
9.064718753393208317e-09
3.699053952033182213e-09
1.922501186024661024e-10
8.115101368666444159e-10
1.147553939517820254e-05
7.288521737791597843e-05
7.695591719425465271e-09
1.529832388769136742e-06
5.956020121544725043e-10
8.178561716754018107e-10
1.703129726138286060e-08
2.082514161116932883e-09
7.911392430060004699e-08
2.379308527977741505e-09
1.160956344392616302e-06
1.359617529672618730e-09
3.452154784255867526e-09
2.798803855341702729e-09
2.662352560633962639e-09
7.763097720214773290e-09
2.344039984336632187e-08
1.935627480520452082e-08
1.054407761102993391e-08
4.182366675209436835e-10
1.888800921223676710e-10
2.944996069231820002e-08
7.428269999110170829e-09
1.253537385004221960e-09
1.428114848600614550e-10
1.082921627926225483e-07
1.248524750252499871e-08
8.927774075573324808e-09
6.191226420426687582e-10
4.713660572974731622e-09
1.778308273969742004e-06
5.533036806504298966e-10
4.575270850182278082e-06
4.961270505532411335e-09
4.087893135107378839e-09
1.065278754097676028e-09
3.516850313189934241e-07
6.798613061409497504e-11
6.180658207455280717e-09
1.177687669606797272e-10
2.274820332104354748e-10
1.995329040882509730e-10
2.229132434194980306e-10
8.386195737841717346e-09
1.355921930290548971e-09
1.415067368837341633e-10
2.074612009961285253e-10
1.440724304302420933e-07
1.265926563576158514e-08
4.665919732360634953e-06
1.893580588330223691e-06
5.026803862051565375e-09
3.487904507437633583e-07
1.070612327680464659e-07
3.046527696781708983e-09
7.036621951783672557e-09
2.487564598752101119e-10
1.106057245792158028e-09
1.439172478967520874e-07
2.737438331568142758e-10
3.408241466829053934e-09
1.179370840986848634e-07
1.268398386322644456e-09
1.102970936806002555e-09
1.654118086946709809e-08
4.563376343469371932e-09
1.058366905226648669e-08
2.232069418184323695e-09
2.813895605413563317e-07
1.059211669485193852e-07
1.317144722179364180e-07
3.348046145879024493e-11
1.324605536368039793e-09
9.991079075177822233e-10
1.137403160100802779e-06
8.748111213208176196e-07
3.810746784438379109e-05
1.804290332074742764e-05
1.235725410886345799e-10
9.591922207619063556e-06
7.204033067864656914e-07
1.522876829085362260e-07
2.776115195501915878e-07
1.784075109867444553e-08
2.778748421405907720e-05
1.229112598366555176e-07
4.903883876750114723e-08
1.288271933574947070e-09
8.675294793647481129e-08
1.406436744844086206e-08
4.505573087953962386e-07
2.708736133172351401e-07
4.911890414405206684e-07
5.827072868669347372e-08
2.098738682843048764e-10
3.052198271902284432e-09
2.396218778955017115e-09
3.281162286317140797e-10
4.186263780070476059e-09
7.628222498112791072e-09
1.991871698692193604e-07
1.116057579686469126e-09
1.860233425077240099e-07
8.072986723561825784e-10
8.155496722395128018e-09
3.592594453039055225e-07
6.287140252858591793e-10
1.146530514972710080e-08
3.174102118919108761e-07
7.458301354290597374e-08
2.775597529591777857e-10
1.137829386266275833e-08
1.648217789806949440e-06
1.032033907222285052e-07
1.764828448358457536e-05
1.615782707631296944e-07
9.457791747990995646e-05
1.528325628896709532e-05
1.639095636996046323e-09
7.492040876577732433e-10
1.068288479899592858e-08
5.437822192533303678e-09
7.932257628517902504e-10
4.794147301367956970e-10
3.270461235160837532e-09
7.925090028670922493e-10
2.145966515598729529e-09
7.936979962153145607e-10
4.958467525462140202e-10
1.135827543130574213e-09
6.343948699694124116e-10
8.988979338653280138e-09
2.728175740873695077e-10
3.735040721153382037e-09
1.007476213565894341e-09
3.632601719427697162e-10
8.330231643371988071e-11
5.095744312622052519e-11
7.551655301085702376e-09
9.100811770856864769e-11
1.381528225152806044e-10
2.180725378053693930e-09
1.468961202677476763e-10
2.737605142577592687e-10
3.022489203363676324e-10
3.375274726380439461e-09
1.827856310754327751e-09
1.528221993396527978e-09
4.162685751651906685e-10
1.924453096879830127e-10
3.950495752746974176e-08
3.797600012234170208e-10
2.365083462407824300e-09
5.871125807743737823e-09
2.251643455020158058e-10
7.289983616765027818e-10
1.957691508902570376e-10
1.773542979144338005e-09
2.279703537055866036e-09
1.915032799004734443e-09
5.224716659313344280e-09
1.400612958946112485e-10
2.612227323339766372e-09
6.655862527793487970e-10
5.790880552858368446e-10
1.760818824081411549e-09
3.753122701510847037e-09
2.956282441068935896e-10
1.742038291396852401e-09
6.881617498066816552e-10
6.644569616742757034e-11
4.255512608963840648e-10
3.615233667986217370e-09
1.307905561631628188e-09
4.355201088657167929e-09
2.970986567873978856e-09
2.747587712903509782e-09
5.413133763454425207e-08
1.575080332827383245e-08
6.479015546290156635e-09
4.755631999309173352e-10
2.843386914808121446e-10
1.835693042018249344e-09
5.097875455106759546e-10
3.441791296410201539e-10
9.336875717025350241e-11
2.349463734674372972e-09
3.607475707045892932e-10
2.662460474311956204e-08
1.095550872243222784e-09
1.445049768733497331e-08
7.907986265820454719e-09
6.835846999564409998e-09
2.745710603324624799e-10
2.829143308513693000e-10
9.563367875387029926e-10
2.956643541107695228e-10
1.617572742418360576e-09
2.761979311927120762e-09
6.331002389003970166e-10
1.180663899980061160e-09
2.612390581635537501e-10
1.621412226704421755e-09
2.884843752770649417e-10
8.940419071734595491e-09
9.643357223865223204e-10
2.132412246780290843e-09
6.542968389311454303e-10
3.014417326863139124e-10
1.384053094355408575e-09
1.470554233939935784e-09
2.991638048399636318e-10
5.544752990083168243e-10
9.308590009915462815e-10
1.035001639948518459e-09
3.907006940195856259e-10
2.351040750969701776e-10
8.072124080271692037e-10
9.925575028546518297e-09
4.781018247967949719e-09
8.822916841566552648e-10
1.435730201393425887e-09
1.422916895421622030e-09
1.223685064388746468e-08
1.591504705800161901e-09
6.680882957965650348e-09
3.500898015929010398e-09
5.736795039013031783e-09
1.023627138607707820e-08
5.176042372490030630e-10
6.941771046875544471e-10
2.112506003459913018e-10
8.905661208480353253e-10
2.629121365060882454e-10
1.004040406371586869e-09
6.574605859732685076e-10
4.529807196007595849e-09
1.103979130334664660e-09
9.505337628112897619e-10
2.582769553782782168e-09
1.651403014335528496e-09
9.742971984749715375e-10
2.623140593627226735e-10
2.583157299174132504e-10
2.721602498922948143e-09
5.250487822294758189e-10
7.285813619084535731e-10
6.078246794771757777e-09
9.624913310801730404e-09
1.418173400935529571e-08
6.493081627922947519e-09
1.010542494128685576e-08
1.336179056288244738e-09
1.338107935566767992e-08
2.247577013392287881e-09
1.671711743256310001e-06
1.239546154607751305e-08
2.633295821397041436e-07
4.381037310707824872e-09
2.092779727291826930e-09
2.229153039934317349e-07
2.883976151224487694e-07
2.862866388397833362e-08
1.237804383436014177e-07
8.881543500649513589e-09
2.985568459124010587e-09
3.608502607832519971e-09
4.713889348306743443e-11
5.604508523937568043e-10
2.678446076043172752e-10
2.042093577570014418e-10
5.284418680417957148e-09
3.581635266147742414e-10
1.053824671970460258e-08
2.109133090399950561e-09
7.890659681208944676e-09
5.236719058387961923e-09
6.234910365776613617e-09
7.218932673858091675e-10
3.968039785640087302e-11
4.398977015984684158e-11
2.950706790016965897e-09
8.128749340308161209e-10
2.095010970259991723e-10
4.743097470338852872e-09
2.203865312466746218e-09
1.182207443051197515e-09
1.703339136405190857e-10
2.459146497546527144e-10
5.096956812167263706e-08
1.738579502585935188e-09
2.099276308342723496e-09
1.559362305947331606e-09
5.516577195052718707e-10
1.234039700648281723e-05
3.993673817603848875e-05
1.290854015678633004e-06
2.805511600811883000e-09
4.318488622256921872e-10
4.454302526823994413e-08
4.158910105189761452e-09
3.673485844046808779e-05
1.079690203908967305e-08
5.727100571562004916e-08
4.167704901192337275e-07
5.447756468157649579e-09
7.465722484667480785e-10
4.598836156333163672e-08
2.828849154923318565e-08
1.976433772199470695e-08
1.178967035109224071e-09
7.356393894042412285e-08
3.124460024039876771e-09
4.190793490010946698e-09
1.130627680367979337e-08
1.211801659017908150e-09
4.558728394776778714e-10
3.071556342604253587e-10
5.934395752582588557e-10
1.410343924979073904e-10
1.416383232921702984e-09
1.838499685824501739e-09
1.458247744778873312e-09
7.318380124132772835e-09
1.247191949715897863e-08
9.233172559852675931e-10
3.713160889873279302e-10
2.505228735572018195e-07
9.333787076570843055e-09
7.733495621664587816e-09
1.693663307378301397e-07
4.169155687350212247e-09
3.807199178140763252e-08
5.087572141349028243e-09
3.770083356613440628e-09
1.320405784710487751e-09
2.922885933287489024e-08
4.712134682449686807e-08
1.619647305162175144e-09
8.433016951414629148e-09
1.739451804816383174e-09
1.134916427503185332e-08
1.852019160253348673e-08
1.366848634276607299e-09
2.147191757728705852e-08
2.298559675928402157e-10
1.345827715937275570e-08
2.169374679894531255e-09
4.197593383992170857e-09
1.068693578076818085e-09
3.125453507113462592e-10
6.662288498660018377e-10
2.366822293708992220e-08
9.794686661734886002e-08
2.398857334995341262e-09
2.937803600389088388e-08
2.822327041940297931e-05
3.314729547128081322e-03
5.839993900735862553e-05
7.756753475405275822e-04
3.635620714703691192e-06
9.839190170168876648e-05
1.222701830556616187e-04
8.094196673482656479e-04
5.755504965782165527e-01
5.167935857031125124e-09
4.226136329776863931e-09
8.270203966098677029e-10
3.047422758584161784e-09
1.277973504798524118e-09
1.601751370428061705e-10
9.446075033281431388e-10
1.077410960448332844e-08
4.952308341188427221e-09
2.974619439655157294e-10
7.270959945238075761e-10
1.801909554899339128e-08
6.198531909973326037e-09
3.727212760651354984e-09
2.684171285238790006e-08
9.192428152005049924e-09
1.759074130802673608e-08
4.425960986598198588e-10
1.005473482251773021e-10
1.824169082453863666e-08
1.422835627096219469e-09
3.237768664288154241e-10
3.360107192484917960e-10
1.682664008129108879e-09
1.780948583052222034e-10
8.888555447228441153e-10
3.846281071417934072e-10
4.880044457422627602e-08
4.988814916728756543e-10
5.230147981372113009e-10
1.576204233799671783e-08
2.089712403119392548e-09
2.762478579221294694e-10
4.086949445536447456e-09
5.894449928156575425e-10
5.656835000422688609e-09
1.255095494201441397e-08
3.997017117285395216e-08
6.200597812977548529e-10
1.509936509158649187e-09
4.224024685584026884e-09
5.876320541275958931e-10
6.810530472911580091e-10
6.705735966505699253e-10
2.599032766781306236e-09
3.213307953053856636e-10
2.189806391772464167e-10
9.807748391210679983e-09
5.798322266770128408e-09
8.509052129568317469e-09
5.138606429255787589e-09
2.564836565355221865e-09
2.613897320813407532e-09
6.861001766722552020e-10
2.133409893190219009e-08
1.832922036371087415e-09
2.884564809235712346e-09
3.874200404929695196e-10
6.020486331692609383e-09
3.044244634153869811e-09
1.168076213531321628e-08
6.734758972726240245e-09
9.127645306250542490e-09
2.910413776646691986e-08
6.259327989255325519e-08
6.141235786571996869e-08
4.291687560886714436e-10
3.221303501721450857e-10
2.168521473500106822e-10
4.453577950869203050e-09
4.706374845397931495e-09
7.021860426448256476e-09
1.198221433185153728e-08
1.697323254168381368e-10
1.009092187587157241e-08
7.161046755577160638e-10
4.200989778269104136e-09
7.496033127551982034e-09
8.934822326445157614e-10
3.808706128261007962e-10
3.378986335178524314e-08
3.349747146330628311e-10
1.811523908656909043e-08
1.356260881379967032e-09
5.058493068865743680e-10
7.838398374815369607e-09
1.826317053144066449e-08
4.040872497723668744e-11
7.609200380898073490e-09
6.646122319153846547e-09
1.379319880534524145e-09
4.808683229384769220e-09
2.811876242958533112e-07
1.601972221543235264e-09
6.206158920107895938e-10
3.749984697765107455e-11
2.314901381694767224e-09
3.408018589556860434e-10
1.908247337922830411e-09
2.752444716591639917e-09
8.160720987859804154e-10
6.904760319059732865e-09
2.225543971334786875e-09
5.044768158768420108e-08
7.574360694206916378e-09
2.562968504093987576e-09
2.388539144249079982e-09
2.244647845373037853e-08
9.187761662587945466e-10
2.667030658820568334e-11
3.747936183629008156e-09
4.504723816189937224e-10
4.299060551993250101e-10
7.035154681034327950e-10
3.390330377550654362e-11
3.128556747000743599e-09
1.639736568748162426e-09
1.177606918645324185e-06
2.904496554378965811e-08
4.407219922342164864e-09
1.155027096189087388e-08
1.158527940248177401e-09
5.779371980985104074e-10
1.178258463019332680e-10
1.397776672185102598e-09
3.920550550873258544e-09
2.050170344602975092e-08
9.399155231903932872e-09
3.559612160586311802e-09
5.666273228399631989e-09
9.034179515587936748e-10
7.274025271009065818e-10
2.782440666759811165e-10
4.037700451764436593e-10
9.463081429572639536e-10
3.546938742715610715e-09
1.035469598953397963e-09
2.602985049726669331e-10
1.291940304737337897e-10
3.289891692404012247e-10
1.621381362504337176e-09
1.318322695453844062e-08
1.638467361786410947e-09
7.529143974949192852e-10
3.557345307214632157e-09
6.668123830877448199e-10
4.587165314262620086e-09
1.886609091172886110e-09
2.980663937890426496e-09
2.993144621044052656e-10
3.655740432595422362e-10
4.409837117691495223e-08
4.397974873171506260e-09
4.135793651993679987e-10
1.685420869534937083e-08
1.284246042843051328e-09
2.983729707750626403e-09
3.320620223234982404e-09
1.515557990217075712e-08
2.826794442967184295e-08
5.444695005962785217e-08
4.026963484893286704e-10
3.101082238221586351e-11
1.497382495774246536e-10
5.483900888947346175e-09
1.670838045697564667e-08
1.384369008317065664e-10
9.095610375986495910e-10
1.297698393187829424e-08
9.711713211402184243e-09
1.115854360023149638e-07
4.179815382698848225e-10
1.997854770507956346e-09
2.723132830340091459e-10
4.097409078696045981e-09
1.310341973814743710e-10
3.875887610860218047e-09
5.416888049225576651e-10
5.038531258882983366e-10
1.259353621385628230e-09
1.578667752077933528e-09
7.347034092219928425e-10
5.253799528759373061e-08
7.162823112416560889e-10
4.444396406455553006e-09
2.971592971690029117e-09
2.255735737088926385e-10
3.602052434104052736e-09
2.359810125085459731e-10
7.236689025802434116e-10
1.311606752096849959e-07
2.148567324056216421e-09
2.396013165650856536e-09
5.234055677760807157e-08
4.962044108935970144e-10
5.721351725718193393e-10
4.097643113709636964e-09
4.679655329908882777e-09
3.312588248149950232e-08
6.020922871385891995e-09
3.867203446361600072e-09
4.530993891194157186e-08
1.030832863513353459e-09
1.231143076374507928e-09
2.044751729046723199e-10
5.380600409665703410e-10
1.243618652502220812e-09
7.017237901862927174e-10
7.389208689367876559e-10
7.856699735242500537e-10
3.313237240121225113e-09
2.433109047572656891e-09
2.580081259750954814e-09
2.680481392403066820e-09
6.017521481105347902e-10
1.597714460732646558e-10
8.424079211977186787e-09
8.042080890113822988e-10
7.171776505998650464e-10
7.494660891893545340e-09
4.524393304450313735e-09
7.766559062538647140e-10
4.580494206152252445e-09
1.313818831505386697e-09
6.608664726570623316e-10
3.473938692266642647e-09
1.937195265311331127e-10
2.050399017239357136e-10
1.874292721026904474e-09
6.850866540730748966e-10
1.343350142235522071e-08
2.475891713871192223e-10
6.178049738458923912e-10
4.977143142070872273e-10
7.341151020412439721e-10
3.079875243727769885e-10
6.670327845625934060e-09
1.202194316318738743e-10
7.389663103651855636e-09
3.268379700216428319e-08
3.301499162944310228e-08
4.681791665461787488e-08
8.359426484361165421e-10
4.595718527955483523e-10
4.445954437937160719e-10
8.621519498319685226e-08
3.285604233127514817e-09
1.000722768540462937e-10
3.440060458714810920e-09
3.506912760187219646e-09
7.644940236417596680e-10
5.227597466017641636e-09
6.949749664642013158e-09
3.866192699319981330e-09
5.483581991261310407e-11
1.219453205081322267e-09
2.713152758015979771e-10
1.576041408490880258e-09
3.969784945212495586e-09
8.083526625846104707e-10
1.809168037603114954e-09
2.454645553484624543e-08
1.523539872039236798e-08
1.440944724651060938e-10
1.058001131148955665e-09
4.210302328999659949e-09
3.683762983541782887e-08
7.070710128509460901e-10
1.899970181185040019e-09
6.234588845188682171e-09
1.222242862475297898e-09
1.114600856055858458e-08
2.532703158308891034e-09
3.351723787403670940e-09
4.536663933407680815e-09
3.288442573801120261e-10
2.010255606421651464e-08
8.903928150338913383e-10
5.788932000427848834e-08
1.807608951409633846e-09
1.949167716119859506e-09
1.399644178334824574e-09
2.534902066031463619e-09
5.353074650216171904e-10
2.175623237121726561e-09
1.230264640161848888e-10
2.032926937900469966e-09
2.056164793984294192e-09
1.168334495815770424e-08
5.651828449693141465e-10
4.660422048274881490e-10
1.968930352092002067e-09
1.902074231452388631e-08
9.999048256048581607e-10
3.384385038884829555e-08
9.146309487562120921e-09
1.279271089060785016e-07
2.121199882409996462e-09
2.708119950511900242e-08
6.160751908623751660e-10
4.894842309255409418e-10
1.020667728113267003e-08
2.444772562171237951e-08
1.473320399014710347e-08
7.862302475736271390e-11
9.163037439918753080e-09
2.810871535530168330e-10
1.336049049172061132e-09
3.212126786777957932e-09
5.679939185654347966e-09
3.087156086323261661e-10
8.448939325944593293e-09
1.537584459754270938e-08
4.587243918052763547e-09
2.593817827190036951e-09
3.049998698045897072e-09
1.953254002984294857e-09
2.211647309735553790e-09
2.702653878472460747e-09
1.381936926003746180e-10
3.304699802697541600e-08
1.461606746744337215e-08
1.378419878239611762e-10
9.657664890028172522e-09
2.569169543775728926e-09
4.087271321395746781e-08
3.815122440187224129e-08
4.745543336071023077e-08
3.195221864871200523e-11
4.685273058413486069e-09
7.620827204846136738e-07
8.451772615103436692e-10
2.223338668727592449e-08
6.039475586305798060e-09
1.292033979805040644e-10
2.512600350002003324e-09
5.481420317643426188e-10
6.012319175852098851e-08
3.814924376399631001e-09
1.214738309940344152e-09
1.733969523520784151e-09
2.252055764095928225e-10
1.516467840190216521e-09
7.487731323863044963e-09
4.999037628294900060e-09
6.266153707024102459e-10
6.822179487997459546e-10
3.204373655307790614e-09
1.167990287820330764e-10
5.176476469692659066e-10
1.549134820422182202e-09
2.954960720558119647e-08
3.155248062824966837e-09
1.469560861888652425e-10
5.799811741979965518e-10
2.815733202155001891e-10
8.225427283736763684e-11
1.098637980589955987e-08
6.392951945599634200e-09
7.300805793253317688e-11
7.562047876774613542e-09
3.228789735576498288e-10
8.648240457098665956e-10
8.322897926404948521e-10
8.295132913893610294e-10
7.004510749197834230e-09
9.470363160346551012e-09
7.555340242326735734e-10
3.275948845526954756e-09
1.303494978621699829e-09
3.485086386145752613e-10
3.895793132535629866e-10
1.370429464353506432e-10
5.777409661789079109e-10
2.024446388304568245e-08
2.151072653333585549e-09
9.616082374819256984e-10
9.814709933664289565e-09
6.108860084452771844e-09
8.104665383257270150e-09
6.588753431735483446e-10
8.678843199660946084e-10
4.655207053172460974e-10
1.084982242938181685e-10
1.423516948761971435e-07
6.480585401646976607e-09
1.600701571291551772e-09
2.243538244073306487e-09
1.114598080498296895e-09
3.856532160284587007e-08
8.758899161520616872e-10
1.037050778585069111e-09
4.382357587928709108e-09
2.840408569682040252e-06
9.813723522711370606e-08
5.741382036461573080e-09
4.897824368299552589e-09
4.613564807964820602e-10
6.544628727844781224e-10
4.944056275490993357e-10
9.438849007947780478e-11
4.379806795018481580e-10
8.587162092510425282e-10
3.128740445390576497e-06
8.032652321077193847e-10
1.235252966580446810e-08
6.768069438223278667e-10
3.976400542171631969e-09
2.148426714310147645e-10
4.238551731816642132e-09
4.071958059626012982e-08
6.685978992670982279e-10
1.205469168930051183e-09
3.045725449624114844e-09
1.712026742595185169e-09
2.202465987366508671e-09
4.812672482756852332e-10
1.298121699022658504e-08
7.134122181895463655e-10
2.243113472744084902e-10
2.189335601698871869e-09
3.812641935496685619e-08
1.153333539782863681e-09
7.626152487283377468e-10
9.685163782080508099e-10
2.414117794558023888e-10
2.340890326024691603e-08
2.030764445493105086e-09
7.170586902027764609e-10
2.492885453619919645e-09
6.628222308791009709e-07
4.473531545201581139e-10
1.449424358312967342e-09
1.777149094550622976e-09
6.995592105596415422e-09
5.520846357853770314e-08
1.571368635211456422e-08
1.860107512463571311e-09
1.961718121279432125e-09
3.039458240650105836e-09
1.523472237252576633e-09
2.054562564524076151e-08
9.766102593289360811e-09
1.618745582021574592e-09
1.230167345767085862e-08
4.285800159209429694e-09
3.548941807096639423e-09
5.310518247370055178e-09
2.017991773684002510e-09
5.717580187081239274e-09
2.366842277723435473e-10
1.791652337601590261e-08
4.058969693687686231e-08
7.287791259358300522e-09
7.204736807153722111e-10
1.253499792852608152e-08
2.459986103708899918e-10
6.450732570328909787e-08
5.432221339418674688e-10
2.406322252568315889e-09
7.594392337217925615e-10
8.547485497167883750e-10
3.084307809153585822e-10
1.004099803303404315e-09
7.503171417511111940e-09
4.612975557094500800e-10
7.030363097237923853e-11
4.076999626789756803e-09
6.708614774808552284e-10
1.100495472527995844e-09
3.841150508776536299e-09
1.197184218426627922e-08
2.014680644535360443e-09
7.777472887937619817e-09
3.645374446747950969e-09
2.501739093663246649e-10
7.900816806349908461e-11
1.618418399296217558e-09
4.605296410886694503e-08
2.241720142848180330e-09
7.576467231373840150e-10
1.344458951280103065e-06
9.933580624732485376e-10
1.725025816634584430e-10
1.682792460933058010e-09
3.019511529700480423e-09
3.221299227362806050e-09
2.698936008016517007e-08
1.989509001987244119e-08
8.016688424206108721e-10
1.105561642233965358e-09
1.104648927885421017e-09
2.419183742219388478e-10
8.324136935300430196e-10
1.975826169342553840e-09
3.188406871856841462e-09
3.318567087795543102e-10
1.017223816290879768e-08
4.154771637843168719e-09
1.779772063059681386e-08
3.534040393660120571e-09
3.881067556221751147e-08
8.040009769061384759e-10
2.630818007887114618e-09
7.935804013925462641e-09
3.356367850315677970e-09
5.934503732873963600e-08
9.170625148158251250e-09
1.291536655401159805e-09
1.584299469392647097e-09
9.210299367623520084e-08
5.962433657913379648e-09
4.771741335396484374e-10
1.655857317928166594e-08
1.860537857112376514e-08
1.290108957618940622e-05
7.977107863155197265e-10
1.059257126456714104e-09
9.772880282810092467e-10
4.103462458715512184e-09
2.689798961341693939e-08
6.582049572045889363e-09
1.900246715536013653e-08
3.415487981328624301e-07
1.758737711021751693e-09
1.675106720000485439e-09
2.253315978251180240e-09
1.853297515452823063e-09
5.931735658215586682e-10
1.141038818985862235e-09
4.100956518815479512e-10
9.312111082238061499e-09
8.945617024913588011e-10
5.510236156247572126e-10
9.073292672745481013e-10
3.925569314056076564e-10
1.700558027728504840e-09
1.876863525707150870e-10
1.243915082049795728e-09
9.267247413902168773e-09
9.018925051229587098e-10
1.398488769233097173e-09
1.048811038018016006e-09
8.743343271611081491e-10
1.024698589868755505e-10
1.574691210759482374e-10
4.807995335198711473e-09
2.049598490927451166e-09
5.641976219550315363e-09
1.593200060767685500e-08
1.102167579425383792e-09
1.156155615689158367e-08
7.037480376226312728e-09
1.729844534281710366e-08
6.175685296483379716e-09
9.950993806739916181e-09
6.001500629793099506e-09
4.521186625083828403e-08
7.884487507325843580e-10
1.659046233726257924e-09
2.311539404331597325e-09
3.900559042424589506e-10
6.624072956817883551e-10
3.897316636081171737e-10
1.625393292181698257e-10
3.264245818090927287e-10
2.072966381883034614e-10
5.700971361655149394e-10
1.064797250371896098e-09
2.044140634538393897e-09
3.954783167614550621e-09
2.264633758297662780e-10
2.573142943163020391e-08
1.665172000286929688e-08
1.694769125037964841e-08
2.985375467687845230e-03
6.392455986770073650e-08
5.034682004634305486e-09
1.064237320491656646e-08
7.274289259839861188e-08
5.848069140057532422e-09
6.151549492017238663e-09
5.444653794484111131e-08
1.494073975649712338e-09
2.508415253288376334e-09
3.026920312549918890e-04
5.291175941835035701e-09
7.314483463360943460e-10
4.881086823615987669e-08
3.501784417991871123e-10
2.463349302317396905e-09
2.842607704778288280e-09
2.469898063850450853e-09
1.284023820602442356e-08
8.278888685708807316e-09
6.936784480160440580e-09
6.044243439085050795e-10
1.074173496817820705e-07
2.647893682095059376e-09
4.086435190231441084e-09
2.082128081060119484e-10
1.760322732025088044e-08
