1.337263286113739014e-01
1.338644862174987793e+00
1.660062313079833984e+00
8.887038230895996094e-01
4.267334461212158203e+00
2.316021025180816650e-01
6.607981771230697632e-02
0.000000000000000000e+00
4.855113923549652100e-01
5.313990712165832520e-01
1.833312392234802246e+00
1.390536129474639893e-01
4.026092052459716797e+00
8.892527222633361816e-02
1.523728370666503906e-01
6.416534632444381714e-02
3.083759844303131104e-01
0.000000000000000000e+00
2.693799734115600586e-01
8.408484049141407013e-03
2.874916791915893555e-01
1.239697560667991638e-01
3.430939912796020508e-01
7.740210890769958496e-01
1.119339931756258011e-02
5.266726762056350708e-02
2.282729297876358032e-01
2.043807029724121094e+00
7.183700799942016602e-02
2.033396512269973755e-01
4.872195720672607422e-01
2.068985253572463989e-02
2.018108516931533813e-01
1.942767947912216187e-01
1.218707635998725891e-01
1.101765036582946777e+00
0.000000000000000000e+00
4.088395535945892334e-01
1.393656849861145020e+00
0.000000000000000000e+00
4.341987520456314087e-02
1.106351613998413086e+00
2.990922704339027405e-02
1.595704816281795502e-02
1.006515145301818848e+00
1.361163258552551270e-01
1.178065091371536255e-01
9.479970484972000122e-02
0.000000000000000000e+00
5.149187520146369934e-02
1.792545765638351440e-01
5.959437489509582520e-01
1.220504045486450195e-01
1.555275559425354004e+00
8.632880449295043945e-02
1.323369979858398438e+00
1.724319577217102051e+00
2.295905113220214844e+00
4.048892557621002197e-01
1.776607036590576172e-01
4.741763174533843994e-01
1.449494957923889160e+00
7.632911801338195801e-01
3.850034475326538086e-01
3.968318551778793335e-02
9.743307232856750488e-01
3.050344586372375488e-01
5.421002209186553955e-02
2.582765817642211914e+00
8.669599890708923340e-02
1.908013597130775452e-02
4.943371117115020752e-01
1.066728234291076660e+00
6.872789561748504639e-02
5.956383347511291504e-01
0.000000000000000000e+00
1.534970849752426147e-02
1.119405850768089294e-01
0.000000000000000000e+00
1.061534136533737183e-01
1.183081150054931641e+00
4.674315929412841797e+00
1.052806615829467773e+00
1.465224176645278931e-01
2.405244112014770508e-01
3.716525807976722717e-02
1.233143806457519531e+00
2.290645688772201538e-01
3.891406953334808350e-01
8.004843443632125854e-02
9.724865555763244629e-01
3.253060281276702881e-01
5.467153154313564301e-03
3.091040551662445068e-01
1.480720341205596924e-01
0.000000000000000000e+00
1.468275308609008789e+00
4.288882911205291748e-01
5.287145376205444336e-01
4.382219016551971436e-01
1.685109376907348633e+00
1.268491894006729126e-01
3.153978884220123291e-01
3.569179177284240723e-01
5.279754638671875000e+00
3.848617076873779297e-01
1.803700178861618042e-01
2.236014790832996368e-02
2.886059522628784180e+00
3.021304905414581299e-01
1.422811985015869141e+00
2.393489331007003784e-01
2.571154944598674774e-02
1.682794392108917236e-01
1.432872265577316284e-01
2.205038815736770630e-01
9.817047417163848877e-02
0.000000000000000000e+00
9.008666127920150757e-02
7.328141480684280396e-02
4.484970271587371826e-01
1.516097187995910645e-01
2.380979806184768677e-02
0.000000000000000000e+00
1.123551487922668457e+00
1.157159447669982910e+00
3.194828629493713379e-01
2.837509512901306152e-01
3.582211434841156006e-01
2.333303928375244141e+00
1.346091367304325104e-02
1.934044645167887211e-03
7.769871950149536133e-01
7.996488213539123535e-01
1.893013954162597656e+00
3.951289653778076172e-01
0.000000000000000000e+00
1.117245331406593323e-01
1.216840520501136780e-01
3.925544917583465576e-01
2.396060377359390259e-01
3.537935256958007812e+00
1.634727418422698975e-01
1.931644678115844727e+00
2.690724730491638184e-01
1.399581786245107651e-02
6.314547359943389893e-02
9.189639985561370850e-02
1.602502912282943726e-01
1.239905834197998047e+00
1.436233818531036377e-01
1.064284369349479675e-01
5.707337260246276855e-01
6.267663955688476562e+00
2.424402981996536255e-01
2.222383916378021240e-01
1.929910182952880859e-01
2.503670156002044678e-01
3.109589815139770508e-01
0.000000000000000000e+00
1.890666186809539795e-01
2.138665616512298584e-01
4.776718616485595703e-01
6.508200764656066895e-01
3.272134810686111450e-02
5.737814307212829590e-01
2.080449461936950684e-01
7.546587586402893066e-01
1.503228098154067993e-01
3.431123495101928711e-01
2.272181808948516846e-01
1.171837687492370605e+00
1.331813186407089233e-01
1.094183046370744705e-02
1.009955652989447117e-03
6.323964595794677734e-01
3.601191341876983643e-01
2.912274599075317383e-01
3.067872762680053711e+00
4.850727915763854980e-01
1.791125908493995667e-02
6.926857829093933105e-01
1.030112653970718384e-01
1.376229524612426758e-01
1.767438054084777832e-01
1.407816857099533081e-01
2.414705157279968262e-01
5.327202081680297852e-01
1.705015897750854492e-01
4.106325507164001465e-01
5.907665938138961792e-02
3.341706469655036926e-03
0.000000000000000000e+00
7.872154004871845245e-03
9.211355447769165039e-02
0.000000000000000000e+00
1.906590312719345093e-01
1.459547042846679688e+00
1.424443423748016357e-01
1.180604219436645508e+00
7.729866504669189453e-01
2.534180402755737305e+00
1.214962720870971680e+00
0.000000000000000000e+00
7.465023994445800781e-01
0.000000000000000000e+00
4.703905284404754639e-01
7.160116732120513916e-02
2.557471394538879395e-02
1.124511718750000000e+01
7.375626564025878906e-01
0.000000000000000000e+00
8.481529355049133301e-01
5.088104248046875000e+00
1.136348024010658264e-01
3.487571954727172852e+00
1.757126808166503906e+00
2.053191065788269043e-01
9.498494863510131836e-01
7.261383812874555588e-03
4.425693452358245850e-01
1.237879157066345215e+00
6.854702532291412354e-02
9.214060381054878235e-03
8.655875325202941895e-01
7.592522501945495605e-01
4.612070620059967041e-01
1.336533784866333008e+00
1.048960089683532715e+00
1.004987284541130066e-01
0.000000000000000000e+00
1.808802932500839233e-01
2.245442196726799011e-02
2.846437692642211914e-01
1.276605427265167236e-01
1.118967533111572266e+00
1.721343398094177246e-01
8.655460178852081299e-02
1.287651807069778442e-01
7.863860726356506348e-01
1.040339767932891846e-01
1.010835990309715271e-01
7.518517374992370605e-01
5.178068578243255615e-02
7.542316615581512451e-02
7.880417257547378540e-02
2.174710780382156372e-01
2.027680128812789917e-01
1.293902844190597534e-01
1.177097298204898834e-02
1.897780969738960266e-02
1.819037050008773804e-01
7.402729988098144531e-02
1.547816544771194458e-01
1.601342260837554932e-01
1.566745787858963013e-01
1.018372327089309692e-01
0.000000000000000000e+00
2.517932280898094177e-02
2.553198039531707764e-01
6.990547776222229004e-01
3.589697778224945068e-01
1.574911922216415405e-01
1.252865940332412720e-01
1.315446048974990845e-01
2.397830486297607422e-01
3.636367619037628174e-02
3.674809932708740234e-01
4.027535915374755859e-01
5.492403730750083923e-02
7.703186273574829102e-01
2.223790884017944336e-01
0.000000000000000000e+00
5.964425951242446899e-02
3.217981755733489990e-01
1.476603299379348755e-01
1.233253955841064453e+00
2.037431299686431885e-01
4.619441032409667969e-01
2.987732291221618652e-01
2.079084366559982300e-01
6.667436361312866211e-01
5.949141085147857666e-02
3.114503920078277588e-01
7.605987787246704102e-01
1.631035923957824707e+00
1.816518157720565796e-01
4.132892489433288574e-01
0.000000000000000000e+00
1.463977098464965820e-01
2.492469847202301025e-01
3.108243942260742188e-01
2.105406224727630615e-01
1.276342868804931641e+00
2.684757709503173828e+00
7.770547270774841309e-02
7.487485650926828384e-03
9.987604618072509766e-01
2.935750484466552734e+00
0.000000000000000000e+00
5.890706181526184082e-01
4.094195365905761719e-02
4.966452419757843018e-01
3.618690967559814453e-01
1.513319462537765503e-01
4.929037988185882568e-01
1.026860177516937256e-01
1.975923478603363037e-01
3.977332711219787598e-01
1.137928962707519531e-01
3.520739674568176270e-01
2.315668910741806030e-01
2.265174239873886108e-01
4.001178741455078125e+00
1.722227632999420166e-01
2.337343990802764893e-01
5.219450592994689941e-02
4.357755482196807861e-01
1.322378218173980713e-01
1.483535319566726685e-01
8.304948359727859497e-02
2.344699017703533173e-02
1.136484667658805847e-01
2.686682462692260742e+00
8.622455000877380371e-01
0.000000000000000000e+00
4.509865939617156982e-01
2.952654361724853516e-01
4.998033866286277771e-02
1.822356134653091431e-02
1.436061859130859375e-01
4.492767453193664551e-01
1.457560300827026367e+00
3.799529671669006348e-01
5.364502072334289551e-01
5.069301724433898926e-01
8.006682991981506348e-01
8.702912926673889160e-02
9.697089791297912598e-01
8.426219224929809570e-03
3.380090892314910889e-01
5.676289647817611694e-02
0.000000000000000000e+00
1.080817431211471558e-01
1.074556946754455566e+00
5.923083424568176270e-01
0.000000000000000000e+00
4.695591330528259277e-02
9.111335128545761108e-02
1.112661585211753845e-01
3.833592891693115234e+00
8.089262247085571289e-02
1.031392216682434082e+00
0.000000000000000000e+00
3.837209045886993408e-01
1.525099635124206543e+00
5.150519609451293945e-01
2.423239499330520630e-01
4.012603461742401123e-01
4.621638953685760498e-01
1.102457761764526367e+00
1.036059390753507614e-02
2.602328538894653320e+00
0.000000000000000000e+00
0.000000000000000000e+00
1.676872730255126953e+00
5.972328782081604004e-02
1.895800977945327759e-01
2.567302227020263672e+00
3.008848726749420166e-01
5.255509018898010254e-01
1.395614445209503174e-01
3.429471731185913086e+00
6.047904118895530701e-02
1.964160352945327759e-01
5.676309466361999512e-01
1.330940723419189453e+00
1.200098752975463867e+00
0.000000000000000000e+00
4.188721179962158203e-01
9.286237508058547974e-02
7.902163267135620117e-01
2.916905283927917480e-01
0.000000000000000000e+00
2.117559462785720825e-01
3.951909542083740234e-01
3.904837667942047119e-01
6.266351938247680664e-01
1.538136363029479980e+00
9.649325370788574219e+00
7.003961801528930664e-01
0.000000000000000000e+00
0.000000000000000000e+00
1.370387375354766846e-01
1.241014078259468079e-01
5.432031750679016113e-01
1.383643150329589844e+00
2.472497701644897461e+00
1.554333090782165527e+00
2.270912192761898041e-02
9.273754060268402100e-02
8.559983968734741211e-01
3.608371317386627197e-02
1.417102664709091187e-01
6.986465305089950562e-02
1.217082977294921875e+00
6.631397604942321777e-01
5.541200190782546997e-02
9.159503579139709473e-01
8.134293556213378906e-01
0.000000000000000000e+00
4.343672096729278564e-01
6.557269096374511719e-01
2.056648731231689453e-01
7.140109688043594360e-02
3.139675259590148926e-01
3.237118944525718689e-02
1.797346323728561401e-01
3.054614067077636719e-01
0.000000000000000000e+00
0.000000000000000000e+00
9.987012147903442383e-01
1.495591923594474792e-02
9.133768677711486816e-01
1.208356738090515137e+00
2.635028362274169922e-01
4.286752939224243164e-01
2.862029075622558594e-01
1.202510643005371094e+01
7.549944519996643066e-01
1.865531802177429199e-01
0.000000000000000000e+00
7.541266083717346191e-02
4.458507597446441650e-01
0.000000000000000000e+00
5.301155447959899902e-01
7.751997113227844238e-01
1.230613350868225098e+00
1.493311077356338501e-01
4.838737845420837402e-01
2.015325427055358887e-02
1.165176272392272949e+00
3.014429092407226562e+00
1.458059549331665039e+00
4.686765372753143311e-02
7.918984293937683105e-01
1.372372984886169434e+00
2.167495787143707275e-01
1.885568648576736450e-01
0.000000000000000000e+00
8.603942696936428547e-04
2.914074659347534180e-01
6.607482433319091797e-01
5.133340135216712952e-02
0.000000000000000000e+00
6.766958236694335938e-01
4.773116484284400940e-02
8.316535502672195435e-03
4.504869878292083740e-02
2.082110792398452759e-01
1.327366232872009277e-01
1.812188029289245605e-01
4.489783197641372681e-02
6.516836881637573242e-01
1.474599689245223999e-01
0.000000000000000000e+00
1.628309041261672974e-01
0.000000000000000000e+00
4.811391234397888184e-01
5.232520699501037598e-01
1.294409871101379395e+00
4.045331478118896484e-01
5.626217126846313477e-01
1.091440200805664062e+00
8.055806905031204224e-02
0.000000000000000000e+00
1.931418292224407196e-02
2.885139733552932739e-02
5.930798053741455078e-01
0.000000000000000000e+00
1.461947083473205566e+00
5.169104576110839844e+00
1.482671648263931274e-01
6.434922665357589722e-02
8.813885599374771118e-02
5.845102071762084961e-01
1.052597165107727051e-01
8.884855508804321289e-01
1.958443373441696167e-01
1.001115888357162476e-01
2.689587473869323730e-01
1.658365488052368164e+00
5.493505001068115234e-01
2.536676228046417236e-01
2.427921742200851440e-01
2.751041203737258911e-02
2.902100384235382080e-01
3.574856743216514587e-02
2.061776071786880493e-01
4.580994546413421631e-01
3.162728786468505859e+00
9.102063626050949097e-02
7.458407878875732422e-01
1.430086612701416016e+00
1.259751338511705399e-02
0.000000000000000000e+00
1.366768330335617065e-01
3.931688070297241211e-01
1.718241870403289795e-01
9.922300232574343681e-04
2.618786394596099854e-01
1.303939461708068848e+00
5.979160219430923462e-02
4.021105468273162842e-01
3.615346550941467285e-01
7.489226460456848145e-01
3.691102266311645508e-01
3.741697311401367188e+00
2.708632946014404297e-01
1.001484274864196777e+00
1.085213184356689453e+00
2.040756464004516602e+00
0.000000000000000000e+00
0.000000000000000000e+00
2.323070466518402100e-01
5.123786926269531250e-01
1.942844688892364502e-02
0.000000000000000000e+00
1.749601513147354126e-01
3.697062283754348755e-02
3.077565729618072510e-01
3.046898543834686279e-01
1.943870447576045990e-02
1.899588294327259064e-02
2.163702063262462616e-02
4.762845579534769058e-03
4.928473234176635742e-01
7.706608772277832031e-01
1.302843689918518066e-01
7.396336793899536133e-01
2.923821657896041870e-02
8.587397634983062744e-02
2.980759739875793457e-02
0.000000000000000000e+00
2.386869907379150391e+00
1.515398621559143066e+00
3.099415004253387451e-01
2.037079632282257080e-01
2.090326070785522461e+00
0.000000000000000000e+00
1.945525646209716797e+00
6.556638479232788086e-01
0.000000000000000000e+00
3.057215511798858643e-01
0.000000000000000000e+00
6.066147089004516602e-01
5.756044387817382812e-02
6.746235489845275879e-01
8.712374567985534668e-01
4.272948801517486572e-01
1.101878166198730469e+00
8.256673067808151245e-02
3.164604902267456055e-01
1.932495683431625366e-01
1.528884470462799072e-01
1.048138260841369629e+00
3.474912643432617188e+00
0.000000000000000000e+00
3.112548112869262695e+00
3.409155309200286865e-01
7.257490158081054688e-01
2.977726459503173828e-01
6.090397834777832031e-01
2.744480967521667480e-01
2.092613652348518372e-02
8.214760422706604004e-01
3.225246071815490723e-01
9.087420254945755005e-02
7.912594676017761230e-01
2.321511656045913696e-01
3.994722068309783936e-01
0.000000000000000000e+00
3.103998601436614990e-01
1.140509396791458130e-01
7.150307297706604004e-01
1.898561604321002960e-02
4.344239085912704468e-02
6.141375377774238586e-02
1.013635098934173584e-02
5.163041949272155762e-01
4.839217662811279297e-01
9.614856913685798645e-03
1.299986243247985840e+00
5.404803156852722168e-02
7.608797550201416016e-01
1.171538829803466797e+00
1.908654570579528809e-01
7.311917096376419067e-02
1.333582121878862381e-02
5.063397437334060669e-02
2.489928007125854492e-01
8.573538064956665039e-01
2.996119856834411621e-01
0.000000000000000000e+00
0.000000000000000000e+00
1.268680930137634277e+00
1.032379150390625000e+00
3.243593215942382812e+00
0.000000000000000000e+00
3.214899599552154541e-01
4.587849974632263184e-02
0.000000000000000000e+00
4.657470434904098511e-02
1.665663868188858032e-01
8.394049853086471558e-02
8.571106791496276855e-01
1.117814779281616211e+00
1.253728009760379791e-02
4.089436829090118408e-01
7.684308290481567383e-02
0.000000000000000000e+00
0.000000000000000000e+00
3.939879313111305237e-02
1.579644158482551575e-02
1.490957438945770264e-01
4.658410791307687759e-03
2.773522771894931793e-02
0.000000000000000000e+00
0.000000000000000000e+00
8.900003880262374878e-02
6.135468557476997375e-02
4.836907982826232910e-02
6.522741168737411499e-03
1.044498160481452942e-01
0.000000000000000000e+00
0.000000000000000000e+00
5.305593609809875488e-01
3.747856710106134415e-03
5.812664628028869629e-01
4.800565913319587708e-02
7.615706324577331543e-02
6.564860232174396515e-03
1.941501498222351074e-01
7.061877250671386719e-01
3.768517971038818359e-01
2.526032924652099609e-01
1.090767756104469299e-01
1.248757362365722656e+00
3.093061447143554688e-01
6.454997062683105469e-01
8.095957040786743164e-01
2.623157024383544922e+00
1.112585440278053284e-01
5.953701585531234741e-02
1.541924357414245605e+00
0.000000000000000000e+00
3.851446807384490967e-01
3.810938596725463867e+00
1.202198937535285950e-01
4.519715309143066406e-01
3.654147312045097351e-02
6.161558441817760468e-03
5.151594057679176331e-02
1.689809001982212067e-02
4.538866505026817322e-02
8.001759648323059082e-01
1.667541712522506714e-01
9.141261577606201172e-01
3.953416049480438232e-01
1.006350740790367126e-01
6.607222557067871094e-01
4.242467880249023438e-02
1.824238181114196777e+00
4.352445900440216064e-02
4.682247340679168701e-01
1.213264092803001404e-01
7.768562436103820801e-01
2.193282991647720337e-01
5.425652861595153809e-01
7.460776567459106445e-01
2.331566251814365387e-02
1.070300459861755371e+00
2.548384107649326324e-02
2.242416292428970337e-01
1.477425917983055115e-02
1.928018212318420410e+00
3.407822370529174805e+00
4.708324372768402100e-01
1.670852452516555786e-01
1.335149109363555908e-01
9.486722946166992188e-02
6.346442550420761108e-02
2.393188700079917908e-02
3.951657935976982117e-02
0.000000000000000000e+00
4.352960735559463501e-02
9.481176966801285744e-04
0.000000000000000000e+00
3.369861096143722534e-02
5.557357668876647949e-01
7.485551387071609497e-02
1.411037426441907883e-02
1.211831495165824890e-01
0.000000000000000000e+00
2.480965614318847656e+00
1.408990621566772461e-01
5.186190605163574219e-01
1.495620727539062500e+00
1.763769835233688354e-01
9.813191741704940796e-02
3.338048458099365234e-01
4.384500980377197266e-01
8.222816586494445801e-01
1.431569576263427734e+00
1.091722607612609863e+00
2.959833145141601562e+00
1.804210841655731201e-01
4.300430119037628174e-01
7.506813406944274902e-01
1.141195073723793030e-01
6.558861732482910156e-01
0.000000000000000000e+00
1.372963905334472656e+00
8.600416779518127441e-02
1.414673924446105957e-01
0.000000000000000000e+00
0.000000000000000000e+00
6.885105967521667480e-01
0.000000000000000000e+00
2.410585433244705200e-01
1.742308735847473145e+00
0.000000000000000000e+00
5.712798833847045898e-01
1.931163668632507324e-02
1.690470576286315918e-01
6.498106122016906738e-01
3.483546078205108643e-01
7.533036172389984131e-02
1.366395950317382812e+00
0.000000000000000000e+00
5.647776182740926743e-03
2.403222620487213135e-01
1.451170444488525391e+00
0.000000000000000000e+00
0.000000000000000000e+00
1.181414946913719177e-01
0.000000000000000000e+00
0.000000000000000000e+00
1.729603260755538940e-01
7.619985938072204590e-02
1.110386371612548828e+00
2.783472239971160889e-01
9.782519936561584473e-01
2.051801681518554688e+00
2.856698585674166679e-03
6.871678829193115234e-01
3.010406792163848877e-01
1.472924470901489258e+00
1.838294416666030884e-01
1.460534930229187012e-01
3.989287018775939941e-01
1.004783749580383301e+00
4.640471190214157104e-02
2.994109131395816803e-02
3.829618096351623535e-01
2.492467164993286133e-01
4.424003511667251587e-02
4.438508152961730957e-01
9.536155313253402710e-02
7.080193161964416504e-01
2.038686513900756836e+00
7.381244301795959473e-01
2.745354361832141876e-02
1.347988098859786987e-01
2.169368322938680649e-03
2.819635570049285889e-01
0.000000000000000000e+00
1.229312062263488770e+00
3.576240539550781250e-01
1.973871886730194092e-01
6.141871679574251175e-03
3.955199122428894043e-01
5.451688766479492188e-01
9.758168458938598633e-01
4.589772820472717285e-01
8.292031288146972656e-01
9.135443717241287231e-02
1.360909342765808105e+00
1.555123805999755859e+00
5.489900708198547363e-01
5.281143635511398315e-02
7.937690019607543945e-01
3.080488741397857666e-01
3.613327026367187500e+00
3.901355564594268799e-01
4.091712832450866699e-01
2.450189441442489624e-01
0.000000000000000000e+00
1.841109059751033783e-02
4.115822315216064453e+00
2.302618175745010376e-01
6.039622426033020020e-01
5.638544559478759766e-01
0.000000000000000000e+00
2.637571096420288086e+00
3.309628739953041077e-02
0.000000000000000000e+00
2.144441604614257812e-01
1.434763669967651367e-01
0.000000000000000000e+00
2.377442359924316406e+00
2.773111127316951752e-02
2.491838932037353516e-01
3.503858745098114014e-01
1.702730208635330200e-01
1.165936470031738281e+00
7.218070030212402344e-01
0.000000000000000000e+00
1.239673271775245667e-01
3.352155983448028564e-01
0.000000000000000000e+00
7.254962809383869171e-03
1.183917284011840820e+00
2.890817821025848389e-01
1.701270937919616699e-01
2.873640693724155426e-02
3.594604134559631348e-01
1.742427200078964233e-01
9.650117754936218262e-01
5.314486622810363770e-01
5.611268877983093262e-01
9.028225541114807129e-01
1.094579789787530899e-02
7.493440806865692139e-02
7.631607353687286377e-02
3.454835712909698486e-02
1.232113480567932129e+00
0.000000000000000000e+00
5.506475567817687988e-01
0.000000000000000000e+00
7.402862310409545898e-01
2.748015522956848145e-01
1.775983907282352448e-02
2.420790791511535645e-01
6.992043256759643555e-01
2.643710076808929443e-01
3.770595882087945938e-03
4.522167444229125977e-01
3.157348930835723877e-01
4.642212092876434326e-01
1.577774733304977417e-01
0.000000000000000000e+00
1.292826235294342041e-01
1.345731690526008606e-02
1.572234034538269043e-01
2.157483398914337158e-01
3.576521873474121094e-01
5.032377839088439941e-01
4.147692024707794189e-02
1.524366736412048340e+00
2.560438401997089386e-02
2.328749448060989380e-01
1.263024210929870605e-01
7.980533689260482788e-02
5.609707906842231750e-02
2.369642108678817749e-01
3.820745646953582764e-01
7.946123480796813965e-01
4.556058719754219055e-02
1.201661229133605957e-01
4.301742315292358398e-01
4.398656487464904785e-01
4.225313290953636169e-02
0.000000000000000000e+00
0.000000000000000000e+00
4.068208217620849609e+00
1.903294399380683899e-02
0.000000000000000000e+00
0.000000000000000000e+00
2.181241363286972046e-01
2.708111107349395752e-01
3.964311361312866211e+00
6.707798838615417480e-01
3.299283504486083984e+00
7.391179352998733521e-02
3.237632513046264648e-01
0.000000000000000000e+00
3.461833894252777100e-01
1.712348312139511108e-01
1.058315485715866089e-02
1.678192496299743652e+00
9.720704704523086548e-02
5.281587690114974976e-02
2.919648289680480957e-01
2.302738189697265625e+00
5.325801968574523926e-01
3.652505576610565186e-02
1.011397019028663635e-01
0.000000000000000000e+00
4.142649471759796143e-01
1.183989524841308594e+00
3.032199144363403320e+00
2.248135089874267578e+00
2.751585245132446289e-01
3.253400623798370361e-01
4.324669949710369110e-03
1.231894642114639282e-02
2.538204789161682129e-01
2.601836025714874268e-01
9.548517465591430664e-01
2.692623436450958252e-01
6.167000532150268555e-01
3.647122383117675781e-01
0.000000000000000000e+00
4.283343851566314697e-01
1.172150596976280212e-01
3.347301185131072998e-01
3.898829519748687744e-01
1.566699028015136719e+00
3.858322203159332275e-01
5.744813084602355957e-01
3.530376404523849487e-02
4.394046366214752197e-01
3.889906033873558044e-02
1.792581677436828613e-01
3.486348390579223633e-01
2.521326243877410889e-01
2.061744928359985352e-01
2.968382239341735840e-01
1.830275356769561768e-01
7.466615736484527588e-02
1.432945132255554199e-01
2.805685251951217651e-02
4.268200993537902832e-01
1.375123262405395508e-01
9.100697934627532959e-02
1.216147899627685547e+00
3.063926994800567627e-01
1.093908309936523438e+00
1.100021839141845703e+00
2.062223356915637851e-04
2.992627024650573730e-01
2.544591724872589111e-01
7.281383872032165527e-01
0.000000000000000000e+00
0.000000000000000000e+00
1.182033866643905640e-01
0.000000000000000000e+00
3.304604813456535339e-02
9.507033973932266235e-02
9.321078658103942871e-02
3.699173331260681152e-01
7.732716798782348633e-01
1.963922977447509766e-01
3.032042264938354492e+00
1.497405648231506348e+00
7.887104749679565430e-01
0.000000000000000000e+00
6.128230690956115723e-01
8.217401504516601562e-01
6.219456791877746582e-01
8.303055763244628906e-01
0.000000000000000000e+00
1.619849354028701782e-02
3.156660795211791992e-01
2.584944851696491241e-02
1.087642982602119446e-01
1.370510220527648926e+00
4.787528514862060547e-01
2.006476186215877533e-02
2.110353559255599976e-01
1.835751719772815704e-02
1.660500526428222656e+00
2.739742696285247803e-01
4.257123172283172607e-02
8.049808442592620850e-02
0.000000000000000000e+00
2.268406152725219727e-01
1.430676221847534180e+00
4.479581862688064575e-02
1.026620119810104370e-01
3.227806687355041504e-01
7.932865619659423828e-01
0.000000000000000000e+00
2.816231362521648407e-02
2.756129801273345947e-01
5.112108588218688965e-01
1.293686747550964355e+00
0.000000000000000000e+00
8.085767626762390137e-01
2.785454988479614258e-01
1.445978414267301559e-03
1.981328874826431274e-01
2.657769918441772461e-01
3.676742911338806152e-01
1.005094528198242188e+00
2.247349977493286133e+00
4.135097503662109375e+00
3.300386071205139160e-01
5.102085471153259277e-01
1.462057113647460938e+00
4.872328341007232666e-01
8.108842968940734863e-01
7.361567616462707520e-01
2.093775510787963867e+00
8.883263468742370605e-01
1.339009046554565430e+00
1.893976181745529175e-01
5.569483637809753418e-01
6.372265517711639404e-03
3.562034368515014648e-01
1.872186921536922455e-02
5.936169996857643127e-02
8.323513716459274292e-02
2.419011890888214111e-01
0.000000000000000000e+00
3.859486803412437439e-02
6.293900310993194580e-02
2.563925683498382568e-01
6.357415318489074707e-01
7.926849126815795898e-01
0.000000000000000000e+00
9.767038822174072266e-01
2.847583293914794922e-01
4.520608484745025635e-02
1.720947027206420898e-01
0.000000000000000000e+00
5.719969514757394791e-03
2.764002382755279541e-01
8.304551243782043457e-02
2.006360143423080444e-01
6.120626255869865417e-02
8.476680517196655273e-02
8.295306563377380371e-01
1.325740106403827667e-02
4.011110216379165649e-02
2.488623112440109253e-01
0.000000000000000000e+00
1.357164144515991211e+00
4.103591740131378174e-01
2.382275342941284180e+00
1.226930737495422363e+00
8.402618020772933960e-02
1.146801859140396118e-01
1.296677291393280029e-01
6.486835330724716187e-02
8.924847841262817383e-02
1.379816651344299316e+00
4.346076399087905884e-02
3.645972907543182373e-01
1.437960267066955566e-01
2.714958190917968750e-01
4.038768708705902100e-01
1.808368563652038574e-01
5.806077271699905396e-02
2.209268659353256226e-01
0.000000000000000000e+00
1.706017017364501953e+00
7.941901683807373047e-02
4.766556024551391602e-01
1.533520698547363281e+00
5.226603746414184570e-01
4.871794022619724274e-03
6.538273692131042480e-01
1.546382755041122437e-01
0.000000000000000000e+00
1.117325782775878906e+00
3.936864808201789856e-02
1.319273412227630615e-01
3.345128297805786133e-01
1.460960954427719116e-01
7.082400377839803696e-03
1.809955090284347534e-01
8.233644366264343262e-01
1.494429260492324829e-01
5.836280584335327148e-01
5.690330862998962402e-01
5.425649881362915039e-01
1.218256205320358276e-01
6.024669483304023743e-02
7.788223773241043091e-02
5.718738585710525513e-02
1.927574723958969116e-01
4.605240225791931152e-01
9.022176265716552734e-02
1.040749158710241318e-02
3.445362091064453125e+00
3.863395452499389648e-01
1.123833060264587402e+00
4.547931849956512451e-01
2.865530252456665039e-01
3.534963354468345642e-02
1.590860188007354736e-01
2.264630608260631561e-02
0.000000000000000000e+00
8.506541252136230469e-01
2.401941061019897461e+00
2.476793155074119568e-02
1.803244799375534058e-01
2.173270463943481445e+00
7.470831871032714844e-01
7.072259485721588135e-02
5.191004872322082520e-01
1.740703344345092773e+00
0.000000000000000000e+00
2.702424764633178711e+00
1.499264221638441086e-02
7.936480641365051270e-01
0.000000000000000000e+00
4.511421322822570801e-01
4.056362807750701904e-02
6.903249025344848633e-01
4.566292166709899902e-01
3.119271099567413330e-01
3.499403595924377441e-02
4.540882408618927002e-01
1.711058497428894043e+00
1.201302170753479004e+00
8.234374225139617920e-02
6.498829722404479980e-01
1.020978242158889771e-01
1.615244150161743164e-01
1.165332555770874023e+00
1.242782473564147949e+00
1.227596879005432129e+00
3.185581266880035400e-01
2.854320108890533447e-01
6.282039284706115723e-01
1.481460630893707275e-01
2.175548553466796875e+00
4.020004719495773315e-02
5.029093027114868164e-01
3.032394051551818848e-01
2.318366467952728271e-01
2.945370674133300781e-01
0.000000000000000000e+00
9.316726922988891602e-01
1.332828402519226074e-01
6.221359372138977051e-01
1.334891676902770996e+00
2.051455667242407799e-03
1.363558769226074219e+00
5.172361135482788086e-01
5.030195116996765137e-01
0.000000000000000000e+00
4.577233493328094482e-01
2.071606367826461792e-02
0.000000000000000000e+00
7.565668225288391113e-01
5.546351671218872070e-01
1.604539513587951660e+00
1.146330118179321289e+00
2.284674793481826782e-01
4.347996413707733154e-02
7.431037724018096924e-02
4.256498441100120544e-02
3.158637881278991699e-01
2.607117779552936554e-02
1.709040626883506775e-02
2.134349793195724487e-01
2.560866117477416992e+00
5.702201724052429199e-01
1.283938527107238770e+00
2.462141990661621094e+00
9.693461656570434570e-01
2.017913013696670532e-02
1.680065318942070007e-02
0.000000000000000000e+00
3.113001286983489990e-01
1.196773275732994080e-01
5.673308297991752625e-02
2.483674883842468262e-02
2.674110531806945801e-01
2.448978647589683533e-02
4.255972057580947876e-02
3.366495370864868164e-01
1.722794324159622192e-01
5.945988297462463379e-01
0.000000000000000000e+00
2.391011118888854980e-01
4.655824005603790283e-01
1.500862538814544678e-01
1.325902901589870453e-02
2.490293383598327637e-01
2.393901348114013672e-01
9.807245805859565735e-03
7.459648251533508301e-01
1.901777237653732300e-01
1.587947085499763489e-02
3.560259342193603516e-01
1.135439500212669373e-01
5.151854753494262695e-01
5.000593066215515137e-01
2.188954651355743408e-01
1.670409679412841797e+00
4.103011786937713623e-01
7.173260211944580078e+00
9.711997985839843750e+00
5.588893294334411621e-01
4.140905220992863178e-04
9.427581913769245148e-03
9.702758193016052246e-01
1.766593456268310547e-01
5.229423642158508301e-01
2.168952703475952148e+00
0.000000000000000000e+00
5.342422053217887878e-02
1.376940727233886719e+00
3.455763101577758789e+00
0.000000000000000000e+00
6.215636730194091797e-01
2.299546957015991211e+00
0.000000000000000000e+00
1.156877994537353516e+00
0.000000000000000000e+00
5.648958683013916016e-01
3.745475709438323975e-01
3.627788275480270386e-02
4.546124339103698730e-01
3.669070005416870117e-01
4.402578249573707581e-02
5.422589182853698730e-01
9.120658785104751587e-02
3.252031564712524414e+00
1.793713122606277466e-01
8.701520562171936035e-01
1.522862911224365234e-01
1.477755010128021240e-01
7.531976699829101562e-01
2.625943660736083984e+00
7.193572521209716797e-01
1.626462191343307495e-01
8.277511596679687500e-02
2.435748465359210968e-02
7.648205757141113281e-02
1.226284146308898926e+00
1.310635358095169067e-01
1.702074646949768066e+00
9.465037286281585693e-02
4.314768910408020020e-01
5.421462701633572578e-04
3.766394555568695068e-01
3.938417509198188782e-02
1.471703350543975830e-01
6.724380254745483398e-01
0.000000000000000000e+00
1.536245737224817276e-02
1.936595328152179718e-02
1.163304746150970459e-01
2.290294878184795380e-02
2.497468888759613037e-01
2.256310777738690376e-03
0.000000000000000000e+00
4.736119508743286133e-02
1.267292499542236328e-01
4.832692742347717285e-01
1.224661339074373245e-02
2.801448404788970947e-01
5.885102972388267517e-02
0.000000000000000000e+00
8.729201555252075195e-01
0.000000000000000000e+00
5.728704333305358887e-01
7.924723625183105469e-02
3.336881995201110840e-01
4.550246894359588623e-01
0.000000000000000000e+00
5.261058807373046875e-01
1.026507377624511719e+00
6.781272888183593750e-01
1.517145708203315735e-02
2.114998735487461090e-02
0.000000000000000000e+00
4.910639300942420959e-02
6.433749943971633911e-02
6.822494417428970337e-02
3.305688858032226562e+00
0.000000000000000000e+00
1.784825474023818970e-01
5.662941336631774902e-01
4.739034473896026611e-01
8.952502161264419556e-02
0.000000000000000000e+00
5.667080879211425781e-01
1.898611038923263550e-01
1.479385495185852051e-01
3.867479413747787476e-02
3.915209323167800903e-02
2.799340188503265381e-01
1.971349716186523438e-01
5.524013563990592957e-02
0.000000000000000000e+00
4.760502874851226807e-01
1.417958617210388184e+00
1.049256622791290283e-01
1.434715986251831055e-01
2.637973725795745850e-01
1.015213489532470703e+00
7.183105945587158203e-01
3.813317418098449707e-01
1.808246672153472900e-01
1.839897036552429199e-01
1.209618926048278809e+00
5.790758132934570312e-02
0.000000000000000000e+00
0.000000000000000000e+00
1.874755322933197021e-01
2.384157478809356689e-02
4.121238589286804199e-01
1.090688705444335938e-01
3.203730657696723938e-02
2.725377082824707031e-01
2.113484293222427368e-01
2.096603959798812866e-01
2.146604955196380615e-01
1.505075573921203613e+00
1.653379440307617188e+00
2.012249231338500977e+00
0.000000000000000000e+00
2.316833706572651863e-03
6.245710253715515137e-01
1.527525484561920166e-02
1.144663169980049133e-01
1.788480393588542938e-02
4.289767146110534668e-02
1.228264123201370239e-01
2.682825326919555664e-01
3.671751916408538818e-01
0.000000000000000000e+00
2.165464311838150024e-01
9.568461179733276367e-01
0.000000000000000000e+00
1.028980687260627747e-01
1.566664427518844604e-01
4.353727698326110840e-01
9.372333437204360962e-02
6.459286808967590332e-01
3.643723726272583008e-01
5.926879644393920898e-01
0.000000000000000000e+00
3.144841790199279785e-01
5.835536867380142212e-03
1.048907339572906494e-01
1.411738246679306030e-01
7.774482481181621552e-03
1.434882823377847672e-02
5.580884218215942383e-01
6.090183742344379425e-03
7.964124083518981934e-01
7.207692861557006836e-01
5.645170062780380249e-02
8.214948773384094238e-01
1.622991800308227539e+00
2.798379212617874146e-02
1.747269749641418457e+00
0.000000000000000000e+00
5.950598716735839844e-01
5.811365321278572083e-03
4.194422364234924316e-01
3.906376361846923828e+00
1.596401929855346680e-01
4.386729001998901367e-01
0.000000000000000000e+00
6.984589248895645142e-02
1.142943859100341797e+00
6.505829095840454102e-01
1.871617734432220459e-01
1.964216828346252441e-01
8.631757497787475586e-01
1.746832430362701416e-01
1.047720432281494141e+00
2.220168560743331909e-01
1.772453486919403076e-01
3.382723033428192139e-02
9.603282669559121132e-04
0.000000000000000000e+00
1.403528451919555664e-01
7.310019731521606445e-01
7.754006385803222656e-01
1.504253596067428589e-01
3.381336629390716553e-01
4.516014456748962402e-01
1.222128942608833313e-01
1.453259736299514771e-01
3.174004852771759033e-01
7.994359731674194336e-01
0.000000000000000000e+00
1.258201956748962402e+00
6.080000847578048706e-02
1.613470315933227539e-01
3.398454189300537109e-01
3.401140868663787842e-01
1.218661665916442871e+00
0.000000000000000000e+00
1.157229781150817871e+00
3.678484559059143066e-01
1.052643656730651855e+00
0.000000000000000000e+00
5.978217124938964844e-01
3.486583828926086426e-01
3.530569791793823242e+00
0.000000000000000000e+00
1.147563904523849487e-01
0.000000000000000000e+00
7.621763646602630615e-02
2.628897130489349365e-01
1.078136041760444641e-01
1.435055583715438843e-01
1.071244239807128906e+00
1.048148842528462410e-03
0.000000000000000000e+00
6.683473289012908936e-02
0.000000000000000000e+00
0.000000000000000000e+00
2.220946364104747772e-02
1.092420052736997604e-02
4.131440222263336182e-01
5.104092955589294434e-01
0.000000000000000000e+00
5.941246747970581055e-01
1.653213948011398315e-01
7.179778069257736206e-02
5.095319151878356934e-01
1.216420829296112061e-01
3.539383411407470703e-01
0.000000000000000000e+00
1.619739174842834473e+00
4.416799843311309814e-01
2.105788737535476685e-01
8.056543767452239990e-03
5.086333751678466797e-01
8.855141401290893555e-01
1.298209559172391891e-02
5.732957720756530762e-01
2.215647399425506592e-01
0.000000000000000000e+00
1.236607506871223450e-01
6.220889091491699219e-01
4.976087715476751328e-03
9.933022260665893555e-01
1.321127563714981079e-01
1.784075866453349590e-03
0.000000000000000000e+00
1.530049592256546021e-01
4.454559087753295898e-01
1.736684083938598633e+00
4.515333473682403564e-01
1.684506088495254517e-01
1.577740430831909180e+00
2.642191648483276367e-01
6.692965626716613770e-01
1.053661465644836426e+00
0.000000000000000000e+00
9.988317489624023438e-01
1.196468234062194824e+00
7.943843305110931396e-02
0.000000000000000000e+00
4.634231925010681152e-01
5.039746165275573730e-01
6.395232677459716797e-02
1.014636874198913574e+00
3.536735475063323975e-02
2.135259866714477539e+00
1.891340166330337524e-01
4.609763026237487793e-01
0.000000000000000000e+00
4.345133900642395020e-01
6.153271794319152832e-01
0.000000000000000000e+00
1.097148537635803223e+00
5.304206162691116333e-02
3.974030017852783203e-01
9.759069085121154785e-01
0.000000000000000000e+00
2.286956012248992920e-01
2.027969121932983398e+00
7.413810584694147110e-03
1.963286876678466797e+00
3.802266716957092285e-01
7.063174843788146973e-01
1.481886580586433411e-02
4.833988547325134277e-01
0.000000000000000000e+00
2.086881548166275024e-02
1.555418729782104492e+00
6.609233021736145020e-01
4.827228188514709473e-01
3.096956200897693634e-02
8.084866404533386230e-01
3.918664455413818359e-01
2.079183459281921387e-01
1.620736867189407349e-01
0.000000000000000000e+00
1.337787788361310959e-02
3.036389648914337158e-01
3.085711214225739241e-04
1.544837057590484619e-01
1.054973602294921875e+00
5.869650840759277344e-01
2.067206203937530518e-01
9.766487479209899902e-01
1.242111325263977051e+00
2.528195455670356750e-02
3.827812671661376953e-01
3.765818476676940918e-01
1.442290544509887695e-01
5.807648301124572754e-01
0.000000000000000000e+00
7.848452776670455933e-03
0.000000000000000000e+00
1.503946632146835327e-01
9.526505470275878906e-01
3.592109978199005127e-01
5.701404809951782227e-02
1.493602991104125977e-01
3.066140413284301758e+00
1.846861094236373901e-01
1.083059430122375488e+00
1.688585281372070312e+00
1.813734769821166992e+00
1.183361783623695374e-01
0.000000000000000000e+00
2.322180569171905518e-01
5.251463502645492554e-02
8.432685732841491699e-01
0.000000000000000000e+00
1.767476946115493774e-01
2.569444179534912109e-01
5.520602315664291382e-02
3.302381277084350586e+00
6.996419280767440796e-02
0.000000000000000000e+00
3.559083444997668266e-03
4.725889861583709717e-01
2.106987684965133667e-02
1.129492878913879395e+00
1.737672805786132812e+00
9.219683706760406494e-02
1.754845380783081055e-01
0.000000000000000000e+00
2.557013034820556641e-01
5.279035121202468872e-02
1.640347242355346680e-01
6.226154565811157227e-01
6.799830496311187744e-02
2.529936075210571289e+00
0.000000000000000000e+00
0.000000000000000000e+00
1.075226068496704102e-01
1.792360991239547729e-01
2.756007909774780273e-01
5.281793884932994843e-03
9.544697403907775879e-01
1.898136176168918610e-02
1.971192508935928345e-01
2.228448353707790375e-02
2.341372072696685791e-01
2.951391935348510742e-01
1.097638964653015137e+00
3.206778492312878370e-04
0.000000000000000000e+00
7.568629458546638489e-03
0.000000000000000000e+00
5.689061880111694336e-01
2.103591114282608032e-01
0.000000000000000000e+00
3.535186648368835449e-01
0.000000000000000000e+00
7.128764390945434570e-01
3.261997222900390625e+00
1.416682839393615723e+00
1.541666984558105469e+00
1.030635312199592590e-01
2.207276225090026855e-01
5.586196184158325195e-01
3.963536024093627930e-02
4.403515160083770752e-01
1.277368366718292236e-01
2.170269966125488281e+00
3.186923980712890625e+00
1.095993891358375549e-01
0.000000000000000000e+00
1.275033801794052124e-01
1.466452628374099731e-01
6.012302041053771973e-01
6.459255218505859375e-01
4.563142061233520508e-01
2.507607452571392059e-03
0.000000000000000000e+00
4.556671380996704102e-01
3.422309160232543945e+00
1.384522765874862671e-01
1.143079519271850586e+00
8.265261054039001465e-01
8.405326306819915771e-02
1.200052738189697266e+00
1.818376541137695312e+00
6.064035892486572266e-01
3.674485087394714355e-01
1.463548392057418823e-01
4.204018712043762207e-01
1.035237908363342285e-01
2.499224543571472168e-01
9.076021313667297363e-01
1.212593913078308105e-01
0.000000000000000000e+00
3.510501861572265625e+00
1.554634720087051392e-01
6.274848431348800659e-02
9.340898394584655762e-01
2.995321452617645264e-01
3.129745721817016602e-01
9.637309312820434570e-01
6.203812360763549805e-02
2.684954106807708740e-01
9.443800896406173706e-02
3.011858165264129639e-01
1.035077422857284546e-01
4.659867584705352783e-01
0.000000000000000000e+00
1.254787802696228027e+00
5.088285356760025024e-02
0.000000000000000000e+00
0.000000000000000000e+00
2.016783505678176880e-01
2.471944987773895264e-01
2.564144134521484375e-01
3.604549914598464966e-02
2.821756340563297272e-02
2.554728388786315918e-01
1.738852113485336304e-01
1.050745993852615356e-01
1.881971716880798340e+00
2.243570238351821899e-01
2.638672292232513428e-01
2.371608912944793701e-01
2.236166149377822876e-01
8.934240341186523438e-01
4.618165194988250732e-01
3.711570501327514648e-01
2.291866950690746307e-02
2.481889445334672928e-03
0.000000000000000000e+00
0.000000000000000000e+00
2.439158111810684204e-01
1.882824748754501343e-01
1.359441280364990234e-01
6.452583521604537964e-02
1.093850135803222656e+00
2.328897714614868164e+00
0.000000000000000000e+00
2.350020557641983032e-01
0.000000000000000000e+00
0.000000000000000000e+00
3.395691215991973877e-01
0.000000000000000000e+00
1.184103846549987793e+00
5.589329004287719727e-01
2.075096219778060913e-01
1.141637098044157028e-03
2.825087402015924454e-03
1.426576673984527588e-01
1.646178588271141052e-02
1.024778783321380615e-01
4.852891266345977783e-01
9.085004925727844238e-01
2.323243618011474609e-01
7.972071170806884766e-01
8.385490775108337402e-01
2.977360486984252930e-01
1.406542301177978516e+00
4.838041029870510101e-03
1.652081757783889771e-01
0.000000000000000000e+00
0.000000000000000000e+00
8.153061866760253906e-01
2.308106720447540283e-01
4.384397864341735840e-01
2.672320306301116943e-01
8.008293062448501587e-02
2.640874385833740234e-01
0.000000000000000000e+00
3.090547025203704834e-01
0.000000000000000000e+00
5.921597592532634735e-03
1.576738245785236359e-02
3.165292024612426758e+00
2.199431508779525757e-01
0.000000000000000000e+00
1.821210831403732300e-01
2.264930754899978638e-01
4.448930919170379639e-02
1.036564931273460388e-01
1.683089183643460274e-03
3.062736010178923607e-03
9.389641880989074707e-02
5.178268253803253174e-02
4.663366079330444336e-01
9.623717516660690308e-02
5.044763684272766113e-01
7.046127915382385254e-01
8.439562469720840454e-02
1.347389698028564453e+00
0.000000000000000000e+00
1.101892948150634766e+00
8.342580795288085938e-01
3.376599252223968506e-01
0.000000000000000000e+00
1.343940198421478271e-01
3.418902307748794556e-02
2.039020657539367676e-01
3.414710611104965210e-02
7.192608714103698730e-02
0.000000000000000000e+00
8.825066685676574707e-02
4.185236692428588867e-01
1.626121401786804199e+00
3.063293099403381348e-01
2.902409434318542480e-01
3.588342070579528809e-01
7.231549620628356934e-01
1.169677615165710449e+00
3.752990663051605225e-01
1.384008228778839111e-01
2.429297864437103271e-01
8.279907703399658203e-01
3.047134876251220703e-01
0.000000000000000000e+00
6.006808876991271973e-01
6.242364645004272461e-01
9.762875735759735107e-02
2.465423196554183960e-02
2.055069655179977417e-01
0.000000000000000000e+00
7.277849912643432617e-01
8.640635609626770020e-01
0.000000000000000000e+00
4.081666767597198486e-01
1.531523615121841431e-01
4.801019281148910522e-02
4.185817241668701172e-01
1.568430423736572266e+00
5.837078392505645752e-02
0.000000000000000000e+00
1.640474982559680939e-02
1.814385950565338135e-01
2.672579884529113770e-01
1.098058447241783142e-01
4.665963351726531982e-03
6.879856437444686890e-02
1.584002256393432617e+00
1.987202912569046021e-01
0.000000000000000000e+00
5.741944164037704468e-02
9.189296364784240723e-01
3.281571567058563232e-01
2.391924560070037842e-01
9.067828953266143799e-02
2.532302737236022949e-01
6.417346000671386719e-01
1.328712850809097290e-01
7.984934449195861816e-01
3.425806462764739990e-01
5.234064906835556030e-02
3.642503917217254639e-01
1.528457552194595337e-01
0.000000000000000000e+00
2.330023944377899170e-01
0.000000000000000000e+00
2.145108431577682495e-01
5.544787645339965820e-01
3.535947203636169434e-02
1.282633095979690552e-01
2.516717016696929932e-01
2.770231068134307861e-01
5.183842182159423828e-01
6.103832125663757324e-01
1.121398091316223145e+00
1.654814695939421654e-03
5.112428218126296997e-02
2.199400030076503754e-02
3.519190549850463867e+00
2.885710597038269043e-01
1.545719653367996216e-01
2.876704037189483643e-01
1.129642799496650696e-01
0.000000000000000000e+00
8.530268073081970215e-01
1.088764905929565430e+00
5.595412254333496094e-01
4.717253744602203369e-01
1.759149730205535889e-01
5.195718407630920410e-01
1.611357741057872772e-02
4.261591006070375443e-03
3.100675344467163086e-01
1.235611736774444580e-02
1.584628522396087646e-01
4.601543769240379333e-02
1.790957897901535034e-01
2.916940450668334961e-01
6.488240957260131836e-01
2.577468380331993103e-02
1.669864505529403687e-01
1.107542991638183594e+00
8.673096448183059692e-02
5.725647807121276855e-01
2.146569013595581055e+00
1.327855437994003296e-01
7.323585450649261475e-02
4.498591646552085876e-02
6.430969387292861938e-02
9.933041930198669434e-01
1.490869671106338501e-01
1.379591673612594604e-01
2.230787128210067749e-01
1.924449950456619263e-01
1.185404062271118164e+00
1.792745292186737061e-02
0.000000000000000000e+00
2.660704851150512695e-01
0.000000000000000000e+00
5.488782003521919250e-02
0.000000000000000000e+00
1.179419159889221191e-01
1.073456406593322754e-01
1.752592444419860840e+00
2.974946200847625732e-01
1.021457076072692871e+00
5.412602424621582031e-01
2.176182530820369720e-02
2.144915461540222168e-01
1.825482845306396484e-01
3.411496877670288086e-01
0.000000000000000000e+00
2.602393031120300293e-01
1.207942841574549675e-03
3.973580896854400635e-01
9.342909604310989380e-02
3.540020287036895752e-01
3.127962350845336914e-02
1.351196169853210449e-01
6.254241615533828735e-02
3.032203018665313721e-02
2.298275381326675415e-02
0.000000000000000000e+00
8.015282154083251953e-01
2.486659884452819824e-01
0.000000000000000000e+00
3.420174121856689453e-01
6.634298563003540039e-01
5.643666982650756836e-01
6.699041128158569336e-01
0.000000000000000000e+00
1.959260702133178711e-01
2.057822048664093018e-01
7.840090245008468628e-02
3.447652980685234070e-02
0.000000000000000000e+00
1.545463085174560547e+00
1.909709908068180084e-02
3.093322753906250000e+00
2.181575596332550049e-01
9.566474556922912598e-01
3.401579335331916809e-02
1.507695466279983521e-01
3.986619412899017334e-01
4.862305819988250732e-01
9.904548525810241699e-01
8.598569035530090332e-01
0.000000000000000000e+00
2.821977436542510986e-01
4.784049093723297119e-01
6.894680857658386230e-01
2.866998910903930664e-01
9.285255335271358490e-03
8.997236145660281181e-04
6.817778944969177246e-01
9.213277101516723633e-01
1.787051409482955933e-01
3.415435850620269775e-01
2.202142030000686646e-01
1.110632345080375671e-01
1.624789685010910034e-01
4.435949027538299561e-01
4.948294721543788910e-03
1.076958179473876953e+00
1.477116823196411133e+00
2.201594859361648560e-01
2.225516140460968018e-01
9.812512397766113281e-01
5.902393907308578491e-02
9.012661576271057129e-01
6.889705061912536621e-01
9.317560195922851562e-01
3.757378831505775452e-02
0.000000000000000000e+00
1.744649112224578857e-01
6.335978507995605469e-01
1.955895900726318359e+00
1.207420229911804199e+00
2.479755692183971405e-02
1.166357398033142090e-01
1.745283789932727814e-02
6.352202594280242920e-02
5.757305622100830078e-01
9.447886943817138672e-01
7.516684383153915405e-02
1.432964056730270386e-01
1.937150597572326660e+00
3.566676676273345947e-01
5.493931472301483154e-02
7.955530881881713867e-01
9.985068440437316895e-02
7.464764267206192017e-02
2.939238548278808594e-01
5.494464039802551270e-01
2.022328823804855347e-01
1.752077043056488037e-01
2.785241790115833282e-02
1.987176947295665741e-02
3.317058086395263672e-01
3.617814779281616211e-01
4.082777023315429688e+00
1.663477718830108643e-01
6.957911700010299683e-02
1.648446321487426758e-01
7.183071225881576538e-02
3.942995965480804443e-01
4.566109925508499146e-02
6.597544252872467041e-02
3.697901368141174316e-01
2.597348392009735107e-02
3.776863515377044678e-01
2.915043570101261139e-02
4.641933739185333252e-01
0.000000000000000000e+00
8.941105566918849945e-03
1.347679048776626587e-01
1.325135350227355957e+00
1.766340017318725586e+00
2.687997184693813324e-02
0.000000000000000000e+00
1.709096250124275684e-03
0.000000000000000000e+00
2.979870513081550598e-02
2.200244963169097900e-01
8.111484348773956299e-02
8.010907173156738281e-01
0.000000000000000000e+00
1.386893074959516525e-02
1.321591529995203018e-02
1.881970614194869995e-01
1.612815260887145996e-01
8.814471960067749023e-02
2.542674541473388672e-02
1.137654110789299011e-02
4.305285215377807617e-01
0.000000000000000000e+00
3.698733448982238770e-01
7.719708681106567383e-01
3.616398200392723083e-03
1.331031322479248047e+00
1.457685708999633789e+00
3.285350322723388672e+00
3.842518031597137451e-01
1.235115453600883484e-01
8.499835133552551270e-01
2.382032394409179688e+00
1.617088168859481812e-01
9.087574481964111328e-01
3.761644065380096436e-01
1.238283328711986542e-02
2.846143208444118500e-02
2.131687700748443604e-01
3.141109347343444824e-01
1.021709561347961426e+00
5.169279128313064575e-02
0.000000000000000000e+00
1.788848042488098145e-01
0.000000000000000000e+00
5.134375765919685364e-02
3.004530668258666992e-01
1.388831615447998047e+00
3.296235799789428711e-01
5.904585123062133789e-02
5.572398304939270020e-01
1.170824021100997925e-01
5.922603607177734375e-02
1.505824271589517593e-02
4.947811067104339600e-01
1.372579455375671387e+00
5.821613073348999023e-01
1.082538291811943054e-01
9.091896414756774902e-01
2.986208796501159668e-01
0.000000000000000000e+00
1.299763917922973633e-01
1.268938481807708740e-01
6.505934000015258789e-01
1.155271939933300018e-02
4.033344089984893799e-01
8.496029675006866455e-02
5.933290004730224609e+00
1.483907699584960938e-01
4.413867369294166565e-03
3.992334008216857910e-01
7.124256342649459839e-02
1.329426020383834839e-01
2.897973358631134033e-01
6.731260567903518677e-02
6.276612281799316406e-01
2.771175093948841095e-02
1.178018003702163696e-01
5.574931576848030090e-02
5.702663064002990723e-01
1.533915996551513672e-01
1.374441385269165039e-01
9.231011271476745605e-01
2.343976311385631561e-02
6.649423390626907349e-02
1.473561078310012817e-01
1.849652081727981567e-01
8.619632124900817871e-01
4.756469652056694031e-02
0.000000000000000000e+00
5.155579000711441040e-02
3.870987892150878906e-01
5.690219402313232422e-01
0.000000000000000000e+00
1.585325002670288086e+00
0.000000000000000000e+00
1.184330135583877563e-02
5.141139626502990723e-01
0.000000000000000000e+00
3.999836626462638378e-04
4.665159061551094055e-02
9.617907553911209106e-02
4.141277670860290527e-01
1.115683078765869141e+00
1.955158822238445282e-02
1.959718912839889526e-01
4.671296775341033936e-01
1.410926342010498047e+00
2.192670255899429321e-01
5.051417946815490723e-01
1.524931669235229492e+00
3.820058703422546387e-02
