2.395359575748443604e-01
4.468347132205963135e-01
0.000000000000000000e+00
4.153369367122650146e-02
0.000000000000000000e+00
1.618267595767974854e-02
3.295112252235412598e-01
8.605988323688507080e-02
6.403148174285888672e-02
2.223630845546722412e-01
3.901100158691406250e-02
1.193221774883568287e-03
0.000000000000000000e+00
0.000000000000000000e+00
1.755673587322235107e-01
5.523246154189109802e-02
6.035913228988647461e-01
1.295046806335449219e+00
5.101713910698890686e-02
9.747789055109024048e-02
7.567199468612670898e-01
1.271409749984741211e+00
4.048759117722511292e-02
0.000000000000000000e+00
5.987246036529541016e-01
2.407607249915599823e-02
1.041658222675323486e-02
9.245415031909942627e-02
6.718063959851861000e-04
0.000000000000000000e+00
7.161765694618225098e-01
0.000000000000000000e+00
8.616987615823745728e-02
7.278371602296829224e-02
0.000000000000000000e+00
1.492353826761245728e-01
8.605170845985412598e-01
1.030626773834228516e+00
3.246043622493743896e-02
0.000000000000000000e+00
1.762524619698524475e-02
1.304988503456115723e+00
1.983198404312133789e+00
2.378471195697784424e-01
0.000000000000000000e+00
4.891562163829803467e-01
9.010653942823410034e-02
1.967948675155639648e-01
8.879155665636062622e-02
0.000000000000000000e+00
7.072578668594360352e-01
8.878292441368103027e-01
1.444849729537963867e+00
6.571530699729919434e-01
3.523921489715576172e+00
1.623252965509891510e-02
0.000000000000000000e+00
5.237622261047363281e-01
0.000000000000000000e+00
8.251521736383438110e-03
1.800736039876937866e-01
2.936137281358242035e-02
6.414697766304016113e-01
2.789129503071308136e-02
5.933266282081604004e-01
3.729653656482696533e-01
1.517062634229660034e-02
1.930219680070877075e-01
6.925999522209167480e-01
4.463949501514434814e-01
3.782331943511962891e-01
1.116017699241638184e+00
1.578282594680786133e+00
2.952193617820739746e-01
9.825089573860168457e-02
0.000000000000000000e+00
0.000000000000000000e+00
1.400851272046566010e-02
9.743585437536239624e-02
5.349204316735267639e-02
0.000000000000000000e+00
7.775326967239379883e-01
9.200572967529296875e-02
4.394234716892242432e-01
4.586046040058135986e-01
5.299746394157409668e-01
2.812848806381225586e+00
1.030651330947875977e+00
8.627074956893920898e-02
2.075969129800796509e-01
1.648623123764991760e-02
2.424939632415771484e+00
1.442097686231136322e-02
1.725949198007583618e-01
7.892751693725585938e-01
0.000000000000000000e+00
2.000376768410205841e-02
3.448808938264846802e-02
3.250598907470703125e-03
9.921708106994628906e-01
3.387054204940795898e-01
0.000000000000000000e+00
4.811458587646484375e-01
0.000000000000000000e+00
6.347040645778179169e-03
1.301104724407196045e-01
0.000000000000000000e+00
4.026454985141754150e-01
4.402974605560302734e+00
8.925576210021972656e-01
5.581678748130798340e-01
0.000000000000000000e+00
2.104869931936264038e-01
0.000000000000000000e+00
2.640060381963849068e-03
6.108317058533430099e-03
6.497523933649063110e-02
5.660299658775329590e-01
4.346024245023727417e-03
2.718861103057861328e-01
0.000000000000000000e+00
1.192553758621215820e+00
2.293597348034381866e-02
5.246471762657165527e-01
0.000000000000000000e+00
0.000000000000000000e+00
2.224376916885375977e+00
3.076221980154514313e-02
6.474930047988891602e-01
1.560468554496765137e+00
1.512348055839538574e-01
2.288023829460144043e-01
2.393766939640045166e-01
2.875291705131530762e-01
8.642034977674484253e-02
0.000000000000000000e+00
0.000000000000000000e+00
2.694109082221984863e-02
2.203185409307479858e-01
1.306175112724304199e+00
8.919741511344909668e-01
1.393180433660745621e-02
8.723060488700866699e-01
1.309739947319030762e-01
3.357610225677490234e+00
0.000000000000000000e+00
1.022812008857727051e+00
2.245710939168930054e-01
5.377169847488403320e-01
2.066416740417480469e+00
5.978100299835205078e-01
1.243133321404457092e-01
7.183508872985839844e-01
7.680609822273254395e-02
2.516886917874217033e-03
5.095890909433364868e-02
0.000000000000000000e+00
2.544509619474411011e-02
1.826398372650146484e-01
1.448418021202087402e+00
1.470643043518066406e+00
1.042735856026411057e-02
2.024112224578857422e+00
5.026733875274658203e-01
4.597032815217971802e-02
1.742782145738601685e-01
3.636201322078704834e-01
9.297602227889001369e-04
1.237608678638935089e-02
1.996164172887802124e-01
1.455143809318542480e+00
5.520414113998413086e-01
8.993533253669738770e-01
5.695980787277221680e-01
6.211919784545898438e-01
1.686069965362548828e-01
1.696643084287643433e-01
0.000000000000000000e+00
9.769899249076843262e-01
2.645778656005859375e-01
3.232607543468475342e-01
2.428108453750610352e+00
2.118188858032226562e+00
2.349100261926651001e-01
1.511483788490295410e-01
8.938031196594238281e-01
1.422505617141723633e+00
9.711856245994567871e-01
1.884660243988037109e+00
1.335736066102981567e-01
5.734674334526062012e-01
0.000000000000000000e+00
7.105231881141662598e-01
3.045238256454467773e-01
2.708733677864074707e-01
7.044125348329544067e-02
4.029595255851745605e-01
0.000000000000000000e+00
1.043334789574146271e-02
3.903474286198616028e-02
1.116330265998840332e+00
2.414670884609222412e-01
3.113316595554351807e-01
7.848216220736503601e-03
1.072087809443473816e-01
4.483203887939453125e+00
1.551376562565565109e-02
2.607564687728881836e+00
3.939648717641830444e-02
5.864523649215698242e-01
1.445105224847793579e-01
4.319946095347404480e-02
4.641048237681388855e-02
2.655301650520414114e-04
9.395549073815345764e-03
1.752372086048126221e-01
0.000000000000000000e+00
2.270912751555442810e-03
2.745142206549644470e-02
2.228694222867488861e-02
3.167568519711494446e-02
1.848167181015014648e-01
4.471144676208496094e-01
1.556646227836608887e+00
3.355740904808044434e-01
6.112186238169670105e-02
1.493056654930114746e+00
0.000000000000000000e+00
2.143631726503372192e-01
1.433260440826416016e+00
0.000000000000000000e+00
2.121551632881164551e-01
1.591196842491626740e-02
2.329656109213829041e-02
1.496649742126464844e+00
2.995774745941162109e-01
0.000000000000000000e+00
4.257568717002868652e-01
0.000000000000000000e+00
1.558340061455965042e-02
5.678493380546569824e-01
9.795283526182174683e-02
2.949988842010498047e+00
1.595743298530578613e-01
8.284800052642822266e-01
4.174981117248535156e-01
2.051092982292175293e-01
1.090355291962623596e-01
3.845415711402893066e-01
1.766261011362075806e-01
5.084655284881591797e-01
1.447057723999023438e-02
1.737024188041687012e-01
1.274347305297851562e+00
0.000000000000000000e+00
3.213409483432769775e-01
3.893524408340454102e-01
1.750616073608398438e+00
8.048912137746810913e-02
5.278255939483642578e-01
8.591789603233337402e-01
0.000000000000000000e+00
6.147777661681175232e-02
9.951861575245857239e-03
1.825040765106678009e-02
5.229902267456054688e-01
9.962113201618194580e-02
5.694628953933715820e-01
2.956195116043090820e+00
5.067866444587707520e-01
1.260309219360351562e-01
2.628501653671264648e+00
5.705684050917625427e-02
2.587921619415283203e-01
8.207755088806152344e-01
5.676557775586843491e-03
2.230326533317565918e-01
1.034064054489135742e+00
3.504877686500549316e-01
1.683985255658626556e-02
9.291464090347290039e-02
3.230226039886474609e-01
1.094871461391448975e-01
0.000000000000000000e+00
0.000000000000000000e+00
2.000922679901123047e+00
1.265865266323089600e-01
1.230873018503189087e-01
8.435114622116088867e-01
5.424870252609252930e-01
1.372804492712020874e-01
1.251436769962310791e-01
9.062691330909729004e-01
9.698328562080860138e-03
4.297640919685363770e-01
1.294756412506103516e+00
1.679187893867492676e+00
0.000000000000000000e+00
1.058888658881187439e-01
1.367471665143966675e-01
4.704204201698303223e-01
3.317687511444091797e-01
6.826385259628295898e-01
0.000000000000000000e+00
6.308735162019729614e-02
5.296518281102180481e-02
1.097752302885055542e-01
3.710094094276428223e-01
2.884061308577656746e-03
6.214665174484252930e-01
1.111639976501464844e+00
4.217223227024078369e-01
8.046545833349227905e-02
3.107313439249992371e-02
5.496285855770111084e-02
5.572299957275390625e-01
2.729428708553314209e-01
1.509591937065124512e-01
3.207198083400726318e-01
1.258331418037414551e+00
3.483633399009704590e-01
3.402134180068969727e-01
1.762802898883819580e-01
0.000000000000000000e+00
1.160270944237709045e-01
0.000000000000000000e+00
0.000000000000000000e+00
2.983603253960609436e-02
0.000000000000000000e+00
4.099520444869995117e-01
1.195073246955871582e+00
0.000000000000000000e+00
1.237957831472158432e-02
2.187765538692474365e-01
2.498217225074768066e-01
3.745272755622863770e-02
5.394665598869323730e-01
9.953260421752929688e-02
1.012136816978454590e+00
6.935403496026992798e-02
4.308415949344635010e-01
1.048294678330421448e-01
3.987004518508911133e+00
1.252077817916870117e+00
7.061690837144851685e-02
1.945831328630447388e-01
1.586171239614486694e-01
2.675586223602294922e+00
9.424824118614196777e-01
0.000000000000000000e+00
0.000000000000000000e+00
1.460668724030256271e-02
2.430719882249832153e-01
2.344594240188598633e+00
2.165710739791393280e-02
1.154110878705978394e-01
0.000000000000000000e+00
8.858451247215270996e-01
4.450864493846893311e-01
0.000000000000000000e+00
1.036475419998168945e+00
5.117895007133483887e-01
0.000000000000000000e+00
8.527137339115142822e-03
1.000720143318176270e+00
5.249546766281127930e-01
1.730293408036231995e-02
0.000000000000000000e+00
2.340658903121948242e-01
7.978973388671875000e-01
0.000000000000000000e+00
3.144120331853628159e-03
7.048892229795455933e-02
0.000000000000000000e+00
0.000000000000000000e+00
5.762259475886821747e-03
3.011609986424446106e-02
7.538800239562988281e-01
7.438820600509643555e-02
2.123493194580078125e+00
1.554365009069442749e-01
3.044832646846771240e-01
1.310108780860900879e+00
0.000000000000000000e+00
4.140974581241607666e-02
6.585734337568283081e-02
9.937297552824020386e-03
1.353213489055633545e-01
4.385891258716583252e-01
1.369531601667404175e-01
8.910535573959350586e-01
3.001504182815551758e+00
7.937117099761962891e+00
3.378406763076782227e-01
3.961660340428352356e-02
2.863218262791633606e-02
6.373921409249305725e-03
8.076406121253967285e-01
0.000000000000000000e+00
8.394679427146911621e-02
7.044076919555664062e-01
5.221575126051902771e-02
5.902924761176109314e-02
2.649307250976562500e-01
1.077992692589759827e-01
8.376651257276535034e-02
0.000000000000000000e+00
2.275760889053344727e+00
3.607134222984313965e-01
1.893203519284725189e-02
3.222950220108032227e+00
0.000000000000000000e+00
1.608965732157230377e-02
1.306969076395034790e-01
1.035413071513175964e-01
3.249356523156166077e-02
2.157525345683097839e-02
1.023672223091125488e-01
0.000000000000000000e+00
1.878433108329772949e+00
1.193013429641723633e+00
0.000000000000000000e+00
8.825477212667465210e-03
6.275628507137298584e-02
2.566649054642766714e-04
6.193757429718971252e-02
1.434578597545623779e-01
3.768869876861572266e+00
1.867666125297546387e+00
2.397396788001060486e-02
3.310602903366088867e-01
2.021033525466918945e+00
0.000000000000000000e+00
7.139266729354858398e-01
0.000000000000000000e+00
1.658916589803993702e-03
2.188001871109008789e+00
3.144704997539520264e-01
1.689697057008743286e-01
7.284595817327499390e-02
5.634112358093261719e-01
8.392131805419921875e+00
7.639877200126647949e-01
3.090372122824192047e-02
2.416131198406219482e-01
7.454288005828857422e-02
8.259309828281402588e-02
2.646269202232360840e-01
3.770591691136360168e-02
1.064619980752468109e-02
5.656329393386840820e-01
0.000000000000000000e+00
4.047355353832244873e-01
0.000000000000000000e+00
1.521635986864566803e-02
0.000000000000000000e+00
1.835321187973022461e+00
0.000000000000000000e+00
8.111745119094848633e-01
0.000000000000000000e+00
3.598803281784057617e-01
7.505973577499389648e-01
1.486334353685379028e-01
3.534951210021972656e-01
1.254309177398681641e+00
1.917391433380544186e-03
2.259263992309570312e+00
1.966969221830368042e-01
4.869181197136640549e-03
0.000000000000000000e+00
1.165637299418449402e-01
5.425482243299484253e-02
2.417138814926147461e+00
1.267855465412139893e-01
6.598386168479919434e-02
1.645901560783386230e+00
9.171450883150100708e-02
2.082482678815722466e-03
0.000000000000000000e+00
1.488764435052871704e-01
9.734823107719421387e-01
1.803466826677322388e-01
5.056522488594055176e-01
2.550376057624816895e-01
1.458272919990122318e-03
8.334500342607498169e-02
1.258447408676147461e+00
5.001184344291687012e-02
4.640714645385742188e+00
1.192376986145973206e-01
0.000000000000000000e+00
7.027441263198852539e-01
8.831528015434741974e-03
0.000000000000000000e+00
0.000000000000000000e+00
3.327318191528320312e+00
1.102993130683898926e+00
3.869692236185073853e-02
1.870618313550949097e-01
6.849594414234161377e-02
7.791741937398910522e-02
1.720058470964431763e-01
3.851982057094573975e-01
0.000000000000000000e+00
3.382440283894538879e-02
0.000000000000000000e+00
0.000000000000000000e+00
2.268934965133666992e+00
6.188972592353820801e-01
8.108166605234146118e-02
2.353236824274063110e-02
2.036395967006683350e-01
2.876215279102325439e-01
1.626051515340805054e-01
1.596022009849548340e+00
1.539135575294494629e-01
0.000000000000000000e+00
8.562141656875610352e-01
8.341255187988281250e-01
9.688981622457504272e-02
3.765964210033416748e-01
1.050936244428157806e-02
4.588896781206130981e-02
0.000000000000000000e+00
3.928674757480621338e-02
9.047082811594009399e-02
1.586238622665405273e+00
1.362177431583404541e-01
1.098187446594238281e+00
1.618013158440589905e-02
3.333179652690887451e-02
1.899388385936617851e-03
9.097623229026794434e-01
1.680682599544525146e-01
9.548350423574447632e-02
6.211258769035339355e-01
0.000000000000000000e+00
7.782694697380065918e-02
1.511222124099731445e-01
2.828267812728881836e-01
1.224418282508850098e-01
9.026567637920379639e-02
7.416194081306457520e-01
8.989662164822220802e-04
1.668042898178100586e+00
1.144102495163679123e-02
3.421256318688392639e-02
2.605204656720161438e-02
1.594209671020507812e-02
3.197404444217681885e-01
1.141240119934082031e+00
6.285936385393142700e-02
1.851326674222946167e-01
6.702542304992675781e-02
1.599051989614963531e-02
6.157594919204711914e-01
1.950737088918685913e-01
3.859442174434661865e-01
2.351246625185012817e-01
1.197408139705657959e-02
2.968584559857845306e-02
1.461038738489151001e-01
0.000000000000000000e+00
1.862068325281143188e-01
8.548573404550552368e-02
1.110836386680603027e+00
5.246501564979553223e-01
1.377934336662292480e+00
2.628417015075683594e+00
3.276904225349426270e-01
6.663799881935119629e-01
1.170973658561706543e+00
1.421522051095962524e-01
1.830918043851852417e-01
6.265146732330322266e-01
1.689564883708953857e-01
6.927838921546936035e-01
0.000000000000000000e+00
1.196058616042137146e-01
1.634100437164306641e+00
2.193394154310226440e-01
4.583012312650680542e-02
3.326496854424476624e-02
5.397323518991470337e-02
9.347737431526184082e-01
3.278255835175514221e-02
2.927516937255859375e+00
0.000000000000000000e+00
4.475809168070554733e-03
3.671760112047195435e-02
9.318876266479492188e-02
5.719939470291137695e-01
1.023890972137451172e+00
1.370135881006717682e-02
3.646633327007293701e-01
4.816611111164093018e-01
1.305731981992721558e-01
2.636169642210006714e-02
1.485023945569992065e-01
0.000000000000000000e+00
1.621831059455871582e-01
6.115655414760112762e-03
0.000000000000000000e+00
6.328600645065307617e-01
2.876779995858669281e-02
4.325564578175544739e-02
7.827605605125427246e-01
5.776389241218566895e-01
6.939381826668977737e-03
1.705089397728443146e-02
2.398045957088470459e-01
0.000000000000000000e+00
0.000000000000000000e+00
1.283093333244323730e+00
1.778596878051757812e+00
2.571321092545986176e-02
8.149157762527465820e-01
2.787768654525279999e-02
9.355175425298511982e-04
6.033729016780853271e-02
7.613408565521240234e-02
1.077615283429622650e-02
0.000000000000000000e+00
1.757297315634787083e-03
2.239061752334237099e-03
1.299158763140439987e-02
1.313900351524353027e+00
8.205986618995666504e-01
7.554447650909423828e-02
0.000000000000000000e+00
0.000000000000000000e+00
7.833905220031738281e-01
2.303928323090076447e-02
8.599875122308731079e-02
0.000000000000000000e+00
1.778195053339004517e-01
2.248926162719726562e-01
5.435261130332946777e-01
0.000000000000000000e+00
4.235313460230827332e-02
2.936042658984661102e-02
1.183445811271667480e+00
9.964727796614170074e-03
1.238838955760002136e-02
3.591935038566589355e-01
6.427205801010131836e-01
0.000000000000000000e+00
3.882519006729125977e-01
3.784195184707641602e-01
7.761242985725402832e-01
1.817332625389099121e+00
9.035813212394714355e-01
7.949220538139343262e-01
7.421364188194274902e-01
8.225118517875671387e-01
8.259297609329223633e-01
0.000000000000000000e+00
9.442108273506164551e-01
3.126723468303680420e-01
1.315146684646606445e-01
0.000000000000000000e+00
1.061292529106140137e+00
0.000000000000000000e+00
6.900665815919637680e-03
1.212115049362182617e+00
3.762833476066589355e-01
1.442111134529113770e-01
4.346779882907867432e-01
0.000000000000000000e+00
2.911553019657731056e-04
1.274502396583557129e+00
5.876864194869995117e-01
4.379721581935882568e-01
2.027876675128936768e-01
2.364833950996398926e-01
2.984387874603271484e-01
1.239092946052551270e-01
4.091491401195526123e-01
3.785825101658701897e-03
1.422526407986879349e-02
9.673422574996948242e-02
1.130609750747680664e+00
4.472406804561614990e-01
8.221755027770996094e-01
3.340184688568115234e-01
7.674088478088378906e-01
0.000000000000000000e+00
0.000000000000000000e+00
7.262684404850006104e-02
1.021859496831893921e-01
1.605841219425201416e-01
2.539781630039215088e-01
2.012392044067382812e+00
9.608088135719299316e-01
7.069371342658996582e-01
2.884419560432434082e-01
2.624023854732513428e-01
3.191894292831420898e-02
3.447774052619934082e-01
2.991186976432800293e-01
0.000000000000000000e+00
0.000000000000000000e+00
5.653653740882873535e-01
9.049443155527114868e-02
4.002044796943664551e-01
0.000000000000000000e+00
9.167070984840393066e-01
3.477591991424560547e+00
4.706009924411773682e-01
6.319816112518310547e-01
1.881391882896423340e+00
4.272785484790802002e-01
1.100860163569450378e-01
4.558636844158172607e-01
0.000000000000000000e+00
5.802159309387207031e-01
1.371124982833862305e-01
0.000000000000000000e+00
6.306769251823425293e-01
1.203293725848197937e-02
0.000000000000000000e+00
0.000000000000000000e+00
7.407584786415100098e-01
2.883860096335411072e-02
1.523000001907348633e-01
5.011574178934097290e-02
5.525594949722290039e-01
1.406953483819961548e-01
7.211521863937377930e-01
8.633924648165702820e-03
2.434968948364257812e-01
7.155494298785924911e-03
0.000000000000000000e+00
0.000000000000000000e+00
0.000000000000000000e+00
0.000000000000000000e+00
4.744550287723541260e-01
0.000000000000000000e+00
6.142629384994506836e-01
3.946007788181304932e-01
2.062098085880279541e-01
5.156456828117370605e-01
3.380060791969299316e-01
0.000000000000000000e+00
4.936064481735229492e-01
0.000000000000000000e+00
3.901937901973724365e-01
1.867671459913253784e-01
0.000000000000000000e+00
4.069354832172393799e-01
3.305523423478007317e-03
3.065301850438117981e-02
4.474279880523681641e-01
0.000000000000000000e+00
6.131128221750259399e-02
2.093718014657497406e-02
3.681884527206420898e+00
4.229974448680877686e-01
0.000000000000000000e+00
7.837409526109695435e-02
2.706951089203357697e-02
0.000000000000000000e+00
4.910852909088134766e-01
1.964204758405685425e-01
3.573042340576648712e-03
1.081475496292114258e+00
9.712045788764953613e-01
2.315833568572998047e-01
0.000000000000000000e+00
4.898800980299711227e-03
1.401738047599792480e+00
0.000000000000000000e+00
1.360862404108047485e-01
7.439489662647247314e-02
0.000000000000000000e+00
5.152157694101333618e-02
4.606584310531616211e-01
0.000000000000000000e+00
3.337877988815307617e-01
3.742451071739196777e-01
1.371914505958557129e+00
9.280923404730856419e-04
3.353265225887298584e-01
0.000000000000000000e+00
0.000000000000000000e+00
0.000000000000000000e+00
2.373878657817840576e-02
9.331831336021423340e-02
3.402048349380493164e-01
2.224870473146438599e-01
0.000000000000000000e+00
6.712577819824218750e+00
2.947894632816314697e-01
2.819672822952270508e+00
0.000000000000000000e+00
6.155124306678771973e-01
0.000000000000000000e+00
9.282505512237548828e-02
1.829123854637145996e+00
1.075882539153099060e-01
1.775873661041259766e+00
2.961726188659667969e-01
0.000000000000000000e+00
1.105387687683105469e+00
0.000000000000000000e+00
4.778026342391967773e-01
4.617930352687835693e-01
7.893601432442665100e-04
0.000000000000000000e+00
7.942378520965576172e-01
1.667030453681945801e-01
9.754206538200378418e-01
2.820917032659053802e-02
2.017795741558074951e-01
9.805953502655029297e-02
7.542921304702758789e-01
0.000000000000000000e+00
2.481490850448608398e+00
2.748494967818260193e-02
1.228650212287902832e-01
2.045735865831375122e-01
0.000000000000000000e+00
3.509481251239776611e-02
1.601865291595458984e-01
1.027919203042984009e-01
0.000000000000000000e+00
7.505661249160766602e-01
2.319274991750717163e-01
1.144426226615905762e+00
3.438808023929595947e-01
0.000000000000000000e+00
4.550618529319763184e-01
0.000000000000000000e+00
1.084100008010864258e-01
3.160188198089599609e-01
3.496961668133735657e-02
1.669400632381439209e-01
4.556562602519989014e-01
6.505864113569259644e-02
0.000000000000000000e+00
1.502404808998107910e+00
2.439620718359947205e-02
4.119113832712173462e-02
2.775564491748809814e-01
0.000000000000000000e+00
6.156988441944122314e-02
1.019355058670043945e+00
7.160767316818237305e-01
6.912691593170166016e-01
0.000000000000000000e+00
2.907000184059143066e-01
1.988255977630615234e-01
2.129679173231124878e-01
2.753736451268196106e-02
4.098636656999588013e-02
0.000000000000000000e+00
1.182565931230783463e-03
0.000000000000000000e+00
0.000000000000000000e+00
1.671701073646545410e+00
3.990212082862854004e-02
0.000000000000000000e+00
1.935619562864303589e-01
3.643384948372840881e-02
2.104407846927642822e-01
4.338788092136383057e-01
5.900940299034118652e-01
1.126638352870941162e-01
1.353960391134023666e-02
1.232503876090049744e-01
2.500946633517742157e-02
0.000000000000000000e+00
5.137974768877029419e-02
3.955191373825073242e-01
2.106920778751373291e-01
0.000000000000000000e+00
9.003094397485256195e-03
5.969597492367029190e-03
0.000000000000000000e+00
2.112537436187267303e-02
0.000000000000000000e+00
4.558957181870937347e-03
1.028825759887695312e+00
1.350511014461517334e-01
2.692177332937717438e-02
6.869915872812271118e-02
2.711561024188995361e-01
0.000000000000000000e+00
9.328101575374603271e-02
0.000000000000000000e+00
1.144590005278587341e-01
1.727914251387119293e-02
3.470826387405395508e+00
4.383505880832672119e-01
2.036538906395435333e-02
8.942266702651977539e-01
1.390940189361572266e+00
0.000000000000000000e+00
1.106711775064468384e-01
2.342591248452663422e-02
3.133616447448730469e-01
1.489620096981525421e-02
9.673064947128295898e-02
4.292700067162513733e-02
5.458199605345726013e-02
3.127551078796386719e-01
0.000000000000000000e+00
9.065478295087814331e-02
4.715266227722167969e-01
1.200394272804260254e+00
1.147254943847656250e+00
6.418234109878540039e-01
0.000000000000000000e+00
1.108744591474533081e-01
9.867157936096191406e-01
0.000000000000000000e+00
0.000000000000000000e+00
0.000000000000000000e+00
2.767687141895294189e-01
2.612558126449584961e+00
7.173147052526473999e-03
8.262492418289184570e-01
0.000000000000000000e+00
3.767254948616027832e-02
1.275537729263305664e+00
2.658223547041416168e-02
1.959669403731822968e-03
0.000000000000000000e+00
5.382027626037597656e-01
1.670245081186294556e-02
4.567119777202606201e-01
1.198313385248184204e-01
4.742388613522052765e-03
4.375225901603698730e-01
9.156449884176254272e-02
8.553001098334789276e-04
0.000000000000000000e+00
1.107902303338050842e-01
1.804761961102485657e-02
1.076736092567443848e+00
1.735287457704544067e-01
4.747249186038970947e-01
0.000000000000000000e+00
0.000000000000000000e+00
7.463838160037994385e-02
1.559679061174392700e-01
3.586738705635070801e-01
1.157190371304750443e-02
2.639319747686386108e-02
1.818281531333923340e+00
1.979014873504638672e-01
4.743503928184509277e-01
4.252150654792785645e-01
3.715057671070098877e-01
1.624709367752075195e-01
2.695419788360595703e-01
7.362685799598693848e-01
1.345777958631515503e-01
7.820576429367065430e-01
9.613083600997924805e-01
0.000000000000000000e+00
2.558568492531776428e-02
0.000000000000000000e+00
0.000000000000000000e+00
0.000000000000000000e+00
6.261042952537536621e-01
3.544746711850166321e-02
4.196447134017944336e-01
2.008386403322219849e-01
2.346335649490356445e-01
1.409876812249422073e-02
2.336133830249309540e-02
2.324288129806518555e+00
3.572370707988739014e-01
1.229191198945045471e-01
5.198892951011657715e-01
4.647254943847656250e-02
3.026681423187255859e+00
8.612573623657226562e+00
3.087276220321655273e-01
2.536983415484428406e-02
3.725683391094207764e-01
2.310340292751789093e-02
5.725026130676269531e-01
7.259478420019149780e-02
5.340735428035259247e-03
2.317146807909011841e-01
6.526062637567520142e-02
1.428034901618957520e-01
2.617183700203895569e-02
8.453823626041412354e-02
2.733114957809448242e+00
1.012912631034851074e+00
3.307760953903198242e-01
2.614817142486572266e+00
2.611615881323814392e-02
6.645459532737731934e-01
9.612570703029632568e-02
5.848899483680725098e-01
2.638238072395324707e-01
0.000000000000000000e+00
0.000000000000000000e+00
4.511436074972152710e-02
0.000000000000000000e+00
8.190023303031921387e-01
1.840095669031143188e-01
1.655772030353546143e-01
6.402021646499633789e-01
3.768156468868255615e-01
0.000000000000000000e+00
0.000000000000000000e+00
0.000000000000000000e+00
0.000000000000000000e+00
2.152220308780670166e-01
7.150459103286266327e-03
3.455334603786468506e-01
7.957800030708312988e-01
2.629009187221527100e-01
8.067361831665039062e+00
9.641655683517456055e-01
1.959295272827148438e-01
1.243353247642517090e+00
1.044427901506423950e-01
0.000000000000000000e+00
2.008130848407745361e-01
3.338773548603057861e-01
2.000211179256439209e-01
1.591161489486694336e-01
6.625351905822753906e-01
3.493542969226837158e-02
0.000000000000000000e+00
2.009612560272216797e+00
1.405794024467468262e-01
4.817312657833099365e-01
1.326299756765365601e-01
5.313634499907493591e-02
6.153831630945205688e-02
3.825102448463439941e-01
7.325588911771774292e-02
0.000000000000000000e+00
3.507350981235504150e-01
0.000000000000000000e+00
5.426076650619506836e-01
6.946903653442859650e-03
2.257953166961669922e+00
2.225218266248703003e-01
2.987044453620910645e-01
2.288361545652151108e-03
1.595682263374328613e+00
3.453602269291877747e-02
4.866948723793029785e-01
0.000000000000000000e+00
4.624829161912202835e-03
5.848361179232597351e-02
5.164782404899597168e-01
4.456439614295959473e-01
8.526176214218139648e-02
8.786685466766357422e-01
3.974624350666999817e-02
3.927613019943237305e+00
0.000000000000000000e+00
9.086421132087707520e-01
0.000000000000000000e+00
5.460311174392700195e-01
3.441765546798706055e+00
1.040618941187858582e-01
1.531770080327987671e-01
0.000000000000000000e+00
1.312800943851470947e-01
0.000000000000000000e+00
1.813872337341308594e+00
0.000000000000000000e+00
5.049117803573608398e-01
5.093896985054016113e-01
2.604872584342956543e-01
2.078260004054754972e-04
0.000000000000000000e+00
7.832410931587219238e-01
6.912668049335479736e-02
1.853110734373331070e-03
0.000000000000000000e+00
5.161190629005432129e-01
0.000000000000000000e+00
0.000000000000000000e+00
4.064684361219406128e-02
3.458127751946449280e-02
4.799399077892303467e-01
4.440386593341827393e-02
3.402959182858467102e-02
0.000000000000000000e+00
7.223810255527496338e-02
0.000000000000000000e+00
1.000433206558227539e+00
1.665720790624618530e-01
1.913208067417144775e-01
1.216084361076354980e+00
1.473347097635269165e-01
3.151041567325592041e-01
3.244611978530883789e+00
1.396721303462982178e-01
2.212172299623489380e-01
2.119417861104011536e-02
0.000000000000000000e+00
4.887434188276529312e-03
3.269899263978004456e-02
6.254495680332183838e-02
7.756884396076202393e-02
8.357960581779479980e-01
1.092163562774658203e+00
1.517450094223022461e+00
1.576170921325683594e-01
1.245815977454185486e-01
0.000000000000000000e+00
6.031811237335205078e-01
1.034671068191528320e-01
1.196937635540962219e-03
3.604920148849487305e+00
1.339494138956069946e-01
5.860016122460365295e-02
5.991817712783813477e-01
6.360011696815490723e-01
6.865656934678554535e-03
5.056209564208984375e-01
1.805031657218933105e+00
1.099198460578918457e-01
2.056230604648590088e-02
5.674415733665227890e-03
1.128169242292642593e-02
3.044698201119899750e-02
0.000000000000000000e+00
2.261208146810531616e-01
6.364783644676208496e-02
0.000000000000000000e+00
1.387539412826299667e-02
2.877672016620635986e-01
8.889809250831604004e-01
9.682687520980834961e-01
0.000000000000000000e+00
9.181815981864929199e-01
1.995736002922058105e+00
3.465393185615539551e-01
2.757429145276546478e-02
5.065198540687561035e-01
4.168178737163543701e-01
1.184949502348899841e-01
1.275569796562194824e+00
1.709741801023483276e-01
9.765097498893737793e-02
1.409764885902404785e-01
0.000000000000000000e+00
0.000000000000000000e+00
1.529376506805419922e-01
2.958889484405517578e+00
1.489858150482177734e+00
0.000000000000000000e+00
5.139491986483335495e-03
1.841591238975524902e+00
2.895006418228149414e+00
1.696403473615646362e-01
2.383714616298675537e-01
2.262903928756713867e+00
9.145022034645080566e-01
1.820998311042785645e+00
5.075141321867704391e-03
0.000000000000000000e+00
0.000000000000000000e+00
6.001027300953865051e-02
2.495791018009185791e-02
3.172183036804199219e-01
7.338800001889467239e-03
5.000782608985900879e-01
8.433321118354797363e-01
0.000000000000000000e+00
1.349919795989990234e+00
1.342624276876449585e-01
2.133648693561553955e-01
0.000000000000000000e+00
4.034209996461868286e-03
9.373651817440986633e-03
8.469906806945800781e+00
4.459843039512634277e-01
3.959629237651824951e-01
4.652472138404846191e-01
0.000000000000000000e+00
3.830958390608429909e-03
2.438226938247680664e-01
9.995663911104202271e-02
2.296828031539916992e+00
5.445656776428222656e-01
0.000000000000000000e+00
2.681640863418579102e+00
6.125453487038612366e-02
5.782842263579368591e-02
3.299822807312011719e+00
0.000000000000000000e+00
2.360141277313232422e-01
1.031255722045898438e+00
5.446152687072753906e-01
3.609320878982543945e+00
0.000000000000000000e+00
4.991621971130371094e-01
1.061986833810806274e-01
1.375514030456542969e+00
3.909246921539306641e-01
0.000000000000000000e+00
0.000000000000000000e+00
4.700289107859134674e-03
1.455046087503433228e-01
1.050982356071472168e+00
3.008545339107513428e-01
1.669964054599404335e-03
8.393759839236736298e-03
2.766970992088317871e-01
2.727266788482666016e+00
1.713964156806468964e-02
2.820443212985992432e-01
1.030033156275749207e-01
1.549739241600036621e+00
5.132668018341064453e-01
5.157420411705970764e-03
5.756787061691284180e-01
0.000000000000000000e+00
1.688503503799438477e+00
2.479951083660125732e-01
0.000000000000000000e+00
2.674597263336181641e+00
3.188622951507568359e+00
0.000000000000000000e+00
7.395578622817993164e-01
0.000000000000000000e+00
1.705166697502136230e-02
0.000000000000000000e+00
8.297546505928039551e-01
5.756370723247528076e-03
5.605235099792480469e-01
2.726631797850131989e-02
1.187844157218933105e+00
7.591625303030014038e-02
0.000000000000000000e+00
0.000000000000000000e+00
4.050604254007339478e-02
1.023801088333129883e+00
4.651235938072204590e-01
0.000000000000000000e+00
1.072713453322649002e-02
0.000000000000000000e+00
5.336328744888305664e-01
7.343552261590957642e-02
2.540498077869415283e-01
1.644637621939182281e-02
1.737724430859088898e-02
2.088933996856212616e-02
5.526731908321380615e-02
4.616975188255310059e-01
0.000000000000000000e+00
2.287281990051269531e+00
8.981516957283020020e-01
3.051196224987506866e-02
1.871642842888832092e-02
1.710677742958068848e+00
3.292955636978149414e+00
2.656124532222747803e-01
0.000000000000000000e+00
3.002110868692398071e-02
0.000000000000000000e+00
1.437227334827184677e-02
0.000000000000000000e+00
8.001562356948852539e-01
1.920780301094055176e+00
2.118105888366699219e+00
1.197894454002380371e+00
1.460902020335197449e-02
2.133703380823135376e-01
1.081653237342834473e-01
3.581240475177764893e-01
1.640644855797290802e-02
0.000000000000000000e+00
0.000000000000000000e+00
0.000000000000000000e+00
4.433051109313964844e+00
1.129297018051147461e+00
3.362727165222167969e-02
4.063381552696228027e-01
9.291394948959350586e-01
6.948522567749023438e+00
5.823338627815246582e-01
6.835956126451492310e-03
1.826036453247070312e+00
0.000000000000000000e+00
1.691414713859558105e+00
2.289196103811264038e-01
1.060222268104553223e+00
1.276870727539062500e+00
1.356389373540878296e-01
1.705938816070556641e+00
2.310569584369659424e-01
0.000000000000000000e+00
0.000000000000000000e+00
5.955820679664611816e-01
6.872068047523498535e-01
5.581207275390625000e-01
0.000000000000000000e+00
0.000000000000000000e+00
1.076278388500213623e-01
1.944441944360733032e-01
3.558830022811889648e-01
0.000000000000000000e+00
3.526345491409301758e-01
3.878587186336517334e-01
2.453469634056091309e-01
5.533322691917419434e-02
6.937839984893798828e-01
3.416273370385169983e-02
3.873005211353302002e-01
1.330249756574630737e-01
3.403381109237670898e-01
4.619183018803596497e-02
5.039627104997634888e-02
4.542606696486473083e-02
1.538674533367156982e-01
1.116434037685394287e-01
3.724712133407592773e+00
2.331297546625137329e-01
2.061359286308288574e-01
3.908323049545288086e-01
1.055790856480598450e-01
3.617942333221435547e-01
3.235851824283599854e-01
1.122394680976867676e+00
0.000000000000000000e+00
0.000000000000000000e+00
9.381259083747863770e-01
7.259831428527832031e-01
1.475706696510314941e-01
3.175677299499511719e+00
9.667651057243347168e-01
2.310829423367977142e-02
2.312851510941982269e-02
1.925002597272396088e-02
0.000000000000000000e+00
2.402868121862411499e-01
4.323444366455078125e+00
1.915667355060577393e-01
1.033223792910575867e-01
9.133310988545417786e-03
6.271347403526306152e-01
0.000000000000000000e+00
2.048508822917938232e-01
3.275294065475463867e+00
7.125288248062133789e-01
9.891154617071151733e-02
3.637649863958358765e-02
4.437269687652587891e+00
1.178841233253479004e+00
0.000000000000000000e+00
0.000000000000000000e+00
0.000000000000000000e+00
0.000000000000000000e+00
0.000000000000000000e+00
5.383412241935729980e-01
1.303233578801155090e-02
6.198059916496276855e-01
0.000000000000000000e+00
6.550069808959960938e+00
1.351168632507324219e+00
2.012378126382827759e-01
2.073486328125000000e+00
5.677432417869567871e-01
0.000000000000000000e+00
1.523480713367462158e-01
2.667271196842193604e-01
2.707905173301696777e-01
5.845286846160888672e-01
0.000000000000000000e+00
4.072028696537017822e-01
3.821166157722473145e-01
1.647710241377353668e-02
1.678088214248418808e-03
0.000000000000000000e+00
2.068929672241210938e+00
8.000721931457519531e-01
3.093638420104980469e-01
6.179239228367805481e-02
0.000000000000000000e+00
0.000000000000000000e+00
0.000000000000000000e+00
2.225004136562347412e-01
4.809304773807525635e-01
8.423438668251037598e-01
2.817037403583526611e-01
1.624156713485717773e+00
0.000000000000000000e+00
2.662881091237068176e-02
1.449180126190185547e+00
9.517151117324829102e-02
9.677920937538146973e-01
0.000000000000000000e+00
4.565155133605003357e-03
1.039154171943664551e+00
2.592350840568542480e-01
7.550811022520065308e-02
0.000000000000000000e+00
0.000000000000000000e+00
0.000000000000000000e+00
2.248504757881164551e-01
3.559238612651824951e-01
0.000000000000000000e+00
8.357694149017333984e-01
7.417890708893537521e-03
1.348997652530670166e-02
4.152075052261352539e-01
6.720349658280611038e-03
0.000000000000000000e+00
2.101987749338150024e-01
3.107227385044097900e-01
5.870709419250488281e-01
4.979372322559356689e-01
4.034082219004631042e-02
4.079523682594299316e-01
0.000000000000000000e+00
3.092432916164398193e-01
3.354292511940002441e-01
8.226612955331802368e-02
1.327268481254577637e-01
3.572994470596313477e-01
0.000000000000000000e+00
1.082193970680236816e+00
5.550130605697631836e-01
1.938048633746802807e-03
1.384099960327148438e+00
1.118401158601045609e-02
1.054284214973449707e+00
2.396794408559799194e-01
0.000000000000000000e+00
7.310096621513366699e-01
0.000000000000000000e+00
3.746023401618003845e-02
7.247181534767150879e-01
0.000000000000000000e+00
2.022247016429901123e-02
3.197712600231170654e-01
3.932170942425727844e-02
3.450522184371948242e+00
3.609580099582672119e-01
9.799474477767944336e-01
1.223649382591247559e+00
1.940981298685073853e-02
2.452532351016998291e-01
1.011579513549804688e+00
5.792618393898010254e-01
3.551408275961875916e-02
1.129324212670326233e-01
4.336033016443252563e-02
1.397602558135986328e-01
1.262643814086914062e+00
6.069006398320198059e-02
1.744916886091232300e-01
2.247074604034423828e+00
6.757520884275436401e-02
7.526086568832397461e-01
0.000000000000000000e+00
5.622661672532558441e-03
3.769574165344238281e-01
3.846902027726173401e-02
3.058632276952266693e-02
1.301834732294082642e-01
0.000000000000000000e+00
1.528516054153442383e+00
4.999162852764129639e-01
8.014293387532234192e-03
8.219359815120697021e-02
2.202156465500593185e-03
2.284325361251831055e+00
1.591068059206008911e-01
1.154104232788085938e+00
5.352238193154335022e-02
0.000000000000000000e+00
4.147924110293388367e-02
1.048738434910774231e-01
0.000000000000000000e+00
3.011769242584705353e-02
5.890601873397827148e-01
2.583220005035400391e-01
1.175278067588806152e+00
4.741003513336181641e-01
2.664232850074768066e-01
1.115222871303558350e-01
6.891690492630004883e-01
3.890986088663339615e-03
5.510067939758300781e-01
1.451990604400634766e-01
0.000000000000000000e+00
4.231389760971069336e-01
0.000000000000000000e+00
1.243637204170227051e-01
4.023154973983764648e-01
0.000000000000000000e+00
1.052386760711669922e+00
1.074565388262271881e-02
0.000000000000000000e+00
4.244941473007202148e-02
6.912142634391784668e-01
5.242368578910827637e-01
2.547492682933807373e-01
1.315493136644363403e-01
6.220135092735290527e-01
3.735858500003814697e-01
0.000000000000000000e+00
1.177831552922725677e-02
2.437361478805541992e-01
6.567358970642089844e-01
0.000000000000000000e+00
4.587425664067268372e-02
9.619895815849304199e-01
2.965439856052398682e-01
0.000000000000000000e+00
6.710551213473081589e-03
4.906809628009796143e-01
0.000000000000000000e+00
8.287297487258911133e-01
0.000000000000000000e+00
5.827399492263793945e-01
3.095116000622510910e-03
3.912912905216217041e-01
9.936995059251785278e-02
4.641293883323669434e-01
1.848144084215164185e-02
6.842276453971862793e-02
6.984093785285949707e-02
0.000000000000000000e+00
4.906199574470520020e-01
6.470649689435958862e-02
3.393476903438568115e-01
2.094951570034027100e-01
6.161583662033081055e-01
5.616938322782516479e-02
0.000000000000000000e+00
0.000000000000000000e+00
6.267167329788208008e-01
3.193881362676620483e-02
3.203630745410919189e-01
1.234131231904029846e-01
2.703837454319000244e-01
3.027585335075855255e-02
1.240185618400573730e+00
3.716561570763587952e-02
2.983859507367014885e-03
1.230471014976501465e+00
3.758614778518676758e+00
2.893302962183952332e-02
0.000000000000000000e+00
0.000000000000000000e+00
0.000000000000000000e+00
6.905400156974792480e-01
3.088770627975463867e+00
5.399533547461032867e-04
8.180069327354431152e-01
8.312496542930603027e-01
3.092612512409687042e-02
0.000000000000000000e+00
6.884684562683105469e-01
0.000000000000000000e+00
0.000000000000000000e+00
3.744006156921386719e+00
2.074261903762817383e-01
0.000000000000000000e+00
5.074689909815788269e-02
5.193391814827919006e-03
5.015342235565185547e-01
0.000000000000000000e+00
0.000000000000000000e+00
2.578530788421630859e+00
3.485826849937438965e-01
1.217701472342014313e-02
1.750033617019653320e+00
0.000000000000000000e+00
1.526067018508911133e+00
2.354771614074707031e+00
1.216463521122932434e-01
0.000000000000000000e+00
0.000000000000000000e+00
2.296751439571380615e-01
4.787718057632446289e-01
0.000000000000000000e+00
1.124630808830261230e+00
8.889943361282348633e-01
1.617893457412719727e+00
1.901561208069324493e-02
2.656774044036865234e+00
9.185443520545959473e-01
2.100571542978286743e-01
0.000000000000000000e+00
0.000000000000000000e+00
1.227097630500793457e+00
1.028231620788574219e+00
1.371897011995315552e-02
2.188220173120498657e-01
9.056100249290466309e-02
1.038838267326354980e+00
1.907814741134643555e-01
3.742482662200927734e+00
0.000000000000000000e+00
9.670008420944213867e-01
2.825140357017517090e-01
0.000000000000000000e+00
3.838106989860534668e-01
1.913142800331115723e+00
1.039878427982330322e-01
6.131139993667602539e-01
0.000000000000000000e+00
3.556174226105213165e-03
0.000000000000000000e+00
2.022431492805480957e-01
0.000000000000000000e+00
7.988385041244328022e-04
1.331483870744705200e-01
1.675786375999450684e-01
2.719745635986328125e+00
1.687627881765365601e-01
8.098655343055725098e-01
2.460367381572723389e-01
9.726556390523910522e-02
5.039868876338005066e-02
0.000000000000000000e+00
2.273770123720169067e-01
0.000000000000000000e+00
1.368767261505126953e+00
1.102203950285911560e-01
1.240921691060066223e-01
1.234086155891418457e+00
1.134876012802124023e+00
1.588404327630996704e-01
1.946970939636230469e+00
4.948451817035675049e-01
1.532321050763130188e-02
1.591614723205566406e+00
0.000000000000000000e+00
4.597367346286773682e-01
2.559196352958679199e-01
1.586800813674926758e+00
6.383785605430603027e-02
9.838164448738098145e-01
1.451555192470550537e-01
5.921612977981567383e-01
0.000000000000000000e+00
1.146175265312194824e+00
0.000000000000000000e+00
2.733262300491333008e+00
4.490677639842033386e-02
3.748015463352203369e-01
0.000000000000000000e+00
3.870057761669158936e-01
0.000000000000000000e+00
0.000000000000000000e+00
1.064094901084899902e+00
2.050211578607559204e-01
1.032831072807312012e-01
0.000000000000000000e+00
3.666990697383880615e-01
7.572073489427566528e-02
0.000000000000000000e+00
1.181620597839355469e+00
1.270448327064514160e+00
2.777472436428070068e-01
0.000000000000000000e+00
0.000000000000000000e+00
2.264890819787979126e-01
7.246041297912597656e-01
0.000000000000000000e+00
1.943228244781494141e-01
2.377747446298599243e-01
4.255663156509399414e-01
2.748853564262390137e-01
1.682324290275573730e+00
1.286775469779968262e-01
2.480160892009735107e-01
1.343392610549926758e+00
1.639852859079837799e-02
6.604285240173339844e-01
8.392329812049865723e-01
3.930689767003059387e-02
3.825148800387978554e-03
3.180478513240814209e-01
1.343920826911926270e-01
0.000000000000000000e+00
1.008460640907287598e+00
4.683466851711273193e-01
0.000000000000000000e+00
1.870338320732116699e-01
3.778469264507293701e-01
4.525957584381103516e+00
4.515091702342033386e-02
1.618929654359817505e-01
6.266303658485412598e-01
2.770400643348693848e-01
8.239462971687316895e-01
6.927967816591262817e-02
2.753326416015625000e+00
1.895395070314407349e-01
0.000000000000000000e+00
0.000000000000000000e+00
3.033818900585174561e-01
5.429664254188537598e-01
1.799025088548660278e-01
0.000000000000000000e+00
2.068634144961833954e-02
5.653560906648635864e-02
2.012870907783508301e-01
1.231041923165321350e-01
3.897083103656768799e-01
3.377273678779602051e-02
0.000000000000000000e+00
1.712977170944213867e+00
5.893966555595397949e-01
1.850768364965915680e-02
1.520672589540481567e-01
4.128061830997467041e-01
4.684642851352691650e-01
1.852629333734512329e-01
4.435487091541290283e-01
5.714829266071319580e-02
7.464668899774551392e-02
0.000000000000000000e+00
2.462921664118766785e-03
0.000000000000000000e+00
3.064472436904907227e+00
2.282894551753997803e-01
5.236982703208923340e-01
1.055428385734558105e+00
2.322421520948410034e-01
8.808612227439880371e-01
0.000000000000000000e+00
0.000000000000000000e+00
4.883330464363098145e-01
6.063477993011474609e-01
7.007482647895812988e-01
4.539903253316879272e-02
4.933006167411804199e-01
1.465316414833068848e+00
8.654510974884033203e-01
3.803337216377258301e-01
3.071598410606384277e-01
2.788054645061492920e-01
2.133431583642959595e-01
2.762620449066162109e-01
9.524334967136383057e-02
1.558206975460052490e-01
6.125824451446533203e-01
1.680477738380432129e+00
7.417163252830505371e-02
4.725192785263061523e-01
1.826636314392089844e+00
4.599018394947052002e-01
3.680587410926818848e-01
4.732583761215209961e-01
3.331321477890014648e-01
1.475537657737731934e+00
9.068639874458312988e-01
0.000000000000000000e+00
7.858519256114959717e-02
6.488949060440063477e-02
2.994233131408691406e+00
0.000000000000000000e+00
0.000000000000000000e+00
4.016528725624084473e-01
3.334741294384002686e-01
2.725208699703216553e-01
1.603544950485229492e-01
0.000000000000000000e+00
0.000000000000000000e+00
1.774107813835144043e-01
8.549480140209197998e-02
6.918737292289733887e-02
2.986779689788818359e+00
1.565124630928039551e+00
8.572756312787532806e-03
9.724623523652553558e-03
1.769311539828777313e-02
2.187782526016235352e-01
1.693024486303329468e-01
2.850120700895786285e-02
7.652233354747295380e-03
2.664809348061680794e-03
1.092623710632324219e+00
1.665898084640502930e+00
0.000000000000000000e+00
0.000000000000000000e+00
2.532732963562011719e+00
0.000000000000000000e+00
0.000000000000000000e+00
0.000000000000000000e+00
8.710044026374816895e-01
2.167883142828941345e-02
7.527183890342712402e-01
1.298356771469116211e+00
4.480764567852020264e-01
0.000000000000000000e+00
5.792635958641767502e-03
3.425229787826538086e-01
7.613386213779449463e-02
0.000000000000000000e+00
2.982524037361145020e-02
6.856238842010498047e-02
0.000000000000000000e+00
2.060871720314025879e-01
8.247724175453186035e-02
1.224174574017524719e-01
1.885154247283935547e+00
2.604007422924041748e-01
0.000000000000000000e+00
3.135484933853149414e+00
8.088458329439163208e-02
1.575955748558044434e+00
0.000000000000000000e+00
1.364245712757110596e-01
2.006918378174304962e-02
1.727376341819763184e+00
3.987450003623962402e-01
0.000000000000000000e+00
0.000000000000000000e+00
8.067285269498825073e-02
1.368700623512268066e+00
2.031940221786499023e-01
5.702061951160430908e-02
0.000000000000000000e+00
1.351773619651794434e+00
2.154624223709106445e+00
1.833324193954467773e+00
1.682668477296829224e-01
2.124820709228515625e+00
1.941067576408386230e-01
4.686527252197265625e-01
2.074592351913452148e+00
0.000000000000000000e+00
5.212773680686950684e-01
0.000000000000000000e+00
1.994630694389343262e-02
5.977597236633300781e-01
1.511902660131454468e-01
2.005479037761688232e-01
5.827495083212852478e-02
4.240847751498222351e-02
1.569575257599353790e-02
2.642687082290649414e+00
8.316162228584289551e-01
2.417498111724853516e+00
6.970921158790588379e-02
9.104209393262863159e-02
3.086897730827331543e-01
0.000000000000000000e+00
0.000000000000000000e+00
9.425460100173950195e-01
7.698017638176679611e-03
1.038834825158119202e-01
4.487517476081848145e-01
2.611483633518218994e-01
5.937896966934204102e-01
6.141687631607055664e-01
2.565988898277282715e-01
3.313026577234268188e-02
1.746575832366943359e-01
0.000000000000000000e+00
2.770429253578186035e-01
1.937629580497741699e-01
5.843810439109802246e-01
2.415979623794555664e+00
0.000000000000000000e+00
2.050409317016601562e-01
0.000000000000000000e+00
3.789375722408294678e-01
1.370878577232360840e+00
9.403480291366577148e-01
0.000000000000000000e+00
1.180935502052307129e-01
8.373357704840600491e-04
4.496899843215942383e-01
4.571527838706970215e-01
1.450579881668090820e+00
6.018897518515586853e-03
1.308931589126586914e+00
5.154467821121215820e-01
4.074437543749809265e-02
1.349847078323364258e+00
0.000000000000000000e+00
2.042365521192550659e-01
4.210885167121887207e-01
5.890999436378479004e-01
8.175227046012878418e-02
0.000000000000000000e+00
1.000130325555801392e-01
4.313380271196365356e-02
1.159094180911779404e-02
5.278127789497375488e-01
4.004445075988769531e-01
2.774268202483654022e-02
5.395693182945251465e-01
0.000000000000000000e+00
6.000466346740722656e-01
5.307989120483398438e-01
1.827009916305541992e-01
0.000000000000000000e+00
3.111961185932159424e-01
1.312937773764133453e-02
2.051890194416046143e-01
0.000000000000000000e+00
1.777826398611068726e-01
6.888566166162490845e-02
5.156929604709148407e-03
2.619964480400085449e-01
4.719187021255493164e-01
1.343424081802368164e+00
3.651514649391174316e-01
0.000000000000000000e+00
1.706674098968505859e+00
1.626264810562133789e+00
5.728830769658088684e-02
1.842833995819091797e+00
2.011063694953918457e-01
7.449958920478820801e-01
2.486831247806549072e-01
9.365732967853546143e-02
0.000000000000000000e+00
1.537661068141460419e-03
1.365197062492370605e+00
2.141521498560905457e-02
1.982759982347488403e-01
8.092712610960006714e-02
1.407502889633178711e+00
3.757436573505401611e-02
9.412311762571334839e-02
3.593362331390380859e+00
0.000000000000000000e+00
3.563972711563110352e-01
1.738843321800231934e+00
3.984856009483337402e-01
7.860605418682098389e-02
6.628417968750000000e-01
2.728474140167236328e-01
1.957327425479888916e-01
7.660385966300964355e-02
2.046203762292861938e-01
2.598100304603576660e-01
2.197390556335449219e+00
2.317352533340454102e+00
5.000253319740295410e-01
0.000000000000000000e+00
1.847748309373855591e-01
1.051806472241878510e-02
0.000000000000000000e+00
1.243512392044067383e+00
3.014549985527992249e-02
2.661168873310089111e-01
1.701024919748306274e-01
5.620476603507995605e-01
1.446184396743774414e+00
0.000000000000000000e+00
0.000000000000000000e+00
2.300840467214584351e-01
1.935247704386711121e-02
8.629046082496643066e-01
1.788269542157649994e-02
3.156311810016632080e-02
1.575384497642517090e+00
4.060672223567962646e-02
3.387405574321746826e-01
1.933632884174585342e-03
2.409786880016326904e-01
0.000000000000000000e+00
0.000000000000000000e+00
0.000000000000000000e+00
7.650513201951980591e-02
1.408713683485984802e-02
3.050392270088195801e-01
1.352405786514282227e+00
0.000000000000000000e+00
0.000000000000000000e+00
1.737516000866889954e-02
2.112260162830352783e-01
0.000000000000000000e+00
4.146560281515121460e-02
3.849625587463378906e-01
3.317324221134185791e-01
5.452086683362722397e-03
0.000000000000000000e+00
9.323098510503768921e-02
1.477190613746643066e+00
3.539100289344787598e-01
0.000000000000000000e+00
2.371417522430419922e+00
8.158373832702636719e-01
1.098153367638587952e-01
0.000000000000000000e+00
1.877090632915496826e-01
6.512223184108734131e-02
0.000000000000000000e+00
6.052590012550354004e-01
6.275110244750976562e-01
2.232128232717514038e-01
3.356231143698096275e-03
7.803342938423156738e-01
1.230041384696960449e+00
9.998254477977752686e-02
0.000000000000000000e+00
1.499798774719238281e+00
1.036232352256774902e+00
6.017321944236755371e-01
0.000000000000000000e+00
1.817469671368598938e-02
3.524004817008972168e-01
0.000000000000000000e+00
1.409395635128021240e-01
3.224333375692367554e-02
9.725726246833801270e-01
3.544501364231109619e-01
2.296162098646163940e-01
3.234970271587371826e-01
4.968341439962387085e-03
2.763098478317260742e+00
4.088641703128814697e-01
4.423189759254455566e-01
1.144817471504211426e-01
1.268649250268936157e-01
2.429207414388656616e-02
9.966358775272965431e-04
7.381796836853027344e-01
1.377667882479727268e-03
1.161057054996490479e-01
3.413712978363037109e-02
1.506731063127517700e-01
6.662657856941223145e-01
2.344092587009072304e-03
6.351501464843750000e+00
1.229512412101030350e-02
5.314919948577880859e-01
1.286771893501281738e-01
1.371813416481018066e+00
1.111154034733772278e-01
9.241853654384613037e-02
1.891335994005203247e-01
1.835681319236755371e+00
4.209727346897125244e-01
5.951879620552062988e-01
2.601324208080768585e-02
3.983570039272308350e-01
1.315229386091232300e-01
0.000000000000000000e+00
0.000000000000000000e+00
3.143608570098876953e-01
