2.383627588642411865e-07
7.470107021845251438e-08
1.882307045161724091e-02
9.785408377647399902e-01
2.398479264229536057e-03
6.234259490156546235e-05
7.012489368207752705e-05
4.056500468863077913e-09
1.622282308488820490e-09
1.614866018684324445e-10
3.407443660563558296e-09
4.467183956080589269e-09
1.291708073836161930e-08
2.702983010749449022e-07
8.040121346475359587e-10
1.389926729267187966e-09
3.517968805155646805e-09
9.486222474208716449e-09
2.835953472057894942e-09
1.162109519725618156e-09
1.022796247696078353e-08
4.376542506179248448e-07
1.313952857628919446e-08
1.222288972257956630e-07
5.293487870261515127e-10
8.108743537738050122e-11
1.480229827599544024e-09
7.692917136647992038e-11
4.578011233991041706e-11
2.693162969080731273e-06
5.338374187147110206e-10
1.321466408521487779e-10
5.770735278520788825e-11
4.290288302399858367e-07
6.073096159298074781e-08
5.169976668994991087e-10
4.647021656367655851e-10
4.400439040930237411e-11
6.622614900919643333e-09
1.449560471655786387e-09
4.194938618695687182e-09
3.443638429967421644e-10
5.232332969673514356e-11
2.842085594645382685e-11
3.973724127526168104e-10
5.283577395043259628e-12
1.223519396909011903e-09
9.917318355423532239e-11
6.939546853823586048e-11
1.842607039170829353e-10
4.833467404097291364e-09
1.053322762345487718e-08
6.500430194122941430e-10
7.635278520545796255e-11
5.414019232929945247e-10
2.835356949226763845e-10
2.377669935937909429e-11
8.657929234656691619e-11
7.533460966158145311e-09
3.778131418830099619e-10
8.430122155900221514e-10
1.970192481381971561e-10
1.778600461355139828e-10
3.499009137986064388e-10
5.798089230957259588e-10
3.613024546211818233e-08
2.433550028158038003e-10
2.186460457132000101e-10
1.441440161675799914e-10
7.383763822588207404e-09
2.337831490895059261e-11
2.510867513905168380e-09
5.118804338732907411e-11
4.640835979397017752e-11
3.043616053632902663e-11
1.443277997115188782e-10
4.119787844203415261e-11
1.085160850067268257e-10
2.825376599346896000e-09
1.056348231109893732e-09
6.026314558482681605e-09
3.144318725389894098e-07
1.787448837831107085e-07
4.081648796727677109e-08
3.122586278436756402e-08
1.510900204948484316e-08
1.662235291632896406e-07
8.876158141823964343e-10
2.772703074083171515e-11
1.624304957204003586e-08
5.098351948951140855e-11
2.058503506541242700e-10
4.064460434882732898e-10
3.472322429587393344e-10
8.153420338885553065e-08
5.448876072566832818e-11
1.811731209500067052e-09
1.052504003951071354e-07
1.176022266236032010e-07
3.074826281590503640e-06
1.573591923431649775e-08
7.831329473795278773e-10
5.796173263572512724e-11
5.139598968639802479e-09
1.838220131666901125e-09
1.068832175543654728e-10
2.847826661989127928e-11
2.126598097618170868e-08
2.736642246148335289e-09
3.275495785715065722e-08
4.144104615022570215e-09
1.061265741952865937e-09
2.292819374360988149e-07
1.666532867261594220e-08
8.091092240647412837e-09
6.511080119508960706e-09
4.678745724184807386e-10
4.021312705049240321e-08
8.052798428082041937e-10
2.673839594180549284e-09
1.481345379694687381e-09
3.358045785883945200e-10
1.728290427438494703e-10
3.275875348762724570e-09
1.637690871802988113e-08
5.364965138809907330e-10
5.777595291078796436e-08
4.808080600327002685e-09
2.105614171910019650e-08
1.379323943950794273e-08
5.797027857745717938e-10
1.138526872779266341e-08
3.654743920833425364e-07
6.317960554724777467e-08
4.399294084578286856e-07
4.665422492777793195e-10
3.999625075579160693e-09
2.217550409966406733e-08
2.065392123995479778e-08
1.695274320923090272e-08
4.356105307579127839e-07
1.599461825207981747e-07
5.692308846505511610e-08
2.864065322683018167e-07
1.699775111774215475e-06
1.070698729677133088e-07
3.176179461661376990e-06
1.383843368785164785e-06
9.212105396727565676e-06
1.222846367454621941e-05
5.108894924887863453e-07
1.420623618741956307e-09
8.587751343380745084e-11
1.081647826861598105e-10
8.673532031489017413e-11
1.892942053105528544e-10
2.828971779056388414e-10
1.688653800124839677e-10
4.408708120795523655e-10
2.825030487318969108e-10
1.474447564042691283e-09
2.626265871441546551e-10
5.899627453231914842e-10
1.775773555978688023e-10
6.673492314313023144e-11
6.896030968484012647e-11
1.113828890231260971e-10
1.104937599749611365e-10
5.296030280987906735e-11
3.032672779568201804e-09
3.075925902873422046e-10
1.802844540321757449e-09
2.704379120643807255e-08
4.299614442260235592e-09
5.485836229723872748e-10
7.242529492801352831e-11
2.720270231293397956e-09
1.613166683567257564e-10
6.868720703323560883e-09
1.566471952152426184e-10
1.175743058468015079e-09
7.707916527266434059e-10
1.886244632709477287e-11
7.005508673163518552e-11
9.083458291092583181e-11
1.342780886481875768e-10
1.795818493910417146e-10
1.733242022128322901e-10
3.629230804769179031e-10
1.806061550313486919e-10
8.630200998283044100e-10
1.710969282919805323e-10
1.989064191132428050e-10
1.609878674813103316e-09
8.150100594406239907e-10
3.538822845872147127e-10
3.366517620229103613e-10
3.505254420055337050e-10
2.982245006499795181e-10
9.603848383221702534e-09
2.937996720908664372e-11
5.454098839230425710e-10
2.142468667754027223e-11
1.290494022754273828e-08
3.252036695489124440e-10
1.209223388087821149e-09
1.524951831477494579e-10
1.241495684034532587e-09
6.501656990565152228e-10
6.342354974542274704e-10
2.670927645720411192e-10
2.015829725365847480e-10
1.629815726822414490e-09
5.313182116495340779e-10
4.552318244588349216e-10
3.944455317927975102e-10
2.506263252488594162e-10
1.743777677809532634e-09
1.170975982844879582e-09
3.334748865935210915e-10
1.608711497347314889e-10
3.423604455488060694e-10
3.663539194231901774e-10
8.979914589701820660e-10
1.334957033805039828e-09
1.729409060402531395e-09
2.254059716655376633e-10
1.154619622134589463e-09
7.864076750907500468e-11
8.331856732324283143e-11
3.234246204186774776e-10
1.021193352102045537e-09
4.912044104798951594e-10
3.830204209354093337e-11
6.184781853324494705e-11
3.279663873811955455e-09
6.139534991511652606e-10
7.190778528176622331e-10
1.267283639139193951e-10
5.765102978338987327e-11
2.089353551282258081e-10
2.198445314682828666e-10
3.045871055373794434e-10
4.034092226934404835e-10
6.585823032756454865e-12
1.625993562015537464e-09
3.100548706669314925e-09
1.908895264080001652e-10
3.437650164528349706e-08
3.130510073390269099e-09
4.938221209727089445e-08
5.153331539275995965e-09
2.316198621787890488e-11
1.322054354879753646e-09
4.027518596405599283e-10
5.846805678499933379e-11
4.200220449224190133e-10
4.728906155548884271e-10
3.101524814752565362e-09
5.968794347666062095e-10
1.823012227286646691e-11
1.286258738408818658e-10
1.120006344612622939e-11
3.530294667708488987e-10
8.885220337262467183e-10
5.926274054823821302e-11
5.461632882064471062e-11
1.857466125354534370e-10
3.243246504691654764e-10
1.287685513773340062e-09
7.074939745166375360e-09
1.251666686963304187e-10
1.212336453448870088e-09
1.092006929326316822e-09
2.125253584228659065e-10
1.373713816310573321e-11
8.897833858600989743e-11
2.664557186005112044e-10
5.416805198832363999e-11
1.046773601132144904e-08
1.334332644375990640e-10
2.814619204372093009e-09
9.321743377199709357e-10
1.298794682913495535e-10
4.886536064674373847e-09
2.453274028368923609e-09
2.827646339298439671e-09
2.420552203119541446e-09
1.207409033865403103e-10
1.418045542100898615e-10
8.517540839303450184e-11
8.331221129642685241e-11
6.677634556417899603e-10
9.360752624421042611e-12
1.950131833794443992e-09
1.901699631101649857e-10
7.272232238619835698e-08
3.657211686269867812e-11
2.783461239275197840e-10
1.032838328751672918e-10
1.358782947269432384e-10
1.874535526802389995e-10
4.623274540982436065e-10
2.076224192570919058e-10
1.151731071624695346e-10
2.243742344698596014e-11
2.666774023829532325e-10
2.771758100816867909e-10
1.405068561499689395e-10
1.090678380943899128e-10
2.726143477627118727e-10
8.032687848213981852e-10
8.880256530119368108e-10
7.234453314186595208e-11
3.988380736785757108e-09
4.284592236558637524e-09
3.286924898926457672e-11
3.617164623381796673e-10
3.268908199682840632e-10
6.207614977604691830e-11
9.664754413440945768e-11
2.162393319959932114e-10
1.277160377455288653e-09
4.900251038275627025e-11
1.716369602000611394e-09
3.628019551449312985e-10
3.004094750735930575e-09
1.409254224427058944e-08
2.699846179954334957e-10
2.658279152356612940e-09
3.465588260809226995e-09
2.875564319992918172e-08
1.867901611163347297e-09
4.597097702507824124e-10
3.067173182103033469e-10
7.994670203625986460e-11
8.942972751224687045e-11
3.339142295999408816e-09
3.478692889302692492e-10
4.062195371745680461e-11
3.410221438571170438e-08
1.819693062898863900e-09
9.345080265177330148e-10
9.495861735819843830e-11
9.371895259846496629e-09
5.924155832559563351e-09
7.440706384365114445e-10
4.404741016372781814e-10
1.919355785418019877e-09
5.347219889095811141e-10
7.223305953374392629e-09
1.097654056536612188e-08
1.097843025377187587e-07
6.921816719795970130e-08
1.268579824520443822e-10
5.129462632424974800e-09
1.568195528989235754e-08
2.693536282905029111e-09
2.586595104769884301e-10
1.130431415141686102e-09
7.722326778036858741e-09
1.030518309574901537e-10
6.034834298951352594e-10
6.836723631664654022e-09
6.286292042467778174e-10
4.336490541656523590e-11
7.540320798304911420e-12
7.347534906887442929e-12
1.699853452441502100e-11
4.853990473452363119e-11
7.230852722139857747e-11
9.540995077328418006e-11
2.886287320258418276e-10
2.657755682200502179e-10
1.341737054794123196e-09
2.542495769475294765e-09
2.173615870626477431e-10
5.315936579819435792e-11
2.191047343558238936e-11
1.789202674906675838e-10
1.702953472682011693e-10
7.680147490196631566e-11
6.533914381767758073e-11
3.035431628273244087e-10
3.578461693631851404e-10
3.914102375546235635e-10
4.179227519607309205e-10
5.604014648163957446e-12
7.187923173335164506e-11
2.830434823408722878e-06
3.350351391873118700e-07
6.102147381170652807e-06
3.094841360962163890e-07
4.028642752729183485e-09
1.786612119758501649e-05
3.413697413634508848e-06
8.780038029954084777e-08
8.817198704491602257e-07
3.357597533337752793e-10
7.170125049249520544e-10
1.681467465264319117e-10
3.729423991849500908e-10
5.821723658705479920e-11
1.048168698503104679e-07
3.320996029287925921e-07
6.079064860387006775e-06
1.384546782778883767e-10
1.117779424575360281e-09
1.461464620433616801e-07
2.007401134207498217e-09
8.016032282398555253e-11
8.986815458467134476e-11
4.196288316826723985e-10
1.748667100009981823e-09
7.055661610522179217e-11
3.116888691589991822e-10
1.330033583268885877e-10
1.505693170145150361e-08
1.811305272436669611e-10
3.193585951244415355e-10
3.962732225692988663e-11
5.002958047839456412e-10
2.516931663087973448e-10
7.922962841355740693e-10
7.221979680949175417e-10
2.757050232560231962e-08
6.463611312845785051e-10
4.278783438671496242e-10
3.110462998279217572e-10
3.287335959001325136e-09
4.550701135364043637e-11
8.499640574699540707e-11
1.523747447662593402e-11
3.886670185693219537e-08
3.856432534421472269e-11
3.334490017437019560e-09
2.715708324885213187e-09
7.661552103854774032e-07
5.910860245705862326e-09
1.205579525098698923e-10
1.702541774228905069e-09
9.030997061287848737e-10
2.419953304411137651e-08
4.618909768550061301e-11
6.455993378784441461e-11
9.638458031702157314e-09
2.238908503038317122e-10
3.112583080167041771e-09
1.251536652091544966e-08
2.771454177263876772e-08
4.809694864604807663e-09
5.645966680289937756e-11
3.035501017212283159e-10
7.243248362209797619e-11
4.463732439230483351e-10
9.371552422976492380e-10
1.351958656137242087e-09
3.492043543218414925e-09
4.204997461343396026e-10
3.419697414130951074e-09
9.420342905741563300e-08
2.420810885084279107e-09
7.899969567404241388e-09
6.245443051611232477e-10
7.926707207284167112e-11
1.709794666959751908e-10
1.083800271750590127e-09
1.098652613329420547e-09
1.742255117953561694e-09
6.942174834989600640e-09
4.616260707024366639e-10
1.535199189994784774e-09
1.466287269380472935e-08
1.221453493904789411e-09
4.977295658958880153e-11
2.353932826437699077e-09
2.368298668287138753e-09
2.773180574067168891e-10
7.968838922067789099e-10
1.223460999177916619e-09
8.632424219889855976e-10
1.831356455372912251e-10
7.843149740782706658e-11
6.278078501509298803e-08
3.622697022365173325e-07
5.674727701632242827e-11
4.959848851071591014e-11
1.095452617505543458e-10
1.658470444310111702e-10
4.972544043191362562e-10
6.313159439663706962e-10
2.115890102016848573e-10
6.635150068268202972e-11
1.504605641466927324e-11
1.006608463249847318e-09
2.964107778669067272e-11
3.657999944617351673e-11
8.637768900143782957e-08
6.355606263497293185e-09
8.646397486877788197e-10
9.900516517724611276e-11
1.080615263937545478e-09
2.270715976360193622e-10
4.886198112785677949e-10
1.780507963289323925e-10
8.642621618371038039e-10
4.382558760340771187e-10
3.311841079156607748e-10
7.149072001055856163e-09
3.042733773273020859e-11
2.703939072645766828e-09
1.455783493753415314e-09
3.184870811523410339e-09
3.601235420980231083e-10
3.939868431501736268e-10
3.225955280683479032e-09
2.803473564405578600e-10
9.817910928688888816e-10
6.515611383761665820e-10
7.167934301666178953e-11
1.261478838054941320e-10
1.116334316653144754e-10
3.635762524378804983e-11
4.681610099588340290e-10
6.681660780216702733e-10
6.133021202003874350e-08
4.162227507098492651e-10
1.057194776166170413e-09
8.114715843721143074e-11
1.751443295949783874e-10
2.151451239384982728e-09
1.759314777194376234e-10
4.082210958156196057e-11
2.181052734251398562e-11
1.939458871280663743e-10
8.354629488227516276e-11
1.550531791849607544e-08
1.786673142767369882e-09
5.443275341576736537e-08
1.165954138793168227e-10
2.338480298291756299e-09
1.873584759559676627e-10
2.826766043462214384e-10
1.390742798701438687e-10
6.210791880789656716e-10
1.920557046730664297e-09
4.640785811194092503e-10
6.971306171221769432e-11
4.906966499795828440e-11
1.142973715673178958e-09
3.546267099419075919e-11
2.162132452243614722e-11
2.297403794981889291e-10
1.223542100969865487e-10
4.220011007305402018e-08
7.235819582396274541e-11
1.870506943779659537e-10
7.899887464191124309e-07
1.338594790567526616e-10
1.772583302361852020e-09
2.355521611097088908e-10
3.993469097074431318e-11
5.101414402020054695e-08
8.408864715647723642e-09
1.708787417120660734e-10
2.051550179738015345e-10
9.034628600801397624e-11
1.988522679852167130e-09
5.819014367580699343e-11
5.702091229742300982e-11
2.182345193446622034e-09
5.596136887220382050e-10
1.417451378493694847e-09
3.795456657296192304e-11
6.117118367399143608e-09
7.890930686649255676e-10
1.449306119560844763e-09
7.646839272901218010e-10
2.237051655029631547e-10
1.827215045935304261e-10
1.202009825007621657e-09
1.992099640801825444e-08
5.382163048572863318e-10
5.279028880700309401e-10
2.138142440877288664e-10
1.032163243763761784e-09
7.241487409714864043e-09
2.343788774172850253e-10
3.930156478038071555e-10
8.938253470702761661e-10
1.023898049679061728e-10
7.821130548757437850e-11
3.834202400021524682e-11
2.340808380463244021e-10
4.488257335233392098e-11
1.703457819246523286e-09
4.824006194503738243e-10
2.547815014519727583e-10
4.572612011255472453e-10
1.980980796068010363e-10
1.521927806003020578e-09
1.130549404093628141e-10
2.237862534171242146e-10
8.307356885728367502e-11
8.792016004122160666e-09
1.267085464329298361e-10
3.436711137894121748e-09
1.764543927640360721e-10
3.077508387017147129e-11
1.841508168176630988e-09
1.045694433821076075e-11
3.849460472604704364e-10
6.043598260729865501e-11
8.987179334063455372e-10
1.092675117053687472e-10
6.397462420926203208e-11
3.193817710300805857e-10
2.241561936067171246e-10
1.663683191210907353e-09
1.641355162895763442e-09
3.922003610767887949e-09
7.579505911792239203e-10
2.055216136165327612e-10
3.540125692591544748e-10
7.930170409231607209e-11
8.882818036681783269e-09
7.898832282693390994e-11
2.428186762770678797e-09
1.537735698775577475e-07
8.647300236974686527e-11
5.309036543721390444e-11
3.418273719635323005e-10
1.555077289161488352e-09
1.290493378824919546e-09
2.064196868989398581e-10
1.517403203088463215e-09
1.184977393986486049e-10
3.257401903766776741e-09
1.287138662320330695e-08
2.932167930680407153e-08
6.149762643570255705e-11
3.147926641577925011e-10
2.436768564706426332e-10
3.501620993162646300e-09
8.942017959423509410e-11
2.259116921310422299e-10
6.753552717064792432e-10
3.345395960252517398e-09
1.709514335646034056e-10
2.562445533538237896e-10
1.201649890703038182e-09
7.798948986614817613e-11
2.937792231705316226e-09
5.643762679419239703e-10
6.224097348628276904e-10
5.931091728861304091e-11
8.258101980018750510e-10
8.841921612656733487e-07
3.503421164285924760e-11
6.501967297900534959e-10
2.869174675623753501e-09
4.101740891382377185e-10
1.676693006658069862e-09
2.201619864194981346e-08
9.591691885191266920e-09
1.365976110001554389e-09
5.189785823311865443e-10
1.049560527377479957e-08
3.117226299309550086e-07
2.652807418179747856e-10
1.929387316579322942e-09
9.627883212903753929e-11
8.920391536548777367e-09
5.926868329453327533e-09
4.635515526985045653e-09
1.563123380732278633e-10
3.287898564519053934e-10
6.078188508062964956e-10
2.502885676491928280e-10
1.089792422970248253e-10
1.686851214266482657e-10
1.054504150665991347e-09
1.811599870116253896e-09
3.851654759023936947e-11
1.810968619508912525e-08
2.717281955000316884e-10
1.313546271752841221e-09
5.111828321746614279e-11
1.121753523403157260e-10
2.754502008428527660e-11
9.611264006892383804e-10
6.366683624747793147e-09
2.642063456903542829e-09
1.717202202655698784e-08
2.513780739121784791e-09
1.486090417390784069e-10
4.961942523529216942e-10
1.233318915744296973e-11
5.471105790633146171e-09
9.476993634294217372e-10
1.617382228147334899e-09
9.998243655218175263e-08
1.633041757376219039e-10
8.615563817926386037e-10
6.347800618478061097e-10
1.355896950272494905e-09
6.983850386887979766e-09
7.819952324572554403e-11
9.777812337574687263e-09
6.367636973259038768e-11
5.059229146731070159e-10
8.038020804512768791e-10
2.954339273220085715e-10
1.287601414379224707e-10
2.050423580923776967e-10
8.013180341492898151e-09
1.012281103385248571e-08
8.867426237735287486e-10
3.283720184654725927e-09
6.982185496440251882e-09
6.112108735800703130e-11
4.567819900103131658e-09
2.306461410750415553e-10
3.607107945668985849e-09
5.992478513405785634e-09
4.383898577486888826e-09
5.721395926472361282e-11
5.070778641425022215e-08
1.378632230597531816e-08
1.349650169402138999e-09
2.814604549428167957e-08
2.945747257232511629e-10
1.566983071077387990e-10
3.637292245173284755e-09
4.031128902903802214e-11
2.429635659328965858e-10
6.310207217863350593e-11
8.614319035871176311e-09
1.182518527542697484e-10
4.962252483919904478e-11
1.071800981300441435e-09
8.411053797896528295e-11
5.657169732664613093e-10
3.073591658964147655e-10
5.530558269128960092e-07
9.401862621771783779e-10
4.834310729506796633e-11
8.629789660652420480e-10
6.945627961663092265e-10
9.606944573192777170e-09
9.060270589333896396e-11
1.289897855194510612e-09
8.866987144529048237e-10
8.733414547101858716e-10
3.917413504694877702e-09
4.843036638391140514e-09
1.918886438634359592e-10
1.345694111698492179e-09
4.729461622332564730e-08
8.695048153706252947e-11
3.599010256483126113e-10
1.333666094227581311e-10
1.044559327922911507e-09
8.265567397192086219e-11
9.601754946686469339e-10
5.357428389807239455e-10
7.908147747759386448e-11
4.054673263809149830e-10
2.420681433079607814e-09
9.275628598537366543e-10
8.312808080779277020e-11
3.878680709945570015e-11
7.001518809168771895e-10
4.805495112947255620e-09
2.175818691885211820e-10
5.248418366576856897e-10
1.236683394578719231e-10
1.911997005166199415e-09
3.840696372048313378e-10
8.725821731836447270e-10
1.005828380584716797e-07
2.356565165229085324e-09
1.849001285414431095e-09
1.179329744971369109e-09
6.040166700138627220e-10
9.062730010889197274e-10
1.768691998416116462e-10
8.422745279013099662e-10
9.022091407295818044e-11
5.757762322478043870e-11
8.625343494994552884e-11
4.981087209365853141e-10
9.358124053449046187e-09
2.502733020826042321e-10
1.984055808534890275e-09
2.002983778837119644e-09
2.606435955954111705e-09
5.363256505575009214e-10
1.254385831317428313e-11
7.335271973163415282e-11
5.769414807010875279e-11
1.279394865605354425e-07
1.876211541684824624e-08
4.318056578966888992e-09
1.824349005197234419e-10
1.820428113807892601e-10
8.954600949628854778e-10
3.207812016015054724e-09
8.069018786471815474e-10
1.077899575152585498e-10
1.006689065441435105e-09
2.430809553644053267e-09
4.326839331270093680e-08
4.695570599011489321e-10
2.001189187694762950e-07
1.473895727688301349e-10
1.456555653867042111e-09
2.159788042854771106e-10
2.621539074709744455e-08
3.718743313285699514e-09
1.121873927090177858e-09
1.431208596081035012e-09
1.809344063463669272e-10
1.962697712687422325e-11
2.135483977150354207e-11
2.201983040350796728e-10
1.847787756137364568e-10
2.096439133403293908e-10
2.187567016420643995e-09
2.436183199616692718e-10
3.911535262357546117e-10
3.838601936312358021e-10
1.613694600166581949e-08
8.538480869901832193e-06
5.926141244394500518e-10
2.582859481847776806e-09
7.332090046219263968e-09
1.113706349364917969e-09
6.901903493172767412e-10
2.866412440738486112e-09
1.625208301270220090e-10
2.264489040726402891e-09
2.688306244280624924e-09
1.526270887453051728e-09
3.635868273121900529e-10
2.942828425389620861e-09
4.996835167858648674e-10
3.878500187681765965e-09
2.560304225573961645e-11
5.714563489078727798e-09
1.218067591235438840e-10
2.308817581564426291e-09
4.658229357801246806e-10
1.445913433428813732e-08
7.360442810799838753e-11
1.691665585390467186e-09
2.691927236675439872e-10
6.147159864466900103e-11
6.197466984048105587e-10
4.255603924807616067e-10
9.271627215978739400e-11
3.821218008681626088e-09
1.090518786384109262e-09
2.850318425728914917e-09
4.580476553606160905e-10
2.033679336044258434e-10
8.046938226868860511e-09
1.607178723439517398e-09
7.548243141641819420e-10
4.819334931127627897e-10
5.771784716834815754e-10
3.197607441052241484e-07
1.113367939509224414e-10
4.767747655010090568e-11
1.103408614477885408e-10
8.752942259881990594e-10
5.084150433987133511e-09
7.565102017048630501e-11
2.055874637196808408e-10
6.784736328313556442e-09
5.541784808826832887e-10
8.948704971478704806e-11
8.496678360891962711e-10
4.383570173516204704e-10
7.905091026216837236e-10
1.021610351870094746e-09
1.192479864853268623e-10
8.892082903333431432e-11
2.672748466991947680e-09
5.644071668364780692e-11
1.600634347287410719e-10
5.310142880965429413e-10
2.002658178179572701e-10
1.599758242543103393e-10
6.174150773974318440e-11
1.046190845954697579e-06
7.189298045773284684e-10
1.588947723396572087e-10
1.501841140338910918e-08
2.191074433000039789e-09
7.022831738368040533e-08
5.122147150871114718e-10
4.358583771679747088e-10
2.539775612042660669e-10
2.255445608057016216e-09
1.781235825504268178e-09
1.526176962585168440e-10
5.360904498097340820e-10
7.149488396862579975e-07
1.856383380349768686e-09
2.226490658507884746e-10
5.411882053607541820e-10
1.468710597585243249e-09
8.650596328152460046e-08
1.472880128972064995e-08
2.140832622288257880e-09
6.831414878227803911e-10
3.431960271527145778e-10
3.031456752289329870e-10
2.857105885212263274e-09
1.240650693290490381e-09
5.971974914587008243e-09
3.763392722455627393e-11
2.733248696817902612e-11
1.178337566409837223e-10
9.928574455642102947e-12
2.093832572602760678e-11
1.176967273641693623e-10
5.192555760369366169e-11
8.212529961637571319e-11
5.375369246940486789e-11
6.240676725388638602e-11
1.482081644910149265e-11
5.947588532784209292e-10
1.832541063340187293e-10
6.587195372498300117e-11
8.378231441952266323e-11
1.713932440416954250e-09
4.211681697841029859e-11
7.669256202325058780e-11
1.545826106008618694e-10
1.396688580762583953e-11
2.009461069762963348e-10
9.841812087518775343e-11
3.933110781506599096e-10
9.670502246206247321e-12
2.746686489363270312e-10
4.919548324266997952e-09
8.512785476533224482e-10
6.230282956209975964e-11
8.353306241160041168e-11
5.085466492360524171e-10
3.674547055521060201e-10
1.445539798972106382e-10
4.949061604975213413e-09
3.456665856327312270e-11
1.603002175443180022e-10
4.305291401163202636e-10
2.371019602875890087e-09
5.892673848872931330e-11
9.230545147675961459e-12
4.184888893754568073e-11
1.593183397707864657e-11
1.015124234671205272e-10
2.075812299828783125e-10
3.567836581730432499e-10
5.012920634150930255e-10
2.297456253019802830e-10
9.243150689286494526e-10
2.189415038156283799e-10
3.554913874381782080e-08
3.322803010519237432e-08
2.509909613479521795e-09
2.566165221651317552e-06
1.154173201456387687e-08
2.893291650707396911e-07
1.980517794208935811e-08
7.737074270153243560e-08
7.753368436169694178e-08
7.162419990436319495e-09
1.686358359620498959e-07
1.339773070263561294e-09
6.378178540877854630e-10
6.464469151978846639e-06
1.588112308326117272e-09
1.323809950548593406e-10
7.129836998576166707e-11
6.279701758593603245e-10
3.100105283593279637e-09
2.239386870384052486e-10
6.418766212989979181e-11
3.173463158923084393e-10
1.624871126537641430e-09
2.469571942775861118e-11
1.696301293874213911e-10
4.944052278688104707e-09
1.216389766689474072e-09
1.183080855504670126e-09
2.205917670750068282e-10
5.022242621777195382e-10
