3.930665180087089539e-02
1.182945847511291504e+00
8.890694379806518555e-02
0.000000000000000000e+00
6.025384068489074707e-01
8.985570073127746582e-01
7.953716069459915161e-02
0.000000000000000000e+00
5.954858660697937012e-01
3.157717362046241760e-02
0.000000000000000000e+00
1.221638441085815430e+00
0.000000000000000000e+00
0.000000000000000000e+00
3.085211850702762604e-02
0.000000000000000000e+00
1.415429916232824326e-02
2.340371310710906982e-01
2.479556202888488770e-01
2.725291997194290161e-02
2.747340202331542969e-01
0.000000000000000000e+00
8.718137443065643311e-02
0.000000000000000000e+00
3.914131224155426025e-02
2.013544552028179169e-03
0.000000000000000000e+00
7.280291523784399033e-03
1.380158960819244385e-01
1.928279995918273926e-01
4.548198357224464417e-02
0.000000000000000000e+00
2.466274201869964600e-01
2.176788747310638428e-01
1.803933829069137573e-02
4.803850129246711731e-02
0.000000000000000000e+00
0.000000000000000000e+00
5.725706219673156738e-01
8.220329284667968750e-01
1.643659174442291260e-02
0.000000000000000000e+00
0.000000000000000000e+00
2.677290439605712891e-01
2.010084837675094604e-01
2.181760407984256744e-02
5.539973266422748566e-03
0.000000000000000000e+00
3.070708364248275757e-02
2.513030171394348145e-02
0.000000000000000000e+00
1.494960635900497437e-01
1.395526677370071411e-01
1.818021237850189209e-01
0.000000000000000000e+00
2.178190462291240692e-02
0.000000000000000000e+00
3.448307886719703674e-02
4.584410488605499268e-01
0.000000000000000000e+00
6.364437937736511230e-02
2.699762955307960510e-02
2.844656705856323242e-01
1.158975064754486084e-01
1.206600069999694824e-01
0.000000000000000000e+00
0.000000000000000000e+00
6.674913316965103149e-02
1.245949044823646545e-01
1.740720570087432861e-01
4.622507095336914062e-02
2.490270733833312988e-01
9.779762476682662964e-03
1.282460801303386688e-02
2.683253958821296692e-02
4.527938738465309143e-02
0.000000000000000000e+00
2.426820844411849976e-01
3.367049619555473328e-02
0.000000000000000000e+00
8.685817942023277283e-03
0.000000000000000000e+00
3.467969298362731934e-01
3.963748514652252197e-01
8.853343874216079712e-02
1.734764724969863892e-01
2.533598802983760834e-02
2.690972387790679932e-01
0.000000000000000000e+00
0.000000000000000000e+00
1.545195132493972778e-01
8.932740986347198486e-02
0.000000000000000000e+00
1.976723596453666687e-02
4.427416995167732239e-02
4.127461090683937073e-02
0.000000000000000000e+00
0.000000000000000000e+00
1.594899967312812805e-02
1.439748853445053101e-01
1.380140662193298340e+00
3.267515823245048523e-02
0.000000000000000000e+00
1.353450417518615723e+00
1.107822358608245850e-02
0.000000000000000000e+00
9.246100783348083496e-01
0.000000000000000000e+00
0.000000000000000000e+00
6.307642459869384766e-01
0.000000000000000000e+00
1.060472503304481506e-01
3.003538586199283600e-02
0.000000000000000000e+00
2.282420992851257324e-01
1.345897555351257324e+00
1.148438096046447754e+00
2.987420745193958282e-02
4.455857872962951660e-01
0.000000000000000000e+00
1.647870801389217377e-02
0.000000000000000000e+00
3.723834827542304993e-02
2.546783164143562317e-02
4.768834635615348816e-02
0.000000000000000000e+00
0.000000000000000000e+00
4.714133683592081070e-03
2.744376659393310547e-02
0.000000000000000000e+00
1.698762923479080200e-01
1.343877315521240234e-01
8.847264051437377930e-01
1.783566176891326904e-02
0.000000000000000000e+00
1.324102759361267090e+00
3.170288503170013428e-01
1.753013953566551208e-02
0.000000000000000000e+00
1.299638748168945312e+00
1.883937418460845947e-02
1.853717613220214844e+01
1.581961810588836670e-01
1.150481477379798889e-01
0.000000000000000000e+00
2.241477519273757935e-01
0.000000000000000000e+00
2.234972566366195679e-01
1.192360520362854004e-01
1.471442133188247681e-01
1.408153679221868515e-03
0.000000000000000000e+00
7.260485887527465820e-01
4.955910146236419678e-01
0.000000000000000000e+00
4.625003039836883545e-02
5.900489687919616699e-01
0.000000000000000000e+00
1.213881596922874451e-01
0.000000000000000000e+00
2.812438271939754486e-02
1.524044424295425415e-01
0.000000000000000000e+00
5.719885602593421936e-02
8.740255981683731079e-02
1.470066756010055542e-01
1.462062954902648926e+00
4.034434631466865540e-02
0.000000000000000000e+00
1.698579080402851105e-02
1.700158238410949707e+00
1.374751795083284378e-03
0.000000000000000000e+00
1.773525029420852661e-02
3.966171145439147949e-01
2.413699477910995483e-01
4.512410238385200500e-02
1.148406267166137695e-01
0.000000000000000000e+00
2.000935748219490051e-02
1.139926314353942871e-01
1.740165054798126221e-02
5.256714224815368652e-01
1.053299829363822937e-01
2.610434055328369141e+00
3.154026865959167480e-01
0.000000000000000000e+00
0.000000000000000000e+00
1.296399384737014771e-01
4.608406499028205872e-02
0.000000000000000000e+00
2.565483450889587402e-01
0.000000000000000000e+00
1.007907614111900330e-01
4.513470456004142761e-02
0.000000000000000000e+00
4.168118163943290710e-02
7.136039435863494873e-02
3.037511138245463371e-03
2.078269869089126587e-01
0.000000000000000000e+00
4.637487605214118958e-02
1.310047745704650879e+00
2.759253382682800293e-01
6.228943914175033569e-02
2.061659395694732666e-01
0.000000000000000000e+00
7.226065266877412796e-03
2.654463984072208405e-02
3.346233069896697998e-01
4.136207327246665955e-02
0.000000000000000000e+00
3.247188171371817589e-03
1.033454909920692444e-01
1.612435132265090942e-01
0.000000000000000000e+00
0.000000000000000000e+00
1.504533831030130386e-02
7.063609361648559570e-02
2.147450298070907593e-02
0.000000000000000000e+00
4.264045655727386475e-01
6.999203562736511230e-02
1.716379880905151367e+00
3.116398118436336517e-02
0.000000000000000000e+00
4.678243398666381836e-02
7.182395458221435547e-01
0.000000000000000000e+00
4.253729879856109619e-01
0.000000000000000000e+00
2.862564325332641602e-01
1.429711818695068359e+00
0.000000000000000000e+00
3.041805028915405273e-01
1.802282929420471191e-01
0.000000000000000000e+00
1.036387920379638672e+00
1.338284090161323547e-02
9.644393324851989746e-01
1.467187553644180298e-01
6.912372540682554245e-03
0.000000000000000000e+00
1.425381600856781006e-01
2.058176696300506592e-01
2.512111095711588860e-03
2.809634990990161896e-02
0.000000000000000000e+00
0.000000000000000000e+00
2.564053237438201904e-02
1.486729621887207031e+00
6.564751267433166504e-01
0.000000000000000000e+00
3.488523066043853760e-01
8.750809729099273682e-02
0.000000000000000000e+00
1.167870759963989258e-01
0.000000000000000000e+00
2.998453006148338318e-02
4.055495262145996094e-01
5.977127328515052795e-02
2.537771165370941162e-01
0.000000000000000000e+00
9.611115092411637306e-04
5.699109658598899841e-02
2.829338550567626953e+00
1.260559558868408203e-01
4.599237069487571716e-02
1.879998743534088135e-01
1.192787587642669678e-01
0.000000000000000000e+00
7.287093400955200195e-01
3.758151531219482422e-01
4.200131073594093323e-02
7.740893959999084473e-01
8.102930188179016113e-01
8.704318404197692871e-01
1.554742921143770218e-02
6.997345089912414551e-01
2.115136682987213135e-01
1.075876876711845398e-01
1.295207440853118896e-01
0.000000000000000000e+00
0.000000000000000000e+00
1.794875562191009521e-01
2.485530972480773926e-01
2.400507479906082153e-01
4.800610989332199097e-02
0.000000000000000000e+00
0.000000000000000000e+00
0.000000000000000000e+00
6.196562200784683228e-02
0.000000000000000000e+00
0.000000000000000000e+00
6.770012378692626953e-01
1.366548240184783936e-01
9.219539165496826172e-02
3.577178120613098145e-01
0.000000000000000000e+00
8.830016851425170898e-02
1.286550890654325485e-02
6.147984266281127930e-01
4.212381839752197266e-01
7.281655073165893555e-01
0.000000000000000000e+00
3.805530667304992676e-01
0.000000000000000000e+00
3.450115621089935303e-01
1.166512593626976013e-01
2.144758030772209167e-02
1.266391389071941376e-02
0.000000000000000000e+00
5.403146613389253616e-03
1.265091076493263245e-02
0.000000000000000000e+00
0.000000000000000000e+00
4.184391722083091736e-02
4.931299015879631042e-02
5.623507872223854065e-02
2.455811053514480591e-01
2.634648978710174561e-01
0.000000000000000000e+00
5.503033995628356934e-01
0.000000000000000000e+00
2.905697561800479889e-02
8.830437064170837402e-01
9.452718496322631836e-01
0.000000000000000000e+00
2.251911349594593048e-02
0.000000000000000000e+00
8.585005998611450195e-02
1.583626866340637207e-02
0.000000000000000000e+00
0.000000000000000000e+00
0.000000000000000000e+00
1.213597416877746582e+00
0.000000000000000000e+00
8.711864948272705078e-01
0.000000000000000000e+00
1.268417090177536011e-01
2.038972685113549232e-03
6.914814710617065430e-01
7.367061916738748550e-03
5.336108151823282242e-03
1.132371187210083008e+00
3.758230805397033691e-02
0.000000000000000000e+00
0.000000000000000000e+00
1.380649358034133911e-01
9.615131467580795288e-02
3.373500704765319824e-02
5.749764293432235718e-02
0.000000000000000000e+00
6.674604862928390503e-02
1.191016197204589844e+00
4.625768214464187622e-02
7.858429104089736938e-02
3.809148818254470825e-02
2.837013602256774902e-01
1.748280823230743408e-01
1.548182684928178787e-02
7.502251118421554565e-02
4.715646505355834961e-01
1.118484232574701309e-02
7.107473015785217285e-01
6.296437978744506836e-01
2.770522236824035645e-02
0.000000000000000000e+00
2.878282964229583740e-01
3.743641376495361328e-01
4.043321684002876282e-02
5.670795589685440063e-02
2.423646301031112671e-01
2.970229648053646088e-02
0.000000000000000000e+00
2.375962436199188232e-01
0.000000000000000000e+00
6.418041586875915527e-01
1.182175427675247192e-02
3.010177798569202423e-02
5.540970712900161743e-02
3.748019784688949585e-02
9.274833798408508301e-01
1.134254224598407745e-02
0.000000000000000000e+00
2.794778943061828613e-01
0.000000000000000000e+00
0.000000000000000000e+00
1.125457733869552612e-01
9.924548864364624023e-02
6.500568985939025879e-02
0.000000000000000000e+00
1.050829291343688965e+00
8.076548576354980469e-01
0.000000000000000000e+00
6.288095712661743164e-01
0.000000000000000000e+00
0.000000000000000000e+00
0.000000000000000000e+00
7.333052754402160645e-01
2.922631204128265381e-01
1.888775080442428589e-02
7.968656718730926514e-02
2.351224124431610107e-01
3.648180961608886719e-01
7.448375225067138672e-02
1.392851117998361588e-04
0.000000000000000000e+00
0.000000000000000000e+00
7.781314253807067871e-01
0.000000000000000000e+00
0.000000000000000000e+00
1.040962561964988708e-01
7.553276419639587402e-02
6.188705563545227051e-02
2.128502130508422852e+00
5.422816798090934753e-02
1.913883090019226074e+00
9.601018577814102173e-02
1.112671792507171631e-01
7.511340081691741943e-02
6.015674397349357605e-02
4.779844582080841064e-01
5.357326865196228027e-01
5.630734562873840332e-02
0.000000000000000000e+00
6.367693189531564713e-03
7.008486136328428984e-05
0.000000000000000000e+00
1.794503442943096161e-02
0.000000000000000000e+00
0.000000000000000000e+00
0.000000000000000000e+00
1.124949455261230469e+00
4.210621118545532227e-02
2.350709438323974609e-01
0.000000000000000000e+00
1.161795854568481445e-02
6.928721442818641663e-03
0.000000000000000000e+00
7.241315841674804688e-01
0.000000000000000000e+00
9.061518907546997070e-01
0.000000000000000000e+00
0.000000000000000000e+00
4.414495229721069336e-01
4.163121581077575684e-01
1.488438695669174194e-01
2.390734851360321045e-01
0.000000000000000000e+00
5.495664104819297791e-02
2.010281197726726532e-02
1.446301639080047607e-01
0.000000000000000000e+00
4.252402484416961670e-02
0.000000000000000000e+00
5.119935795664787292e-02
0.000000000000000000e+00
3.065944649279117584e-02
0.000000000000000000e+00
1.870072074234485626e-02
3.853247687220573425e-02
6.771408766508102417e-02
2.628563046455383301e-01
0.000000000000000000e+00
0.000000000000000000e+00
7.749682068824768066e-01
0.000000000000000000e+00
0.000000000000000000e+00
1.361560106277465820e+00
0.000000000000000000e+00
4.681094884872436523e-01
2.954268828034400940e-03
1.105696544982492924e-03
5.806936696171760559e-02
6.274151057004928589e-02
3.220887109637260437e-02
1.674553751945495605e+00
1.433874607086181641e+00
1.882267929613590240e-02
2.490819841623306274e-01
1.708210706710815430e-01
2.309554256498813629e-02
1.050377115607261658e-01
2.292295359075069427e-02
1.352492570877075195e-01
3.638204187154769897e-02
1.808057576417922974e-01
1.547854300588369370e-02
1.136534288525581360e-01
5.004636198282241821e-02
2.889670729637145996e-01
9.824538975954055786e-02
3.631092905998229980e-01
3.472496196627616882e-02
1.487950608134269714e-02
0.000000000000000000e+00
0.000000000000000000e+00
1.639967970550060272e-02
0.000000000000000000e+00
2.906258702278137207e-01
0.000000000000000000e+00
9.314464777708053589e-02
0.000000000000000000e+00
4.390453919768333435e-02
1.074064243584871292e-02
2.866069972515106201e-01
0.000000000000000000e+00
3.489255905151367188e-04
1.859023869037628174e-01
7.654243707656860352e-02
0.000000000000000000e+00
7.932920008897781372e-02
3.364888429641723633e-01
7.788746058940887451e-02
4.347668886184692383e-01
4.134585261344909668e-01
0.000000000000000000e+00
9.149016439914703369e-02
0.000000000000000000e+00
0.000000000000000000e+00
1.296614706516265869e-01
3.531918302178382874e-02
3.388633728027343750e-01
5.531933903694152832e-02
1.008996486663818359e+00
2.479212284088134766e-01
4.637486487627029419e-02
3.464725911617279053e-01
3.040090389549732208e-02
4.513950049877166748e-01
0.000000000000000000e+00
1.298054456710815430e-01
6.874987483024597168e-02
3.807472065091133118e-02
4.957590624690055847e-02
0.000000000000000000e+00
5.613167285919189453e-01
0.000000000000000000e+00
2.311257412657141685e-03
0.000000000000000000e+00
1.509823743253946304e-02
2.000168263912200928e-01
1.261431872844696045e-01
5.996348918415606022e-04
0.000000000000000000e+00
2.024343051016330719e-02
0.000000000000000000e+00
7.058243267238140106e-03
0.000000000000000000e+00
7.113321304321289062e+00
1.600705273449420929e-02
0.000000000000000000e+00
0.000000000000000000e+00
0.000000000000000000e+00
2.182664126157760620e-01
8.277811575680971146e-04
4.561073482036590576e-01
7.501006126403808594e-01
1.439448387827724218e-04
2.418931946158409119e-02
6.475964188575744629e-01
0.000000000000000000e+00
1.924319565296173096e-02
0.000000000000000000e+00
9.444318711757659912e-02
0.000000000000000000e+00
1.666319668292999268e-01
1.205542609095573425e-01
0.000000000000000000e+00
4.264810383319854736e-01
1.710701151750981808e-03
1.096795082092285156e+00
3.814876377582550049e-01
2.406183332204818726e-01
1.787836551666259766e-01
0.000000000000000000e+00
5.779102444648742676e-02
1.759986281394958496e-01
0.000000000000000000e+00
5.941570922732353210e-02
5.468034744262695312e-01
6.926687434315681458e-03
3.041658550500869751e-03
2.023556828498840332e-01
1.127178668975830078e+00
1.199734359979629517e-01
5.728498846292495728e-02
9.731478244066238403e-02
1.701326481997966766e-02
7.395465672016143799e-02
2.843791153281927109e-03
1.820686645805835724e-02
1.225308608263731003e-02
1.302086263895034790e-01
7.823509722948074341e-02
3.675574362277984619e-01
1.331136794760823250e-03
2.272732555866241455e-02
1.397868096828460693e-01
0.000000000000000000e+00
2.443592697381973267e-01
4.004964232444763184e-02
3.121438901871442795e-03
0.000000000000000000e+00
2.637617886066436768e-01
1.380522968247532845e-03
0.000000000000000000e+00
9.710856527090072632e-02
0.000000000000000000e+00
2.379186749458312988e-01
9.809083938598632812e-01
0.000000000000000000e+00
0.000000000000000000e+00
2.473164200782775879e-01
5.344923585653305054e-02
2.577614188194274902e-01
4.325520992279052734e-01
0.000000000000000000e+00
1.298525370657444000e-02
0.000000000000000000e+00
8.194312453269958496e-02
7.087472081184387207e-02
3.837214037775993347e-02
4.346834421157836914e-01
0.000000000000000000e+00
1.300879847258329391e-02
3.850721195340156555e-02
8.842179179191589355e-02
0.000000000000000000e+00
1.013495922088623047e+00
0.000000000000000000e+00
5.112421885132789612e-02
0.000000000000000000e+00
2.469635009765625000e-01
0.000000000000000000e+00
1.063618183135986328e+00
6.041440963745117188e-01
9.974764660000801086e-03
1.778196096420288086e+00
0.000000000000000000e+00
3.096860833466053009e-02
4.533377289772033691e-02
1.043028593063354492e+00
0.000000000000000000e+00
3.607188817113637924e-03
0.000000000000000000e+00
3.671965375542640686e-02
1.410119980573654175e-01
1.613545715808868408e-01
0.000000000000000000e+00
1.733021438121795654e-01
7.837321609258651733e-02
0.000000000000000000e+00
2.055356465280056000e-02
0.000000000000000000e+00
1.071743890643119812e-01
0.000000000000000000e+00
1.310283243656158447e-01
1.057368665933609009e-01
0.000000000000000000e+00
6.699586287140846252e-03
4.172854870557785034e-02
3.241729363799095154e-02
0.000000000000000000e+00
0.000000000000000000e+00
0.000000000000000000e+00
4.300467073917388916e-01
7.918737083673477173e-02
2.047259733080863953e-02
0.000000000000000000e+00
0.000000000000000000e+00
2.690916135907173157e-02
8.638335391879081726e-03
1.142400130629539490e-02
0.000000000000000000e+00
4.386614263057708740e-01
3.081947267055511475e-01
9.569419622421264648e-01
5.073444843292236328e-01
3.354462623596191406e+00
2.475958783179521561e-03
0.000000000000000000e+00
1.708806864917278290e-02
0.000000000000000000e+00
4.850051403045654297e-01
2.920308351516723633e+00
6.932542920112609863e-01
5.856708437204360962e-02
0.000000000000000000e+00
6.265114545822143555e-01
4.440564196556806564e-03
2.258376032114028931e-01
0.000000000000000000e+00
0.000000000000000000e+00
5.767637398093938828e-03
4.503257870674133301e-01
2.402372285723686218e-02
8.507013320922851562e-02
9.325682371854782104e-02
1.476843003183603287e-02
0.000000000000000000e+00
3.028449229896068573e-02
3.411602079868316650e-01
7.057623006403446198e-03
2.303494453430175781e+00
9.367185831069946289e-02
4.621685948222875595e-03
0.000000000000000000e+00
0.000000000000000000e+00
5.158724188804626465e-01
1.879085786640644073e-02
6.705996394157409668e-01
5.165369510650634766e-01
9.637792408466339111e-02
2.266400754451751709e-01
8.032681345939636230e-01
1.284683495759963989e-02
0.000000000000000000e+00
0.000000000000000000e+00
0.000000000000000000e+00
0.000000000000000000e+00
0.000000000000000000e+00
8.695363253355026245e-02
0.000000000000000000e+00
0.000000000000000000e+00
0.000000000000000000e+00
1.365218460559844971e-01
1.173926472663879395e+00
0.000000000000000000e+00
5.917860269546508789e-01
0.000000000000000000e+00
0.000000000000000000e+00
0.000000000000000000e+00
0.000000000000000000e+00
0.000000000000000000e+00
0.000000000000000000e+00
1.460191607475280762e-01
4.544428549706935883e-03
4.347872734069824219e-01
2.949560582637786865e-01
0.000000000000000000e+00
0.000000000000000000e+00
1.984837204217910767e-01
0.000000000000000000e+00
8.007075786590576172e-01
1.752804964780807495e-01
1.395565923303365707e-02
1.009379625320434570e+00
0.000000000000000000e+00
0.000000000000000000e+00
1.776335178874433041e-03
3.966096341609954834e-01
0.000000000000000000e+00
0.000000000000000000e+00
2.662529796361923218e-02
1.425518542528152466e-01
1.027064630761742592e-03
3.836930915713310242e-02
2.760782241821289062e-01
0.000000000000000000e+00
0.000000000000000000e+00
4.318077862262725830e-02
0.000000000000000000e+00
3.559499233961105347e-02
2.678535282611846924e-01
1.038732528686523438e+00
3.820837736129760742e-01
1.695152521133422852e-01
0.000000000000000000e+00
1.567298173904418945e-01
3.847340121865272522e-02
7.142181508243083954e-03
8.044842630624771118e-02
0.000000000000000000e+00
0.000000000000000000e+00
6.973111629486083984e-01
1.627694368362426758e-01
9.387455880641937256e-02
0.000000000000000000e+00
1.567820645868778229e-02
3.997108042240142822e-01
5.267117917537689209e-02
5.851870179176330566e-01
0.000000000000000000e+00
2.621519565582275391e-01
9.184917435050010681e-03
8.321576751768589020e-03
0.000000000000000000e+00
1.463619828224182129e+00
2.669312432408332825e-02
5.276370421051979065e-02
1.364227011799812317e-02
8.461924195289611816e-01
0.000000000000000000e+00
1.207227945327758789e+00
1.907003372907638550e-01
0.000000000000000000e+00
2.855565585196018219e-02
1.716140098869800568e-02
7.259121537208557129e-01
3.016720116138458252e-01
2.493024617433547974e-01
3.151837363839149475e-02
0.000000000000000000e+00
0.000000000000000000e+00
3.122832626104354858e-02
4.356688261032104492e-02
0.000000000000000000e+00
0.000000000000000000e+00
9.297276288270950317e-02
9.257109463214874268e-02
1.057457327842712402e-01
2.087580598890781403e-02
0.000000000000000000e+00
0.000000000000000000e+00
0.000000000000000000e+00
1.037790700793266296e-01
0.000000000000000000e+00
4.593803286552429199e-01
3.921359777450561523e-02
2.411814332008361816e-01
0.000000000000000000e+00
7.592892274260520935e-03
5.967301782220602036e-03
0.000000000000000000e+00
6.569819152355194092e-02
6.124213337898254395e-02
6.271939873695373535e-01
1.697590231895446777e+00
0.000000000000000000e+00
0.000000000000000000e+00
1.350161433219909668e-01
0.000000000000000000e+00
3.521779319271445274e-03
0.000000000000000000e+00
3.101584315299987793e-01
0.000000000000000000e+00
1.179990097880363464e-01
9.801757335662841797e-02
1.190419316291809082e+00
0.000000000000000000e+00
3.731712931767106056e-03
0.000000000000000000e+00
6.382147967815399170e-02
9.298719465732574463e-02
0.000000000000000000e+00
2.634784393012523651e-02
0.000000000000000000e+00
1.337305456399917603e-01
6.680208444595336914e-02
2.286792755126953125e+00
6.115557253360748291e-02
0.000000000000000000e+00
1.314551532268524170e-01
5.440127849578857422e-01
6.567027568817138672e-01
4.322675466537475586e-01
0.000000000000000000e+00
4.396614804863929749e-02
2.539491355419158936e-01
5.874925851821899414e-02
0.000000000000000000e+00
2.105791307985782623e-02
0.000000000000000000e+00
2.555328905582427979e-01
3.670922517776489258e-01
0.000000000000000000e+00
3.744200617074966431e-02
6.828565150499343872e-02
1.064764976501464844e+00
0.000000000000000000e+00
4.094905406236648560e-02
0.000000000000000000e+00
3.049350529909133911e-02
0.000000000000000000e+00
1.307694986462593079e-02
1.395617723464965820e-01
9.572615623474121094e-01
6.257730722427368164e-02
6.943629384040832520e-01
8.313163369894027710e-02
6.447108387947082520e-01
3.739813268184661865e-01
0.000000000000000000e+00
1.720100343227386475e-01
2.786765694618225098e-01
4.178328514099121094e-01
1.688114106655120850e-01
7.123512029647827148e-02
2.446208447217941284e-01
2.299751192331314087e-01
7.811325136572122574e-03
5.364692807197570801e-01
0.000000000000000000e+00
2.522523880004882812e+00
1.040571182966232300e-01
1.044548302888870239e-02
8.977298438549041748e-02
8.204736560583114624e-02
9.023702703416347504e-03
0.000000000000000000e+00
5.615691542625427246e-01
1.694120287895202637e+00
0.000000000000000000e+00
5.070552974939346313e-02
7.854544371366500854e-02
0.000000000000000000e+00
8.619011938571929932e-02
0.000000000000000000e+00
0.000000000000000000e+00
2.653457820415496826e-01
3.629094362258911133e-02
0.000000000000000000e+00
4.787344634532928467e-01
4.265432655811309814e-01
2.094030845910310745e-03
1.504054963588714600e-01
1.029379367828369141e+00
1.271858662366867065e-01
1.007536947727203369e-01
1.303882479667663574e+00
1.349784433841705322e-02
0.000000000000000000e+00
0.000000000000000000e+00
0.000000000000000000e+00
2.895412743091583252e-01
6.828058362007141113e-01
4.305995628237724304e-02
8.699232339859008789e-02
3.718273015692830086e-03
5.404922366142272949e-01
1.868181303143501282e-02
2.254743129014968872e-01
3.373373448848724365e-01
3.927311394363641739e-03
1.298583596944808960e-01
2.760416641831398010e-02
4.842096474021673203e-03
3.627768456935882568e-01
2.178113311529159546e-01
0.000000000000000000e+00
0.000000000000000000e+00
4.490790888667106628e-02
7.657461613416671753e-02
2.597691956907510757e-03
6.014793738722801208e-02
5.180630683898925781e-01
0.000000000000000000e+00
2.920048832893371582e-01
3.503080606460571289e-01
5.783836245536804199e-01
7.933016866445541382e-02
0.000000000000000000e+00
2.883258163928985596e-01
6.850807070732116699e-01
8.698075264692306519e-02
2.663365937769412994e-02
9.867479652166366577e-02
1.659271717071533203e-01
1.782803609967231750e-02
1.981616578996181488e-02
4.415236413478851318e-01
8.801113814115524292e-03
4.869316145777702332e-02
1.495025865733623505e-02
0.000000000000000000e+00
0.000000000000000000e+00
3.861268162727355957e-01
0.000000000000000000e+00
0.000000000000000000e+00
5.256611388176679611e-03
2.217154651880264282e-01
0.000000000000000000e+00
2.891092896461486816e-01
0.000000000000000000e+00
1.124275773763656616e-01
0.000000000000000000e+00
0.000000000000000000e+00
7.131082564592361450e-02
0.000000000000000000e+00
1.401218920946121216e-01
3.060362301766872406e-02
5.768797993659973145e-01
5.290948972105979919e-02
5.208482593297958374e-02
0.000000000000000000e+00
4.865592718124389648e-01
3.305225670337677002e-01
9.819698333740234375e-02
1.089528724551200867e-01
0.000000000000000000e+00
3.999135792255401611e-01
1.117716789245605469e+00
5.203513503074645996e-01
6.989591717720031738e-01
8.241333961486816406e-01
3.620652854442596436e-01
5.799232721328735352e-01
1.645527482032775879e-01
0.000000000000000000e+00
1.951225101947784424e-02
0.000000000000000000e+00
0.000000000000000000e+00
5.004430422559380531e-04
2.523591369390487671e-02
6.377602368593215942e-02
0.000000000000000000e+00
4.534508287906646729e-02
2.254965901374816895e-02
0.000000000000000000e+00
0.000000000000000000e+00
0.000000000000000000e+00
0.000000000000000000e+00
7.433953881263732910e-02
7.846785336732864380e-02
6.926884055137634277e-01
1.761269867420196533e-01
4.437862634658813477e-01
2.974886178970336914e+00
4.516120910644531250e+00
1.598589897155761719e+00
2.429416775703430176e-02
9.208684414625167847e-02
5.011129379272460938e-01
1.634102463722229004e-01
0.000000000000000000e+00
8.250952512025833130e-02
7.009469866752624512e-01
2.139940112829208374e-01
4.741457700729370117e-01
1.532765179872512817e-01
6.985214948654174805e-01
5.173008143901824951e-02
1.383681297302246094e-01
0.000000000000000000e+00
9.749303758144378662e-02
1.043265759944915771e-01
4.827404320240020752e-01
6.098083406686782837e-02
1.455099284648895264e-01
1.031534552574157715e+00
2.987979054450988770e-01
1.607359647750854492e-01
2.975585684180259705e-02
2.957086563110351562e-01
2.004458010196685791e-02
7.394119352102279663e-02
1.286446768790483475e-02
3.776763677597045898e-01
4.682913050055503845e-02
8.277442306280136108e-02
4.177849888801574707e-01
0.000000000000000000e+00
9.695469588041305542e-02
1.931355521082878113e-02
9.032181501388549805e-01
7.384118437767028809e-02
1.036994084715843201e-01
0.000000000000000000e+00
2.864262461662292480e-01
1.518647000193595886e-02
0.000000000000000000e+00
3.328986931592226028e-03
2.127880416810512543e-02
2.461340427398681641e-01
1.332776546478271484e-01
0.000000000000000000e+00
0.000000000000000000e+00
2.820093631744384766e-01
3.617129521444439888e-03
0.000000000000000000e+00
0.000000000000000000e+00
8.819310367107391357e-02
1.833165526390075684e+00
2.395338565111160278e-01
0.000000000000000000e+00
1.417223066091537476e-01
2.049282550811767578e+00
1.125558167695999146e-01
3.147408366203308105e-01
0.000000000000000000e+00
4.458400309085845947e-01
4.239540100097656250e-01
0.000000000000000000e+00
0.000000000000000000e+00
1.874264925718307495e-01
0.000000000000000000e+00
9.553164839744567871e-01
8.361573219299316406e-01
4.609021916985511780e-02
0.000000000000000000e+00
9.763039648532867432e-02
0.000000000000000000e+00
1.830896884202957153e-01
0.000000000000000000e+00
3.352609872817993164e-01
9.200449101626873016e-03
2.893030345439910889e-01
1.743956804275512695e-01
8.634869456291198730e-01
3.522245958447456360e-02
0.000000000000000000e+00
3.654381036758422852e+00
0.000000000000000000e+00
2.961354255676269531e-01
0.000000000000000000e+00
4.283713996410369873e-01
0.000000000000000000e+00
3.713024035096168518e-02
0.000000000000000000e+00
3.318932652473449707e-01
3.916347622871398926e-01
0.000000000000000000e+00
0.000000000000000000e+00
0.000000000000000000e+00
2.799032926559448242e-01
2.047526836395263672e+00
4.926933646202087402e-01
1.283611893653869629e+00
7.381147146224975586e-02
2.421899884939193726e-02
5.743460729718208313e-02
1.306165158748626709e-01
2.670092582702636719e-01
1.263412356376647949e+00
4.042680561542510986e-01
9.198035113513469696e-03
1.380080822855234146e-03
2.026932835578918457e-01
1.257062796503305435e-02
1.211217045783996582e-01
1.671305149793624878e-01
6.551555544137954712e-02
7.725589908659458160e-03
0.000000000000000000e+00
8.349024057388305664e-01
2.283252961933612823e-02
3.416086733341217041e-01
6.919972598552703857e-02
6.898246705532073975e-02
3.638848960399627686e-01
6.675752252340316772e-02
1.434574276208877563e-02
0.000000000000000000e+00
0.000000000000000000e+00
0.000000000000000000e+00
4.882150292396545410e-01
5.930532887578010559e-02
1.524669001810252666e-03
1.289856433868408203e-01
8.108288049697875977e-02
1.591784000396728516e+00
3.724519908428192139e-01
8.351371437311172485e-02
1.581101268529891968e-01
1.728993467986583710e-02
1.248784899711608887e+00
3.700306117534637451e-01
4.273167848587036133e-01
1.578622341156005859e+00
9.744179248809814453e-02
0.000000000000000000e+00
2.462849467992782593e-01
3.748938441276550293e-01
1.052190735936164856e-01
0.000000000000000000e+00
0.000000000000000000e+00
0.000000000000000000e+00
0.000000000000000000e+00
0.000000000000000000e+00
4.176748543977737427e-02
3.306896686553955078e-01
0.000000000000000000e+00
1.722372882068157196e-02
0.000000000000000000e+00
4.563983678817749023e-01
1.338708043098449707e+00
8.557414636015892029e-03
3.700995072722434998e-02
0.000000000000000000e+00
3.651735559105873108e-02
0.000000000000000000e+00
0.000000000000000000e+00
2.420106902718544006e-02
2.268572151660919189e-02
9.362222552299499512e-01
0.000000000000000000e+00
1.119564324617385864e-01
5.704631209373474121e-01
0.000000000000000000e+00
2.234657704830169678e-01
2.521047554910182953e-02
0.000000000000000000e+00
0.000000000000000000e+00
1.181679129600524902e+00
0.000000000000000000e+00
2.274488098919391632e-02
4.787217453122138977e-02
0.000000000000000000e+00
0.000000000000000000e+00
0.000000000000000000e+00
1.648953855037689209e-01
1.745431497693061829e-02
2.846985496580600739e-02
6.288458108901977539e-01
0.000000000000000000e+00
1.956520043313503265e-02
5.035560950636863708e-02
1.097089052200317383e-01
0.000000000000000000e+00
4.685743153095245361e-02
0.000000000000000000e+00
0.000000000000000000e+00
5.033787339925765991e-03
0.000000000000000000e+00
1.775282435119152069e-02
1.458255201578140259e-01
8.263521641492843628e-02
0.000000000000000000e+00
1.127039268612861633e-01
9.812397509813308716e-02
0.000000000000000000e+00
1.703238673508167267e-02
1.849797368049621582e-02
0.000000000000000000e+00
0.000000000000000000e+00
0.000000000000000000e+00
7.253097295761108398e-01
1.070521697402000427e-01
0.000000000000000000e+00
4.168855398893356323e-02
5.646187812089920044e-02
2.371742725372314453e-01
0.000000000000000000e+00
1.093413755297660828e-01
0.000000000000000000e+00
7.333938777446746826e-02
7.389321178197860718e-02
0.000000000000000000e+00
2.863626182079315186e-01
3.446436021476984024e-03
0.000000000000000000e+00
5.743054673075675964e-03
0.000000000000000000e+00
6.153257563710212708e-03
0.000000000000000000e+00
3.302514851093292236e-01
6.685431580990552902e-04
0.000000000000000000e+00
1.030103303492069244e-02
2.030233480036258698e-02
5.935131758451461792e-02
0.000000000000000000e+00
0.000000000000000000e+00
0.000000000000000000e+00
1.266964524984359741e-01
2.840801477432250977e-01
0.000000000000000000e+00
0.000000000000000000e+00
0.000000000000000000e+00
4.255285114049911499e-02
6.941905617713928223e-01
2.215125411748886108e-01
5.214211344718933105e-01
1.369863748550415039e-01
0.000000000000000000e+00
1.768691390752792358e-01
1.959948986768722534e-01
4.015358388423919678e-01
3.703182041645050049e-01
2.789779007434844971e-02
1.043677806854248047e+00
5.401603579521179199e-01
2.537844702601432800e-02
3.746289610862731934e-01
0.000000000000000000e+00
0.000000000000000000e+00
4.390217661857604980e-01
5.798215977847576141e-03
8.857744336128234863e-01
7.113267201930284500e-04
6.144904717803001404e-02
1.998993009328842163e-01
4.917047023773193359e-01
3.872936824336647987e-03
2.153301797807216644e-02
1.160319894552230835e-01
2.581951580941677094e-02
3.017180599272251129e-02
1.997688114643096924e-01
0.000000000000000000e+00
1.835881499573588371e-03
8.864209651947021484e-01
0.000000000000000000e+00
0.000000000000000000e+00
3.079455718398094177e-02
0.000000000000000000e+00
1.152300357818603516e+00
8.603282039985060692e-04
0.000000000000000000e+00
0.000000000000000000e+00
0.000000000000000000e+00
0.000000000000000000e+00
1.984598934650421143e-01
5.468117306008934975e-04
5.653227567672729492e-01
1.133813261985778809e-01
5.386838316917419434e-02
2.813504934310913086e-01
3.216634988784790039e-01
5.860103368759155273e-01
4.971574619412422180e-02
1.951790928840637207e+00
1.238726675510406494e-01
1.644882410764694214e-01
3.316664397716522217e-01
2.499613538384437561e-02
0.000000000000000000e+00
1.439522113651037216e-02
7.486022710800170898e-01
1.463201083242893219e-02
1.255891770124435425e-01
2.025234103202819824e-01
9.258608222007751465e-01
1.273103475570678711e+00
3.019057773053646088e-02
6.889410316944122314e-02
7.223525643348693848e-02
1.001040101051330566e+00
0.000000000000000000e+00
3.680640831589698792e-02
1.468568146228790283e-01
0.000000000000000000e+00
1.842297017574310303e-01
3.483169078826904297e-01
0.000000000000000000e+00
5.197600126266479492e-01
4.835678637027740479e-02
0.000000000000000000e+00
1.548045221716165543e-02
9.503329545259475708e-02
1.035501062870025635e-02
3.534933924674987793e-01
1.627146452665328979e-02
3.880571201443672180e-02
0.000000000000000000e+00
8.606922812759876251e-03
0.000000000000000000e+00
4.081508517265319824e-02
1.165394037961959839e-01
0.000000000000000000e+00
0.000000000000000000e+00
1.518281698226928711e-01
1.534659788012504578e-02
5.675662159919738770e-01
7.703694105148315430e-01
0.000000000000000000e+00
0.000000000000000000e+00
0.000000000000000000e+00
7.003014087677001953e-01
4.228734374046325684e-01
1.418100446462631226e-01
1.967381685972213745e-02
0.000000000000000000e+00
0.000000000000000000e+00
6.669021844863891602e-01
0.000000000000000000e+00
3.052559122443199158e-02
1.434100568294525146e-01
2.359271049499511719e+00
2.526660561561584473e-01
0.000000000000000000e+00
0.000000000000000000e+00
1.038029566407203674e-01
9.104485064744949341e-02
4.716694951057434082e-01
4.299827665090560913e-02
2.067555040121078491e-01
0.000000000000000000e+00
8.216721564531326294e-02
1.286827027797698975e-01
1.347074985504150391e+00
0.000000000000000000e+00
0.000000000000000000e+00
0.000000000000000000e+00
1.817207336425781250e-01
8.595067262649536133e-02
2.799503505229949951e-01
4.470394924283027649e-02
1.832979619503021240e-01
2.375365495681762695e-01
1.193529665470123291e-01
1.698683142662048340e+00
3.572989106178283691e-01
0.000000000000000000e+00
8.050288259983062744e-02
0.000000000000000000e+00
0.000000000000000000e+00
7.252272963523864746e-02
1.102513913065195084e-02
5.565776955336332321e-03
0.000000000000000000e+00
2.673623859882354736e-01
0.000000000000000000e+00
2.717637456953525543e-02
0.000000000000000000e+00
0.000000000000000000e+00
1.741275563836097717e-02
1.474520862102508545e-01
8.314700126647949219e-01
0.000000000000000000e+00
3.748253360390663147e-02
0.000000000000000000e+00
0.000000000000000000e+00
0.000000000000000000e+00
7.973863184452056885e-02
1.237922012805938721e-01
2.829302661120891571e-02
2.117281109094619751e-01
1.335238106548786163e-02
1.781909167766571045e-02
1.054365992546081543e+00
1.021185982972383499e-02
8.319745063781738281e-01
6.542155146598815918e-02
4.145761132240295410e-01
3.117285482585430145e-02
0.000000000000000000e+00
1.079440832138061523e+00
6.839770078659057617e-02
0.000000000000000000e+00
4.927952289581298828e-01
0.000000000000000000e+00
1.273761242628097534e-01
2.981920540332794189e-01
0.000000000000000000e+00
0.000000000000000000e+00
3.664590985863469541e-05
1.612144261598587036e-01
4.221086204051971436e-01
1.839176118373870850e-01
0.000000000000000000e+00
0.000000000000000000e+00
0.000000000000000000e+00
0.000000000000000000e+00
4.341494757682085037e-03
3.092179819941520691e-02
4.648854956030845642e-02
0.000000000000000000e+00
0.000000000000000000e+00
4.489509761333465576e-02
0.000000000000000000e+00
2.675653435289859772e-02
2.671857178211212158e-02
0.000000000000000000e+00
6.228865589946508408e-03
2.151800727006047964e-04
0.000000000000000000e+00
0.000000000000000000e+00
1.196168586611747742e-01
0.000000000000000000e+00
2.372087240219116211e-01
5.364211797714233398e-01
8.564890623092651367e-01
5.540909990668296814e-02
2.086430229246616364e-02
6.342981010675430298e-02
1.710820496082305908e-01
2.474777102470397949e-01
0.000000000000000000e+00
9.211604483425617218e-03
0.000000000000000000e+00
1.334997359663248062e-03
1.494373083114624023e-01
4.796401560306549072e-01
2.303320020437240601e-01
7.620224952697753906e-01
2.910071983933448792e-03
0.000000000000000000e+00
0.000000000000000000e+00
4.672218486666679382e-02
9.760960820131003857e-04
2.764894068241119385e-01
0.000000000000000000e+00
0.000000000000000000e+00
1.532347314059734344e-02
0.000000000000000000e+00
6.009677797555923462e-02
0.000000000000000000e+00
9.665530174970626831e-02
1.589472889900207520e-01
0.000000000000000000e+00
0.000000000000000000e+00
8.794692903757095337e-02
9.773330390453338623e-02
5.922138690948486328e-01
2.723823301494121552e-02
6.087828800082206726e-02
3.607898205518722534e-02
0.000000000000000000e+00
2.014769166707992554e-01
2.486152201890945435e-01
0.000000000000000000e+00
1.758559979498386383e-02
2.125332355499267578e-01
0.000000000000000000e+00
4.178942441940307617e-01
4.750194400548934937e-02
2.077802829444408417e-02
2.738860622048377991e-02
0.000000000000000000e+00
0.000000000000000000e+00
0.000000000000000000e+00
0.000000000000000000e+00
7.096985727548599243e-02
4.635964706540107727e-02
3.650521859526634216e-02
1.364536166191101074e+00
2.104463815689086914e+00
1.140651404857635498e-01
1.810195088386535645e+00
9.278737306594848633e-01
1.285819709300994873e-02
0.000000000000000000e+00
2.624065987765789032e-02
0.000000000000000000e+00
5.971471071243286133e-01
2.256389558315277100e-01
0.000000000000000000e+00
0.000000000000000000e+00
5.778889656066894531e-01
7.784295082092285156e-01
3.512439504265785217e-02
2.648787759244441986e-02
0.000000000000000000e+00
5.814735218882560730e-02
8.133056759834289551e-02
3.037382848560810089e-02
1.221068978309631348e+00
3.792097568511962891e-01
0.000000000000000000e+00
4.935245588421821594e-02
0.000000000000000000e+00
1.075344562530517578e+00
0.000000000000000000e+00
1.171398442238569260e-02
0.000000000000000000e+00
0.000000000000000000e+00
0.000000000000000000e+00
1.213817715644836426e+00
6.424444317817687988e-01
0.000000000000000000e+00
3.702485933899879456e-02
0.000000000000000000e+00
1.479660153388977051e+00
2.264925241470336914e-01
1.186220169067382812e+00
0.000000000000000000e+00
7.656317949295043945e-02
0.000000000000000000e+00
2.481857538223266602e-01
0.000000000000000000e+00
1.736666679382324219e+00
2.410556748509407043e-02
2.152658998966217041e-02
2.935752039775252342e-03
8.528336286544799805e-01
2.606008052825927734e-01
0.000000000000000000e+00
2.397926896810531616e-01
3.543355036526918411e-03
0.000000000000000000e+00
7.215820252895355225e-02
1.086338385939598083e-01
1.391802565194666386e-03
0.000000000000000000e+00
3.827552311122417450e-03
1.279924511909484863e-01
0.000000000000000000e+00
3.028693795204162598e-02
4.737204313278198242e-01
4.624699428677558899e-02
1.298679411411285400e-02
0.000000000000000000e+00
4.436118179000914097e-04
7.251207232475280762e-01
6.831271052360534668e-01
4.809491336345672607e-01
0.000000000000000000e+00
0.000000000000000000e+00
5.297293663024902344e-01
6.250709891319274902e-01
1.419491618871688843e-01
0.000000000000000000e+00
0.000000000000000000e+00
1.248198151588439941e-01
4.322925209999084473e-02
4.550602138042449951e-01
2.426967144012451172e+00
1.844598889350891113e+00
2.261595986783504486e-02
2.879002988338470459e-01
3.462871313095092773e-01
0.000000000000000000e+00
0.000000000000000000e+00
1.500719785690307617e-01
3.859801888465881348e-01
0.000000000000000000e+00
3.036437090486288071e-03
0.000000000000000000e+00
8.312707394361495972e-02
2.335671521723270416e-02
2.232086844742298126e-03
0.000000000000000000e+00
0.000000000000000000e+00
0.000000000000000000e+00
6.396371722221374512e-01
4.053520783782005310e-02
1.304621845483779907e-01
0.000000000000000000e+00
2.334450185298919678e-02
9.523246884346008301e-01
1.178085803985595703e+00
5.785717368125915527e-01
0.000000000000000000e+00
3.999975621700286865e-01
0.000000000000000000e+00
1.990936249494552612e-01
0.000000000000000000e+00
3.574956580996513367e-02
0.000000000000000000e+00
1.149158109910786152e-03
1.503315418958663940e-01
0.000000000000000000e+00
5.581987556070089340e-03
2.987382113933563232e-01
0.000000000000000000e+00
3.502210974693298340e-01
5.754861831665039062e-01
1.307983398437500000e+00
0.000000000000000000e+00
2.954636514186859131e-01
1.718895509839057922e-02
1.166239678859710693e-01
7.071265578269958496e-01
1.019424665719270706e-02
4.004914760589599609e-01
4.188987240195274353e-02
5.719569325447082520e-01
6.373816635459661484e-03
0.000000000000000000e+00
7.675910368561744690e-03
9.317579865455627441e-02
8.309941738843917847e-02
8.304784446954727173e-02
6.460064649581909180e-01
2.216161936521530151e-01
5.516342818737030029e-02
1.312475681304931641e+00
8.996978998184204102e-01
1.632104068994522095e-01
0.000000000000000000e+00
0.000000000000000000e+00
2.377415299415588379e-01
1.728833653032779694e-02
8.769553154706954956e-02
0.000000000000000000e+00
4.121334850788116455e-02
0.000000000000000000e+00
2.005000263452529907e-01
4.249974712729454041e-02
7.159383967518806458e-03
0.000000000000000000e+00
4.525661468505859375e-02
3.775054514408111572e-01
5.048831924796104431e-03
8.081761598587036133e-01
1.241684891283512115e-02
8.363612294197082520e-01
4.276726841926574707e-01
1.760426759719848633e+00
6.760610342025756836e-01
0.000000000000000000e+00
0.000000000000000000e+00
1.296439673751592636e-02
0.000000000000000000e+00
0.000000000000000000e+00
1.179603576660156250e+00
1.741748861968517303e-02
4.109293222427368164e-02
0.000000000000000000e+00
0.000000000000000000e+00
1.821628957986831665e-02
0.000000000000000000e+00
0.000000000000000000e+00
0.000000000000000000e+00
4.151621460914611816e-01
1.340140849351882935e-01
1.225790288299322128e-02
7.317037787288427353e-03
7.367525994777679443e-02
9.066337943077087402e-01
5.825384333729743958e-02
0.000000000000000000e+00
0.000000000000000000e+00
8.342055976390838623e-02
1.307253353297710419e-02
1.368808150291442871e-01
7.798790186643600464e-02
4.063771571964025497e-03
2.513135038316249847e-02
4.038202576339244843e-03
0.000000000000000000e+00
2.480579912662506104e-02
3.722493350505828857e-01
1.424601674079895020e-01
0.000000000000000000e+00
1.600381103344261646e-03
0.000000000000000000e+00
3.947571851313114166e-03
0.000000000000000000e+00
0.000000000000000000e+00
2.255523651838302612e-01
1.570665277540683746e-02
4.714771211147308350e-01
0.000000000000000000e+00
7.387065328657627106e-03
9.161721169948577881e-02
0.000000000000000000e+00
0.000000000000000000e+00
1.378976303385570645e-04
2.098781242966651917e-02
0.000000000000000000e+00
4.962985962629318237e-02
0.000000000000000000e+00
1.380141526460647583e-01
0.000000000000000000e+00
4.185152649879455566e-01
1.822825334966182709e-02
2.229772806167602539e-01
0.000000000000000000e+00
1.752356410026550293e+00
9.744694456458091736e-03
0.000000000000000000e+00
4.934907332062721252e-02
0.000000000000000000e+00
0.000000000000000000e+00
4.585285186767578125e-01
0.000000000000000000e+00
6.740241050720214844e-01
4.143390059471130371e-02
1.212668120861053467e-01
3.975229710340499878e-02
1.910926401615142822e-02
0.000000000000000000e+00
6.204357370734214783e-02
0.000000000000000000e+00
5.960750207304954529e-02
1.121006011962890625e-01
2.569499611854553223e-01
6.319656372070312500e-01
0.000000000000000000e+00
0.000000000000000000e+00
0.000000000000000000e+00
1.444439589977264404e-01
3.432524204254150391e-01
0.000000000000000000e+00
0.000000000000000000e+00
2.435834854841232300e-01
0.000000000000000000e+00
5.108025670051574707e-02
1.593156158924102783e-01
7.695723325014114380e-03
0.000000000000000000e+00
7.481113076210021973e-02
9.859463572502136230e-01
4.767104238271713257e-02
0.000000000000000000e+00
6.051737070083618164e-01
3.692049067467451096e-03
1.298691928386688232e-01
0.000000000000000000e+00
0.000000000000000000e+00
5.768865346908569336e-02
7.760280966758728027e-01
0.000000000000000000e+00
0.000000000000000000e+00
1.430223464965820312e+00
0.000000000000000000e+00
5.740571022033691406e-01
3.363383188843727112e-02
4.910346469841897488e-04
0.000000000000000000e+00
0.000000000000000000e+00
8.711834251880645752e-02
2.214262634515762329e-01
4.326655268669128418e-01
1.615975797176361084e-01
1.509184250608086586e-03
1.723463460803031921e-02
1.119045317173004150e-01
4.258191585540771484e-01
4.184245169162750244e-01
2.056451588869094849e-01
3.937557805329561234e-03
0.000000000000000000e+00
0.000000000000000000e+00
6.438046693801879883e-02
1.584955006837844849e-01
6.408162415027618408e-02
4.334420431405305862e-03
3.570774495601654053e-01
2.580495774745941162e-01
0.000000000000000000e+00
6.271614134311676025e-02
7.905218750238418579e-02
0.000000000000000000e+00
1.505230814218521118e-01
0.000000000000000000e+00
0.000000000000000000e+00
6.488093733787536621e-01
6.048834919929504395e-01
0.000000000000000000e+00
2.884060740470886230e-01
2.261925674974918365e-02
1.073868051171302795e-01
1.047028526663780212e-01
2.185529023408889771e-01
0.000000000000000000e+00
3.971931710839271545e-02
2.744973301887512207e-01
1.283764481544494629e+00
8.106175661087036133e-01
0.000000000000000000e+00
2.303352952003479004e-01
1.581620424985885620e-01
3.038549721240997314e-01
1.136777639389038086e+00
8.072590455412864685e-03
3.174617290496826172e-01
4.965796321630477905e-02
4.965412616729736328e-01
0.000000000000000000e+00
1.549577713012695312e+00
6.460580974817276001e-02
0.000000000000000000e+00
0.000000000000000000e+00
1.447773724794387817e-02
3.782580047845840454e-02
1.119409315288066864e-02
7.800398860126733780e-03
0.000000000000000000e+00
5.459938645362854004e-01
0.000000000000000000e+00
0.000000000000000000e+00
0.000000000000000000e+00
3.793330490589141846e-02
7.528470363467931747e-03
1.663631759583950043e-02
9.804281592369079590e-02
3.686289191246032715e-01
6.979858875274658203e-02
1.344337761402130127e-01
4.877624511718750000e-01
2.467071264982223511e-02
2.517837844789028168e-02
1.672836244106292725e-01
1.660495877265930176e+00
1.839251667261123657e-01
1.460623443126678467e-01
5.327565073966979980e-01
1.001648008823394775e-01
1.737226545810699463e-02
2.619817480444908142e-02
9.015630483627319336e-01
0.000000000000000000e+00
2.910587191581726074e-02
0.000000000000000000e+00
1.057501882314682007e-02
5.552729591727256775e-03
9.424508549273014069e-03
0.000000000000000000e+00
0.000000000000000000e+00
0.000000000000000000e+00
1.155586361885070801e+00
2.591331005096435547e-01
0.000000000000000000e+00
1.476258877664804459e-02
2.705647468566894531e+00
0.000000000000000000e+00
3.245754912495613098e-02
0.000000000000000000e+00
1.205556541681289673e-01
7.287178188562393188e-02
7.813071459531784058e-02
5.777568742632865906e-02
6.090063452720642090e-01
4.171758294105529785e-01
1.083767861127853394e-01
3.917784690856933594e-01
6.223207116127014160e-01
1.022074255160987377e-03
9.194813668727874756e-02
0.000000000000000000e+00
0.000000000000000000e+00
3.690789639949798584e-01
0.000000000000000000e+00
2.161692142486572266e+00
8.664791472256183624e-03
3.053172230720520020e-01
4.349039793014526367e-01
0.000000000000000000e+00
1.183869838714599609e+00
2.361290603876113892e-01
0.000000000000000000e+00
0.000000000000000000e+00
8.344131112098693848e-01
0.000000000000000000e+00
0.000000000000000000e+00
2.290186136960983276e-01
1.947314441204071045e-01
0.000000000000000000e+00
4.136841744184494019e-02
5.364456027746200562e-02
1.485497057437896729e-01
1.899514347314834595e-01
0.000000000000000000e+00
0.000000000000000000e+00
0.000000000000000000e+00
0.000000000000000000e+00
7.400649040937423706e-02
0.000000000000000000e+00
1.070263888686895370e-02
2.934736013412475586e+00
6.057310104370117188e-01
2.147375373169779778e-03
0.000000000000000000e+00
7.427663803100585938e-01
0.000000000000000000e+00
0.000000000000000000e+00
1.276681721210479736e-01
2.688833745196461678e-03
6.502484902739524841e-03
1.347288012504577637e+00
0.000000000000000000e+00
7.019634544849395752e-02
4.436562769114971161e-03
1.262105703353881836e-01
2.642105221748352051e-01
3.878532052040100098e-01
0.000000000000000000e+00
4.046837985515594482e-02
5.354943126440048218e-02
0.000000000000000000e+00
0.000000000000000000e+00
1.737292855978012085e-02
1.409366447478532791e-02
0.000000000000000000e+00
1.329844594001770020e-01
0.000000000000000000e+00
1.201617345213890076e-01
0.000000000000000000e+00
2.540238499641418457e-01
6.358569264411926270e-01
0.000000000000000000e+00
4.315996542572975159e-03
1.395515203475952148e-01
8.372184634208679199e-01
2.303033694624900818e-02
0.000000000000000000e+00
3.778887093067169189e-01
1.257899522781372070e+00
4.235348850488662720e-02
4.129918292164802551e-02
2.326941490173339844e-02
1.732847690582275391e-01
0.000000000000000000e+00
3.426481783390045166e-01
1.655972748994827271e-01
8.732532858848571777e-01
3.414922952651977539e-01
4.145758152008056641e-01
5.281306430697441101e-02
3.457506895065307617e-01
1.595856904983520508e+00
4.786657914519309998e-02
9.011652469635009766e-01
7.107032835483551025e-02
1.038911342620849609e+00
9.437521919608116150e-03
0.000000000000000000e+00
5.850914716720581055e-01
1.151428595185279846e-01
3.230626881122589111e-02
2.705188393592834473e-01
2.842881157994270325e-02
3.865879476070404053e-01
6.161628961563110352e-01
1.434412505477666855e-02
0.000000000000000000e+00
7.094291597604751587e-02
4.490681886672973633e-01
0.000000000000000000e+00
3.015607595443725586e+00
1.469455480575561523e+00
3.573670387268066406e-01
4.575701355934143066e-01
0.000000000000000000e+00
0.000000000000000000e+00
0.000000000000000000e+00
0.000000000000000000e+00
0.000000000000000000e+00
5.548365786671638489e-02
2.530975818634033203e+00
5.159385502338409424e-02
0.000000000000000000e+00
3.564518094062805176e-01
4.742288887500762939e-01
1.124199852347373962e-01
0.000000000000000000e+00
8.458079397678375244e-02
4.997294396162033081e-02
1.544632911682128906e+00
2.424925751984119415e-02
8.134544827044010162e-03
0.000000000000000000e+00
0.000000000000000000e+00
2.568089170381426811e-03
6.335420608520507812e-01
0.000000000000000000e+00
4.391830265522003174e-01
4.508342742919921875e-01
0.000000000000000000e+00
9.092788696289062500e-01
0.000000000000000000e+00
4.291210323572158813e-02
8.158522844314575195e-02
7.999479174613952637e-01
2.376407533884048462e-01
1.967002172023057938e-03
1.899011731147766113e+00
5.163229629397392273e-02
0.000000000000000000e+00
0.000000000000000000e+00
5.689448714256286621e-01
0.000000000000000000e+00
5.930005908012390137e-01
