4.712491035461425781e-01
3.745498895645141602e+00
1.114822924137115479e-01
1.085682511329650879e-01
2.072820663452148438e+00
0.000000000000000000e+00
2.654314041137695312e-01
0.000000000000000000e+00
7.817090153694152832e-01
4.943729639053344727e-01
0.000000000000000000e+00
1.172298789024353027e+00
0.000000000000000000e+00
9.512891992926597595e-03
1.240486875176429749e-01
4.907550513744354248e-01
0.000000000000000000e+00
2.272048443555831909e-01
3.033810555934906006e-01
4.788470920175313950e-03
8.047416061162948608e-02
3.119918704032897949e-02
6.205407977104187012e-01
1.780071705579757690e-01
2.006328701972961426e-01
0.000000000000000000e+00
0.000000000000000000e+00
7.254421710968017578e-01
1.605977267026901245e-01
4.936061501502990723e-01
8.241310133598744869e-04
2.613472286611795425e-03
0.000000000000000000e+00
3.468911945819854736e-01
0.000000000000000000e+00
3.501686453819274902e-01
3.638360500335693359e-01
4.505807533860206604e-02
4.336906433105468750e+00
0.000000000000000000e+00
0.000000000000000000e+00
2.250358015298843384e-01
3.981549143791198730e-01
1.994719505310058594e+00
4.406279623508453369e-01
0.000000000000000000e+00
3.956159353256225586e-01
0.000000000000000000e+00
1.387061476707458496e+00
2.675786256790161133e+00
1.040680289268493652e+00
4.513531029224395752e-01
1.417584300041198730e+00
1.728025525808334351e-01
1.895255088806152344e+00
6.684311479330062866e-02
0.000000000000000000e+00
0.000000000000000000e+00
0.000000000000000000e+00
2.316902391612529755e-02
2.198899388313293457e-01
7.748525738716125488e-01
1.716723740100860596e-01
1.260181814432144165e-01
2.344334602355957031e+00
3.522738516330718994e-01
0.000000000000000000e+00
9.672088921070098877e-02
0.000000000000000000e+00
1.685904115438461304e-01
2.874021291732788086e+00
8.425341248512268066e-01
9.798654317855834961e-01
6.891138851642608643e-02
0.000000000000000000e+00
4.175227284431457520e-01
3.535799980163574219e-01
7.576571106910705566e-01
0.000000000000000000e+00
9.570902585983276367e-02
5.093970894813537598e-01
3.767737653106451035e-03
2.542713284492492676e-01
2.750673331320285797e-02
2.716032981872558594e+00
8.262895047664642334e-02
5.025731921195983887e-01
3.852433860301971436e-01
2.508596777915954590e-01
7.958762347698211670e-03
1.839017719030380249e-01
1.175941348075866699e+00
0.000000000000000000e+00
4.079066276550292969e+00
0.000000000000000000e+00
1.934497803449630737e-01
2.788766287267208099e-02
0.000000000000000000e+00
4.975862428545951843e-02
2.198702394962310791e-01
5.494378805160522461e-01
4.472610950469970703e-01
0.000000000000000000e+00
1.018175601959228516e+00
9.940630793571472168e-01
2.924534678459167480e-02
6.667172908782958984e-02
0.000000000000000000e+00
1.738770604133605957e+00
9.420102089643478394e-02
2.851177752017974854e-01
0.000000000000000000e+00
1.335539579391479492e+00
4.767992720007896423e-02
3.943241760134696960e-02
1.654455065727233887e-01
2.043282836675643921e-01
2.219639020040631294e-03
0.000000000000000000e+00
6.503085494041442871e-01
2.009067684412002563e-01
0.000000000000000000e+00
2.057781368494033813e-01
1.132826693356037140e-02
0.000000000000000000e+00
0.000000000000000000e+00
3.128936048597097397e-03
1.469734311103820801e-01
0.000000000000000000e+00
5.934208631515502930e-01
3.459925204515457153e-02
5.517437681555747986e-02
1.367878079414367676e+00
1.146706223487854004e+00
7.043254375457763672e-02
8.195806741714477539e-01
2.267114073038101196e-02
8.760683536529541016e-01
1.699654817581176758e+00
3.890428304672241211e+00
5.044507980346679688e-01
3.389907598495483398e+00
0.000000000000000000e+00
7.605298161506652832e-01
2.682301029562950134e-02
1.384635448455810547e+00
5.660177230834960938e+00
2.002713441848754883e+00
1.787567019462585449e+00
1.997527331113815308e-01
1.323566189967095852e-03
8.584533691406250000e+00
8.287709206342697144e-02
6.687463521957397461e-01
5.929284095764160156e-01
0.000000000000000000e+00
4.121653735637664795e-02
1.511070728302001953e+00
3.481262326240539551e-01
1.014369074255228043e-02
1.129925370216369629e+00
1.432016134262084961e+00
1.619416773319244385e-01
6.716596484184265137e-01
0.000000000000000000e+00
3.141065359115600586e+00
0.000000000000000000e+00
4.122738838195800781e-01
0.000000000000000000e+00
6.435565471649169922e+00
4.388224482536315918e-01
2.772459387779235840e-01
1.745741665363311768e-01
7.117070555686950684e-01
9.092980623245239258e-02
5.308151841163635254e-01
1.095485091209411621e-01
3.892026543617248535e-01
5.487602669745683670e-03
3.544365167617797852e-01
1.194288656115531921e-01
1.931756138801574707e-01
3.784645199775695801e-01
2.220396846532821655e-01
2.841420173645019531e-01
8.681503124535083771e-03
3.699455037713050842e-02
0.000000000000000000e+00
0.000000000000000000e+00
3.987343311309814453e-01
1.493414789438247681e-01
0.000000000000000000e+00
3.043857812881469727e+00
1.961812525987625122e-01
7.544105648994445801e-01
0.000000000000000000e+00
4.067827761173248291e-02
9.825517535209655762e-01
1.167348623275756836e-01
6.174325942993164062e-01
3.329990804195404053e-01
1.466476321220397949e-01
1.909123808145523071e-01
4.912024736404418945e-02
2.206088900566101074e-01
6.012063026428222656e-01
2.428944259881973267e-01
4.556431621313095093e-02
0.000000000000000000e+00
1.099114939570426941e-01
1.770554631948471069e-01
6.181718036532402039e-02
4.057446718215942383e-01
0.000000000000000000e+00
2.508411884307861328e+00
3.275377750396728516e-01
2.304792962968349457e-02
9.996139444410800934e-03
1.395042389631271362e-01
1.612720251083374023e+00
9.606420062482357025e-03
0.000000000000000000e+00
1.951138228178024292e-01
1.974982582032680511e-02
1.063569486141204834e-01
3.729659914970397949e-01
6.382710933685302734e-01
8.765785396099090576e-02
1.678167343139648438e+00
2.404032945632934570e-01
1.060377836227416992e+00
0.000000000000000000e+00
3.975081145763397217e-01
8.484140038490295410e-02
3.653141856193542480e-01
2.759739458560943604e-01
4.529095590114593506e-01
1.615861207246780396e-01
3.880687654018402100e-01
4.698481261730194092e-01
1.659450292587280273e+00
8.403751999139785767e-02
0.000000000000000000e+00
0.000000000000000000e+00
6.798466444015502930e-01
0.000000000000000000e+00
1.623285561800003052e-01
7.794289588928222656e-01
0.000000000000000000e+00
3.187955021858215332e-01
3.525017261505126953e+00
1.329269725829362869e-02
6.445310711860656738e-01
2.200473845005035400e-01
1.489585544914007187e-02
1.775260716676712036e-01
0.000000000000000000e+00
6.024783849716186523e-01
1.043306104838848114e-02
1.045690155029296875e+01
6.568683981895446777e-01
1.438841409981250763e-02
2.111478708684444427e-02
0.000000000000000000e+00
3.021021746098995209e-02
5.671131238341331482e-02
0.000000000000000000e+00
3.872205913066864014e-01
8.417395502328872681e-02
0.000000000000000000e+00
5.594635009765625000e-02
8.241831511259078979e-02
1.721600815653800964e-02
2.874708473682403564e-01
0.000000000000000000e+00
1.265424966812133789e+00
1.341792821884155273e+00
2.248384244740009308e-02
1.746357381343841553e-01
3.280486762523651123e-01
5.360453724861145020e-01
8.500172942876815796e-02
0.000000000000000000e+00
5.742954611778259277e-01
1.939727813005447388e-01
2.352178329601883888e-03
7.136763632297515869e-02
2.047459483146667480e-01
0.000000000000000000e+00
5.925536155700683594e-01
0.000000000000000000e+00
8.380968868732452393e-02
6.229373812675476074e-01
1.469211578369140625e-01
5.334311723709106445e-01
2.412022829055786133e+00
1.524225950241088867e+00
9.519717842340469360e-02
1.746882200241088867e-01
3.344553709030151367e-01
4.706107974052429199e-01
5.244706869125366211e-01
1.654861867427825928e-02
0.000000000000000000e+00
8.472391963005065918e-02
4.538369774818420410e-01
0.000000000000000000e+00
4.160150885581970215e-01
4.697186946868896484e-01
0.000000000000000000e+00
0.000000000000000000e+00
2.506673336029052734e-01
1.449830293655395508e+00
0.000000000000000000e+00
2.010743021965026855e-01
6.344155073165893555e-01
1.276897430419921875e+00
2.854878902435302734e-01
1.374862790107727051e+00
5.519038438796997070e-01
1.881064176559448242e-01
3.085394203662872314e-01
1.324064731597900391e-01
9.670081781223416328e-04
1.580176316201686859e-02
0.000000000000000000e+00
2.301727533340454102e-01
0.000000000000000000e+00
0.000000000000000000e+00
2.201663106679916382e-01
5.507903695106506348e-01
0.000000000000000000e+00
0.000000000000000000e+00
3.639711737632751465e-01
2.555210292339324951e-01
7.924677729606628418e-01
1.856384798884391785e-02
5.196033716201782227e-01
7.214079797267913818e-02
4.050677642226219177e-03
2.325529418885707855e-02
5.604780092835426331e-02
1.038280799984931946e-01
1.151122570037841797e+00
1.335964083671569824e+00
1.178138479590415955e-01
1.479976903647184372e-02
2.003527641296386719e+00
3.829737305641174316e-01
1.223592281341552734e+00
6.795858144760131836e-01
5.953495204448699951e-02
2.921947836875915527e-02
2.725425243377685547e+00
0.000000000000000000e+00
6.237976551055908203e-01
2.866732180118560791e-01
7.177513122558593750e+00
1.512148141860961914e+00
8.168286681175231934e-01
0.000000000000000000e+00
7.967667281627655029e-02
7.369521260261535645e-02
3.118020772933959961e+00
2.113015890121459961e+00
2.573723196983337402e-01
8.211652040481567383e-01
2.638854682445526123e-01
1.705923318862915039e+00
8.214424848556518555e-01
2.127420902252197266e+00
2.599921464920043945e+00
9.137451648712158203e-02
4.984273314476013184e-01
4.325963258743286133e-01
0.000000000000000000e+00
2.828737497329711914e-01
2.118074297904968262e-01
1.554053723812103271e-01
5.595662817358970642e-02
0.000000000000000000e+00
4.474655985832214355e-01
2.595491111278533936e-01
0.000000000000000000e+00
5.210815072059631348e-01
4.150347113609313965e-01
0.000000000000000000e+00
4.820735007524490356e-02
3.109824955463409424e-01
5.093589425086975098e-01
2.742079198360443115e-01
0.000000000000000000e+00
6.336168050765991211e-01
7.002222537994384766e-02
9.396492689847946167e-02
0.000000000000000000e+00
0.000000000000000000e+00
2.184266597032546997e-01
4.801778197288513184e-01
5.152809619903564453e-01
1.062461614608764648e+00
4.693948328495025635e-01
8.658892661333084106e-02
3.976163640618324280e-02
1.916128039360046387e+00
0.000000000000000000e+00
1.253102540969848633e+00
4.746599495410919189e-02
1.003219336271286011e-01
5.657408833503723145e-01
0.000000000000000000e+00
3.519279003143310547e+00
0.000000000000000000e+00
0.000000000000000000e+00
0.000000000000000000e+00
9.629097580909729004e-02
0.000000000000000000e+00
1.460342049598693848e+00
3.434208393096923828e+00
1.617805957794189453e+00
0.000000000000000000e+00
0.000000000000000000e+00
0.000000000000000000e+00
5.171918869018554688e-01
4.157069325447082520e-01
1.983063966035842896e-01
5.716238170862197876e-02
0.000000000000000000e+00
2.840547859668731689e-01
2.005167156457901001e-01
3.689436241984367371e-02
1.646964907646179199e+00
4.129349887371063232e-01
1.764116063714027405e-02
1.309671252965927124e-01
0.000000000000000000e+00
1.831953525543212891e-01
2.450844459235668182e-02
2.014340013265609741e-01
2.052984982728958130e-01
1.709423065185546875e-01
2.051753550767898560e-01
6.799873709678649902e-01
2.440107822418212891e+00
3.975707888603210449e-01
2.466049671173095703e+00
2.599983289837837219e-02
5.440268199890851974e-03
6.895497441291809082e-02
0.000000000000000000e+00
1.263409972190856934e+00
9.438908658921718597e-03
7.030505221337080002e-03
3.402939438819885254e-02
3.709611669182777405e-02
5.727304890751838684e-02
4.605169524438679218e-04
3.336648344993591309e-01
0.000000000000000000e+00
0.000000000000000000e+00
1.651853322982788086e+00
5.510028451681137085e-02
1.363844871520996094e-01
4.065019786357879639e-01
1.386033535003662109e+00
1.634606570005416870e-01
1.117824837565422058e-01
4.883884489536285400e-01
6.725770831108093262e-01
7.624115794897079468e-02
2.795217037200927734e-01
2.646942853927612305e+00
4.153122305870056152e-01
2.938113361597061157e-02
5.970120802521705627e-02
5.019767284393310547e-01
1.403744705021381378e-02
5.470358133316040039e-01
3.256121575832366943e-01
2.209382295608520508e+00
3.935180306434631348e-01
3.754053264856338501e-02
4.515863955020904541e-02
1.288474321365356445e+00
3.352240025997161865e-01
1.718180812895298004e-02
0.000000000000000000e+00
1.570730686187744141e+00
5.148074030876159668e-02
1.195538640022277832e-01
0.000000000000000000e+00
2.876209735870361328e+00
0.000000000000000000e+00
2.581472098827362061e-01
2.257823199033737183e-01
1.149396877735853195e-02
8.377252519130706787e-02
6.815063953399658203e-01
2.753249928355216980e-02
3.040694631636142731e-02
0.000000000000000000e+00
2.247794866561889648e-01
4.431593120098114014e-01
1.312838047742843628e-01
0.000000000000000000e+00
4.125249087810516357e-01
1.131850957870483398e+00
9.494028091430664062e-01
6.033737659454345703e-01
1.989023208618164062e+00
5.674731135368347168e-01
0.000000000000000000e+00
0.000000000000000000e+00
3.752926131710410118e-03
1.268131852149963379e+00
0.000000000000000000e+00
2.874723196029663086e+00
0.000000000000000000e+00
3.619438409805297852e-02
1.431373693048954010e-02
2.905386447906494141e+00
8.952686563134193420e-03
0.000000000000000000e+00
1.028238058090209961e+00
6.125113964080810547e-01
0.000000000000000000e+00
0.000000000000000000e+00
7.705336064100265503e-02
1.045634970068931580e-01
6.424469351768493652e-01
0.000000000000000000e+00
4.508625250309705734e-03
5.667001381516456604e-02
5.831008031964302063e-02
8.431795835494995117e-01
7.138448953628540039e-01
1.581870205700397491e-02
0.000000000000000000e+00
4.683424718677997589e-03
0.000000000000000000e+00
2.494904249906539917e-01
5.300763845443725586e-01
3.487647324800491333e-02
4.680164158344268799e-01
2.452571243047714233e-01
0.000000000000000000e+00
3.166138410568237305e+00
1.615552306175231934e-01
0.000000000000000000e+00
4.068543016910552979e-02
8.079222679138183594e+00
1.401531398296356201e-01
1.598315238952636719e-01
5.055603384971618652e-01
7.115524411201477051e-01
6.169933676719665527e-01
4.152328148484230042e-02
6.228196993470191956e-02
2.159522324800491333e-01
8.907210081815719604e-03
3.230943381786346436e-01
6.924188733100891113e-01
8.876770734786987305e-02
4.186111390590667725e-01
1.431197375059127808e-01
1.205080300569534302e-01
2.171377092599868774e-01
1.074468493461608887e-01
1.097364187240600586e+00
0.000000000000000000e+00
2.119380049407482147e-02
6.176137328147888184e-01
1.293364316225051880e-01
6.644419431686401367e-01
5.865467786788940430e-01
2.586272358894348145e-01
1.229932084679603577e-01
2.336464524269104004e-01
6.574496626853942871e-02
1.870131492614746094e-02
0.000000000000000000e+00
0.000000000000000000e+00
2.789666056632995605e-01
8.238498866558074951e-02
1.630755513906478882e-01
4.551427364349365234e-01
0.000000000000000000e+00
8.112309873104095459e-02
8.206737041473388672e-01
0.000000000000000000e+00
4.979803562164306641e-01
8.801796436309814453e-01
1.181988954544067383e+00
1.454546451568603516e-01
2.177587509155273438e+00
3.604102849960327148e+00
0.000000000000000000e+00
9.752181172370910645e-02
4.321092367172241211e-01
4.353065043687820435e-02
1.214518666267395020e+00
2.593383193016052246e-01
1.715479016304016113e+00
1.423950552940368652e+00
5.899648666381835938e-01
1.256157457828521729e-01
8.076749742031097412e-02
8.402986079454421997e-02
6.481054425239562988e-02
3.462690114974975586e-01
0.000000000000000000e+00
1.426477171480655670e-02
3.972111269831657410e-02
3.378944471478462219e-02
3.731977045536041260e-01
1.561802625656127930e+00
1.008389219641685486e-01
1.571482568979263306e-01
1.995574384927749634e-01
9.066215157508850098e-01
0.000000000000000000e+00
2.015697509050369263e-01
3.099803328514099121e-01
7.745517045259475708e-02
1.066314354538917542e-01
2.106585651636123657e-01
1.865418851375579834e-01
5.722319334745407104e-02
6.519186496734619141e-01
0.000000000000000000e+00
4.141501486301422119e-01
8.207532167434692383e-01
1.048351168632507324e+00
1.678073257207870483e-01
1.976343870162963867e+00
1.098173037171363831e-01
3.095880746841430664e-01
3.132160604000091553e-01
5.910707712173461914e-01
3.726165533065795898e+00
3.270042687654495239e-02
9.565345644950866699e-01
7.750427722930908203e-02
1.951488554477691650e-01
1.407333910465240479e-01
0.000000000000000000e+00
5.820900201797485352e-02
0.000000000000000000e+00
1.915375113487243652e+00
1.258656233549118042e-01
3.358131647109985352e-01
0.000000000000000000e+00
8.194953203201293945e-03
1.355584621429443359e+00
9.537606500089168549e-03
4.379449412226676941e-02
2.767795522231608629e-04
2.590340934693813324e-02
1.810736805200576782e-01
2.755772471427917480e-01
4.753463566303253174e-01
3.316679596900939941e-01
3.089179098606109619e-01
1.522787511348724365e-01
6.024987101554870605e-01
2.357272244989871979e-02
1.347890049219131470e-01
2.623379468917846680e+00
2.316995561122894287e-01
0.000000000000000000e+00
0.000000000000000000e+00
1.622344553470611572e-02
3.377129733562469482e-01
0.000000000000000000e+00
7.964271353557705879e-04
0.000000000000000000e+00
1.501787781715393066e+00
7.540369033813476562e-01
1.192848607897758484e-01
0.000000000000000000e+00
1.450692892074584961e+00
4.267221689224243164e-02
2.853921651840209961e-01
3.162298798561096191e-01
6.266674399375915527e-01
0.000000000000000000e+00
2.621589601039886475e-01
7.652316689491271973e-01
1.748063415288925171e-01
8.074548840522766113e-02
5.657039210200309753e-02
6.260395646095275879e-01
8.747192025184631348e-01
0.000000000000000000e+00
3.050484228879213333e-03
0.000000000000000000e+00
2.115049123764038086e+00
0.000000000000000000e+00
3.257100880146026611e-01
4.825494587421417236e-01
8.353808522224426270e-01
9.357717037200927734e-01
1.263704150915145874e-01
1.512684702873229980e+00
1.485300511121749878e-01
1.938198924064636230e+00
1.612252183258533478e-02
1.219693541526794434e+00
1.741021275520324707e+00
1.321792304515838623e-01
2.134490571916103363e-02
3.039246201515197754e-01
8.158835023641586304e-02
1.762260317802429199e+00
0.000000000000000000e+00
0.000000000000000000e+00
1.146655455231666565e-01
1.248290762305259705e-01
5.750430226325988770e-01
1.172728836536407471e-01
1.812609672546386719e+00
0.000000000000000000e+00
3.372361421585083008e+00
7.381002306938171387e-01
6.188136711716651917e-02
2.198452800512313843e-01
2.165784686803817749e-01
1.759326815605163574e+00
7.746444344520568848e-01
1.067065358161926270e+00
0.000000000000000000e+00
1.165430665016174316e+00
3.573212027549743652e-01
7.016729563474655151e-02
2.147241115570068359e+00
1.992760449647903442e-01
4.187446236610412598e-01
0.000000000000000000e+00
5.402079224586486816e-01
2.512812055647373199e-02
2.418520003557205200e-01
0.000000000000000000e+00
5.592721700668334961e-01
1.467126328498125076e-02
0.000000000000000000e+00
1.754235662519931793e-02
1.509506814181804657e-02
1.584194600582122803e-01
1.029745489358901978e-01
5.862352903932332993e-03
3.034537434577941895e-01
3.193463198840618134e-03
0.000000000000000000e+00
1.597533375024795532e-02
2.529202699661254883e-01
1.323258876800537109e+00
1.471220374107360840e+00
3.031888604164123535e-01
2.132341414690017700e-01
5.027525126934051514e-03
3.026294708251953125e-01
3.344736576080322266e+00
5.718111991882324219e-01
0.000000000000000000e+00
1.732851937413215637e-02
6.002478599548339844e-01
3.721779882907867432e-01
2.219301462173461914e+00
1.550082564353942871e-01
0.000000000000000000e+00
2.039902508258819580e-01
8.228761553764343262e-01
6.212342977523803711e-01
1.858325898647308350e-01
0.000000000000000000e+00
0.000000000000000000e+00
8.619313240051269531e-01
2.427463419735431671e-02
0.000000000000000000e+00
0.000000000000000000e+00
9.426000118255615234e-01
9.708980917930603027e-01
9.795908927917480469e-01
1.445612311363220215e-01
2.181654572486877441e-01
5.870664715766906738e-01
5.239695776253938675e-03
8.096007704734802246e-01
0.000000000000000000e+00
1.652416348457336426e+00
1.789385378360748291e-01
1.216070540249347687e-02
0.000000000000000000e+00
4.243715763092041016e+00
3.550218939781188965e-01
3.258925974369049072e-01
7.724314332008361816e-01
2.129453979432582855e-02
0.000000000000000000e+00
2.566048502922058105e-02
1.733444213867187500e+00
1.407381534576416016e+00
0.000000000000000000e+00
6.221910566091537476e-02
8.106863498687744141e-02
7.716508954763412476e-02
9.638984501361846924e-02
0.000000000000000000e+00
1.117972061038017273e-01
2.580150663852691650e-01
2.011834383010864258e+00
6.339673697948455811e-02
1.579167693853378296e-01
1.139761656522750854e-01
1.031417012214660645e+00
6.983221173286437988e-01
1.787568181753158569e-01
5.633557587862014771e-02
2.653244435787200928e-01
1.496134847402572632e-01
0.000000000000000000e+00
3.169417977333068848e-01
0.000000000000000000e+00
1.602345854043960571e-01
3.917555510997772217e-01
1.203709747642278671e-02
0.000000000000000000e+00
0.000000000000000000e+00
9.063111245632171631e-02
3.673025965690612793e-01
4.785425662994384766e-01
5.931153297424316406e-01
3.606439754366874695e-02
1.617977499961853027e+00
2.423019647598266602e+00
0.000000000000000000e+00
5.963442325592041016e-01
4.007231444120407104e-02
5.412909388542175293e-02
3.035570383071899414e-01
2.109896987676620483e-01
2.706147730350494385e-01
3.172315359115600586e-01
5.480672717094421387e-01
2.332216203212738037e-01
4.639953374862670898e-01
1.549090147018432617e-01
3.702118992805480957e-02
4.171106219291687012e-02
5.177006125450134277e-01
3.855876158922910690e-03
2.760330438613891602e-01
4.341291785240173340e-01
5.067472532391548157e-02
7.512234896421432495e-02
7.248594611883163452e-02
4.259428977966308594e-01
1.000705361366271973e-01
5.236367136240005493e-02
1.824429333209991455e-01
1.251079738140106201e-01
7.175429165363311768e-02
0.000000000000000000e+00
9.135016798973083496e-02
5.021753907203674316e-02
1.829394549131393433e-01
0.000000000000000000e+00
0.000000000000000000e+00
1.168415307998657227e+00
5.942257046699523926e-01
1.602305769920349121e-01
7.081224117428064346e-03
3.146521449089050293e-01
7.432398200035095215e-02
2.129647970199584961e+00
1.651790380477905273e+00
4.120914265513420105e-03
1.775492131710052490e-01
2.421173155307769775e-01
9.134587049484252930e-01
1.109324097633361816e-01
0.000000000000000000e+00
4.469494819641113281e-01
5.225815176963806152e-01
6.382793784141540527e-01
9.044590592384338379e-01
1.003813028335571289e+00
3.883533477783203125e-01
5.482543110847473145e-01
1.663223862648010254e+00
7.106775641441345215e-01
4.079427123069763184e-01
1.695411324501037598e+00
4.372111856937408447e-01
3.747900426387786865e-01
1.062446117401123047e+00
1.440581828355789185e-01
1.312392115592956543e+00
0.000000000000000000e+00
6.476815938949584961e-01
4.543410837650299072e-01
2.416322752833366394e-02
2.190729044377803802e-02
6.966245360672473907e-03
1.823091059923171997e-01
5.855579674243927002e-02
3.085432574152946472e-02
8.951476775109767914e-03
1.445238351821899414e+00
0.000000000000000000e+00
9.433565139770507812e-01
1.066927194595336914e+00
4.526301473379135132e-02
3.096616566181182861e-01
2.303580939769744873e-02
2.079933881759643555e-01
1.933693438768386841e-01
8.922551870346069336e-01
3.138344734907150269e-02
3.207814097404479980e-01
1.154749035835266113e+00
1.958715319633483887e-01
4.251225888729095459e-01
1.267850995063781738e-01
3.406318426132202148e-01
9.644302725791931152e-02
4.544937312602996826e-01
2.210247516632080078e+00
1.974620670080184937e-02
1.201349496841430664e+00
8.244120515882968903e-03
5.969754457473754883e-01
7.498844861984252930e-01
2.794922888278961182e-01
2.490193367004394531e+00
3.682079166173934937e-02
2.276352792978286743e-01
2.587430179119110107e-01
4.728352427482604980e-01
9.822177141904830933e-02
5.151461437344551086e-02
1.794471621513366699e+00
5.100055336952209473e-01
6.159393116831779480e-02
1.662198901176452637e-01
8.215121030807495117e-01
1.034904569387435913e-01
1.367815256118774414e+00
8.368196338415145874e-02
8.957996964454650879e-02
2.480839729309082031e+00
7.295405864715576172e-01
1.392876147292554379e-03
3.714956715703010559e-02
0.000000000000000000e+00
0.000000000000000000e+00
1.668038666248321533e-01
1.160560324788093567e-01
1.101240739226341248e-01
5.875945091247558594e-01
9.035466611385345459e-02
1.035111904144287109e+00
0.000000000000000000e+00
0.000000000000000000e+00
2.340770214796066284e-01
4.798965454101562500e-01
0.000000000000000000e+00
2.416544035077095032e-02
6.205086782574653625e-02
3.010221719741821289e-01
1.174614906311035156e+00
0.000000000000000000e+00
6.171695709228515625e+00
8.248735964298248291e-02
1.107300966978073120e-01
0.000000000000000000e+00
0.000000000000000000e+00
1.590645670890808105e+00
2.676337957382202148e-01
0.000000000000000000e+00
9.191776812076568604e-02
0.000000000000000000e+00
1.882451772689819336e-01
3.778414428234100342e-02
7.603908330202102661e-02
1.667106509208679199e+00
2.376260980963706970e-02
1.688848584890365601e-01
1.298824418336153030e-02
6.429094672203063965e-01
3.807685151696205139e-02
1.529749832116067410e-03
7.767207920551300049e-02
1.326222181320190430e+00
7.709701359272003174e-02
3.978171050548553467e-01
7.709790468215942383e-01
3.159508109092712402e-01
5.275648832321166992e-01
5.279910564422607422e-01
4.044421315193176270e-01
0.000000000000000000e+00
2.179387956857681274e-02
2.808295376598834991e-02
2.826669216156005859e-01
3.435747623443603516e-01
9.357336908578872681e-02
6.510561704635620117e-01
1.175163835287094116e-01
0.000000000000000000e+00
3.997906148433685303e-01
0.000000000000000000e+00
1.911640614271163940e-01
7.019965350627899170e-02
5.310078263282775879e-01
1.566516011953353882e-01
0.000000000000000000e+00
1.078327059745788574e+00
3.480721712112426758e+00
1.967919230461120605e+00
5.182296276092529297e+00
1.448124527931213379e+00
5.410281419754028320e-01
6.283782720565795898e-01
1.221403181552886963e-01
2.352418232476338744e-05
1.496909856796264648e-01
6.474172472953796387e-01
3.337571769952774048e-02
2.383730411529541016e+00
1.187774632126092911e-02
2.724667489528656006e-01
0.000000000000000000e+00
2.384702116250991821e-01
0.000000000000000000e+00
0.000000000000000000e+00
0.000000000000000000e+00
2.551850676536560059e-01
0.000000000000000000e+00
2.843797504901885986e-01
7.762364111840724945e-03
0.000000000000000000e+00
7.986659407615661621e-01
1.207914233207702637e+00
3.253595829010009766e-01
1.142784357070922852e-01
4.415394067764282227e-01
3.897253423929214478e-02
0.000000000000000000e+00
7.654582262039184570e-01
6.867238320410251617e-03
5.056615471839904785e-01
2.995691262185573578e-02
6.396939046680927277e-03
0.000000000000000000e+00
1.005955576896667480e+00
0.000000000000000000e+00
5.699408650398254395e-01
0.000000000000000000e+00
5.762522816658020020e-01
3.161581605672836304e-02
1.913439668715000153e-02
2.447894096374511719e+00
3.134884238243103027e-01
0.000000000000000000e+00
1.038858108222484589e-02
7.769790887832641602e-01
4.301684349775314331e-02
6.148713827133178711e-01
3.287410736083984375e-01
3.362760320305824280e-02
2.347125530242919922e+00
1.932500004768371582e-01
2.095661312341690063e-01
1.929675817489624023e+00
0.000000000000000000e+00
3.229282498359680176e-01
6.021017581224441528e-02
7.606015205383300781e-01
1.835182309150695801e-01
2.353791147470474243e-01
2.761853337287902832e-01
0.000000000000000000e+00
2.975529730319976807e-01
5.043767392635345459e-02
2.701236307621002197e-01
5.866494178771972656e-01
3.353443443775177002e-01
4.740051329135894775e-01
4.952339082956314087e-02
3.056628443300724030e-02
0.000000000000000000e+00
0.000000000000000000e+00
0.000000000000000000e+00
2.252520173788070679e-01
0.000000000000000000e+00
1.906858012080192566e-02
1.457561701536178589e-01
1.048360109329223633e+00
3.190596774220466614e-02
1.189536213874816895e+00
1.742695569992065430e-01
0.000000000000000000e+00
2.908901929855346680e+00
0.000000000000000000e+00
0.000000000000000000e+00
4.094042256474494934e-02
7.901275157928466797e-01
3.212564857676625252e-03
3.273508325219154358e-02
6.081251055002212524e-02
3.268722891807556152e-01
0.000000000000000000e+00
1.054522514343261719e+00
8.644105792045593262e-01
2.719891667366027832e-01
2.274158895015716553e-01
9.219755232334136963e-02
5.106813311576843262e-01
1.799635216593742371e-02
4.414089322090148926e-01
4.130307137966156006e-01
1.435958862304687500e+00
0.000000000000000000e+00
1.355563476681709290e-02
0.000000000000000000e+00
1.154689669609069824e+00
3.045110404491424561e-01
1.857691407203674316e-01
3.562295138835906982e-01
4.599878787994384766e-01
4.897018671035766602e-01
1.587322652339935303e-01
1.207225844264030457e-01
3.275933489203453064e-02
1.568659953773021698e-02
1.047928929328918457e+00
3.729167580604553223e-01
0.000000000000000000e+00
1.217587068676948547e-01
0.000000000000000000e+00
8.701155334711074829e-02
3.800766468048095703e-01
1.739204406738281250e+00
7.523767948150634766e-01
3.523757755756378174e-01
2.900227069854736328e+00
1.985470950603485107e-01
2.574894130229949951e-01
6.969242542982101440e-02
3.715483248233795166e-01
1.971756666898727417e-01
1.295202374458312988e-01
1.133908256888389587e-01
2.494888752698898315e-01
9.256917401216924191e-04
7.520476728677749634e-02
3.141473531723022461e-01
1.235505659133195877e-02
2.249429464340209961e+00
8.943652153015136719e+00
2.596484869718551636e-02
1.731553077697753906e+00
3.907851874828338623e-02
0.000000000000000000e+00
0.000000000000000000e+00
0.000000000000000000e+00
6.238642930984497070e-01
3.453304767608642578e-01
0.000000000000000000e+00
6.581498980522155762e-01
0.000000000000000000e+00
2.604134678840637207e-01
0.000000000000000000e+00
1.670778989791870117e-01
0.000000000000000000e+00
1.655865311622619629e-01
5.579214543104171753e-02
0.000000000000000000e+00
1.135797023773193359e+00
1.559987545013427734e+00
2.683188617229461670e-01
2.317962497472763062e-01
5.548214912414550781e-01
0.000000000000000000e+00
1.172056794166564941e+00
1.844262480735778809e-01
8.020715713500976562e-01
5.276142954826354980e-01
1.867425739765167236e-01
0.000000000000000000e+00
0.000000000000000000e+00
0.000000000000000000e+00
6.399334967136383057e-02
2.273030206561088562e-02
2.245073467493057251e-01
1.235472798347473145e+00
0.000000000000000000e+00
5.831766724586486816e-01
0.000000000000000000e+00
1.247074365615844727e+00
7.677537798881530762e-01
1.085331430658698082e-03
0.000000000000000000e+00
0.000000000000000000e+00
0.000000000000000000e+00
1.078944951295852661e-01
0.000000000000000000e+00
5.095605924725532532e-02
1.097833272069692612e-02
2.443087816238403320e+00
1.063721060752868652e+00
0.000000000000000000e+00
5.005677342414855957e-01
0.000000000000000000e+00
9.762257337570190430e-02
0.000000000000000000e+00
1.225834563374519348e-01
0.000000000000000000e+00
8.604689687490463257e-02
9.144529700279235840e-03
3.330953791737556458e-02
4.296405985951423645e-02
2.990204095840454102e-01
0.000000000000000000e+00
2.732182741165161133e-01
1.011028170585632324e+00
8.006425946950912476e-02
2.382575273513793945e+00
1.750031858682632446e-01
0.000000000000000000e+00
1.628474831581115723e+00
1.742475926876068115e-01
3.424624919891357422e+00
3.340449649840593338e-03
0.000000000000000000e+00
9.810858964920043945e-01
3.102203905582427979e-01
0.000000000000000000e+00
1.942875146865844727e+00
3.028770983219146729e-01
1.418712973594665527e+00
0.000000000000000000e+00
4.201850295066833496e-02
5.751408934593200684e-01
2.394881471991539001e-02
2.233334258198738098e-02
1.296089291572570801e-01
1.103096082806587219e-02
2.264293193817138672e+00
5.658292770385742188e-02
5.118735507130622864e-02
9.859693236649036407e-03
0.000000000000000000e+00
2.750209067016839981e-03
1.925946325063705444e-01
6.096303090453147888e-02
2.435386657714843750e+00
1.732355542480945587e-02
2.860604226589202881e-01
6.844097971916198730e-01
1.400165911763906479e-02
7.215538620948791504e-02
1.807889193296432495e-01
6.465280055999755859e-02
5.734775066375732422e-01
1.246997565031051636e-01
1.191811859607696533e-01
9.391874074935913086e-01
0.000000000000000000e+00
0.000000000000000000e+00
6.787478923797607422e-02
1.142895296216011047e-01
1.719035790301859379e-03
1.171342283487319946e-01
1.227357625961303711e+00
7.328946590423583984e-01
0.000000000000000000e+00
1.507639050483703613e+00
8.250160217285156250e-01
3.856045603752136230e-01
6.818988919258117676e-02
2.007231675088405609e-02
1.091283082962036133e+00
0.000000000000000000e+00
2.667111754417419434e-01
1.360272407531738281e+00
1.419638544321060181e-01
2.997393012046813965e-01
1.279197692871093750e+00
1.722492337226867676e+00
1.025421619415283203e+00
3.299941495060920715e-02
1.794516742229461670e-01
7.095576524734497070e-01
1.499194353818893433e-01
2.365525364875793457e-01
3.372073173522949219e-01
1.102532386779785156e+00
2.422450296580791473e-02
0.000000000000000000e+00
4.316285550594329834e-01
1.027816087007522583e-01
2.924273535609245300e-02
2.263170331716537476e-01
1.403248429298400879e+00
7.512875795364379883e-01
1.630496740341186523e+00
5.980249866843223572e-02
1.584350109100341797e+00
2.048593759536743164e+00
2.408851683139801025e-02
5.727186799049377441e-02
3.970585167407989502e-01
5.618233203887939453e+00
3.583284914493560791e-01
3.709631860256195068e-01
3.946340084075927734e-01
0.000000000000000000e+00
4.744203090667724609e-01
0.000000000000000000e+00
3.660996556282043457e-01
0.000000000000000000e+00
8.805742859840393066e-01
2.989700138568878174e-01
5.087185502052307129e-01
2.845035679638385773e-02
0.000000000000000000e+00
4.872224628925323486e-01
0.000000000000000000e+00
4.748851358890533447e-01
2.028296142816543579e-01
5.179450511932373047e-01
2.016842514276504517e-01
8.370671272277832031e-01
4.802789390087127686e-01
1.541996449232101440e-01
7.052753120660781860e-02
0.000000000000000000e+00
1.505920886993408203e-01
6.086678504943847656e-01
2.598348855972290039e-01
5.966437235474586487e-02
8.703722357749938965e-01
2.090665847063064575e-01
2.943367063999176025e-01
2.659114897251129150e-01
0.000000000000000000e+00
5.675210356712341309e-01
0.000000000000000000e+00
3.367325961589813232e-01
0.000000000000000000e+00
4.459351766854524612e-03
1.353397130966186523e+00
3.496879100799560547e+00
5.716704204678535461e-02
3.285928368568420410e-01
6.204135417938232422e-01
4.185576438903808594e-01
2.121904864907264709e-02
4.600363373756408691e-01
8.673074096441268921e-02
1.289860308170318604e-01
0.000000000000000000e+00
2.327504009008407593e-01
0.000000000000000000e+00
1.608419269323348999e-01
5.633473396301269531e-01
1.497056037187576294e-01
3.083247840404510498e-01
3.002416901290416718e-02
6.004059314727783203e-01
0.000000000000000000e+00
1.699817180633544922e-01
8.364629149436950684e-01
1.190630495548248291e-01
1.027018666267395020e+00
9.489266276359558105e-01
9.109681844711303711e-02
1.143194437026977539e+00
5.497731640934944153e-02
6.214118599891662598e-01
1.391510844230651855e+00
1.083458900451660156e+00
5.385318398475646973e-02
1.283451449126005173e-02
9.679736495018005371e-01
1.710535138845443726e-01
4.868296384811401367e-01
8.136339187622070312e-01
7.120581865310668945e-01
2.387676388025283813e-01
8.880289196968078613e-01
2.126742452383041382e-01
1.408875286579132080e-01
9.052056074142456055e-01
1.595174372196197510e-01
0.000000000000000000e+00
0.000000000000000000e+00
4.816082119941711426e-01
1.681282534264028072e-03
6.495366990566253662e-02
2.944338321685791016e-01
0.000000000000000000e+00
0.000000000000000000e+00
2.780577242374420166e-01
3.251335816457867622e-03
5.895528793334960938e+00
1.298693269491195679e-01
0.000000000000000000e+00
6.944144517183303833e-02
1.437501162290573120e-01
4.464294295758008957e-03
0.000000000000000000e+00
1.319265127182006836e+00
4.367177486419677734e-01
1.162290200591087341e-01
1.573033332824707031e+00
6.929520368576049805e-01
2.659397423267364502e-01
6.735715270042419434e-01
0.000000000000000000e+00
5.497617647051811218e-02
0.000000000000000000e+00
0.000000000000000000e+00
4.646179080009460449e-01
4.166334569454193115e-01
1.923351897858083248e-03
3.197997212409973145e-01
3.870057165622711182e-01
3.347687721252441406e-01
1.460466831922531128e-01
1.894714869558811188e-02
1.217536807060241699e+00
2.087547928094863892e-01
3.514754295349121094e+00
7.715785503387451172e-02
8.844429850578308105e-01
2.182555198669433594e-02
8.538929745554924011e-03
2.232503175735473633e+00
0.000000000000000000e+00
1.095478087663650513e-01
2.693434059619903564e-02
1.707690954208374023e-01
0.000000000000000000e+00
0.000000000000000000e+00
3.046295940876007080e-01
5.924617871642112732e-02
7.765832543373107910e-02
5.455383658409118652e-01
2.448022551834583282e-02
0.000000000000000000e+00
2.073862589895725250e-02
0.000000000000000000e+00
2.276237607002258301e-01
3.280560374259948730e-01
0.000000000000000000e+00
2.592775225639343262e-02
2.356382846832275391e+00
5.436327457427978516e+00
2.084694989025592804e-02
0.000000000000000000e+00
7.579693198204040527e-02
6.716227531433105469e-01
5.891823396086692810e-02
2.292145937681198120e-01
7.109157741069793701e-02
2.095329761505126953e+00
1.911858096718788147e-02
1.805285096168518066e+00
1.118679344654083252e-01
8.894623517990112305e-01
3.639649227261543274e-02
1.523119688034057617e+00
1.812689453363418579e-01
9.809999912977218628e-02
0.000000000000000000e+00
3.631264865398406982e-01
3.901335224509239197e-02
6.975978612899780273e-02
8.181805014610290527e-01
4.202106222510337830e-02
5.380545258522033691e-01
6.447357125580310822e-03
0.000000000000000000e+00
4.576366543769836426e-01
1.070446372032165527e+00
2.875884771347045898e-01
5.871404409408569336e-01
6.140682101249694824e-01
4.075726866722106934e-02
4.304693937301635742e-01
3.413659632205963135e-01
2.362066268920898438e+00
1.772046089172363281e+00
0.000000000000000000e+00
2.176458947360515594e-02
0.000000000000000000e+00
8.031897991895675659e-02
1.310601234436035156e-01
2.055861055850982666e-02
6.993261575698852539e-01
1.100256368517875671e-01
8.252723813056945801e-01
9.021405577659606934e-01
3.900732696056365967e-01
0.000000000000000000e+00
1.593585252761840820e+00
1.087289080023765564e-01
1.593828760087490082e-02
6.466816663742065430e-01
0.000000000000000000e+00
9.783185087144374847e-03
1.258922368288040161e-01
5.660850089043378830e-03
3.991377726197242737e-02
7.624456286430358887e-01
1.371336221694946289e+00
1.340809583663940430e+00
7.264299690723419189e-02
4.763156414031982422e+00
3.482615053653717041e-01
2.371034622192382812e-01
0.000000000000000000e+00
3.962020874023437500e-01
2.594276666641235352e+00
1.285977244377136230e+00
5.047408103942871094e+00
6.261560320854187012e-01
3.751382464542984962e-03
1.646214723587036133e-01
1.147391319274902344e+00
1.269575655460357666e-01
3.453492820262908936e-01
0.000000000000000000e+00
0.000000000000000000e+00
5.667916536331176758e-01
2.904136180877685547e-01
7.898478209972381592e-02
5.998341441154479980e-01
0.000000000000000000e+00
7.405869364738464355e-01
6.288735661655664444e-03
1.799957156181335449e-01
0.000000000000000000e+00
1.230272557586431503e-02
4.857740998268127441e-01
9.906043298542499542e-03
8.003336787223815918e-01
4.833800196647644043e-01
2.111156284809112549e-01
0.000000000000000000e+00
0.000000000000000000e+00
1.051143109798431396e-01
2.290336370468139648e+00
5.967141985893249512e-01
5.265981554985046387e-01
1.711855411529541016e+00
3.329204618930816650e-01
5.503826215863227844e-02
1.907615549862384796e-02
4.159200489521026611e-01
1.001800417900085449e+00
1.890383474528789520e-02
2.445266008377075195e+00
1.143925115466117859e-01
2.869718670845031738e-01
8.103382587432861328e-01
4.444940760731697083e-02
2.351378440856933594e+00
6.856102347373962402e-01
1.229048967361450195e-01
2.664859592914581299e-01
1.597061604261398315e-01
6.559324264526367188e-01
2.132522873580455780e-03
1.728683948516845703e+00
1.358066312968730927e-02
5.640083551406860352e-01
1.894757151603698730e-01
1.760207265615463257e-01
2.288417816162109375e-01
1.678448766469955444e-01
3.752607107162475586e+00
0.000000000000000000e+00
7.233155965805053711e-01
1.396694421768188477e+00
0.000000000000000000e+00
1.005942076444625854e-01
2.777776718139648438e-01
1.608454287052154541e-01
0.000000000000000000e+00
0.000000000000000000e+00
4.784000813961029053e-01
5.303990095853805542e-02
4.462679624557495117e-01
9.633532166481018066e-01
1.759639978408813477e-01
1.838184237480163574e+00
3.563612937927246094e+00
2.847652196884155273e+00
1.419571638107299805e-01
3.339229822158813477e-01
1.261117458343505859e-01
2.998863458633422852e-01
3.956144750118255615e-01
2.661889493465423584e-01
2.541013062000274658e-01
5.910089015960693359e-01
0.000000000000000000e+00
3.097889125347137451e-01
1.560391902923583984e+00
1.597572118043899536e-01
5.501264333724975586e-02
2.799656867980957031e+00
3.553966581821441650e-01
8.747597336769104004e-01
0.000000000000000000e+00
6.177529096603393555e-01
1.146319806575775146e-01
4.638877809047698975e-01
7.527036070823669434e-01
1.327349245548248291e-02
5.952274799346923828e-01
2.285765670239925385e-02
1.324410557746887207e+00
7.857178449630737305e-01
1.005719527602195740e-01
3.472885489463806152e-02
0.000000000000000000e+00
2.166685163974761963e-01
8.520138263702392578e-02
1.012336760759353638e-01
1.187138780951499939e-01
0.000000000000000000e+00
0.000000000000000000e+00
3.123895963653922081e-03
1.392253994941711426e+00
9.211465716361999512e-01
1.476485610008239746e+00
1.918792538344860077e-02
1.772620975971221924e-01
8.322683572769165039e-01
0.000000000000000000e+00
0.000000000000000000e+00
0.000000000000000000e+00
3.873874619603157043e-02
5.289293453097343445e-02
2.839439809322357178e-01
0.000000000000000000e+00
1.638020277023315430e-01
1.000786758959293365e-02
3.063612699508666992e+00
9.561096876859664917e-02
3.108448907732963562e-02
0.000000000000000000e+00
2.026004157960414886e-02
6.121770013123750687e-03
6.928543448448181152e-01
1.116937492042779922e-03
3.905670046806335449e-01
1.851397752761840820e+00
8.589844703674316406e-01
1.809029221534729004e+00
0.000000000000000000e+00
1.754178255796432495e-01
3.477165102958679199e-01
1.319487020373344421e-02
1.748651731759309769e-03
4.373404979705810547e+00
2.090325206518173218e-02
0.000000000000000000e+00
0.000000000000000000e+00
6.633049808442592621e-03
1.416192203760147095e-02
4.268743470311164856e-02
5.926600098609924316e-02
2.868472039699554443e-01
1.917589306831359863e+00
5.680745244026184082e-01
5.244544744491577148e-01
9.602109789848327637e-01
1.738519072532653809e-01
2.868348266929388046e-03
0.000000000000000000e+00
2.440766245126724243e-01
4.497955143451690674e-01
1.025009989738464355e+00
8.178927302360534668e-01
1.443948149681091309e-01
2.694616019725799561e-01
1.411809213459491730e-02
1.969714276492595673e-02
0.000000000000000000e+00
1.215870499610900879e+00
8.911409974098205566e-01
1.708439439535140991e-01
5.755051970481872559e-02
5.553081631660461426e-02
3.136366903781890869e-01
4.974889457225799561e-01
4.617708027362823486e-01
7.043829560279846191e-02
2.671089395880699158e-02
0.000000000000000000e+00
1.227951273322105408e-01
1.074188947677612305e-01
3.624905645847320557e-02
1.790725141763687134e-01
2.739831209182739258e+00
5.545608326792716980e-02
1.094794750213623047e+00
1.603996753692626953e-02
8.466367609798908234e-03
1.432446241378784180e-01
1.856716573238372803e-01
5.969933271408081055e-01
8.594654798507690430e-01
4.634740054607391357e-01
1.466835618019104004e+00
2.107341527938842773e+00
0.000000000000000000e+00
1.453618884086608887e+00
2.330015301704406738e-01
1.127303838729858398e-01
3.420573949813842773e+00
1.233069226145744324e-02
3.143984973430633545e-01
2.192980051040649414e-01
2.724169194698333740e-01
0.000000000000000000e+00
1.399747729301452637e+00
9.414829611778259277e-01
3.299023509025573730e-01
4.157158136367797852e-01
6.255411356687545776e-02
4.332394897937774658e-01
1.281185746192932129e+00
0.000000000000000000e+00
1.320329666137695312e+00
6.446189284324645996e-01
0.000000000000000000e+00
2.741406857967376709e-01
0.000000000000000000e+00
0.000000000000000000e+00
3.577862083911895752e-01
5.469562485814094543e-02
0.000000000000000000e+00
3.671251535415649414e-01
9.165413379669189453e-01
4.354132652282714844e+00
1.141505837440490723e+00
8.808733820915222168e-01
1.489923596382141113e+00
7.166284918785095215e-01
2.669152736663818359e+00
0.000000000000000000e+00
3.281564265489578247e-02
3.149420320987701416e-01
7.728070020675659180e-01
7.538000345230102539e-01
1.480834931135177612e-01
6.496809124946594238e-01
4.835053905844688416e-02
9.456378221511840820e-01
3.733842372894287109e-01
1.143564376980066299e-02
1.054874733090400696e-01
7.213184833526611328e-01
2.923071086406707764e-01
2.085744291543960571e-01
1.552307486534118652e+00
1.807237131288275123e-04
0.000000000000000000e+00
5.914459470659494400e-03
0.000000000000000000e+00
2.415341734886169434e-01
6.627841293811798096e-02
0.000000000000000000e+00
9.073141217231750488e-01
1.870411261916160583e-02
9.049330949783325195e-01
1.483183264732360840e+00
7.726493058726191521e-04
2.638389110565185547e+00
1.410517394542694092e-01
1.556691341102123260e-02
1.447749673388898373e-03
9.139166772365570068e-02
4.716247785836458206e-03
5.530524849891662598e-01
0.000000000000000000e+00
3.120882511138916016e-01
2.849265933036804199e-02
8.338108658790588379e-02
1.626857668161392212e-01
0.000000000000000000e+00
3.975711017847061157e-02
0.000000000000000000e+00
2.176145762205123901e-01
1.134064123034477234e-01
1.338034719228744507e-01
9.731450118124485016e-03
1.177200525999069214e-01
0.000000000000000000e+00
5.737583637237548828e-01
2.251542918384075165e-02
1.435467898845672607e-01
3.678390383720397949e-01
1.071668136864900589e-02
2.629181742668151855e-02
2.680469989776611328e+00
0.000000000000000000e+00
3.153091296553611755e-02
2.089457213878631592e-01
5.464385151863098145e-01
1.840571165084838867e-01
0.000000000000000000e+00
3.799633979797363281e-01
4.704310297966003418e-01
0.000000000000000000e+00
3.428017377853393555e+00
0.000000000000000000e+00
8.136026561260223389e-02
6.468205451965332031e-01
4.170687198638916016e-01
3.047112226486206055e+00
2.496812641620635986e-01
0.000000000000000000e+00
2.087773680686950684e-01
1.163856536149978638e-01
4.112998545169830322e-01
1.009415369480848312e-02
2.883529663085937500e-02
2.099079079926013947e-02
7.358698248863220215e-01
1.200598329305648804e-01
8.875256180763244629e-01
1.789553463459014893e-01
2.435083240270614624e-01
1.317260563373565674e-01
2.904314398765563965e-01
5.246927738189697266e-01
9.454631805419921875e-02
3.462981879711151123e-01
0.000000000000000000e+00
6.029539108276367188e-01
0.000000000000000000e+00
0.000000000000000000e+00
4.077161550521850586e-01
5.072101950645446777e-02
1.921127140522003174e-01
4.158002138137817383e-01
6.762236952781677246e-01
0.000000000000000000e+00
0.000000000000000000e+00
3.201740235090255737e-02
3.537566214799880981e-02
1.695671230554580688e-01
1.997578144073486328e-02
2.296579927206039429e-01
1.412098884582519531e+00
1.185141086578369141e+00
7.913364768028259277e-01
1.243402995169162750e-02
7.935981750488281250e-01
1.093593686819076538e-01
4.418906211853027344e+00
5.143022537231445312e-01
7.534995675086975098e-02
1.758422106504440308e-01
3.694102764129638672e-01
4.117612242698669434e-01
2.065733671188354492e-01
2.862089276313781738e-01
1.415462344884872437e-01
1.375769525766372681e-01
2.635372877120971680e+00
4.456054270267486572e-01
2.522954600863158703e-04
3.595651388168334961e-01
1.304019093513488770e+00
5.255194008350372314e-02
4.063271358609199524e-02
1.144890785217285156e+00
1.032919138669967651e-01
7.043587565422058105e-01
9.176354855298995972e-02
0.000000000000000000e+00
2.492659986019134521e-01
8.206450939178466797e-01
7.369497418403625488e-01
4.438927650451660156e+00
3.734915018081665039e+00
1.534970849752426147e-02
6.893841624259948730e-01
6.814214866608381271e-03
1.909571170806884766e+00
0.000000000000000000e+00
2.148115158081054688e+00
3.041440963745117188e+00
0.000000000000000000e+00
2.041944503784179688e+00
4.571204185485839844e-01
8.680323958396911621e-01
0.000000000000000000e+00
1.155045554041862488e-01
6.007897257804870605e-01
6.305733323097229004e-02
8.784890919923782349e-02
0.000000000000000000e+00
2.210671305656433105e-01
1.725088953971862793e+00
5.560206249356269836e-02
1.092437148094177246e+00
3.034588694572448730e-01
5.145253539085388184e-01
1.502680033445358276e-02
6.420733928680419922e-01
4.539501368999481201e-01
3.412281274795532227e-01
0.000000000000000000e+00
1.520406305789947510e-01
1.179580807685852051e+00
4.119359552860260010e-01
8.173286914825439453e-01
0.000000000000000000e+00
0.000000000000000000e+00
0.000000000000000000e+00
1.082132905721664429e-01
1.526242643594741821e-01
1.388890086673200130e-03
6.736356019973754883e-01
2.446965217590332031e+00
2.053467273712158203e+00
0.000000000000000000e+00
2.074035704135894775e-01
5.248406156897544861e-02
2.633811905980110168e-02
2.014887519180774689e-03
2.900505959987640381e-01
7.812653481960296631e-02
1.995395302772521973e+00
4.938026368618011475e-01
0.000000000000000000e+00
0.000000000000000000e+00
9.319399595260620117e-01
0.000000000000000000e+00
7.110914587974548340e-02
4.886645972728729248e-01
9.749582968652248383e-03
6.099457144737243652e-01
3.010457754135131836e-01
3.515812568366527557e-03
1.176809668540954590e-01
7.031229138374328613e-01
3.591612577438354492e-01
5.248644351959228516e-01
1.019197553396224976e-01
2.518676519393920898e-01
1.463366001844406128e-01
1.505919456481933594e+00
1.571223023347556591e-03
0.000000000000000000e+00
0.000000000000000000e+00
2.642263770103454590e-01
4.612621366977691650e-01
0.000000000000000000e+00
2.343563921749591827e-02
0.000000000000000000e+00
4.688906073570251465e-01
2.256862586364150047e-03
5.512010455131530762e-01
1.147711873054504395e+00
4.441138729453086853e-02
1.508301794528961182e-01
5.202379077672958374e-02
1.747954040765762329e-01
0.000000000000000000e+00
0.000000000000000000e+00
2.146069705486297607e-01
6.034968495368957520e-01
1.508980523794889450e-02
1.107078939676284790e-01
2.157429307699203491e-01
1.591513752937316895e+00
4.033548384904861450e-02
4.137496948242187500e-01
2.428642511367797852e-01
3.623396754264831543e-01
5.769529938697814941e-01
0.000000000000000000e+00
6.491327285766601562e-01
2.709550783038139343e-02
4.514981433749198914e-02
8.558718860149383545e-02
8.670592680573463440e-03
8.293471336364746094e-01
7.214242126792669296e-03
1.826633512973785400e-01
2.978065311908721924e-01
1.427303075790405273e+00
0.000000000000000000e+00
2.734456658363342285e-01
1.149275302886962891e+00
2.663106424733996391e-03
6.644734740257263184e-01
1.153078913688659668e+00
3.507833555340766907e-02
1.088441848754882812e+00
3.737480044364929199e-01
4.304171204566955566e-01
3.037787675857543945e+00
2.448134869337081909e-01
1.303553879261016846e-01
6.565177440643310547e-02
3.842626214027404785e-01
8.287790417671203613e-01
1.554649353027343750e+00
4.778678715229034424e-02
0.000000000000000000e+00
0.000000000000000000e+00
5.345149897038936615e-03
0.000000000000000000e+00
3.993062376976013184e-01
1.814221143722534180e-01
0.000000000000000000e+00
2.372802793979644775e-01
4.734153747558593750e-01
0.000000000000000000e+00
2.809527873992919922e+00
4.767765998840332031e-01
7.412419915199279785e-01
6.437904357910156250e+00
2.926391363143920898e-01
4.889713972806930542e-02
2.719639062881469727e+00
0.000000000000000000e+00
2.581555545330047607e-01
0.000000000000000000e+00
0.000000000000000000e+00
2.843304276466369629e-01
2.720199823379516602e-01
1.226954385638237000e-01
5.034233331680297852e-01
2.794620208442211151e-02
3.194729983806610107e-02
