3.047077312690049666e-10
3.990942687437382119e-09
2.942843080333545913e-09
8.367509463091948874e-11
5.844861400428058573e-11
2.953300659580548881e-10
1.376000285935319312e-10
1.478270617027988010e-09
1.918272296563827695e-08
1.129811383338008568e-10
6.334825286558043445e-08
5.425875428954896051e-07
1.065120500243210699e-06
7.762541258671262767e-07
2.563135126365523320e-08
4.475995467601023847e-07
9.999244213104248047e-01
2.381440208409912884e-05
3.436797157974069705e-07
7.859780453145503998e-06
4.363020309483545134e-07
3.982743692176882178e-06
2.634965579062509278e-09
9.437070014328696743e-10
4.202675540909694973e-07
2.872801718734052656e-10
1.335462296303546736e-10
7.461193884950034771e-10
1.270545196829786505e-10
4.820551249840043795e-11
8.341088930663431711e-11
1.374036662227240413e-09
1.387038262024020696e-10
3.763298561665351372e-10
1.987338293929497013e-09
6.175173150602120131e-10
1.963428530871169642e-09
3.707263315777531432e-11
2.740373761245251671e-10
3.112284208128812679e-09
1.212550615470320281e-09
1.165162633043337337e-09
8.951473340346183249e-09
5.353689047637999465e-09
4.563497135734451149e-09
5.807692105008754879e-10
2.338441662530499343e-10
3.592834918464404836e-10
7.114006606023792756e-11
1.669877291998744795e-10
1.521049675101693310e-10
2.719006131357559752e-10
8.348383095935218989e-10
4.067993997214358615e-10
1.206081368110289986e-08
2.566674650594791274e-10
1.229214774411957478e-08
1.140255445619686725e-09
9.089208830026507258e-10
2.166178125762030504e-09
2.422698264226141873e-09
1.684692524372977118e-10
4.857296787008635874e-10
5.095709632030320790e-09
1.628045753765405834e-10
3.447276630819118282e-10
3.653357394384215695e-09
6.850224831822515625e-10
4.482227478064260140e-09
1.086641332470605903e-09
5.265188840475332199e-10
1.029292207022081129e-09
2.155915979074052302e-08
2.159669421075705031e-08
2.348376071381608199e-08
1.873288724141275452e-08
2.042868374463324699e-10
3.217268673694206882e-10
1.243680287643655902e-07
2.211004573871022671e-10
6.466536461857685936e-08
1.179438058329651540e-07
2.709815305479423841e-07
1.216880889387539355e-07
9.214697893611401014e-10
1.001064993033651263e-05
1.073681659136127564e-07
8.306879863084759563e-06
5.802151648026665498e-08
1.237806923626294520e-08
7.369818888491863618e-08
3.642624903932301095e-07
2.059703234635890112e-07
7.356602793606725754e-08
6.506709269160637632e-06
1.425150770728578209e-07
1.175445021317500505e-07
4.267561948267939442e-08
2.390450504208274651e-07
5.191569840690135607e-08
4.206691528452211060e-08
8.641112131391182061e-11
4.675866638326198199e-11
2.755415895450141761e-10
2.641420415727679938e-10
2.666629694836331055e-10
9.635481995617922735e-11
3.733745083944750576e-12
9.335142034383459020e-12
2.553135203253731333e-10
7.409484137355093480e-11
1.133609872638885463e-11
9.132688494339902263e-10
4.175122914062967538e-09
6.202882207873017251e-09
3.384818120233390459e-11
1.666271634559457482e-11
1.333509257878118248e-11
6.158330512207044194e-10
1.186379217088529003e-09
1.146920614036872621e-10
7.839495025363518721e-11
1.429199120162039094e-10
3.665184128420762022e-11
7.165708026946049358e-09
7.435650983822483795e-10
3.700654671590086764e-09
1.167728882478513697e-07
3.756288791123552073e-08
9.994585159489588477e-10
2.261612674914204035e-09
5.922905499389230499e-10
1.425374401842205430e-10
5.028289340458513834e-09
2.670733634246857946e-09
9.348038787493351265e-09
1.357475696295296075e-07
2.646313168597203003e-09
3.787663871435142937e-08
2.307540114543371601e-08
1.902628055105992644e-09
5.264160336082568392e-06
4.714352019874468169e-09
7.174696747824782506e-08
1.258016801841677079e-08
9.108026333137786423e-09
5.071514874721572141e-10
8.241117788188034865e-10
1.603134812400153209e-11
3.713144028361092808e-11
2.227814599464750245e-10
7.489678321981330100e-11
1.468308113983241014e-10
1.203414590200679868e-10
4.583084259324188281e-11
4.347504578561256494e-10
3.876407875247345203e-11
5.588624008012743616e-10
1.127456794591807920e-09
1.373551716810084145e-09
4.637534800622233888e-10
7.767712584261232678e-10
1.179090491909562388e-09
1.658859272168911048e-09
2.307452184879821289e-08
2.256019260293840034e-10
1.281373340766833735e-09
2.915145014270592583e-09
1.447183595182366389e-09
6.078416103783013114e-10
4.608737835809506578e-09
4.994490598875245269e-09
4.333687020352527952e-10
3.953015692559347372e-10
1.058294643030421867e-07
1.539501859326719568e-10
3.628266298516535926e-10
8.275377050281917946e-10
2.496791884354365720e-09
6.237962368871308172e-10
1.553051576230757291e-09
3.086379818384443752e-09
3.297708328631188124e-09
1.271469485253362564e-09
3.844563556398838955e-10
2.378598984442703568e-10
2.007943589177330068e-09
2.825152056740165563e-10
6.129712848412793846e-10
8.710699384018028013e-10
8.069316742576049251e-11
1.734944271580829422e-10
9.831134795135199056e-10
3.098948597735073918e-10
6.534432717142379943e-11
6.112006012415349687e-09
9.520396693218913242e-10
2.078992811238578042e-10
1.799607751706844283e-08
2.975793778059454553e-10
3.000878434633591496e-10
2.090643630436872513e-10
4.073802128967685121e-10
4.000841047346881396e-10
4.415807997038001531e-10
1.173085406591667379e-09
1.059315413165506925e-09
7.958576159206032230e-11
6.330023172296250777e-10
3.362634171111267278e-09
3.398226411377436307e-08
4.628865901690204510e-10
1.835615548451130508e-09
1.400302096499217441e-11
3.638813972361987226e-10
1.004409888594182121e-09
4.424187682872116056e-10
9.004828549485921485e-10
1.566127366681158151e-10
6.443444666714981395e-10
1.604218285988778803e-10
5.364654276363012286e-10
2.062188197982095517e-10
2.256532516398124244e-09
9.275149537302240788e-09
2.668032834662881214e-07
7.475795538169904830e-10
7.484188380146861164e-09
1.104228861126266281e-10
2.000274668123580568e-10
8.134792839342708248e-11
7.165280591081568673e-10
1.159385365490095410e-09
3.679110072152269595e-10
2.701240064961751841e-10
3.991064367880881036e-09
9.139292656001885007e-10
3.329839737276074629e-10
4.493592720145045405e-10
1.099068835941352518e-09
1.860944509601836216e-09
2.471126081537988739e-10
1.429082630011180299e-09
5.589466112176921797e-10
9.099108966292845935e-11
6.711211586463150525e-10
4.444743240128445905e-09
2.536134635633402468e-09
5.367757793806049449e-09
7.436317672748771201e-10
6.291304810446263218e-09
1.372365554530574627e-09
6.002114361081112293e-10
5.354278687086377886e-10
7.582671379680050450e-09
5.867956343053037926e-09
1.066805421778838081e-09
2.733039627944577887e-10
1.734534738062620818e-09
9.383565036102936574e-10
1.970995588962409784e-10
5.588808082990226467e-09
6.425427967471364354e-10
3.465524811563369667e-10
1.070163957450631642e-09
1.717595787820158648e-10
1.641594971069082476e-09
2.152763078910879813e-09
3.368493262101424079e-10
1.786975345474672849e-09
3.480649768405896793e-09
1.119818682226991768e-09
5.496529453807852406e-09
1.377016944914544183e-09
9.604821105124727865e-11
7.804691892765447392e-10
6.123402895852336769e-10
3.029997919234972414e-10
2.603257609479214807e-10
1.505432029036413155e-10
8.133090867445957883e-10
1.105266211887112604e-09
1.487998335658602400e-10
1.912345004573268170e-10
2.574103374897163121e-09
7.454522554795062206e-10
5.029485716789849903e-10
6.496099214103878694e-10
9.917992122021601631e-11
5.652289747359873218e-10
2.885854402667753504e-11
9.746086576667423174e-11
3.694994310521337866e-11
2.063183512923671969e-10
7.331098228480215084e-11
4.026668928847065843e-11
1.278001870996803291e-10
2.268171111000083506e-12
5.206130526680396997e-10
2.025078327250184884e-09
3.543985591103471222e-11
4.059725444705009068e-09
4.909268547237388702e-10
3.103463486198165810e-09
7.020385606182344418e-09
5.735795172157054367e-10
2.136022470011766927e-09
2.331420922985216748e-08
9.399816924826609466e-09
4.201004433213029188e-09
3.499528666850437730e-09
3.979276996801672794e-08
7.670252877289840399e-09
6.467466007187283594e-10
9.561943459246435850e-10
9.550934487734252798e-10
2.821710920475339890e-10
2.184618708156449429e-08
4.167095557505717807e-09
8.354790637099540618e-09
1.400098526005422173e-08
3.793268774643365759e-07
1.715537933932864689e-08
2.176569369183312119e-09
4.970835743023371833e-09
1.464843135678961517e-09
5.104283786749874707e-07
6.763951065913431648e-10
4.431061628729082713e-10
3.909784648814529362e-11
6.786979867001718958e-10
8.457414768514581738e-10
1.255881926232049750e-10
1.276869610045139325e-09
7.465717627441748050e-11
1.394654530750827348e-10
3.568605189130380495e-09
4.084801594195219820e-11
5.938897984503199723e-11
1.577961546150863370e-11
2.368440443767383385e-10
3.032175552308835620e-11
3.902736814276330790e-11
3.169533385749545573e-11
1.161205593486203114e-11
4.697447986146130461e-10
4.465872810444082575e-11
5.918563382445451992e-12
3.086003452779095824e-09
4.718127555314310939e-10
4.663406466542951989e-11
1.796696645628426126e-11
1.866286153395790848e-10
1.697297025149424599e-10
1.911965585854602523e-10
2.794459663668646954e-10
9.039676229782855899e-10
3.911092283370720679e-10
2.478854066456648297e-10
5.298656513552657543e-10
4.454039914669749578e-11
5.509075834408960759e-11
1.365057789026735691e-10
9.172105297494681508e-10
1.542565408740870225e-09
3.637875764517239929e-11
4.142819698405020290e-10
8.762591208189007830e-10
4.786285950908464315e-11
1.019314424532957730e-10
1.788232478761031530e-10
2.645322572103481207e-10
7.398133772262838193e-10
9.179964011174490679e-10
1.492213907994255351e-09
3.457666097883560496e-11
3.743696741498325764e-10
3.562666273104753145e-10
5.691058041490393293e-11
2.724332426318198941e-10
3.286843019978391567e-10
6.146994024902596720e-10
1.035506902447025368e-09
1.028450435924810336e-09
6.514724315564990320e-10
1.068423752248470748e-10
4.237594997125171403e-10
3.815909047077958860e-11
8.251294647543261362e-10
6.549434328206871214e-10
7.272483726339373789e-10
9.349656604484835043e-10
2.891657746584286315e-10
2.977366131418079931e-10
8.391618955272406311e-09
3.901674539008581633e-10
5.936081071133969544e-10
1.801210625096416607e-09
6.139893038437094219e-10
1.252645071003755106e-10
9.184163152209379177e-11
1.904064683699857596e-10
5.749341627780957253e-11
1.063053756134024752e-09
2.726844972045228133e-09
7.852054562107468882e-10
1.827628465234099053e-10
4.560988808854915533e-10
5.247660986307245423e-11
1.760643630888125699e-09
4.680221141195595180e-11
3.927313474427762685e-10
6.453923506732905935e-10
1.085508349873975931e-09
2.145503552597460839e-09
3.463771630629608467e-11
1.956588883966769998e-11
2.516905850402650913e-10
4.178835943946523912e-09
4.497937786118733072e-11
2.452980873979271337e-10
9.023173319633315259e-10
4.518601118275178408e-11
1.960365376973971507e-11
3.977095319740442392e-10
1.325234588733792407e-09
2.282657396435183728e-09
6.105047023474696744e-10
2.333390813902269656e-09
1.437491681244296160e-09
2.872527771202726399e-10
3.310005394774329091e-11
2.044022034963788315e-10
2.906886953368825743e-10
8.219815383903039674e-10
2.171517549109935885e-10
1.472248295497635695e-10
1.259516102525282122e-10
3.561483885583527353e-10
7.411272484603159683e-09
1.893147416609508582e-09
8.500870563032947302e-10
1.645297009744695060e-09
2.739427573672514882e-10
5.484702692015730463e-10
2.425887546397831329e-10
1.654676916318376101e-11
2.272317473073215410e-10
3.515022051203686715e-09
1.132910085188676419e-10
1.383302639101913201e-10
1.025001750143417212e-09
1.304258256951129624e-09
1.113144229569762444e-10
4.344818949064688240e-10
2.398234721923131474e-09
2.104551644066532390e-09
1.259204518433421072e-09
2.465153414732412784e-09
4.897129368686137241e-10
9.093960029460390615e-10
3.426404715511921495e-10
3.513666024801409549e-10
9.398019029660531487e-10
6.224540327615102342e-11
2.274676419444787712e-10
1.433460711242062757e-10
1.498722257409212943e-10
1.401871396744525100e-10
3.552960356478784831e-11
1.800436015553241731e-11
6.386533663027549323e-11
1.364454549346305612e-09
1.014218753425666364e-08
6.792182788428746676e-11
2.402025023329201758e-09
4.589426061407664292e-11
5.888156073829975412e-10
5.420648929721494369e-10
1.536242938415810499e-10
6.110553729676837520e-11
6.554454895502104250e-11
1.848504509183168665e-11
3.535892134642892870e-10
9.133607065114901502e-11
1.070786168066995003e-10
4.239920914361761106e-11
1.958069262286699086e-09
1.761528167776305054e-08
2.585938352339667290e-09
8.504195125880187334e-10
2.410337884839464095e-08
1.882021621879559348e-10
2.055695717817496160e-11
5.298777527862341685e-10
2.734258479353268712e-11
5.127392399550956270e-10
4.820608912048385264e-10
5.721609644404601625e-11
2.287864897532188024e-10
3.193309505711283691e-10
4.154808441736435043e-10
8.029449327651150270e-10
3.924782443487373484e-10
1.333998467245578468e-10
1.710755842543321137e-10
8.845000426527249715e-11
3.197155040712829077e-10
2.442182844841767064e-10
3.722348471124625746e-11
2.888475743312302058e-11
3.144311755409745501e-10
2.339414495455827137e-10
7.739521523664194547e-11
2.318922387445354616e-09
1.223428025554085252e-08
9.332507856785188238e-12
9.436222914160907749e-10
2.585124780907221975e-09
6.501760935195832758e-11
1.897490845004234927e-11
2.476958915753613155e-10
2.183041802883423088e-10
4.200098935314144910e-09
1.022492160385191085e-10
4.621293972495443825e-11
5.000071190419674849e-11
1.776053332180893563e-10
3.728246183998251695e-11
2.058143759586794630e-11
2.061751741555539752e-10
1.882136668740486130e-10
1.959830735198675455e-11
1.256909715197096489e-10
3.256621083913557868e-10
1.282622064113780880e-10
3.826542555041001492e-11
9.559080194065927572e-10
3.241518720109581864e-10
2.903551010735583304e-10
1.812004539469835862e-11
5.405458372575999704e-11
6.510773586931861701e-10
9.908967743554875085e-12
5.134034516962593386e-11
6.885764181063791511e-10
3.356340205762364803e-10
3.254483488257520207e-11
1.679386074648903104e-10
1.061044363481755681e-09
4.136477271821092927e-11
4.158375865870311827e-10
7.811885027741993781e-10
1.145370083499575031e-11
9.699540476360013486e-11
1.221531209516513172e-10
1.049316536438915648e-10
9.398704925445144909e-09
1.131691962363845505e-10
7.708347848911500932e-11
3.288177022331417731e-11
3.701733086725056410e-10
3.339807042035403128e-10
5.769271727018576712e-10
1.977041447220884152e-11
1.124552100745246364e-11
5.199945682377027367e-11
2.129284075447213098e-11
4.679404863594527342e-09
2.152084760398409458e-10
1.763556939371468957e-10
9.708812920283804715e-11
1.465954857504669917e-10
5.132761576875921605e-11
7.571643756421053695e-09
1.539132016281641313e-10
1.919411157791373057e-11
4.659088115310794365e-10
4.279237519888567931e-10
4.551461985080607064e-11
6.166722132938673440e-10
2.646563801445012132e-10
1.926945408792235526e-11
2.452888558934773755e-09
3.889969249493141490e-11
9.666775713235153944e-11
7.078895108980631790e-11
1.448653463853588619e-08
9.469267731043728986e-11
5.969791883053687798e-10
8.689754471546962122e-11
1.492833773264479191e-10
2.911409446859636319e-10
2.062357506993350853e-10
1.293912754718462566e-10
3.471973750168722006e-11
7.609560981336471741e-09
7.119412837042204956e-10
8.712439797387006024e-11
8.165498277534766203e-10
1.346864064721842169e-09
7.835429527425219476e-11
1.612042999088458828e-10
1.423944989698000541e-10
3.235385015454284030e-10
7.353337383442237751e-11
2.649811758903553027e-10
1.317456421734419791e-10
2.495658790735433286e-09
2.217979133689595983e-09
6.464876411982345417e-10
3.705295181788414993e-09
4.251008989264448701e-10
8.640304444140767259e-11
1.885245293209436568e-09
4.168683731542444093e-10
1.456315623649118152e-09
3.608492948892205732e-10
4.764256211764461568e-10
3.200596176977654750e-10
2.724254155594962867e-10
8.586815702926742233e-10
1.499292023865450574e-09
1.298006702121767830e-09
3.292408012889325164e-10
5.823785204084330758e-11
1.224683465750331379e-09
6.801088164865021213e-11
1.679046623959123963e-10
1.202411781253687195e-10
5.412579828778518731e-10
1.411667588380183247e-10
1.518802861255608150e-10
2.233333740164766823e-09
6.573935840137323794e-11
2.831114231938158809e-09
1.759142415069803178e-10
5.369058531101700282e-09
3.312078666883877531e-10
1.976397656644479639e-10
2.400726492601812367e-11
4.758761718015591669e-10
1.344616779030971543e-11
7.800301515814567210e-10
1.035465935217416700e-08
7.785835171025823342e-11
8.005497653673643299e-11
3.517051927470760120e-10
3.605342135948319537e-10
2.084059591567211100e-09
4.289853194894277522e-10
6.998933377300176062e-11
1.399147464553607279e-09
5.437317610046399352e-11
5.160119206926161439e-11
1.623555595520187467e-10
1.083772627197276961e-09
2.784209085504585346e-09
1.231745955232455003e-10
3.887239488631344386e-11
5.461441715537418418e-11
2.433658309597408476e-11
1.628616339011124126e-11
1.160880697126387417e-10
1.543668248782381625e-10
2.464456416717553111e-10
7.918681821372786089e-10
7.046192518345151257e-10
8.667340456458560993e-11
1.489817991195963032e-11
1.139996541610344138e-09
7.152036185509302868e-10
3.531820946811592421e-10
5.174824804776712028e-11
4.330301450750084769e-09
7.446077782136129031e-11
2.571581170229819691e-09
3.177241802987396113e-09
2.535794907387867170e-10
6.379901051900560560e-10
1.187413084524635565e-10
1.106535973960376396e-09
1.059594301189292764e-09
3.287581318289767296e-11
7.809761518040581052e-12
1.343615080307003495e-10
2.821129718721948620e-10
1.506554429819839669e-11
5.587427395759014814e-11
2.414771160808015793e-10
4.143428378178271032e-10
9.295649666674066225e-11
5.138023895234766769e-10
8.619946423316093842e-10
6.825988385639192302e-11
8.718894495274298606e-10
1.877845434705704974e-09
1.693923612489101060e-10
7.962042136711033891e-10
6.838085098159751851e-10
3.085318667217507027e-10
1.075904920710968327e-09
4.038690909480280311e-11
4.905618133932421188e-10
1.052096187947881845e-10
5.518983534069654695e-11
1.147712758164942670e-10
4.838146550056876549e-10
6.829859455770304066e-10
4.523391439192891994e-09
1.715746433816889294e-09
2.672097543232609951e-10
1.602413340906494454e-11
4.854931734410428135e-11
1.256179604780527370e-09
6.433104604575134999e-10
2.997807779792083238e-09
4.480114057514583692e-10
1.278952777017394737e-10
3.646971336035420563e-10
1.427698625988682579e-09
3.553741467765547668e-10
4.057811586744008991e-10
1.025966089862606623e-09
2.126578080297036877e-10
4.721260049578290818e-10
1.445646241604592319e-10
1.373416831651486092e-11
1.409408478814100363e-09
1.130157772921691617e-11
2.052930464513380571e-10
1.062936183515716948e-09
8.814706742299449616e-10
1.216231737544148928e-08
5.083458542998187113e-09
1.434242863362911180e-10
9.755269508859854000e-12
1.197450055778759292e-10
1.841523600276673278e-10
5.612988546177533067e-11
3.805562531766781831e-09
3.593333269824583454e-11
5.430673966078103376e-11
4.938247380459337421e-11
7.634475829298992267e-10
4.842585360487206003e-11
8.445562998948830113e-11
3.785955715596145410e-10
7.902819371130576087e-11
2.757446271317576247e-09
1.150333855948204587e-10
1.527597076611542093e-10
4.275943599196807554e-09
5.014035853179166224e-10
2.512560159928511894e-10
2.316482117237228522e-09
3.376495472107166052e-10
7.654694933467709461e-11
1.198113053213489820e-09
1.680171002327313090e-10
1.612451977495155120e-10
3.598533970805561921e-10
1.794235315877301673e-10
8.565599340926155492e-10
2.013401001477177488e-09
3.037798346205988764e-10
1.670707842904572971e-11
5.162289706817091428e-09
1.204303767821102156e-09
2.143233590601312244e-09
1.972056962173951433e-09
1.278177286234694066e-10
1.126180149135791453e-09
5.637830202687155179e-10
5.637528777135969449e-10
6.464864199529074540e-10
1.457990811415399435e-10
2.063659798601236162e-10
1.367376906147299565e-10
4.440993059406928012e-11
4.132345160501316172e-11
1.599455151657380725e-10
7.704291371535276767e-11
2.249884056837458957e-09
5.930822055688622640e-09
3.227249578685587039e-10
6.931591411962756411e-11
1.011492334335173382e-09
6.337222968610944918e-10
2.248597086307313475e-09
7.950216179830604801e-11
6.675681119006071640e-10
2.543158350576391058e-09
5.263802727029087691e-10
6.790524392785712848e-11
1.439130237201879936e-08
1.130103011171001981e-09
2.130984722015227817e-09
3.774273255041649122e-11
1.702303631390122973e-09
1.010585573557598593e-10
2.221805656121844663e-10
4.799784569797793665e-09
3.047216645679640123e-10
3.936237447099699693e-10
1.012069428263373538e-09
3.658431890762869898e-10
5.183994344903908313e-10
4.517838547712926811e-09
1.461482324049967474e-10
1.335250937595233722e-10
1.395620563560129312e-10
8.641956594779287570e-10
1.043821071244899201e-10
2.610870963870581818e-10
1.173287511591070142e-08
1.685052236632955669e-10
2.180249591976490819e-10
2.250462316499834969e-10
1.959136602946998096e-10
1.081261330471150472e-10
1.206547084464659747e-10
9.946807960625747569e-11
3.845069540542311870e-10
6.334250346462511061e-10
3.499760481417979463e-10
2.724524772457215249e-10
6.050616951913667663e-11
6.751538772498122398e-10
4.026983954630303231e-11
2.271879767645756942e-10
3.795200612111138128e-11
8.212966973175639396e-10
5.335975758469224672e-11
9.734814065964769725e-10
2.007105148749133150e-09
1.429456109036664202e-09
4.011770027290140206e-09
1.186091364013819316e-10
1.685431655351621316e-10
1.704386076717412379e-09
2.164781132130144670e-10
7.871758245237003848e-10
6.213579650804490484e-11
2.909311125343094773e-10
3.648239488285298648e-09
8.486189528866816545e-11
2.846392566091537901e-10
7.166137822034457372e-11
9.859973948422862122e-11
3.028123174431129883e-08
8.518476896091087269e-11
7.111164990192264668e-09
1.205002320148196304e-09
3.696256148377763395e-11
5.018583770777240716e-09
2.259028034079513247e-11
1.143100822331710731e-10
2.623710693150371753e-10
1.507144270496141303e-10
4.700869207785451920e-11
1.042125673950122788e-11
1.936238253064104242e-10
1.868552423900382564e-09
4.487277910358855593e-11
2.456262970795819456e-10
1.762160382889899068e-11
5.982212641919559815e-11
4.682955689894185980e-10
8.467470613560124093e-10
4.584911270089087054e-11
2.251299702216158494e-10
7.507564347974948760e-09
2.406505439367379040e-09
8.382012445240505372e-11
1.949188449534844381e-10
9.601706929540654301e-11
8.459818401362895202e-10
3.689733588108090601e-11
4.401739250869951547e-10
1.070023292193411635e-09
1.306891487390382522e-11
6.043792133425540669e-10
1.175021885346794193e-10
3.276896531900774789e-10
3.389321115432331055e-11
4.722086610620124247e-11
4.853635549029178264e-11
1.292134593766647299e-10
1.162999418991006451e-10
1.311024067085497791e-10
8.692526143327938826e-10
5.913829981274432157e-10
2.705562218707768807e-09
3.103773835166911965e-11
1.836414020850440920e-09
1.604368304874981277e-10
3.764080991341955951e-10
4.690663857331855979e-09
6.523427908966539235e-10
9.061284361733257242e-11
4.413490059529401321e-11
4.128016595217331997e-09
8.669957529683358644e-10
1.145683659053986503e-09
2.788730912861581146e-10
3.994121353101398597e-11
1.429469764779867091e-09
2.075099425624671312e-09
5.306595718401752038e-10
1.054976328518364426e-09
1.686168871195548036e-09
4.960252226737793535e-07
1.592356663193683630e-10
1.669148014249444145e-10
1.786384790092299113e-10
3.113321267456115038e-10
4.137448023078249548e-11
3.411634308392308412e-10
6.781506467490316936e-10
9.539209422371186520e-10
1.149687345325389742e-09
2.730719469989928427e-11
9.304150228039986814e-10
4.438912015736207195e-10
5.101862265988188483e-10
5.683074844053948027e-11
1.540938487920584521e-10
8.352619706997188587e-10
8.824648789484967892e-10
2.136693738608030912e-10
4.321864394141172738e-11
7.002538826572646258e-11
6.531891694194769116e-11
6.967287163872626365e-11
8.803949236302344161e-11
5.349304679769240067e-11
1.893998846647093615e-10
3.727010922105478130e-10
5.086964183220743507e-11
4.426768326903918194e-11
1.511978736656871547e-10
1.667921877002154218e-11
1.468162397211258963e-10
2.937071419406578343e-10
3.138074522457401372e-10
1.219497169913097423e-09
5.380177969804833538e-10
2.961027534276183815e-10
4.401641273688028377e-09
2.979827939952883753e-09
2.866993864536482306e-10
2.036499996416196723e-10
3.046188301603081072e-10
1.478022593204286750e-09
5.244649506352949686e-11
1.665239890424885516e-10
1.632729951239753063e-09
5.481314291344574485e-10
4.108273790603966802e-11
3.967821349259992303e-10
2.177776708967016361e-10
1.643614064295029209e-11
1.108690222961783434e-10
4.555561136654340260e-11
8.045025201575128904e-10
2.001855792244100485e-09
8.074028251536802259e-11
1.286042605741499756e-09
2.912697860679713813e-10
2.969201551294986530e-09
3.242155433014204391e-10
2.785685904171941729e-09
8.832377607070895920e-10
4.188822899653388276e-11
1.115423198250198311e-09
3.584955943214396257e-10
3.324648611968683554e-10
1.702770424660826620e-10
7.693894826799052566e-11
4.985484247654881074e-10
2.632552786874242656e-10
2.060796394642849805e-10
2.056210479661757518e-10
2.217890315847625970e-09
1.364212520726937328e-09
1.194589288600056420e-10
4.276628828847606201e-09
1.510103264656947886e-09
8.915996829728101147e-09
8.291784793501566497e-12
1.439872943098663427e-10
6.289679194138031448e-11
2.041932421759096172e-11
3.439608775579472422e-08
8.776160242973674031e-09
2.465768422776903890e-10
1.136483268604493446e-10
1.293146145719958895e-09
2.106775587318310272e-10
