1.258642168266987937e-08
1.290005879894806640e-10
4.669991615635638027e-10
5.633839206785340448e-13
1.189691466001174813e-12
1.165535896963110218e-11
4.187516168373131911e-15
1.620481940094956747e-14
1.301187022711980390e-11
6.046660025980921116e-13
5.384783889894606546e-06
8.845485108266437635e-14
5.904551514390732336e-09
7.467395035654078583e-10
4.620879959053858510e-13
1.502317042469114572e-12
1.754243306173464134e-09
1.734520838590769554e-12
1.273575537565074800e-12
2.756094862017355665e-15
1.356168595392087672e-13
4.963453193441405738e-16
6.166164245868799298e-10
1.153567685818757127e-09
3.044020591147500454e-09
2.950318389594031032e-07
1.544210180733085469e-12
1.458295706413537118e-10
1.772551883050255128e-07
7.131518682881865523e-13
2.148994177053609178e-10
3.013857963196642231e-07
4.293614630501707552e-10
1.175803504338546190e-06
7.049079986387596364e-09
2.412644303090294429e-12
3.030665718384284446e-10
2.146320232654375104e-09
2.704392954910872504e-06
1.029690438816843745e-12
6.931962559519888600e-09
2.885921057682594437e-09
8.314646714191464838e-12
4.501783060911757062e-13
8.141032336109188527e-13
1.399572541194160635e-10
1.073980210319902540e-10
2.810513280437909600e-11
7.698125990829307597e-12
1.378411866426176857e-06
1.589200659957157313e-09
1.382778353625768730e-11
1.371214253254038340e-11
3.396669404076568810e-11
3.596077645731665662e-12
4.911858697553839193e-10
1.069678859377809488e-10
4.681678655860110894e-12
5.955278045872980375e-13
8.211310797978654819e-11
3.815627501457807824e-12
2.017814214327895428e-11
7.750085018187746755e-09
5.996667158875753495e-16
1.809498080887483873e-12
2.331143091061083084e-12
1.210796480438647293e-11
2.348627276660408825e-06
9.009304968721210116e-10
3.296720882395298702e-11
3.952838151743097439e-14
1.180941239908861462e-06
1.272035201374229277e-14
3.504019990829831954e-13
1.643850816780050364e-15
8.211029078886156185e-11
2.155182976526504035e-11
2.045760894020531850e-09
8.954927910309606887e-10
2.230166984418247011e-07
1.997749743409826806e-09
1.648682790289512923e-08
1.004266739212944515e-10
3.702961848262020794e-08
1.517879029931668011e-12
1.107623059937168364e-08
1.269274824133859170e-10
1.254722548083009315e-09
6.730722316300452590e-12
8.099420439888760370e-12
3.971696749260900106e-09
2.291865220384835516e-16
5.457253537954898093e-10
4.950805043701933528e-11
8.871179344501628483e-15
2.361112810800834738e-14
1.758820302941166425e-12
1.263917193128349936e-09
8.567029308181872693e-10
8.752252256272186060e-08
3.692997836424183333e-07
4.203348823519914568e-13
4.834252553820306275e-09
1.309802222237976821e-08
8.640317616936954437e-08
3.170863636763054938e-13
2.081134960543740142e-12
1.238006732685295510e-15
1.003124775085517673e-12
2.437929651932790875e-06
2.064766109824422990e-12
5.925702706299773581e-10
1.342328772580003715e-07
3.913595836291250407e-10
4.472673342803545893e-10
6.637362162109639030e-07
2.894668012232148868e-14
9.099249353994309786e-09
4.394783900352194905e-05
2.215300128227681853e-06
2.385264451731927693e-06
1.190027076880539880e-09
2.239966458844611097e-12
6.874578128979180747e-10
2.163941248412015739e-10
6.740990404763280708e-11
5.940677727522825080e-09
4.566828957098395536e-16
1.672402285728743099e-15
2.578923186113968313e-12
1.718358257334767769e-13
1.096087717117333327e-11
7.386748005801246908e-14
4.792507724005190539e-09
1.102100702365937934e-10
4.094030003898296854e-09
3.036780549248163652e-11
1.524864262636427270e-11
3.791071989667216258e-08
1.421459601260721684e-04
4.004315705969929695e-04
7.683055258667081944e-08
2.197257799707585946e-06
5.559268156929420002e-09
7.806162827250773262e-09
1.594551335415417270e-08
4.203417128256781155e-11
2.048369029949981268e-09
3.911003031847881672e-12
7.079379304997246436e-10
1.203491592605132610e-06
5.133452343764055570e-11
7.170266984324324966e-13
2.118822593777120594e-14
1.302914915714270538e-12
5.252154505579198496e-14
1.925394149942128569e-14
8.821224051778001063e-14
1.877833609095769241e-12
5.328628276402014308e-07
2.116047267963772072e-11
6.781384342957608169e-10
5.710939277037141437e-08
1.506804681028484083e-09
1.825528617160898648e-11
4.698729938468204637e-08
6.054112766662456124e-10
6.035947563987065223e-08
3.426484790347572584e-11
1.049704274166735394e-17
5.170323058578674136e-10
1.827505702323151127e-09
5.013220949479091360e-09
1.300638091152050979e-12
5.243426248746629881e-10
3.139519200168194857e-11
9.975838514628132536e-13
1.148245474397180388e-11
2.832093171090122041e-10
9.730068768476485275e-07
1.379885725327767432e-05
2.559614520336594978e-09
4.033570144557074855e-10
3.632023880869444943e-13
6.187715673178217912e-09
3.153481475948183288e-09
3.551713773346926173e-13
6.735097505747300595e-13
2.476879465418413417e-11
5.999894625574597740e-08
3.735701170626271050e-08
1.337138177959218410e-10
9.694569799711949543e-12
1.342333769095357954e-13
1.674839017473672698e-10
1.758972123432566391e-15
9.165640904029714875e-07
4.015111798594261927e-09
9.367783215807889974e-10
4.213943083364313225e-10
2.703235899015332677e-11
2.860297719162185892e-12
4.355445041084871072e-13
4.027218142299560100e-11
4.902762766080537293e-13
3.020043992663090648e-09
1.794150961131890654e-07
4.415189325257529163e-10
1.536872878205031157e-05
1.123090287435957180e-09
4.006452059002185706e-09
7.862211316017608809e-13
3.283468671109492087e-14
4.247977403865066393e-12
2.492527018116419413e-12
7.034291768862055427e-13
4.985451496075654632e-10
4.862957101763317283e-17
1.344380285399219069e-14
1.295382095860275751e-12
6.077932601655788858e-11
1.121991943797695512e-09
3.000884263304470778e-12
4.290727328992716139e-09
3.334138455102220178e-05
1.538311839022199479e-10
5.476398223791534292e-10
7.954506497931390641e-10
8.540333357501782297e-15
1.016846220940059720e-12
2.053265474311061212e-10
9.249965160149087318e-13
1.671348470863240343e-13
4.433129419112447067e-10
1.106281247165163961e-10
7.193367764557478949e-06
4.808526493649267763e-11
1.590550607888374657e-12
7.815093017171648171e-11
1.025792881084557073e-13
1.363009504524656523e-13
1.368074230290172721e-11
2.650050665020664553e-11
2.403839260978202219e-08
4.844301626505398417e-10
3.902407563760590392e-10
4.190693289274349809e-05
3.116471593932038965e-15
1.073035757470641727e-11
9.531444447929970920e-06
1.184817910448998646e-09
1.918917405419051647e-05
3.106223264714991217e-11
8.363451532884813577e-14
3.462622170328361060e-13
9.452954863320428558e-09
1.510260250192629883e-09
1.624872503214191966e-08
1.957426755405666796e-11
9.340389084400158026e-08
4.019251775844168151e-08
1.584151294082403183e-03
8.568687467773764780e-16
2.820782774026753259e-10
3.487529709467196426e-10
1.476967745155099987e-12
6.885465808625923501e-11
1.468159795126044997e-12
4.253606494808437333e-11
5.270914371635626594e-09
1.154673145292717251e-12
4.398751762141328570e-12
3.145804328141821316e-07
9.389308979734778404e-05
3.367777168250540853e-10
1.076395577115363267e-07
2.597187886976826121e-08
2.409102648273653280e-13
4.029040989728116529e-10
5.442546912280687987e-13
1.440076790454325462e-11
4.569242987445543136e-12
1.624970019653559916e-10
1.089173196078263572e-07
1.180152370684577068e-15
1.585920285341550079e-14
3.334975524904582045e-12
3.091423297907347489e-11
1.430216296956221544e-12
7.802782942337160854e-13
9.348104755557695711e-12
1.613458672222733981e-11
7.520147699002777131e-11
2.374489298517801217e-07
6.659362838945526164e-09
5.190705851254584502e-11
2.792082787195226956e-09
3.009386143060233110e-11
9.142317301423161235e-14
2.429345515985587012e-13
8.887693359049819719e-11
1.527957871338969653e-09
1.100738344916862843e-08
1.124034341160040640e-07
1.492449393236672250e-12
5.106299827417615234e-09
2.530117825319533331e-12
7.052068440316361375e-08
8.886137268723781624e-14
7.368736019584473662e-14
8.472007095861044945e-09
1.246108727315231590e-08
3.317915187039943703e-08
1.638016978999790041e-11
6.701183011270650525e-12
3.366921325076432936e-11
5.453544300176860204e-12
1.824868787981756557e-13
5.077946255756943250e-14
9.243580293555320182e-13
2.682809530085705774e-10
2.635382710669542661e-11
3.435913879801244519e-12
2.050182669032646343e-13
9.693828330786845651e-16
3.102310685361604758e-14
6.298890228850773099e-12
1.115227979409105785e-10
8.987605798482789510e-11
5.444478418450970914e-13
1.067956472979858518e-04
5.356828296498861164e-06
1.445655470888596028e-07
1.842149700061754616e-15
3.327525565201619462e-14
2.472026216590069011e-16
2.162122477583627855e-13
3.093526101949350959e-09
6.362712277625109936e-14
1.095019180268635875e-16
6.388849005389829472e-09
1.529975174330289178e-10
2.638377797486990417e-13
1.386323510415427007e-13
1.057223308897903280e-09
2.507686332892111736e-12
1.174074292648041862e-12
2.056225063265179620e-13
1.671589255902716786e-11
6.048108541767405200e-11
6.693020703635310653e-12
2.295148654463119442e-10
4.240967044211174652e-08
6.527125151478685439e-08
1.555696794530801036e-14
2.214965746081577758e-14
1.087403821500854129e-12
1.281274213246405558e-13
2.159282336267054347e-10
1.300597813041343143e-13
3.460360036705578679e-12
6.248378550677280430e-13
1.560063276478951266e-12
4.154081592600000761e-11
5.635054201036382437e-09
4.149104291476662931e-13
3.334506282204330319e-11
6.096534545642698366e-14
2.051129488478409257e-09
1.582888681239680295e-11
3.746244850791335956e-13
7.629329945579854666e-10
3.567189946207527385e-11
3.081020594208894181e-08
4.267045028427673969e-08
1.717536703138566878e-12
1.791663605671400816e-12
4.925255203680478644e-10
3.971927300949751327e-11
3.553111364157368612e-12
6.859389273895571612e-16
4.579038970914384166e-13
3.025900182002973227e-14
2.397282742094830610e-06
1.008311706698905574e-12
5.456974390589952595e-13
2.645798163891655008e-11
4.672944756839436664e-12
4.873001551971081757e-14
1.760963735941700747e-10
4.187930713328569254e-08
1.562281859435188380e-08
2.321036845387425274e-06
1.569324226124990673e-08
7.544302206952124834e-06
3.333293641105683491e-10
1.011399297645709794e-12
1.160550930530412916e-12
5.665342500682513105e-11
2.056890338053563028e-07
9.925662722287675876e-12
1.102953340638423985e-12
1.177840724259082705e-11
6.975089661409583641e-08
3.276940351015777964e-12
1.135036183964877043e-12
6.638091497920134421e-14
3.771017526021935851e-11
9.403373951499816030e-06
2.405344499967210226e-11
2.341399914663339077e-13
5.206131703516803100e-08
4.562287353460092731e-11
6.390388307409011759e-08
8.393938187509775162e-04
1.135303318733349442e-05
1.428413720638843643e-09
4.978432971113598039e-16
7.810047463863156736e-06
2.996845827052396771e-12
1.225919784286213458e-15
6.351414077836181615e-13
3.266062279568687776e-13
6.841999189433067841e-12
3.508655366246671292e-09
3.507990842255281905e-10
4.522763253863616717e-14
9.402806658287410357e-12
4.026299016413048548e-10
9.525782385111369877e-10
1.098428084600477916e-10
2.873678387568421536e-16
4.664267305720670720e-10
1.486577874687533551e-11
4.934148897491061141e-18
6.849277140461365598e-14
5.744976161459192099e-10
1.132612016327416704e-12
1.156821271668930992e-14
6.208084712966410734e-09
1.133414500031904026e-07
3.642296222115294635e-14
3.343122653709507119e-11
5.288230255246162415e-03
1.582475571751656290e-14
7.720296298953377434e-13
3.699114969890615612e-08
1.247628347300633322e-06
1.153187447385650840e-16
5.584537832170610727e-10
1.368247182220727609e-10
2.417813345367836320e-12
3.015484997120898569e-13
1.151223908546885125e-14
2.816724718052165954e-13
1.566717037349008024e-05
9.691439274359114897e-13
8.401836865123968323e-11
2.867535840778145939e-06
1.433991503319020921e-08
5.497907906715227000e-09
1.170833314198885255e-13
2.435870082029278905e-12
1.981487382214739551e-14
1.365727257507387549e-06
7.325735396079835482e-08
2.759744472877190269e-12
2.405823040785293188e-10
3.287520655703701777e-08
4.223393336444392077e-12
4.112905571673763916e-10
5.601465886684309226e-07
3.537532766717532695e-11
1.207825334859080613e-06
1.760226621579097372e-12
3.387108912030097063e-14
1.778756991959590250e-14
1.358077712787508773e-11
3.148711158473815885e-08
6.395981292338370761e-13
1.331874052993953228e-03
4.852032664537375695e-10
1.076207468953503665e-13
1.176430719672578486e-15
1.705170588062188131e-10
6.956270226510241628e-08
2.135776464202796114e-20
7.358820774960861399e-10
2.541878959164023399e-03
8.994543350127059966e-07
2.339926936656411272e-07
2.568315135217935641e-12
5.442401087088488687e-13
3.000456032245459211e-15
4.716400013593524676e-12
3.515457933644938748e-07
3.486702707155078795e-15
3.338437599281762758e-12
1.508131856098771095e-03
2.784954211687562520e-10
2.204412347106554648e-10
2.188868322163493862e-14
8.209313220527980626e-13
2.842345282749736413e-12
7.455351613838701041e-11
4.031410760774178925e-09
3.713316942821620614e-08
1.484796841033642067e-09
1.908469771105814061e-10
2.291389083683426087e-12
7.432613635671714292e-09
8.620682834248327708e-09
2.388839857303537428e-05
8.742119441546014613e-13
3.036909335119020170e-10
2.476490124081465183e-09
2.759157479044743039e-14
4.227528904721111758e-08
4.950543308623878147e-10
2.811397989410657772e-11
2.295924680841693322e-13
1.286505624253919677e-12
3.988827323997412577e-11
1.403733683111307862e-12
6.288059265988077406e-13
6.323619891190901399e-05
2.358741999462787842e-13
1.027343629004390246e-13
4.917677642879425548e-07
6.025290266720162435e-10
7.645469814968747224e-14
4.316266788428890777e-11
1.549379113896520721e-08
1.195419718075241278e-11
2.775618490602482780e-08
3.229007894400837131e-10
4.020991872799584144e-12
3.810741652787719147e-11
1.194244468933902681e-04
2.896880687330849469e-06
4.201008874105127688e-09
6.399123005302372741e-15
7.499048650387758752e-15
8.665084622050400753e-11
7.226627320051193237e-02
5.230243491710337737e-17
3.571059141888608193e-17
1.617869449521691649e-10
3.209168347728663662e-11
3.593950692604153119e-09
2.139068158157897415e-07
3.113403534982239762e-09
5.180618507425426011e-14
1.177380328648558461e-11
4.237611130053497988e-12
2.690016799533623271e-06
1.714769605314359069e-04
2.175116857461301123e-11
3.312486396289671120e-10
1.173765858814013185e-11
7.562900365644040224e-14
7.859057222958654165e-05
1.909360690388606230e-11
1.925349897646810859e-05
8.768024500893645268e-12
1.141786860371640788e-12
3.152805100326006027e-11
6.650392236906554899e-08
1.649453833847019154e-15
8.911552868084982038e-05
2.410260203760117292e-04
3.116226460903037676e-12
7.072241374351186821e-17
2.022520876904937426e-13
8.244747391472628806e-07
1.698472651412430423e-08
1.469958821331829313e-08
3.039900687944185886e-13
1.126098129675123793e-12
4.681330410122308550e-12
9.199591310959931434e-09
1.583346964650900190e-08
7.998565698663639978e-10
2.918700003906593565e-11
1.631759005249477923e-05
8.583882049606472719e-09
7.710162899456918240e-04
1.784194401379876616e-13
3.318316284185891807e-14
8.597631112977036257e-16
2.390987154630725559e-14
3.890063147991895676e-03
8.160150073016625427e-14
1.072562572090873800e-08
1.033596122877347256e-16
8.561982234311926732e-10
6.737326743998543407e-15
2.915107256062574037e-14
2.939689466074923985e-06
1.548646544335952058e-08
8.759857531188963709e-14
4.138199331815695103e-12
1.692730292957370097e-14
1.540810534716996472e-10
5.820028432714646760e-14
2.743931470927662986e-11
4.426273335411679000e-06
2.327240206101421904e-10
1.083409917335131922e-09
1.610399885976221412e-05
4.394598906998226084e-09
1.745140490450047821e-11
1.493892787252093513e-09
1.747845444766138456e-11
4.579554513384209713e-09
3.289117103122407570e-06
2.316961511539261664e-09
4.524591118437726323e-11
1.930030094077217484e-11
2.716036026963739632e-16
7.712459143549565965e-11
8.217454023906611837e-07
2.068663452519103885e-04
7.136199187129932398e-09
1.859258406955444087e-12
3.071500276341510016e-10
1.830373297373455443e-09
1.353658712899274974e-10
4.483422313961149541e-12
9.085735655389726162e-06
4.265960473759378146e-09
2.910868213135131555e-10
2.084932448909171399e-09
8.535963047506811563e-07
8.294778709380667969e-13
1.415227330880952650e-07
1.540016551782041887e-11
1.015573874996178461e-10
2.359199702186166175e-14
6.903339526539639670e-14
5.487004947624107842e-12
6.709696714547565342e-17
3.169797466333829701e-18
6.257335686925269425e-13
1.184270915924670597e-13
8.533909798442984584e-13
1.785814274235519861e-10
1.833461160671845391e-10
1.722058469942871345e-14
7.046317002101787352e-11
7.526407830305004154e-10
1.869023122935686843e-07
6.120985150337219238e-01
7.894556536269803360e-11
1.197128085550502874e-08
4.540687826280233319e-15
4.139103781941599891e-10
3.242133175263006706e-07
4.363768732213585411e-13
1.324597231899815597e-08
2.987703240364680823e-08
4.291183519633534615e-10
9.973840085443478232e-17
1.870194881536005696e-16
7.454952627439226376e-11
4.914732070073575196e-15
1.179647268756411904e-09
1.796187005555227589e-12
3.139173365696024121e-10
3.161766977247994215e-14
2.467049134424748047e-11
4.621441914592384903e-14
1.502193258673401033e-09
5.677471270892908706e-10
6.617401737685213448e-09
9.172937609491782496e-08
2.040141111603333002e-10
2.896442038036878275e-13
4.776683063846542954e-13
2.823697328567504883e-01
5.234589334577322006e-04
3.702270898165403723e-15
2.334632834277705626e-11
1.945473560027721760e-09
5.362077359905015328e-08
3.453084485016688632e-10
2.065639881365655128e-09
9.017243202125158064e-11
1.052322427331012222e-13
8.714421545485961929e-12
4.674440958751802100e-07
1.547380605870785075e-07
2.351116480323045543e-12
5.842128447675065672e-10
5.641014131502197770e-12
1.311465085834795374e-11
1.188080344960993143e-14
6.732090841978788376e-04
1.322078080692734581e-12
2.076285107385777984e-13
4.644269413489610088e-09
1.257605239564363320e-12
3.061069074676266502e-16
3.527859115948217550e-10
5.689394945830941741e-14
8.546831645195318572e-12
1.659114978735942714e-08
1.336621835434925742e-08
2.284756932258158457e-11
5.463902198243886232e-05
1.621504393565587412e-15
1.405298880735594835e-11
4.355090865715283144e-08
5.744364944652857741e-13
7.730298068331364902e-10
1.258757453825865014e-08
1.154786613826331437e-14
2.549022326547856210e-09
3.710362683762014058e-09
8.951931704359594733e-06
9.682813697509118356e-07
3.002403536811470985e-03
5.681716836988925934e-03
2.508040216481211004e-12
1.144093283653169202e-12
3.925842151364378196e-10
3.708685802905620221e-09
1.765599222380842548e-07
1.578882913300105884e-09
9.344856444215565716e-09
2.942140397976800159e-08
2.223906348246436349e-14
2.050970060452073085e-08
5.317882419142438977e-12
2.864253279000195107e-10
2.179892864592855757e-15
3.318405272789703986e-10
2.369041758356615901e-04
6.864921409110991135e-10
6.708319943982132827e-08
5.140320460950142945e-11
1.211515002902396887e-11
7.986324004460171322e-14
2.928938922926410497e-15
1.080084621207788587e-04
2.523592446124212074e-12
1.912669858938897960e-06
5.242608647551549872e-13
4.871135170105844736e-04
1.085344834839130357e-11
1.580180569726863382e-10
7.340099014707668346e-12
3.365174443289531241e-15
8.622194755045220482e-13
2.491261591550802956e-13
6.521216899812998236e-11
4.111699425379811146e-09
7.086583320159434152e-09
9.551398960638834978e-08
6.254816071304958314e-06
7.693518455198500305e-06
3.625732825085492550e-09
6.377942099423331707e-16
1.169853927271424787e-12
8.805781544651836157e-05
1.199252828119889980e-13
8.368915018763800617e-07
7.437179760927392635e-09
2.863232925493647274e-13
8.575845112171465168e-13
4.387490548651840072e-08
1.702254830149296794e-11
4.248609997148378170e-08
1.152602453657891601e-05
1.020669515128247440e-06
1.736803280675495303e-14
1.856867264116157656e-11
3.566990669848224549e-12
4.641685473483203594e-12
2.241732494079329285e-11
1.808018090798668709e-08
6.077080616506691513e-09
3.567472095511448060e-09
7.182920398918213323e-06
1.113925791884629035e-12
1.685750987689971225e-07
4.611982589450627779e-15
7.383144817640877760e-17
1.473123575124191120e-06
1.295523759381467244e-07
1.846684263839826201e-11
1.727895188041728147e-10
1.551491227158585673e-11
5.107293254980049824e-09
6.404049507742281362e-17
2.679357569146390006e-10
1.205155886196962456e-08
2.730227675884489003e-11
1.552784983926969176e-11
2.534160792322381894e-08
1.960281416357734230e-11
5.347666703041245931e-15
2.580874479463091120e-06
5.806953529141622994e-11
4.262875885618910843e-10
6.829592094767175658e-14
1.506679503382457597e-11
3.226172801129578716e-12
5.641982974563530817e-12
6.043632083674310707e-08
2.905413930276434797e-11
2.688606453153685218e-15
1.361751515105424915e-06
1.381696890234707098e-08
4.534906825059970004e-11
1.346159728826679114e-12
4.033165642499276235e-16
1.382447489817195674e-09
1.412263535283120319e-11
2.337092819889186740e-14
2.370590431854252556e-13
8.696026299048753572e-08
2.238983954835904733e-12
6.218220249820660683e-08
5.899310900892018594e-11
7.372518151527174268e-10
5.399830027563723434e-10
2.070782711971475010e-10
3.361995140949147753e-06
1.841492019635793120e-12
2.308541979800793342e-08
2.664972420518552099e-08
1.233168775427451180e-11
2.541036270287122534e-10
1.190319093291591912e-10
1.279971181128436442e-11
1.911353887662503581e-11
7.617382280500351044e-09
2.105149908560033367e-11
1.375551761384485872e-08
3.953042337911938375e-10
3.126031334829693087e-12
6.320063829917677012e-14
1.259014023279929014e-16
9.488747004887931225e-19
1.438491548100273576e-09
4.041139922694725328e-10
2.124067250406369567e-04
3.429088203709199090e-14
1.425721762871035025e-09
1.189071202611913236e-10
1.232480914201139477e-13
4.858075186575661064e-08
1.296872873847443319e-12
5.211759357415246541e-10
3.003770626328061688e-12
2.102137630632938681e-10
5.104179834347633005e-08
3.163831863162158697e-09
1.143146666736372108e-12
3.606640539607214313e-13
5.453299080750498296e-14
1.384542437296576445e-13
1.724758225130074152e-09
1.807129825465381145e-03
2.655288539228379402e-14
1.835583240961113916e-08
2.861698158085346222e-04
6.703918670192265949e-12
1.067149840716652420e-10
2.207812214028836290e-14
4.403801212582436619e-10
9.917583156493492424e-06
6.312394162932832842e-09
5.818247359595796198e-12
3.125813477955659281e-14
2.003688068116671480e-16
1.115388759131974439e-08
7.039460001578845549e-07
1.374024782840876924e-09
2.714377298224999297e-17
6.233475107614294686e-13
1.375650845147902146e-05
3.140709480681236343e-12
5.524597164290045992e-13
2.895164941119077184e-10
7.005565976214711554e-07
1.246565437679203470e-11
2.601973193857936260e-15
2.829332295252277862e-15
4.250832304696864489e-15
6.339479568850947544e-06
1.485026836743619238e-12
2.364996376513772702e-08
5.071183273655521795e-13
8.068551902995491076e-12
5.793510027274351160e-08
9.416864510392031207e-11
1.639089350646827370e-05
4.661539598771469173e-09
3.722960736693274077e-16
3.677052423396026670e-13
9.570552350623984239e-09
2.259563413112286590e-12
2.214469986938638613e-06
4.978383699207056257e-13
1.131298249523737809e-10
2.371309593129922177e-09
6.016965377014416743e-17
1.033576845657080412e-04
3.549934218111117090e-12
6.694153694905558005e-13
1.425938462088199160e-14
1.519060099930413799e-09
6.672629809800767475e-11
1.693656628276585252e-07
3.231321343832860293e-08
4.117833157790684595e-11
1.183103948143582329e-09
1.222931200750565495e-10
1.162856296714823157e-14
1.186989742607558185e-12
1.003528836918121669e-06
6.858535016363020986e-06
7.959154224579378933e-09
1.348549272250920694e-09
1.452234110743688689e-09
8.535773779146712398e-15
2.089158845919314444e-10
7.390387672494280746e-13
2.920590473024647915e-13
1.999831511056981981e-05
3.011004068298461789e-08
1.349829362867760452e-11
9.686085267190946979e-12
1.489462714407072119e-13
1.297119078813580018e-10
8.924559424805522667e-10
8.372781634680137586e-12
1.282649767647692229e-11
9.185287946911202539e-12
1.512072550502452373e-10
2.558395451046635571e-08
5.060620256180925480e-10
5.636790660901169758e-07
7.508619594143173259e-12
8.843022614082179933e-14
7.645303412573412061e-08
1.695616980157410580e-09
1.162270827541680984e-14
6.008709974025805423e-09
8.691938280236399805e-10
1.716638831084082994e-09
1.697371410092074484e-12
1.595080296144801846e-12
7.216875751517304316e-13
6.217232506600112174e-09
1.744127303519860117e-13
1.934977311300774272e-14
1.835328590493734424e-11
4.204978813066029275e-12
9.069471562650477381e-11
1.430910077926395019e-11
1.172634021541453173e-14
1.115566718320158690e-13
4.579424946887789005e-12
8.187730143405583250e-14
8.038516683891994141e-13
1.381733749639124653e-08
6.161150149092131656e-12
4.151235153203829261e-16
1.693700843637124809e-12
4.834782574292262325e-11
3.493625399642041884e-06
2.396574480412346463e-15
1.190140379910692436e-13
1.050113446719735943e-12
7.017780996078359923e-13
7.429150475140797183e-14
9.598819135370195710e-12
3.672302479468259051e-12
5.712848596961528358e-11
3.619819504904753238e-12
9.683937679527687692e-13
9.268321753250121503e-15
2.213086935931585231e-10
9.214132568047261884e-09
2.718751002106500891e-09
3.305357765270855452e-08
2.425118753816152273e-13
3.558266826802700122e-15
1.678895467094321248e-09
2.727638115374020344e-09
1.928370484127750473e-11
8.917588445456203772e-09
4.295345412685946940e-09
5.970126153442834038e-07
1.229147450487744209e-09
2.338877147511908561e-10
5.040061423766672988e-11
