3.097736822610386298e-08
3.142768889574654168e-07
1.508928306748202886e-07
3.232806022879231023e-08
9.740440987116016913e-08
9.279612100954182097e-08
6.121037188222544501e-08
1.051686285791220143e-05
2.399623372184578329e-05
1.632852763577830046e-05
4.211084160488098860e-05
2.245273208245635033e-05
9.823668369790539145e-05
1.471732975915074348e-04
1.873920991783961654e-04
7.876883319113403559e-05
6.032088276697322726e-05
1.321035809814929962e-02
9.189139236696064472e-04
9.417294495506212115e-05
5.300808879837859422e-06
1.643542927922680974e-04
1.173165946966037154e-05
4.614080899045802653e-05
5.406809577834792435e-05
8.224267844525456894e-08
1.297141665190792992e-07
2.439271611365256831e-07
3.949745916997926543e-07
1.598811394387666951e-08
1.557747424385524937e-07
6.453409469031612389e-07
4.083743476712697884e-08
9.271764866980447550e-08
2.744815503774589160e-07
9.360110908573915367e-08
2.197125894554119441e-07
1.393240722791233566e-07
1.658041242080798838e-07
2.784360049190581776e-07
1.690666067588608712e-05
4.841647296416340396e-07
1.259001919606816955e-06
1.075559978858109389e-07
4.371269994862814201e-07
9.963007130409096135e-08
9.194038739224197343e-07
1.793622494972169079e-08
7.594432815949403448e-08
8.727811007247510133e-08
1.054598442351561971e-06
2.373526371002299129e-07
2.946142103610327467e-07
1.622433956072200090e-07
2.854371814464684576e-07
2.288450389187346445e-07
8.535752016314290813e-08
8.840614782457123511e-07
2.795665636767807882e-07
4.116905358841904672e-07
8.165403642124147154e-08
9.321271932094532531e-08
1.015722261854534736e-07
3.912462602784216870e-07
1.257646573549209279e-07
1.507996785221621394e-06
2.595518111547789886e-08
4.781026063938043080e-07
1.375683069682054338e-07
1.711843253815459320e-07
7.512622346439457033e-08
9.013264445911772782e-08
2.276048718385936809e-07
2.853084595244581578e-07
9.727319820740376599e-07
5.632637822827746277e-08
4.077377013800287386e-08
6.349578711706271861e-07
1.086496695279492997e-06
1.955745290160848526e-07
3.109711542492732406e-05
3.094753265031613410e-05
3.109803583356551826e-05
3.590029109545866959e-06
7.439249020535498857e-05
4.941773368045687675e-04
5.358760608942247927e-05
4.999601060262648389e-06
9.236384357791393995e-06
4.311597149353474379e-05
8.749304470256902277e-06
5.792176125396508723e-06
9.556818440614733845e-06
3.853523139696335420e-06
1.992778124986216426e-04
8.336201062775216997e-06
8.806177902442868799e-06
4.318042556405998766e-06
4.244645595008478267e-07
1.351505034108413383e-05
3.015705942743807100e-07
8.590184279455570504e-07
6.847973850199196022e-07
9.331420613989394042e-08
1.107599473471054807e-06
3.084002173636690713e-07
8.035963787733635399e-07
7.096262777395168087e-08
5.432377747638383880e-07
2.565065528870036360e-07
2.263635145993703190e-08
1.651348640052674455e-07
1.211660901390132494e-06
9.344534532829129603e-07
3.120556129942997359e-06
2.000777072908022092e-07
9.675756196259044373e-09
4.461095954866323154e-07
3.020141150500421645e-07
8.774982518389151664e-08
3.580861829277637298e-08
1.308953301304427441e-07
2.985576088576635811e-07
1.064348040813456464e-07
1.646873670324566774e-06
3.144161198065376084e-08
8.477302770870664972e-08
2.785353717627003789e-05
6.283164566411869600e-06
1.210156256092886906e-06
2.205880036854068749e-06
4.989677108824253082e-05
2.523593320802319795e-05
8.406584129261318594e-06
9.322476398665457964e-05
4.689770776167279109e-06
4.834000264963833615e-06
2.134099901240915642e-07
4.570114469970576465e-06
3.452991222729906440e-06
5.654856067849323153e-06
1.575633541506249458e-05
6.127938263489340898e-07
1.858440009527839720e-05
3.661536538857035339e-05
9.054605811797955539e-07
1.783040033842553385e-06
1.793319057696862728e-07
3.662604797227686504e-07
1.476812538925287299e-08
5.032250669501081575e-07
2.086325366690289229e-06
4.297104169381782413e-06
1.474476675866753794e-06
7.616109201080689672e-07
1.238715981344284955e-06
4.564813480101292953e-06
6.163805664982646704e-06
9.196414225698390510e-07
6.364835371641675010e-06
3.668927320177317597e-06
1.149977265413326677e-06
1.030689054459799081e-05
2.594607394712511450e-06
1.562882789585273713e-05
4.647684193059831159e-07
5.417557986220344901e-06
1.441423819414922036e-06
8.293524842883925885e-06
1.283482924918644130e-05
4.260440618963912129e-06
2.268549451400758699e-06
5.119051820656750351e-06
4.661243110604118556e-06
1.610689650988206267e-05
5.382751737670332659e-07
1.958869233931181952e-06
7.940770956338383257e-06
2.136246257578022778e-05
2.683266984604415484e-06
3.759359515242977068e-06
6.033010777173331007e-06
1.679396973486291245e-06
3.115468416581279598e-06
1.433196757716359571e-06
2.489065764166298322e-06
2.505591965018538758e-06
4.342411557445302606e-06
1.548942418594378978e-05
3.742464741662843153e-06
7.844026299608231056e-07
1.187713769468246028e-05
7.340342563111335039e-06
7.141757123463321477e-06
2.098330469380016439e-07
3.720699623954715207e-06
1.084623932001704816e-06
2.437168632241082378e-06
7.116011602192884311e-06
2.670051799213979393e-06
1.782079721124318894e-06
3.333477252454031259e-06
4.320044354244600981e-06
4.546708623820450157e-06
7.718126653344370425e-06
6.663931799266720191e-06
1.540309426673047710e-06
2.892746806537616067e-06
6.742619461874710396e-06
1.074941110346117057e-06
1.500197754467080813e-06
8.946672096499241889e-06
2.140652441084966995e-06
3.473856168056954630e-06
6.433324870158685371e-06
3.912785359716508538e-06
4.859765340370358899e-06
4.038557563035283238e-06
1.161992076958995312e-05
2.022604576268349774e-06
5.001852059649536386e-06
9.453025313632679172e-07
5.849149147252319381e-07
1.012276788969757035e-05
2.236528416688088328e-05
7.028695108601823449e-06
3.519057827361393720e-06
3.680734380395733751e-06
1.925425294757587835e-06
3.724931502802064642e-06
1.028404221870005131e-05
7.939187526062596589e-06
1.690377393970265985e-05
9.137418601312674582e-06
4.297080067772185430e-06
7.290203939191997051e-06
3.751748863578541204e-06
9.910181688610464334e-07
4.003054073109524325e-06
7.131167421903228387e-06
1.366912056255387142e-05
7.954823558975476772e-06
2.430150061627500691e-06
2.141912318620597944e-06
1.059092596733535174e-06
1.463445983063138556e-06
5.410835001384839416e-06
3.357162313477601856e-06
8.051332770264707506e-06
2.107434511344763450e-06
1.098214852390810847e-05
1.655357118579559028e-05
3.810595785580517258e-07
4.550473931885790080e-06
5.559900728258071467e-06
5.644309567287564278e-05
4.966473625245271251e-06
6.489299266831949353e-06
5.036925358581356704e-06
1.340111793979303911e-05
6.903362077537167352e-07
1.691181932983454317e-05
1.200995143335603643e-06
6.561212103406433016e-06
1.295225774811115116e-05
2.950206635432550684e-06
3.931649189325980842e-06
5.399149358709109947e-06
5.300694851939624641e-07
1.970716994037502445e-06
1.467710262659238651e-06
5.617780516331549734e-07
1.549135959066916257e-05
1.140832708301786624e-07
3.309108649318659445e-07
3.323308988001372200e-07
5.299615324361184321e-08
5.269226676318794489e-06
1.330160444013017695e-06
3.635541077073867200e-07
1.046593979481258430e-06
6.209169896465027705e-06
2.797112529151490889e-06
6.518184363812906668e-06
3.036190491911838762e-06
4.687054797614109702e-07
1.580407683832163457e-06
3.286196943008690141e-06
6.823410672041063663e-07
1.545169538985646795e-07
3.412204421238129726e-07
4.958615136274602264e-07
2.594758370833005756e-06
1.856839276115351822e-06
1.536723402750794776e-06
7.266507054737303406e-06
2.111364096890611108e-07
9.084324688046763185e-07
3.582968020054977387e-07
1.736629201332107186e-06
9.937698308704057126e-08
3.642929868874489330e-07
1.855650708648681757e-07
1.517459793376474408e-07
8.707123129170213360e-07
1.702668583902777755e-07
2.336674782554837293e-07
8.124534929265792016e-07
1.239394237018132117e-06
1.358807594442623667e-06
3.904880827576562297e-07
1.466234380131936632e-06
2.106750116581679322e-07
8.094874601738411002e-07
5.335572836884239223e-07
9.883989378067781217e-07
2.175597870746059925e-07
5.095158712720149197e-07
2.285379565591938444e-07
7.020852876848948654e-07
2.156231033723088331e-07
4.606617494573583826e-06
1.067142534338927362e-06
3.724991984199732542e-06
3.290408585598925129e-06
6.350051080517005175e-07
4.590649496094556525e-06
2.901058451243443415e-07
1.362035959573404398e-07
1.166089518278567994e-07
1.453034656151430681e-05
1.153601715486729518e-05
8.099723913801426534e-07
4.903309331893979106e-07
6.801328140682016965e-07
2.600146217446308583e-06
5.652616164297796786e-05
5.235508524492615834e-07
3.855624015614012023e-07
2.796741910060518421e-06
5.694301762559916824e-06
9.594804168955306523e-07
5.979914021736476570e-07
3.160740220664592925e-07
1.213417988310538931e-07
2.448485065542627126e-05
3.503997959342086688e-06
1.874290887826646212e-06
8.070689546002540737e-06
6.760229098290437832e-06
1.591541376910754479e-06
2.147353654891048791e-07
4.416512524585414212e-07
3.686783884404576384e-06
1.756305778144451324e-06
7.684096635784953833e-05
3.899999683198984712e-06
2.180597533651962294e-07
9.934879017237108201e-07
4.170183842688857112e-07
3.102403525190311484e-07
6.890808890602784231e-06
1.352886101813055575e-05
9.359829391542007215e-07
3.707323514845484169e-07
6.135358603387430776e-07
1.240354436049528886e-06
1.923091872413351666e-07
1.101792463487072382e-06
4.586865713918086840e-07
7.588688504256424494e-07
9.016406465889303945e-07
4.474700858736468945e-07
2.871530341508332640e-06
2.661291546246502548e-06
1.011643234960502014e-06
2.408861973890452646e-06
1.353736678311179276e-07
2.058981891650546459e-07
1.632745210145003512e-07
6.647907753176696133e-07
6.368572940118610859e-07
9.693250149211962707e-07
1.591494947206228971e-05
4.566447842080378905e-07
3.228021796530811116e-06
9.812516736928955652e-07
1.390421971336763818e-06
1.591202817508019507e-06
1.453798148531859624e-07
7.923609928184305318e-07
2.749417490122141317e-06
1.560922555654542521e-07
5.595158540927513968e-07
4.715147099432215327e-07
1.045756334860925563e-07
1.881557381011589314e-07
1.365241644180059666e-07
4.959960278938524425e-06
6.792006956857221667e-07
3.136847681162180379e-06
1.504198462498607114e-05
5.776369107479695231e-07
1.153911739493196364e-07
4.825812425224285107e-07
8.094704639916017186e-07
5.360280738386791199e-06
1.059584917584288632e-07
2.459066763549344614e-07
1.215535803567036055e-06
5.312246230460004881e-06
9.039907126862090081e-06
1.583990706421900541e-05
7.125420324882725254e-07
3.644772368716076016e-05
1.386066287523135543e-06
1.616416511751594953e-06
1.543001303616620135e-06
2.282835396272275830e-07
2.708338342927163467e-06
2.771488652797415853e-06
9.321903235104400665e-06
4.638186510419473052e-07
2.857825620594667271e-07
7.493657108170737047e-07
6.948202644707635045e-05
2.921463874372420833e-06
2.733903602347709239e-05
9.335751383332535625e-05
2.600585048639914021e-06
2.332317876607703511e-07
3.390699475858127698e-06
1.192262743643368594e-06
5.067443453299347311e-06
1.081020968740631361e-06
4.617835145381832263e-07
1.748763111208972987e-06
2.502575853213784285e-06
1.582791639975766884e-07
1.078601144399726763e-06
2.998429408762603998e-06
2.137236378985107876e-07
1.379662194267439190e-06
5.382122708397218958e-06
8.522330972482450306e-06
3.659464709926396608e-06
4.883978590441984124e-07
3.129699962300946936e-06
1.414213795214891434e-03
1.734847501211334020e-05
6.924210538272745907e-07
2.388091786542645423e-07
1.074706051440443844e-05
1.211019821312220301e-06
1.351704099761263933e-06
4.237693360664707143e-07
7.720339567640621681e-07
1.677257046139857266e-06
7.213197932287584990e-06
1.399174607286113314e-06
5.037768642068840563e-05
5.520754342569489381e-08
2.042728056039777584e-06
1.864456135081127286e-05
1.879005822047474794e-07
5.517177896763314493e-07
3.085377286993207235e-08
1.827948636901055579e-08
1.807541934795153793e-06
4.334531524818885373e-07
1.858586955449936795e-07
3.046862047995091416e-06
7.876608833612408489e-06
2.134804333309148205e-07
6.948723239474929869e-06
1.682351353338162880e-06
6.629426820836670231e-07
4.787089551427925471e-07
3.681787575260386802e-06
3.455466810464713490e-07
1.964203306670242455e-07
5.641131650691022514e-08
3.804683785801898921e-07
4.530516434897435829e-06
9.323974126118628192e-08
4.165680707046703901e-07
4.051521216297260253e-07
1.288967837353993673e-06
1.097432118513097521e-06
4.529918442131020129e-05
2.559459915119077777e-07
1.170700397779000923e-05
3.488957531772030052e-07
7.849589422903591185e-08
3.276060306234285235e-05
1.629141337389228283e-07
2.874333404179196805e-06
7.071274012560024858e-06
1.308988885284634307e-06
7.252421596604108345e-07
1.547277747704356443e-06
4.558000910037662834e-06
4.220322864512127126e-07
1.158739593165591941e-07
1.386873407227540156e-07
8.210166129174467642e-07
1.335462116003327537e-06
1.080716856449726038e-06
4.384646672406233847e-07
3.541748583302251063e-07
6.022413572281948291e-07
9.294867595599498600e-07
5.698998393199872226e-07
4.235047015299642226e-07
2.966391775771626271e-06
2.955114268843317404e-06
2.078550323858507909e-06
6.448751719290157780e-07
5.127215899847215042e-06
2.546270479797385633e-06
7.700977562308253255e-07
3.097279943631292554e-07
3.135853330604732037e-05
4.567722498904913664e-06
2.255391819971919176e-07
2.017787892327760346e-06
1.866442289610859007e-08
2.242217504999644007e-07
2.505913698769290932e-07
3.230763013561954722e-06
5.621456580229278188e-07
4.222452503199747298e-07
1.583187895448645577e-06
1.405020498168596532e-06
2.749688690073526232e-07
9.947009971256193239e-08
2.999746016030258033e-07
3.737474798981565982e-06
1.248807734555157367e-06
1.603707232789020054e-06
9.803059697333083022e-09
4.445496983862540219e-07
1.962624907037024968e-07
8.517073979419365060e-08
5.602665851256460883e-07
1.652866075119163725e-07
1.134800186264328659e-06
2.899799937949865125e-07
2.300823354062231374e-07
1.885434812720632181e-06
2.017693567779588193e-08
4.300584421912390098e-08
2.035482339124428108e-06
1.538291485303489026e-07
8.786191187937220093e-07
4.796205530510633253e-07
7.244229891512077302e-07
5.069787675893167034e-06
3.379097734068636782e-06
1.753065407683607191e-05
8.773840249887143727e-07
2.364356390671673580e-07
1.462380168959498405e-04
7.965978738866397180e-07
2.450302361012290930e-07
3.828356796020671027e-07
2.038734237430617213e-06
3.158413903747714357e-07
6.979435624998586718e-07
2.648475174282793887e-06
1.032422915159258991e-06
4.497551628901419463e-07
9.578402568877208978e-07
5.202459760766942054e-07
4.573380010697292164e-06
6.181666321936063468e-06
8.418799097853479907e-07
8.109931513899937272e-06
1.163240995083469898e-06
2.654428499226924032e-07
1.110902667278423905e-05
2.906055215134983882e-06
1.835076091083465144e-07
7.204902772173227277e-07
5.569195309362839907e-07
9.688887985248584300e-07
1.200000383505539503e-06
4.675070613302523270e-06
9.355252359455334954e-07
6.204013658361873240e-08
1.665567594955064123e-07
1.274997316613735165e-06
2.059271331233958335e-08
1.125727408179955091e-06
2.282177092638448812e-06
4.124120209780812729e-07
3.602200649766018614e-06
4.618059961103426758e-07
2.281292381667299196e-07
3.198571221219026484e-07
2.440513299006852321e-06
3.389700168554554693e-06
6.426257641578558832e-07
2.991499968629796058e-06
5.412434589402437268e-08
5.637839706196245970e-08
3.485571937744680326e-07
7.784408353472827002e-07
1.489200485593755729e-06
3.902542573541722959e-07
7.852708563405030873e-07
4.667623943532817066e-05
4.006755261798389256e-06
2.767413498361293023e-08
3.133731979687581770e-06
3.187748802702117246e-07
4.183743840258102864e-07
2.506053078832337633e-06
8.919856213651655708e-07
1.181814681672221923e-07
3.337604539410676807e-07
1.197997607960132882e-05
3.684548573801293969e-06
2.284379263528535375e-07
2.401817482677870430e-06
5.234357303152137320e-08
1.837245804381382186e-07
4.909471158498490695e-07
7.898524359006842133e-07
3.034929534351249458e-07
5.195568064664257690e-07
3.148654741380596533e-07
2.326922412976273336e-06
1.707305870013442473e-07
9.678905144028249197e-07
6.463901769393487484e-08
3.575598270799673628e-07
9.593724098522216082e-05
9.178286290989490226e-07
1.340373273706063628e-06
5.679731316377001349e-07
3.202484606390498811e-07
3.809867166637559421e-06
1.149900526797864586e-06
6.186602604429936036e-06
1.237835840584011748e-05
7.121992439351743087e-06
4.819999048777390271e-07
8.249326555187508347e-08
6.761099939467385411e-06
8.646793503430671990e-08
2.022347018737491453e-07
3.358398544150986709e-06
6.650954674114473164e-06
1.369947426610451657e-07
3.259327058913186193e-06
6.558052518812473863e-06
1.535935894025897142e-07
2.463987584633287042e-05
6.991667760303243995e-07
1.168329254142008722e-05
4.158319825364742428e-06
1.370655695609457325e-07
8.227680154959671199e-06
1.053611299539625179e-06
4.279373513327300316e-07
9.073072959608907695e-08
1.708245872578117996e-05
4.654903477785410360e-06
2.177577243855921552e-06
1.926617414937936701e-06
6.236896751943277195e-06
2.330255711058271118e-06
1.559830167252584943e-07
1.742092194945144001e-07
1.841645342892661574e-07
7.732180620223516598e-07
2.826735180860850960e-05
7.726710578026541043e-07
7.874734251345216762e-07
1.626614675842574798e-06
1.240240862898644991e-06
1.557820542075205594e-05
8.631968171357584652e-07
3.397809678062913008e-07
3.015590834820613964e-07
6.852262401935149683e-08
1.877757256352197146e-07
3.601499898309157288e-08
1.923659738167771138e-06
3.751204758373205550e-06
1.658912793800482177e-07
7.389808729385549668e-07
5.788562702946364880e-05
5.776713351224316284e-06
3.349027338117593899e-06
8.038746273086871952e-07
1.286055294258403592e-06
2.454103650961769745e-06
1.005058493319666013e-05
6.016377483319956809e-06
1.153525090558105148e-06
2.353279597855362226e-07
3.533769631758332253e-04
6.719292287016287446e-06
2.160219082725234330e-06
4.807796722161583602e-05
2.603404027468059212e-06
7.358671155088813975e-06
9.044991315931838471e-07
4.123536655242787674e-06
7.801152150932466611e-07
4.471130807814915897e-07
1.154200148789641389e-07
1.236241757851530565e-07
1.839624985677801305e-07
4.567062854766845703e-01
8.180396093848685268e-07
5.078623871668241918e-06
2.882196099562861491e-07
1.416910890839062631e-07
1.135839011112693697e-05
2.196704826928908005e-07
3.182606087648309767e-05
1.674513612215378089e-07
1.255426695934147574e-06
2.948171413663658313e-07
2.067282139250892214e-06
4.304766207496868446e-06
1.926380491568124853e-06
3.453492126936907880e-06
5.616990620183059946e-06
1.580294792802305892e-06
5.040094401920214295e-05
1.005672515930200461e-06
3.261304527768515982e-06
8.368113313395042496e-09
5.859756697645934764e-07
7.983242539921775460e-05
3.002080006808682811e-08
1.777172997208253946e-06
1.495227365921891760e-06
1.318827685281576123e-06
1.499450519304446061e-07
1.775005813442476210e-07
2.796666898063904227e-08
8.790863148533389904e-08
1.177731064672116190e-06
4.461881417228141800e-06
2.971441688259801595e-07
2.218178678958793171e-06
1.842049499600761919e-07
1.080975607692380436e-06
1.660186899243853986e-05
8.905382173907128163e-07
1.849030468292767182e-06
9.469478754908777773e-06
1.608246748219244182e-06
3.494347311061574146e-06
1.920855652315367479e-07
1.338598735856066924e-06
2.078993190934852464e-07
4.431714160091360100e-07
1.681424237176543102e-06
3.009449983437662013e-06
3.246764026698656380e-05
2.685695221771311481e-07
1.238394702340883669e-06
5.828426765219774097e-06
2.305902125954162329e-05
7.416549124172888696e-06
4.840416778506551054e-08
9.383822543895803392e-06
1.134501530941633973e-06
1.151238166130497120e-06
4.319131789998209570e-07
5.389783837017603219e-07
7.766604426251433324e-07
2.904233440403913846e-07
1.034884348882769700e-06
4.715623447282268899e-07
8.071158845268655568e-06
1.088856492970080581e-06
1.007782771011989098e-06
6.568427011188759934e-07
1.053999199029931333e-06
5.746495617131586187e-07
1.579523313921527006e-06
3.692198902172094677e-08
7.239802926051197574e-07
1.442669059770196327e-07
2.403845428489148617e-06
1.564932063047308475e-05
8.036232088670658413e-07
3.662049437025416410e-07
6.606643000850453973e-05
6.104172825871501118e-06
1.145311034633778036e-05
6.106189971433195751e-07
2.161414158763363957e-06
5.081838025944307446e-07
3.990774359863280552e-07
1.643680661800317466e-06
3.092354177169909235e-07
3.405735071737581166e-07
1.699189965620462317e-06
5.001799308956833556e-06
4.438928499439498410e-06
1.835266061789297964e-06
6.514757160402950831e-07
3.951377323119231733e-07
4.838019549424643628e-07
1.926846238120560884e-07
7.466510396625380963e-06
6.245190320441906806e-07
3.500614639051491395e-06
1.261944703401240986e-06
6.394010938493011054e-07
4.459866147499269573e-07
2.945043604540842352e-07
6.065522484277607873e-07
1.881034563666617032e-06
2.022139824475743808e-06
1.838044880742017995e-07
5.339230483514256775e-06
2.205696000601164997e-05
3.410353599520021817e-07
2.307419606495386688e-07
7.126683954084001016e-07
5.917950147704686970e-07
1.484347791347317980e-07
4.703142337803001283e-07
2.360448661420377903e-06
1.149998638538818341e-07
9.941087455445085652e-07
2.793376552290283144e-05
9.791501724976114929e-07
1.947588543771416880e-06
5.755111942562507465e-07
1.040606184687931091e-05
3.520833388392929919e-06
9.366477570438291878e-06
2.273819518450181931e-06
8.359033927263226360e-06
3.110289412688871380e-07
5.165884431335143745e-07
3.033669315755105345e-08
3.103749861566029722e-07
1.656359671642348985e-07
2.490404995114658959e-06
2.592033069959143177e-06
2.309307546966010705e-06
9.228505405189935118e-06
1.189363047160441056e-05
7.651133273611776531e-07
8.412395118284621276e-07
7.693236625527788419e-08
8.611166322225471959e-07
6.648683665844146162e-06
2.368557488807709888e-06
4.033544485082529718e-07
2.354594016651390120e-06
1.237196556758135557e-06
8.012150647118687630e-05
1.981680043172673322e-06
1.014003387922457478e-07
4.182728389423573390e-06
7.927683896014059428e-07
1.782372009984101169e-06
2.385829134254890960e-07
9.986898703573388048e-07
2.602901361115073087e-07
6.694525836792308837e-06
4.593668734287348343e-07
2.952473607820138568e-07
3.072160268402512884e-07
1.225951905325928237e-06
6.316770395642379299e-07
5.124780955156893469e-08
3.036962334590498358e-05
2.089705594698898494e-05
3.305145810372778215e-06
1.404090994583384600e-06
2.654592208273243159e-06
1.858260958442770061e-07
4.863077833761053625e-07
2.646744405865320005e-07
9.755688552104402333e-06
1.786470784281846136e-05
7.361139182648912538e-07
4.704573370872822125e-07
2.364058673265390098e-07
8.452281576865061652e-07
5.105427476337354165e-07
7.066902298902277835e-07
2.914696608513622778e-07
2.771349727481720038e-07
5.759888495049381163e-07
9.845704880717676133e-06
1.334532612418115605e-06
7.508705039072083309e-06
8.744724055986807798e-08
2.821569182742678095e-07
1.206036245093855541e-06
5.052137112215859815e-06
9.562028253640164621e-07
7.827870263099612202e-07
2.259886286992696114e-06
5.949441970187763218e-07
1.931861817183744279e-07
1.798132075236935634e-06
1.369498204439878464e-05
5.212616920471191406e-01
3.004458619670913322e-07
2.343389695624864544e-07
2.278118518006522208e-05
2.705283463910745922e-07
2.306372692828517756e-07
1.481669755776238162e-06
4.503463514993200079e-06
2.180912815674673766e-06
4.089147296326700598e-07
9.011528590008310857e-08
2.071547839932463830e-07
1.249118440682650544e-06
2.643689356318645878e-07
5.688271187409554841e-08
7.123238674466847442e-07
3.746588816966323066e-08
1.628001518838573247e-05
1.017880819631500344e-07
4.348192206293788331e-08
1.413848167430842295e-07
3.096826972637245490e-08
6.523476514530557324e-08
4.835950662140930945e-08
1.039551193571242038e-06
8.125324484353768639e-07
4.242359352701896569e-07
3.295707813322223956e-07
7.189884172476013191e-07
1.074144364565654541e-07
8.040896659622376319e-08
3.082690795963571873e-07
4.784490101883420721e-06
2.678419264157128055e-08
4.877515948464861140e-06
2.099158109558629803e-06
2.344524546060711145e-06
8.158239097610930912e-07
2.926215074694482610e-06
6.961095664337335620e-07
8.167931468960887287e-07
1.844645822757229325e-07
9.424130666957353242e-07
1.637729241110719158e-07
1.591724156924101408e-07
1.087724285753211007e-06
7.548560461145825684e-06
9.161587399830750655e-08
6.901442617390785017e-08
1.930178683551275753e-07
7.728593232059211005e-08
7.539228619179993984e-08
6.454359890994965099e-08
4.976116230182014988e-08
5.019423042540438473e-06
8.243141280672716675e-09
3.856443981931079179e-07
4.335192897997330874e-07
1.781926698640745599e-06
4.081197403138503432e-06
1.596101242284930777e-06
3.453251565588288940e-06
9.589269893695018254e-07
8.159542630892246962e-06
1.887039275061397348e-06
3.752891757358156610e-07
4.384843634852586547e-07
1.554937989567406476e-05
1.466244725634169299e-07
9.657779855842818506e-07
2.228396397185861133e-06
1.108078677702906134e-07
2.257512733194744214e-06
8.820634320727549493e-06
3.040813965071720304e-07
2.021921773120993748e-06
1.962688656931277364e-05
1.123418314818991348e-06
1.271907763111812528e-06
5.954189418844180182e-06
1.986571305678808130e-06
1.262804687485186150e-07
5.699528628611005843e-06
1.392695253343845252e-06
4.039823124912800267e-07
4.115798617476684740e-07
1.645881411604932509e-06
4.602471562975551933e-06
