1.104739226320816670e-06
1.094652361643966287e-06
1.050270744599401951e-03
8.799052797257900238e-03
1.953720599412918091e-01
4.871320724487304688e-01
3.022039234638214111e-01
1.729052456767021795e-07
3.457460024947067723e-07
4.894640692754137490e-09
1.266108569097923464e-07
3.950742666347650811e-07
2.093105422318330966e-07
1.552097955936915241e-06
1.748483242636211799e-07
4.853214704780839384e-06
2.087983546061877860e-07
3.468316890575806610e-06
2.367289653193438426e-06
7.216029729306683294e-08
2.452430180710507557e-06
1.880066236026323168e-07
2.339239202342469071e-08
2.338299509574426338e-07
1.851708653077821509e-08
1.846186847842545831e-07
2.120587652143512969e-07
6.053180356957454933e-08
4.603725400897928921e-08
3.053041837119963020e-06
7.099144028188675293e-08
8.378999893920990871e-08
6.315238465504080523e-07
4.094078030902892351e-05
2.656332435435615480e-05
5.317190598930210399e-08
2.174992459913482890e-06
9.970160164129993063e-08
5.509528122615847678e-08
2.389380142631125636e-07
9.233584705725661479e-07
4.424449286943854531e-07
7.640188925961410860e-08
2.735748978466290282e-07
7.848973382351687178e-08
2.127972820176182722e-08
2.761331927558785537e-07
1.902697732703018119e-07
5.509212641641170194e-08
7.052451564959483221e-07
2.004809402933460660e-06
1.427770166628761217e-05
1.211615341389915557e-08
6.127462537364181117e-09
8.717676536207363824e-08
3.355711086783230712e-08
5.528955626665776890e-10
1.841961783100032335e-08
3.496137708225433016e-07
2.025122647353327920e-08
7.418247793822274616e-09
4.601572012319365967e-09
2.402357246467090590e-08
1.693357454257693462e-08
1.082389999851329776e-07
6.708962246193550527e-06
3.194683415586041519e-07
2.150011724211253750e-08
5.518620227462633920e-08
2.581987928351736628e-06
2.735186832580893679e-08
2.170037447513095685e-07
1.503609148301165988e-08
3.087442834726061847e-08
4.226235716942028375e-08
1.955354917981821927e-07
3.943560589192429688e-09
1.152986328634142410e-07
5.766204580481826270e-08
2.617585970199343137e-08
3.720682002494868357e-07
1.058018526123305492e-07
9.920136108121369034e-07
4.978405740985181183e-07
9.389952282390368055e-08
2.466042133164592087e-06
2.362214388540451182e-07
2.803217213909192651e-09
3.025267147904742160e-08
2.407231818324362393e-07
3.217952793121980903e-09
1.073312994037678436e-08
4.238759174768347293e-07
4.895660765669163084e-08
4.832342165173031390e-05
3.391637619643006474e-07
5.675102698887712904e-08
1.903031829897372518e-07
2.926162494532036362e-07
1.459802376757579623e-07
7.817321545644517755e-08
4.298991740370183834e-08
1.757749679143216781e-08
2.893761575251119211e-06
2.309283627255354077e-05
6.631805149481806438e-08
1.963115536796067317e-08
7.076449151099950541e-07
4.414780221395631088e-07
1.428761038368975278e-06
7.299506705749081448e-07
7.757518183382217103e-09
1.143388290074653924e-04
7.989779078343417495e-06
3.756974820134928450e-06
2.185168705182150006e-05
2.781402441698332950e-09
2.988228743561194278e-06
2.260358655803429428e-07
5.121300716837140499e-08
7.510070787475342513e-08
2.201309570182274911e-07
6.826125087400214397e-08
8.781346423347713426e-07
3.784857938171626301e-07
8.638034501018410083e-07
1.073058342626609374e-06
3.359758693477488123e-08
2.391079689800790220e-08
1.994909837321756640e-07
3.167074069665432035e-08
2.250951780524701462e-07
2.531235452352120774e-07
5.278622552395972889e-07
1.230936987894892809e-07
2.904131513048469060e-08
4.093519692105473951e-07
2.760324832706828602e-06
3.531273407020307786e-08
6.357471420415095054e-07
3.167832119288505055e-06
1.183790004688489717e-06
1.559360498504247516e-06
3.950354994231020100e-07
1.723526565911015496e-06
3.980867404607124627e-05
1.722044544294476509e-06
2.563521775300614536e-05
5.494967335835099220e-04
7.260160055011510849e-04
1.882652053609490395e-03
8.625263944850303233e-06
7.234430388081136698e-09
3.368472434317482112e-08
1.051229059356728612e-08
7.186940820247400552e-09
8.935441719870595989e-09
1.270939620212629961e-08
2.700826598811545409e-06
4.827783683936104353e-08
6.441346300789518864e-08
1.859151979033413227e-07
1.107150850998550595e-07
3.598834652507321152e-08
1.886876610512899788e-08
2.930221221220108418e-08
1.172884580569188984e-07
7.584065997434663586e-08
1.305737242773830076e-07
9.853708959894902364e-09
9.428137381917167659e-09
1.791944782780774403e-06
1.553295021494704997e-07
7.147393148443370592e-07
1.185349631782628421e-07
1.815477723710046121e-08
9.908632847555054468e-08
7.919775946163554181e-09
2.964561190310632810e-06
2.748906524630001513e-07
5.765761557086079847e-07
2.114334485270319419e-08
1.276651495629721467e-08
9.029134417914974620e-08
3.368266732195479563e-08
9.805094514092616009e-09
1.988342006598031730e-07
4.195619141000861418e-08
6.480614445081300801e-08
4.538233255857448967e-08
9.772845999123092042e-08
5.352498888555601297e-08
5.048217417424893938e-07
5.269506431204717956e-08
1.859335263532102545e-08
8.996262863547599409e-07
1.073758895131504687e-07
4.362662053836174891e-08
1.279587280578198261e-07
8.667560109643090982e-07
2.292724676777879722e-09
3.713117848747060634e-07
4.233666928143975383e-08
5.914046496968694555e-08
6.925862550133388140e-08
5.953386761348156142e-08
6.876671676536716404e-08
6.912144812076803646e-08
6.041740334694623016e-07
1.758357370817975607e-07
1.666385287535376847e-07
7.403607327205463662e-08
3.972961337694869144e-08
2.144227977396440110e-07
1.060362038174389454e-07
1.204155530842854205e-08
3.309031715303945020e-09
1.034621455175965821e-08
2.073396210278133367e-08
7.521480682726178202e-08
1.890168732643360272e-08
1.481205202935598209e-07
8.908147108854791441e-09
4.593255482632230269e-07
4.481351112417542026e-08
1.823955358304374386e-06
2.992411651803195127e-08
1.540020889478910249e-06
2.056703607422605273e-08
1.109303049418031151e-08
1.996221854483337665e-08
2.280735778015241522e-08
3.065835585402965080e-08
2.553799616222818258e-09
2.216023275991574337e-08
9.777176046554814093e-07
1.198331460727786180e-06
1.725684455777809490e-06
1.750900224806173355e-08
1.569909890974940936e-08
4.243359441602478910e-08
2.855875003149321856e-08
5.070825537245582382e-08
1.270818383858340894e-08
1.467772015040225142e-09
3.668653334898408502e-06
1.504776946603669785e-06
1.684524519873775716e-08
1.603346646561476518e-07
1.518345271733778645e-07
3.863845847718039295e-07
1.428049216656290810e-07
2.011985955618911248e-08
4.524619043877464719e-07
3.179978591560939094e-08
1.945847261097810588e-09
2.913352403766111820e-08
1.481645117706875681e-08
4.965635458376027600e-09
4.237616835212065780e-08
7.602339202605890023e-09
2.124513542867134674e-08
4.055727487184412894e-08
6.194939601300575305e-07
9.214680858349311166e-07
1.370276265788561432e-07
6.099236316003953107e-08
3.326086428501184855e-08
2.527435299271019176e-06
3.335966169970561168e-08
8.120994721139140893e-08
1.833724105892997613e-08
4.929855776936165057e-07
4.935961896990193054e-07
5.155996873895674071e-08
3.440484306338476017e-07
4.417145049728787853e-08
8.419302162110398058e-07
2.095953846037446056e-07
9.189765393102788948e-09
1.072926636425108882e-07
2.043515223704162054e-07
3.783674173973849975e-07
5.409509284959312936e-09
2.381780632276786491e-06
3.088682433372014202e-06
4.102249988591211149e-07
7.511793000958277844e-07
1.734238530559650826e-08
2.317751546243584926e-09
7.130124402010551421e-08
9.350270779862057680e-09
1.761965506830165396e-08
1.577091879312320089e-08
1.774941615906300285e-08
2.530711924464412732e-07
3.595124269395455485e-07
8.138435703131108312e-09
9.592892524779017549e-08
5.317819429251358088e-08
4.857053070850270160e-08
3.424625916181867069e-08
7.442173455274314620e-08
1.796696658118435153e-08
2.619204053644352825e-08
1.620597167573123443e-08
3.758162563372025033e-07
2.145419664145720162e-08
3.973679270075081149e-07
2.550881390561698936e-07
1.616733356968325097e-06
4.354816383056459017e-07
6.776838858968403656e-07
1.719243414299853612e-08
4.305593847675481811e-06
2.784032346880849218e-07
7.080921449187371763e-08
5.865774355129360629e-08
5.171716566110262647e-08
1.166253049689203181e-08
2.753192163140738558e-08
8.179773658412159421e-08
1.264908888742866111e-07
8.384838601216415555e-09
9.564746505930088460e-08
2.528819109670621401e-08
2.755261974130007729e-08
1.307548700424376875e-06
1.633870169825968333e-06
1.673685346759157255e-06
1.053928917826851830e-05
1.061079365172190592e-05
4.172864009888144210e-07
8.392754580199834891e-08
1.291801936531555839e-07
1.054297840141771303e-07
6.031429578001734626e-09
8.875898060978215653e-07
1.476144628753672805e-08
6.396538854147593156e-09
2.142733706023136619e-07
1.132694592342886608e-06
5.807877911934156145e-08
7.919021527413860895e-07
1.536020317871589214e-05
4.174635250819846988e-07
2.632073403674439760e-07
1.403864136051424794e-08
2.319995040522826457e-08
6.625799642279162072e-08
4.257463785961590474e-07
1.608854489631994511e-07
6.403314500857959501e-07
2.693346914384164847e-06
3.353951782969488704e-08
2.300004240396447130e-07
6.254450681808521040e-07
7.763457432474751840e-08
1.662988680095622840e-08
1.655336667738538381e-08
1.287211398448562250e-05
2.748799090568354586e-07
8.846856047739493079e-08
1.137188746724859811e-06
4.588253332826752739e-08
2.009033295280460152e-08
1.892109580126088986e-08
6.984527178843791262e-09
3.771450707290568971e-09
1.181647419912223995e-07
4.520169838428955700e-08
1.848970043738518143e-08
7.598153928256579093e-08
3.953798000111419242e-08
1.880573847756750183e-07
3.106059764945712232e-08
5.480391607193269010e-08
1.315308928440117597e-08
1.508860769661168888e-08
1.640034774652576743e-08
6.188004419982462423e-08
7.048225825201370753e-08
1.623969758668408758e-08
3.163576707265747245e-07
2.305776902744582912e-08
5.547179604548091447e-09
1.124181636669163709e-07
3.025351968943823522e-09
2.398419951532559935e-08
1.789449015632271767e-05
1.753907599777448922e-05
3.801386264967732131e-05
3.884369652951136231e-05
2.517432903914595954e-06
5.050122272223234177e-04
3.500465027173049748e-05
4.850688583246665075e-06
2.682748163351789117e-05
5.931763080724294923e-09
4.040979462160976254e-08
2.691872857951693732e-08
6.551451825487220049e-09
4.743715820154648100e-08
2.741664957284228876e-07
7.312734595643632929e-08
2.428241430152411340e-07
6.355750148401284605e-09
8.914265769988105603e-09
1.580021269376175042e-08
3.055281538877352432e-08
5.930710589296950275e-09
4.071632275781666976e-08
2.072759563986892317e-08
3.871774367780744797e-08
2.402668997092405334e-08
1.955934969544159685e-09
2.464468185081614138e-09
1.224852841374968193e-08
1.335571120364420494e-08
3.225727951416956785e-08
1.062951326957772835e-08
9.446712745386776078e-09
3.553642935472112185e-09
3.440607088123215362e-08
1.390987680593980258e-08
3.225346745239221491e-08
3.349361321625110577e-08
3.162226747122076631e-08
8.400534738939313684e-07
1.388339843089170245e-08
3.193081132835118296e-09
1.703877217096305685e-08
9.792180399870176188e-09
7.481172588086337782e-07
4.262259878373697575e-08
4.168180822716749390e-08
3.834936368463104372e-09
7.669426338452467462e-08
4.186075130974131753e-08
1.622028911185680045e-08
1.335187249651426100e-07
1.362081647471313772e-08
6.713672462410613662e-08
1.307362662572586487e-08
1.521666881387773174e-08
8.848662247373795253e-08
7.383864186749633518e-08
1.961289264329479920e-08
1.079120650615550403e-07
1.119937120819258780e-08
8.907859410101082176e-07
1.071481818826214294e-07
6.173386424279669882e-08
1.396938120734603217e-08
7.131504276003397536e-08
5.667840863310402710e-09
4.613286819221684709e-07
2.032145118846528931e-08
1.339671040767598242e-08
3.183111516591452528e-07
5.279448487272020429e-07
1.930922799431300518e-08
4.659310093302337918e-07
3.470351472856236796e-08
4.652878260458237492e-08
5.884838394365488057e-09
2.785315089681716927e-09
6.456247803043879685e-08
5.551193638098084193e-08
1.765587853697070386e-07
2.320366832009312930e-08
4.159514066515157538e-09
2.170786643773681135e-07
7.582030434605258051e-07
1.507319069560253411e-08
7.043125549444084754e-08
4.620069304905882746e-08
3.051274788390401227e-08
1.316880968715850031e-07
9.135344924970922875e-09
2.737295190513577836e-08
2.929830067444072483e-08
2.610106575318127398e-09
2.852951652698720864e-08
1.096936784961144440e-06
1.117862780120049138e-08
3.419749816657713382e-08
5.208233844200549356e-08
2.721505687475200830e-08
5.030462091326626251e-08
6.415905584589154387e-09
2.039095114980682411e-08
1.774951101651822682e-07
1.069952748622426952e-08
9.620570295965080732e-08
1.291623874521974358e-08
9.782398002755599009e-09
9.050798865928300074e-08
1.026795093395094227e-08
5.206237219113063475e-08
1.090758150468218446e-08
7.960625225678086281e-08
1.580862374339631060e-08
7.035485083406456397e-08
9.050346250205620890e-09
3.255446046068755095e-08
7.071605079289611240e-09
4.959123778291996132e-09
8.541140772422295413e-08
1.566983320877568531e-09
9.474388917851683800e-08
1.278259542658588543e-08
3.531603809392436233e-08
9.624451990930538159e-08
7.222852360655451776e-08
2.144930704162106849e-06
2.304132706854034041e-08
5.276956205335636696e-09
6.879906067069896380e-08
4.250039431497043552e-09
5.278858683510634364e-09
8.426008335504775459e-09
1.969476137730907794e-08
4.274023268635573913e-08
2.809427890326787747e-08
2.572201474038138258e-08
5.477528119968155806e-08
2.364805418153537175e-08
4.725588809151304304e-09
1.735999077823180414e-08
1.120377213226220192e-08
5.703411076751763176e-09
1.922393444431236276e-08
2.907460938672556949e-09
1.218923806334260007e-08
5.942486946963754235e-09
9.298286585135429050e-09
8.350887270580642507e-08
9.430420888634216681e-09
5.073592390658632212e-08
6.112296802029959508e-08
1.036917041119522764e-08
2.149301252529767225e-07
1.533703164469102376e-09
3.374748658302451076e-08
1.008620387210612535e-07
1.968920315675859456e-08
4.048721635729890522e-10
1.161839247032503408e-08
4.463488423311900988e-08
3.617227406493839226e-09
3.211924948232081078e-09
5.047042463957041036e-07
3.600864717512308744e-09
5.744447406641484122e-08
1.269833904693484783e-09
1.434932528354693204e-07
7.934204404591582716e-08
2.168151880255209107e-08
7.696771575638194918e-08
1.712343933313320576e-09
1.444085562241070875e-08
3.459763675550675543e-08
1.087416308109823149e-07
1.427228824013582198e-08
2.902928120107617360e-09
9.500175224275153596e-08
3.246578472726469045e-08
2.582347669033424609e-08
6.930569895757798804e-09
1.606452748603715008e-08
5.772997191400008887e-09
1.005484229210651392e-08
2.256999565020123555e-08
7.919259559230340528e-08
1.419947324166059843e-07
4.465327947400510311e-06
6.161112509062149911e-08
7.422875647478122119e-09
3.922625424479520007e-08
8.612066615398816793e-09
1.659908477336102806e-08
1.398123505857995497e-09
3.081036226149080903e-08
2.334008257776076789e-07
1.082461675849799576e-08
1.039394170732066414e-08
5.502240085775156331e-08
2.517043640182237141e-08
2.426275180766879203e-08
1.238969549177681984e-08
1.061612042718707016e-08
5.620087950575225477e-09
6.050796486078979797e-08
1.462929155593428732e-08
1.294144169605715433e-08
1.079395488545742410e-07
6.149541320610296680e-08
6.215655190544566722e-08
1.544062122604827891e-08
1.091347598958236631e-07
6.388532369783206377e-08
1.844060371070099791e-08
1.514905001442912180e-08
8.475301882526764530e-08
3.366770329193968792e-08
2.583815827961188916e-08
1.922987458158331719e-08
1.184440279189402645e-08
1.163498009049135362e-08
2.773245988407779805e-08
8.873739076875608589e-09
9.009681889438070357e-09
3.553461880301256315e-08
6.217086401250071503e-09
4.083656435227567272e-08
4.724228119812323712e-09
2.624204675782948470e-08
1.535535574248569901e-07
7.375298594070045510e-08
2.936963383604052069e-08
7.968601067886993405e-08
1.082747189684596378e-07
7.233585108679108089e-08
3.112967883467376851e-09
4.145260135146600078e-08
2.627946038558093278e-08
1.496436397019351716e-08
6.639171346023431397e-08
9.195147754326171707e-09
1.507766853592329426e-07
3.033558471088326769e-08
7.954352732042480056e-09
2.343471692256571259e-07
6.587488776688132930e-09
4.351019455839377770e-08
5.394047164486437396e-08
8.831543496512495039e-09
2.005315025144227548e-07
6.958909466447948944e-07
1.946359518001372635e-09
1.832507301458008442e-08
3.052142005799396429e-08
8.533454121106842649e-08
6.937840879572831909e-08
1.720603992616531741e-09
7.582789507409870566e-09
6.317705469882639591e-08
9.043358062399420305e-09
1.214764644430488261e-08
7.170342541940044612e-08
4.963817801240111294e-09
6.672008723285216547e-09
2.467940873884799657e-08
1.725248388595446158e-08
1.541448924058386183e-08
3.150180916122735653e-08
4.805548314834595658e-07
1.231350665875652339e-08
1.230574184774013702e-07
9.646233145588212210e-09
2.989124725516489889e-09
4.762609151498509164e-08
9.360817010417576967e-09
9.010914681084614131e-08
4.398380326620099368e-08
1.384433545581487124e-07
1.717223909736276255e-07
1.188112541683494783e-08
5.613711095975304488e-08
2.817589894732464018e-08
1.980890340647079029e-09
4.524707364339519700e-08
1.099474928878407809e-07
3.453118551988154650e-06
2.181808511636518233e-08
4.510939390911516966e-07
1.560267008926530252e-07
4.003900500038071186e-08
2.407860799635841431e-09
1.775734830289366073e-07
2.493476891629597958e-08
4.571559841792804946e-08
4.890397065082652261e-08
8.114198379871595534e-08
2.586769554113743652e-08
2.612521976530501888e-09
1.676852434684406035e-09
2.529455933597546391e-08
3.318317709499751800e-08
2.815967370395355829e-08
4.974207712393763359e-08
8.592869527035418287e-09
4.336518770742259221e-07
2.334772908341165021e-08
5.393468338610318824e-09
5.253476764721654035e-09
4.880694071118796273e-09
6.836043286995163726e-09
3.905283207927823241e-08
4.105240236640383955e-07
8.105953952508571092e-08
1.253574133386337053e-08
3.095914635764529521e-09
2.857198921901726862e-08
5.541276326681554565e-10
5.976454531264607795e-08
6.813975517161452444e-08
2.000952648018028412e-08
7.754940867243931280e-08
2.585584581993316533e-07
1.319532927368527453e-08
2.472987326029851829e-08
1.541131666726869298e-08
6.757960413494856766e-09
4.586348438806453487e-07
2.670914156510661996e-08
2.375214691596738703e-09
1.040411206076896633e-07
5.200510599934204947e-08
1.323770515426758720e-08
1.434961234281217912e-07
5.304113770421281515e-08
2.146914681588896201e-07
2.419682459731120616e-06
6.841199251539364923e-08
1.877966155916510615e-07
2.434828338948591409e-08
5.965042504385564825e-08
4.614618376308499137e-08
1.828717131502344273e-06
4.272393283599740244e-08
2.244442676158087124e-08
7.883046038159591262e-08
2.109330488053728914e-09
6.065473456828840426e-09
6.465311486181235523e-08
5.988463414041689248e-08
5.421783200176832906e-08
6.954949061110937691e-09
1.402474367750983220e-07
2.304225077409682854e-08
6.994435608476123889e-08
5.089397348001512000e-09
1.479337470300379209e-07
1.043303043957166665e-08
3.663408776333199057e-08
3.021282068971231638e-08
1.484734557521960596e-08
5.735013246521702968e-07
3.121197877931081166e-08
3.762914424498831067e-09
4.969210110061794694e-08
1.517290648678226717e-08
2.159431211623541458e-08
4.732969927090380224e-08
1.533338256365368579e-08
1.106621372315430563e-08
1.472091071264003403e-07
1.039429875504538359e-08
5.582875495235839480e-09
3.451366836770830560e-08
8.230553127930306800e-09
3.420805398945958586e-07
3.754949204903823556e-07
1.167036955962430511e-07
3.395220105062435323e-09
3.154161021257095854e-08
4.878972337252207581e-09
4.323702995634448598e-08
2.695952439069060347e-08
3.291990458009763643e-09
9.737019723843332031e-08
6.555060849677829538e-08
4.707475795839854982e-07
7.445197525157709606e-08
7.561789416854480805e-09
5.277643566614642623e-08
2.604567761466114462e-08
1.537197746870333503e-08
2.749063980900245951e-07
1.039320296492007856e-09
6.948064168454948231e-08
2.319486291924022225e-08
6.491098503147441079e-08
1.082135536734085690e-08
4.958338628568981221e-09
2.612826222048170166e-07
7.184237915680569131e-08
1.882067302005907550e-08
6.515214590052664789e-09
2.089797490611999820e-08
8.184935609278909396e-07
3.407756210549450770e-08
3.755258859428067808e-08
1.810276444302871823e-07
1.575949148957533907e-08
1.562084328554647072e-08
4.839635359132898884e-10
4.375036510850804916e-08
8.448296284768730402e-09
4.145123966736719012e-05
2.446759026497602463e-07
1.676911836057115579e-07
1.696438367559949256e-08
7.160802084626993746e-08
2.500587825693401101e-08
1.278315675534713591e-08
2.972327592942747287e-07
1.023957807433362177e-07
9.318294580396013771e-09
1.105728415495832451e-07
2.925127091657486744e-07
3.412023019677690172e-08
4.742578596506064059e-07
3.697354200582481099e-09
6.552311049290437950e-08
4.690039467902806791e-09
2.945878385673950106e-08
1.989299676097289193e-07
1.507677760415049306e-09
2.032861434742017082e-09
1.237639768447706956e-08
5.187112406268568066e-10
3.237710899384182994e-08
5.604961383909312644e-09
8.737626733257286560e-10
2.638095786267058429e-08
1.323665088648340316e-07
6.064019686391475261e-08
5.145023607155962964e-08
1.783997127802194882e-08
3.313819219030733620e-09
9.338647032564040273e-06
1.685720860677974997e-07
1.707571527731488459e-06
7.992795758582360577e-08
2.327329973184077971e-08
3.242339374764924287e-08
4.158767996642609432e-09
1.232443764820345677e-07
1.126129163253608567e-07
2.180116496219852706e-07
1.198789192358162836e-07
5.780188772064320801e-08
2.697591980904689990e-07
9.394600652967710630e-08
4.011519116886574920e-09
4.465367631212302513e-09
7.852829497778657242e-08
2.002858145999653061e-08
1.435419534345783177e-07
2.181426737024594331e-07
2.888459249561492470e-08
2.304351154336359286e-09
1.978713441985746613e-07
5.988900486642023679e-09
6.447556710753588050e-09
1.016952388965819409e-08
4.927577990088138904e-08
2.126206544161846068e-09
2.028551548960422224e-08
9.019188951242540497e-09
7.651980382661349722e-08
2.481874483706292267e-09
6.433208632472542376e-09
1.749601530320887832e-08
5.673952419016359272e-09
2.866024750858287007e-08
3.169333950836517033e-08
3.589553898564190604e-07
4.334203254074964207e-07
8.139537932549956167e-09
2.486826078396120465e-09
2.290158951367970985e-09
6.914043382266754634e-08
1.124116266737473779e-07
6.434236610175503301e-08
6.011033004682531100e-09
1.038380119666726387e-07
1.316209363722009584e-07
4.117850060936234513e-09
7.597066797870866139e-08
1.050028686222503893e-08
4.826869126617339134e-09
5.212218923134059878e-08
9.227105302045401913e-09
8.944155638346273918e-09
1.109808356325459044e-09
2.055107550802404148e-08
4.834998890146380290e-08
5.150344861704070354e-08
2.887474579438276123e-07
1.530571225316634809e-08
7.293257553442344943e-09
7.670311788388062268e-06
6.125841878201754298e-08
5.531511249046161538e-09
2.846385527277561778e-08
1.396415960641661513e-08
2.766672224652211298e-09
1.881887889965128124e-08
1.176907176159147639e-07
1.990917475325204578e-08
1.565282303772619343e-07
1.141521224212738161e-07
2.031831414228690846e-08
2.553372446811863483e-08
3.920773906429531053e-06
2.021205602886766428e-08
1.137553553576253762e-07
2.517179495953314472e-07
1.508078781853328110e-07
1.835539478634018451e-05
2.934730787274020258e-07
2.137071852814642625e-08
1.117370374004167388e-08
3.322605479638696124e-08
2.327808488189475611e-07
2.201732662854283262e-08
7.155204428954675677e-08
3.452336443388048792e-07
1.649259617764187169e-09
2.184215119882537692e-08
1.437216035071742226e-08
3.071429555134841394e-09
5.525437440923042232e-09
8.092015946203900967e-09
6.605118585412128596e-08
9.206840445585839916e-08
2.439470847548363963e-09
1.504176228017684025e-09
1.650455550006313388e-09
4.054928837149418541e-09
7.175653848889851361e-09
2.070621896166358056e-08
6.121002815717702106e-09
5.473556825563719030e-07
1.441050745398797517e-08
1.102483704329415559e-08
1.475711108867017174e-08
2.991852809941519808e-08
2.877917104626703804e-08
1.241304126153863763e-08
3.089722611093748128e-08
6.447621103689016309e-08
1.985952913230448758e-08
1.020628914716326108e-08
1.974158614359566855e-08
7.454114125948763103e-08
3.840991880110777856e-08
6.977619904091625358e-08
1.170103800518518256e-07
8.605182699739089003e-08
1.856001219380232214e-08
1.128794036020508429e-08
8.015150321227793029e-09
1.831735971791204065e-07
3.810185589259162953e-08
9.419400370802577527e-09
4.455059254837578919e-08
3.766403633420623009e-09
6.801444407678047810e-10
4.034385270301754645e-09
5.557672366762744787e-08
8.459890565859495837e-09
9.914809417921333079e-09
1.291880113996057844e-08
6.173986832891387166e-08
7.515661870627354801e-09
4.145821463907850557e-08
3.832468280506873270e-07
2.053071455065946793e-07
8.924219582695513964e-05
5.060236318854549609e-08
2.836152646068512695e-07
3.286444894001760986e-07
6.688786925224121660e-06
6.375996690621832386e-07
7.202639373815600266e-09
1.026506808443627961e-07
2.784009822676125623e-08
9.010696189193367900e-09
7.894798764027655125e-04
1.169388852417796443e-07
2.215330141552840360e-08
1.405349081551321433e-07
1.668341909066839435e-08
2.491438806373480475e-07
9.193285421815744485e-08
3.475027909871641896e-08
5.463942542860422691e-08
8.224479763896397344e-09
4.826510302535780284e-09
2.479839666946759280e-09
7.045362337976257550e-08
7.056325745935509985e-09
6.684195597017605905e-08
4.271439735248350189e-08
2.119381647958107351e-08
