3.136728921049325436e-08
7.091509957035668776e-08
1.124866741974983597e-07
1.326882647845195606e-05
8.010308192751836032e-06
7.269155383110046387e-01
1.600440889596939087e-01
1.195936949471843036e-08
2.384104647035201197e-08
2.480676641880563693e-07
1.463581043026351836e-07
1.936918181399960304e-08
2.216532202226062509e-08
2.058849020158959320e-07
8.519189265143722878e-08
3.933242176401563484e-09
1.513649650064508023e-08
1.503030944149941206e-08
1.351088485535001382e-08
1.168630490155919688e-07
4.580229884254549688e-08
3.515691560096456669e-08
1.873807997654353130e-09
1.377190006479622753e-08
2.235123872651456622e-07
1.046626380230009090e-06
1.836044020819826983e-06
1.049588036039494909e-06
3.383302384918351891e-07
2.478767100910772569e-06
1.576432850924902596e-06
1.350404545519268140e-06
7.814808668626938015e-06
2.511265047360211611e-04
4.469904888537712395e-05
3.078702093262108974e-07
2.678475539141800255e-05
3.797435681462957291e-07
1.454952289350330830e-04
1.253935624845325947e-05
4.300728448924928671e-07
3.618693153839558363e-05
2.402328391326591372e-05
7.130469839466968551e-06
9.059749572770670056e-05
1.373385839542606845e-05
1.591028990333143156e-06
7.583949354739161208e-06
2.321867214050143957e-06
1.262695150217041373e-04
5.907548984396271408e-05
7.623781783649974386e-08
1.208386493090074509e-06
8.369521538043045439e-07
5.331654028850607574e-05
7.605667633470147848e-07
2.855445586646965239e-07
4.062638652158057084e-07
5.485545898409327492e-06
6.783581625313672703e-07
8.393078314838930964e-05
3.325759280414786190e-06
1.486681776441400871e-05
2.844674042989936424e-07
8.769497839011819451e-08
1.157954428344964981e-02
1.896127592772245407e-03
1.967615535249933600e-04
5.958066321909427643e-04
2.806915063047199510e-06
5.507711762220424134e-07
4.068776888743741438e-07
1.101028246353052964e-08
5.146089847585244570e-07
3.866825082354807819e-08
8.379812754810700426e-08
1.077047272701747715e-06
4.163656797118164832e-07
1.406976025464246050e-06
5.485959420070685155e-08
1.362427615170247464e-09
1.841526682255789638e-07
3.500237255593674490e-07
4.636472095143062688e-09
8.082770364126190543e-08
3.274390394381043734e-07
3.198272224835818633e-08
3.618686017503591756e-09
1.630444446121259716e-09
1.548790540262245941e-09
9.903931008636845945e-09
8.397248230096465704e-09
9.404830692005816672e-09
2.452139469255598669e-08
1.050412592462635075e-07
3.674753612514791712e-09
3.079885235734991511e-09
1.009277816876874567e-08
3.852247854041479513e-09
3.564774075925924990e-08
2.314710201289926772e-08
1.493484091952268500e-07
5.930398288001015317e-07
2.850629607564769685e-05
1.375817646476207301e-07
1.460557655263983179e-06
4.936965979140950367e-06
1.342877567367395386e-06
1.492391561441763770e-06
4.132370304432697594e-05
3.489927621558308601e-05
2.764308817404526053e-07
1.567673025419935584e-04
1.781702485459391028e-05
1.964888178918045014e-05
1.209824476973153651e-04
5.325715392245911062e-06
5.777704927822924219e-07
6.884666277073847596e-07
2.972474612761288881e-05
5.635493380395928398e-06
9.379947982779412996e-07
6.580862965677169996e-09
1.661669330133008771e-06
2.124527327396208420e-06
4.760926094604656100e-05
3.095545253017917275e-05
3.112932966953252389e-10
1.064156540664384920e-09
5.921762635807681363e-09
4.831608002575649152e-09
8.191219258435467054e-09
9.799829392420633667e-09
5.813368275653374440e-08
1.633002733036903464e-09
1.640673485958643596e-09
4.329792080426386747e-10
8.480818713962889888e-09
9.740579116623848677e-07
2.161580852089173277e-07
1.316967512821065611e-07
2.490845218972026487e-08
2.893193595809862018e-07
8.066533219164284674e-09
5.168936834110127165e-09
9.038691572982315847e-09
1.222211931661831841e-08
2.571014192653819919e-06
3.401867010310866135e-09
5.056096597400028259e-06
8.230870662373490632e-06
3.195564701741204772e-08
3.771307433009241095e-10
5.541853642654359646e-09
1.220364032050724745e-09
1.558133710943820915e-08
9.577413306871562781e-10
6.491536197472669301e-10
5.741975783735142613e-10
8.381854321726223134e-09
2.007000121651003610e-09
4.720738999708373740e-08
2.839392898579262692e-08
1.923058690067591670e-08
9.908971065897276276e-08
6.492539283975418130e-10
2.185158542999943165e-08
1.615634737106574903e-09
2.795414744127810991e-08
1.847398123366872369e-09
1.263029361098233494e-07
1.127509818843464018e-07
2.690441203156979100e-09
1.543712890850201802e-08
2.522654440895166772e-08
3.473418441757303299e-09
2.265203669082893612e-08
1.928704485010257486e-08
2.832978225342230871e-07
1.345723532608644746e-08
5.713652839745009260e-08
5.249473744584065571e-09
1.674256111527938629e-08
3.895018529931348894e-09
1.753709000240633031e-08
1.633457591410092391e-09
1.179067687928636587e-08
3.718418239984089269e-09
6.866892476864450146e-08
5.488063337111270812e-08
1.178283071112673497e-08
1.294006324314977974e-07
5.754633747301340918e-08
6.114927675326953249e-09
3.472789389391550685e-09
4.870245096100234150e-09
2.289068934402394007e-09
4.921915319755498786e-09
6.407762098703528864e-10
1.301960708133265143e-07
8.746103841161811943e-10
6.451866596535182907e-09
8.297933362655385281e-08
5.942366598787884868e-09
3.263430770061859221e-08
8.860131295307382970e-09
2.991266967455885606e-08
3.234680745478613062e-09
1.215482399175016326e-07
6.557611698099208297e-08
2.429575260975980200e-07
9.065517048156834790e-08
1.431284317732206546e-07
1.882323630297833006e-08
4.205972015114411988e-09
1.329918664083606927e-08
6.398520380201944135e-09
4.297142552900368173e-08
1.117616310608582353e-08
1.115395154016596280e-08
6.905148453029141820e-09
4.791587215891013329e-08
1.166391205842387535e-09
1.645510039338660135e-08
1.021945861268136468e-09
7.324367601313497289e-08
2.605399451738321659e-08
1.466223675805622406e-08
3.375663748528268115e-09
1.567824536863327012e-09
4.954976429161206397e-09
7.703606286213471321e-08
2.103281993015571061e-09
2.597866810560844897e-08
4.691886434926573202e-09
5.866138241827911770e-09
1.113361047799799053e-08
2.943598698124105795e-09
7.460864814845535875e-09
4.639152617613717666e-09
2.306740798374562473e-09
1.840841590272646044e-09
2.179409097635698345e-09
8.536842344142314687e-09
3.265002435082209331e-10
2.565975165680356440e-08
1.833047917898511514e-07
8.443803989344189631e-10
2.553616651468360033e-09
4.880760240411063933e-10
4.707258582925533119e-09
3.496132094937820511e-08
5.757043175513842925e-10
1.273170280313706826e-08
1.438923291630089807e-08
9.617338037060108036e-10
8.553515229436925438e-09
8.206540447197596677e-10
1.267117855086041800e-09
3.477143462049525624e-09
9.366003084210205998e-09
9.356521779579907161e-09
9.950119894686082489e-11
6.946721420320045581e-09
1.209185285233616014e-08
1.535800997487513087e-08
2.096997953060508735e-08
6.398008345342987013e-09
1.850371766920488881e-08
1.085708944970065204e-08
1.820809103492138092e-08
1.865004595202890414e-09
9.416847888132906519e-07
4.683186727305610475e-09
7.298188720028520038e-09
4.105197959347606229e-08
6.937082162039587274e-07
8.709069909684785671e-09
1.056818721423269380e-08
5.902347766095772386e-08
5.589488694113242673e-08
2.153352909317618469e-07
2.325642043388143065e-07
3.830940009663663659e-09
9.072730478010271327e-08
9.818749191481401795e-08
1.296480434120894643e-07
5.921257795193923812e-08
1.660317252571985591e-07
1.986919187402236275e-06
2.545283273036602623e-08
2.076417260354901373e-08
2.041703250910131828e-09
2.627307935654243920e-07
1.088969092677416484e-08
2.530264566757978173e-07
9.006556922486197436e-08
7.517630962183829979e-09
8.464759957860223949e-06
4.348061338532716036e-06
1.799806312874352443e-07
5.681182102534876321e-08
8.123821260141994571e-08
1.503999556007329375e-07
1.953562289713772770e-08
2.603858035854500486e-07
6.092020754522309289e-08
2.916501216532196850e-06
1.071696189569593116e-07
1.311884822996489675e-08
1.684974995441734791e-05
8.304072594000899699e-07
2.892517443342512706e-07
6.013367936930080759e-08
1.130543523686355911e-06
4.121674379575779312e-08
2.951910182957817597e-08
2.945865276160475332e-07
7.156804144869965967e-07
3.883662813564114913e-08
3.438012186052219477e-08
1.288758539885748178e-07
3.609342797972203698e-07
2.600635540250806343e-10
1.428207596632091736e-08
4.349413629256559943e-08
1.296861285027262056e-07
3.259177901782095432e-05
1.473231077397940680e-05
7.611062028445303440e-04
3.140867192996665835e-07
7.534430324085406028e-08
1.115620662517358141e-08
1.918538572454053792e-07
2.066647994070081040e-06
8.124100503437148291e-08
1.926659570017363876e-05
1.883661898318678141e-04
8.000309748013023636e-09
1.562844631486370872e-09
4.635325012714019977e-08
7.428855042235227302e-06
1.683657683315686882e-05
1.877606564448797144e-06
2.164320278552622767e-07
2.685250422018725658e-07
5.396889264375204220e-07
2.322445169511411223e-08
2.067969973040817422e-07
7.665194061701186001e-07
1.036526811049043317e-07
6.853634548775744406e-09
8.858166422598401368e-10
5.105640710212355771e-08
1.658639661172855995e-07
4.377691542600814500e-09
9.549938795316847973e-07
2.433928329992340878e-07
1.297618439366488019e-07
9.456189076217924594e-08
6.160070824989816174e-06
5.464780272745883849e-08
1.992710622289450839e-06
2.297064202139154077e-05
1.582189383952936623e-06
1.517705605635910615e-08
5.541388681251646631e-09
4.112643381404268439e-08
3.913253054932397390e-10
8.967273146254228777e-09
2.775125018672497390e-09
9.848379001198281912e-09
1.489531964438128853e-08
3.256528913198053488e-08
6.768055982320220210e-08
8.938858542251182371e-09
1.591133624856411188e-08
6.912806043146701995e-07
9.307342452302691527e-09
1.214543221550457019e-08
1.025821632083534496e-07
5.151318926976955481e-09
9.853146076821417410e-10
1.181840971753445046e-07
2.937615484199795901e-08
3.767973044688233131e-09
4.748725146441756806e-08
7.098065468724712446e-10
2.133256238323610887e-09
9.181774203170789406e-07
2.520732115954160690e-03
2.167811317121959291e-07
6.292461421253392473e-06
2.898491857195040211e-06
7.892594294389709830e-05
7.125330284907249734e-06
1.608856546226888895e-04
9.191566705703735352e-02
1.811212568814113411e-10
6.836984312030836008e-10
3.009479609961118740e-10
6.058907264794299863e-10
6.511392758312695150e-09
4.817142684743203063e-09
1.035452834585726123e-09
8.862779954377231206e-10
1.193042886704631655e-09
1.600596100104212383e-09
4.021064869963453248e-10
8.143732910248502321e-10
6.462039348065218292e-09
6.673324559614002283e-09
1.042404740303481958e-08
1.005613459170717761e-08
4.193899894033847886e-09
7.492409359599605523e-09
1.077183231501521732e-09
7.384073352767472898e-10
8.524508210427939048e-09
1.454261990829763818e-07
2.731888315565811354e-08
2.125182474443931824e-09
8.412633922816326049e-10
7.950385239041679597e-09
1.075323385890669670e-09
8.002767337700333883e-09
2.140527533001090887e-09
1.290748041782308064e-08
1.968781901950933388e-07
1.297952056944495780e-08
8.609719048813246900e-10
3.378341495441361531e-10
8.711196208821547771e-09
1.330466670168561905e-08
3.232824230536834875e-09
4.295675637422391446e-08
3.023034933491430820e-09
3.728431785532393405e-09
5.801955360595911770e-09
5.939440050894972956e-10
8.174866650279000169e-08
9.086381425049694371e-09
1.202755672835564837e-09
5.913669554047373822e-09
1.707967545172550672e-09
1.273959782110978267e-08
3.926726166447735977e-10
4.420475097077769533e-09
6.417085529619726003e-09
1.491595180702631751e-09
2.798351272925714284e-10
2.421921507789193129e-08
3.766550182859873530e-09
1.905757329723201110e-09
2.281523858727041443e-09
3.921162061715222080e-08
2.353423056433712190e-08
6.676481145717616528e-09
5.222671717319826712e-08
2.212392935518892045e-08
3.804727199963053863e-08
1.050440179284350961e-08
2.722526630805077730e-07
8.808028439943882404e-08
6.961125453841532362e-09
1.870604782183704629e-09
5.684634429847790216e-10
1.202352439833020981e-08
1.503182245343737122e-09
2.001250942740284700e-09
4.174695589220789316e-10
5.961802163056972859e-09
2.905191642810223129e-08
1.309413164563011378e-07
8.263087991622342088e-09
4.718891499777555509e-09
5.164035865590221874e-10
7.852333228086649797e-10
6.770105365205836279e-09
1.579132935525251469e-09
6.820224829340304495e-09
1.640743008124445623e-08
5.601510921771080120e-10
4.080047233401273843e-08
5.314626516650378107e-09
2.348205796476321439e-10
2.001228072145977421e-09
4.997710334464500193e-08
9.085085395099667949e-08
1.221574024157234817e-07
1.670673044351644876e-09
4.525280061784542340e-08
3.731991071731499687e-08
3.735462494880437134e-10
4.181493207244812993e-10
1.968594176560145570e-09
1.065334487293512211e-09
1.211675759726915658e-09
3.429605766047671978e-10
2.510179974990478513e-08
4.888808575742586982e-07
2.835997658934275023e-09
1.004091565448561596e-08
8.747587654234223464e-10
4.904989747700483349e-09
3.289764682889995129e-09
3.724790753611983973e-10
3.694530237297044550e-09
3.010330873465250079e-09
4.265967301630979591e-10
5.541092473748676639e-09
3.443751395160177253e-10
2.198896886795864702e-08
2.570562651627028572e-10
2.585508696029137354e-08
2.071583082852157531e-08
4.061069702743225207e-09
3.179015495291537263e-09
4.084506510793062262e-09
5.911865663676962868e-09
1.073034772147707372e-09
1.791875803291986813e-08
6.064726054688662771e-09
1.612651487903349334e-07
6.016290576837945991e-09
2.307920077271319315e-09
6.502056670854017284e-10
9.223289354487462788e-10
2.287166012138186488e-09
1.483399358903625398e-08
1.091751133941443186e-09
7.805356361245685548e-10
4.809376008552135318e-09
3.075322774215294430e-10
1.902198176750857783e-09
1.731466081622556885e-09
2.741768589942239487e-09
3.117593072587965253e-09
4.610771764390619865e-10
9.512075394013663754e-08
1.413588357479511615e-09
3.387932157039585945e-09
5.990164453351098928e-08
3.216934774119550866e-10
1.940469189776194980e-07
1.545583749873458146e-08
8.010888064013954590e-10
7.826285730594406687e-10
1.076694400303779275e-09
2.156617284754247521e-08
2.481819416644270859e-09
8.132499118573832675e-09
1.131634075335341549e-08
3.109973167880752953e-09
1.104143790287004379e-10
1.769077245805661391e-10
1.404164451379585898e-09
2.610471838693229074e-09
1.233471724759738208e-08
1.302520136192697464e-08
3.338765930394060888e-10
4.042769230494513977e-09
5.810349978929707504e-09
3.937715487012383164e-09
1.258003146098474190e-09
7.839212834426234622e-09
2.123748288340721047e-09
6.266560603762627579e-08
8.540522955513552006e-09
2.499543905187806558e-09
9.250019417095245444e-09
4.037929102196358144e-09
1.821763517817487354e-09
1.396969762090805034e-10
2.784659791643662174e-08
3.108044377420071669e-10
1.154174603112956277e-10
4.028329225747029341e-09
9.423392066665314815e-10
1.519160908181049763e-10
2.754354966327809962e-08
5.408987036048529262e-09
1.608538191533170902e-09
1.833367679893171953e-09
2.141079491480013530e-08
1.829350670945473212e-09
4.389882679589618419e-09
5.097778554841170262e-08
1.036806529519651576e-09
4.649907126008656633e-09
4.289898714038287153e-10
8.457476496914750896e-09
3.296963368981664644e-09
1.434499630192931363e-09
1.022289031205048104e-09
1.509056074544545822e-10
2.471398943271196913e-07
5.486667564724712065e-09
1.781950031976009541e-09
1.499338253552195965e-07
1.686275226120415027e-07
2.518014463603890363e-09
2.676943111623586447e-09
1.506500257875131865e-09
2.821832489896536345e-10
2.797002851551155800e-09
5.484387166632131994e-09
5.195145980074755698e-10
3.459416575424256735e-08
3.010876437059550881e-09
4.673353259931900539e-09
8.179592470014540595e-08
1.144560624055657172e-08
1.530848781072791098e-09
6.161333110377142930e-10
1.627694534711565666e-09
3.060301025925582508e-07
3.888953603592426589e-09
1.842101085003378103e-07
6.636286187244877510e-09
3.853120322805381193e-10
9.352596030964832607e-09
6.546039799104619306e-08
1.916797742751441547e-07
8.428533981863495228e-10
1.842794916662171545e-09
3.339571819083175797e-08
1.393978821262464862e-09
7.546129832114445435e-10
6.838197230685238992e-10
4.975821532582358486e-09
4.609956416601335150e-09
3.412659599355549744e-10
6.459997337060485734e-08
1.988547104758708883e-08
1.377333580521167278e-09
2.374840546437440025e-09
4.673139208932752808e-09
8.381758398456895520e-09
3.692637307040058658e-08
1.772332183236358105e-07
1.694000717478161278e-09
5.110392997664803261e-09
2.106619234609752311e-08
8.943833762486974592e-08
3.657731340034331424e-10
2.077728389338062698e-08
7.799585866052893834e-09
4.263577935148532561e-09
8.947686751525907312e-07
8.793009875773805106e-09
1.282757011722424068e-08
5.464555474787857747e-10
7.570698734582492762e-09
2.197118487146099142e-09
1.503947966163821093e-09
2.210451599538032497e-09
1.388213810571414797e-08
9.673393464026958100e-08
1.226143986343686265e-08
2.453786329681406642e-08
4.275603482373213637e-10
8.583341148948875343e-09
3.131169989956106292e-08
5.476525899439366185e-09
3.544175619651923625e-09
1.458995591008260817e-08
7.002447066639660989e-09
1.729109633252789990e-09
6.221180237631074306e-10
2.807864385445668631e-09
4.808486053775595792e-09
6.155369103311159051e-09
9.246262422379913914e-09
2.961003019663621671e-06
2.150176259263503198e-09
2.342244398434445429e-09
3.635864800344279502e-07
4.254471441811347177e-09
4.536358844120513822e-08
1.194144783056572123e-09
4.001982634171952213e-10
1.090230661304758542e-08
5.489158905191970916e-09
1.055537524052851950e-08
1.502523616636608494e-08
4.293478017558527426e-09
1.733130444714348073e-10
4.288584154465979736e-09
3.802118619944394595e-10
2.248609298760584352e-08
2.438994961551088636e-08
3.198973885787381732e-08
3.605804010931024095e-08
1.337139643453610915e-08
3.241669617182196816e-07
1.821392636713881075e-08
4.067238490446101196e-10
2.257004361183589936e-09
2.206769655899165627e-09
5.316152851264632773e-07
4.945836629133282258e-09
4.688218702142421535e-09
7.061218276760428125e-09
1.380242942161657993e-08
1.903000423908451921e-09
2.031188550688511896e-09
6.283672693285780042e-09
3.081242372360293302e-09
1.966433593736383045e-08
4.523998398120454567e-10
3.774993651006752771e-09
4.321510704841102779e-09
1.656988990461627509e-09
6.444119016180138715e-09
4.515551932371408839e-09
2.581256275391297095e-08
3.682527838222426908e-09
5.557191151694951259e-09
2.151013944740043371e-08
4.488665883428666348e-09
1.543300598427777004e-08
2.215196559518517461e-08
9.036014714247642132e-10
1.057611154209325832e-08
1.993004206113369037e-09
6.524645268513040719e-09
3.055787567429746332e-10
7.202868346212198958e-08
5.992477625227365934e-10
4.196558833768904151e-08
1.647315706065910490e-08
3.840492923679050818e-10
1.842138033225637628e-07
7.559671222345798469e-10
6.313682909819817723e-09
1.557413087382997219e-10
5.033351513361594698e-09
4.143271326029207557e-08
3.211737542585524352e-09
9.702849723680628813e-08
1.554369966072499665e-08
3.339786891487506182e-09
4.404652642620021652e-09
1.561397233729167056e-08
3.739297482763248581e-10
1.645948599637847565e-09
1.657380899189320189e-09
3.323962660672918901e-09
5.230649549048393965e-07
6.269554875260041626e-10
3.684464955355792881e-10
7.611443031407816306e-09
4.345590909338170604e-08
2.534835119583078722e-10
2.038889501676521832e-09
3.455084396364327404e-08
2.873623117238821578e-09
1.469474053550356984e-08
9.688640861815756011e-11
6.283217501845683728e-09
1.832050777750282577e-08
1.404022342832433878e-09
1.831145013397872390e-09
6.314878220337050152e-08
7.753899744500358793e-09
2.845305990817337261e-09
8.168020038112899783e-09
7.910945787337197999e-10
1.005083731797640212e-07
3.379098956202142290e-08
4.089466543177877611e-08
1.079837943507300224e-07
3.353830546615199637e-09
9.136959278066569823e-08
5.938298741625658295e-09
4.686857013602718780e-10
4.119025831528233539e-08
5.709695383160351412e-09
1.002288696483333297e-09
5.125384006099409362e-10
2.137054699868912166e-10
1.256931114745896139e-09
1.908366265013228258e-08
1.198519186118573998e-07
1.390274673163105490e-09
9.623264407565557121e-10
9.437162162839740631e-08
5.696508265096156265e-10
3.756498667684127213e-09
8.016099450891545075e-10
2.386356534600508894e-08
1.168599737866315991e-06
6.920377604302530017e-09
7.657793510418287042e-09
1.811646299643143720e-08
1.259600423964002402e-08
1.747448230560166849e-08
5.580513828817856847e-10
1.071904165428350097e-08
2.913651264702110666e-10
5.534805495699401945e-06
1.384452996688878557e-09
1.055297405017086021e-09
1.462835275134466428e-08
1.189117249111859564e-09
1.549426720259816648e-08
6.439630495513881669e-10
1.078318501157582432e-08
1.112584069318245383e-08
1.667221638523841420e-10
2.609306992695792360e-09
1.678412964167819155e-08
5.217093530518468469e-07
3.409739823823088045e-09
3.627457445531945268e-08
1.290259064035126357e-07
2.905681806275595136e-10
1.707651686722044815e-09
3.534623260748048779e-09
2.590428538340461273e-09
1.586484055238202018e-09
2.424960510172269323e-10
6.192581558650545048e-09
1.389784731742338408e-08
7.297329318589618197e-08
1.546836214671998277e-09
1.978973429572761233e-09
2.977070323595398804e-07
2.008968547073664013e-09
4.463408629362675129e-07
7.802349322183488312e-10
5.044343831528408373e-10
7.783509659020637628e-08
6.685121345384459346e-09
5.531187952101390692e-09
5.652235124387061660e-09
1.347786326988398287e-08
2.747141003567321604e-08
6.743518632390532730e-09
1.398029336741046791e-08
1.326101539689261699e-08
2.110399499599679984e-08
3.704657913772280153e-08
1.493500434435190982e-08
3.272415824540075846e-06
6.662586593542130231e-10
3.918014712667172716e-08
1.015866946119103886e-09
6.284750941887295994e-09
3.933476833140048257e-08
2.611114213735277190e-09
7.224108422576591693e-09
4.325628211176990590e-08
7.964233439405887793e-11
1.030928675760378610e-08
4.221714922092445477e-10
1.376656011409238545e-09
4.402393116720304533e-09
8.198549394933252188e-09
1.701986607205441260e-10
1.602139398926283320e-08
2.497021756031614359e-10
7.095497078779544609e-09
1.461122445256535229e-09
4.290864330513954883e-10
6.967726839945953543e-09
2.122441067342606402e-08
2.229523587971016241e-08
1.680039218854290084e-09
2.169696600162751565e-08
1.742654576197821825e-09
1.455501674740844464e-08
2.532150045198022781e-09
1.120817882949154409e-09
1.494531387535857903e-09
1.411054295630265187e-08
5.347907894304171350e-09
1.705801888629565610e-10
1.248502012884955548e-08
1.091728929480950683e-08
8.093452574797765919e-10
4.052560598211130127e-08
3.426486594459987600e-10
1.014490713657778542e-08
5.062593011473381921e-09
2.064706627891155222e-09
3.582412144709223867e-09
1.118020787060913790e-09
3.311131990813009907e-08
1.767776036665225092e-09
2.521275064282235689e-07
3.967479678124163911e-09
2.105141128083687363e-08
9.203049877726243722e-09
1.039416730463926797e-08
4.643880391341781433e-09
6.489249582131151328e-09
7.278402880395162811e-10
2.766046502955532560e-09
4.389598462495314379e-09
7.575462479536554383e-10
2.754198646925942739e-07
3.999237385698961589e-09
1.906940951812430285e-07
4.148511756341122236e-09
1.342116418001637612e-09
8.756907199369834416e-09
9.287551172576513636e-09
1.275090255603572587e-08
9.329667136626085266e-07
7.565983395352304797e-08
1.650759031690540724e-07
8.014537229428242426e-07
1.013391703885702100e-09
3.251679814297858684e-09
6.431099541792661967e-10
4.056107449912360607e-09
4.675299436485147453e-08
6.678688890815465129e-08
3.983570362464661230e-09
9.146993718012197405e-10
1.514604136554353886e-10
4.400168229778955720e-09
2.656399544775922550e-09
2.228336404286324068e-09
2.468971138647191310e-10
8.954779140424307116e-09
5.563662952567938191e-08
1.055787265613616910e-06
4.164470546186294087e-09
4.933089492453746061e-09
1.105714408922153780e-09
9.496303743361522720e-10
1.272276395347660127e-09
6.145433051329973750e-09
6.764706572681689067e-10
1.050413658276738715e-07
7.290022363548587236e-09
9.467590267320247222e-09
1.712024133571077300e-10
2.936622500726571161e-09
1.011135353223835409e-08
3.164278838951872785e-09
5.607596165191353066e-09
3.925013203343041823e-09
1.936562687987475329e-09
1.745461418067861814e-06
1.178953024094653301e-08
2.390669662233335657e-09
4.208933646054902056e-09
2.569446211353465515e-09
2.584108393932638137e-08
3.625744982027612195e-10
2.012627620118223604e-09
1.376559666255161574e-08
2.070906557349871946e-09
8.928753736370254046e-09
2.781080921110401505e-09
4.806065323492703101e-09
1.139444183451132631e-08
8.497647030480948160e-08
8.877041879351565967e-10
1.152111082092233119e-07
2.230370199640674400e-08
2.185703396051508207e-09
1.027586793433954426e-09
1.670004934339885949e-08
2.400374565780794001e-09
1.259890525240336956e-09
1.739955379775892652e-08
1.339539146272272774e-08
4.730987868128977425e-08
1.262090285308659077e-03
1.454759285479667597e-06
6.356148105624015443e-07
3.440235829543780710e-08
2.446904318276210688e-06
1.605790060921208351e-07
7.075296792891094810e-08
4.699113560491241515e-07
2.580521352157916226e-09
6.442459454802929031e-09
1.005246667773462832e-05
3.142987381465900398e-08
1.151240702768063784e-08
2.858033587571640055e-09
7.378561406312655890e-08
2.125620568449448911e-07
7.715616590076024295e-09
5.608665532008672017e-09
9.546050705466768704e-07
7.193336593047661154e-09
3.873010712140967371e-08
1.310254393871446155e-08
1.279837249512638664e-07
1.316318218869128032e-07
4.302615081996918889e-07
2.132349941064148879e-08
2.535349263865782632e-09
