1.226234212517738342e-01
5.880450606346130371e-01
4.624490439891815186e-02
4.998609423637390137e-02
0.000000000000000000e+00
3.947685360908508301e-01
6.899358704686164856e-03
0.000000000000000000e+00
3.363839685916900635e-01
0.000000000000000000e+00
2.536444738507270813e-02
1.258183121681213379e-01
5.849007964134216309e-01
1.772162020206451416e-01
5.430335402488708496e-01
3.968937098979949951e-01
0.000000000000000000e+00
0.000000000000000000e+00
7.502686381340026855e-01
7.032947987318038940e-02
1.510970201343297958e-02
5.381044745445251465e-01
3.600310087203979492e+00
7.337009906768798828e-02
5.474576354026794434e-02
0.000000000000000000e+00
2.569018630310893059e-03
0.000000000000000000e+00
1.191267967224121094e+00
1.207716986536979675e-01
6.177057623863220215e-01
5.943356547504663467e-03
6.668886542320251465e-01
0.000000000000000000e+00
8.420584350824356079e-02
7.347820699214935303e-02
1.431590970605611801e-02
0.000000000000000000e+00
7.299199700355529785e-02
7.861036807298660278e-02
2.511458396911621094e-01
1.303893700242042542e-02
8.295783400535583496e-02
3.811751306056976318e-01
3.703068196773529053e-01
2.149829715490341187e-01
0.000000000000000000e+00
0.000000000000000000e+00
0.000000000000000000e+00
2.313296496868133545e-02
3.012141883373260498e-01
1.322702020406723022e-01
1.266908645629882812e+00
1.804041415452957153e-01
2.052145153284072876e-01
2.852868556976318359e+00
0.000000000000000000e+00
4.568197205662727356e-02
3.336223661899566650e-01
1.201436743140220642e-01
9.731296449899673462e-02
3.673896938562393188e-02
5.525396671146154404e-03
1.493991315364837646e-01
9.729967117309570312e-01
2.141440659761428833e-02
2.643431723117828369e-01
3.550239503383636475e-01
6.571657061576843262e-01
0.000000000000000000e+00
3.467550992965698242e+00
1.110458448529243469e-01
2.162397801876068115e-01
4.707213956862688065e-03
0.000000000000000000e+00
5.092831701040267944e-02
8.095002174377441406e-02
0.000000000000000000e+00
7.503775954246520996e-01
7.484087347984313965e-01
2.060943655669689178e-02
9.284210950136184692e-02
1.172648072242736816e-01
0.000000000000000000e+00
4.882026091217994690e-02
2.902209758758544922e+00
1.075419946573674679e-03
0.000000000000000000e+00
0.000000000000000000e+00
0.000000000000000000e+00
0.000000000000000000e+00
0.000000000000000000e+00
0.000000000000000000e+00
6.020881235599517822e-02
0.000000000000000000e+00
4.844992607831954956e-02
1.026802897453308105e+00
3.275900781154632568e-01
1.004300862550735474e-01
3.262060508131980896e-02
0.000000000000000000e+00
1.305118918418884277e+00
1.105956360697746277e-02
1.539575159549713135e-01
5.280741304159164429e-02
9.041594862937927246e-01
0.000000000000000000e+00
0.000000000000000000e+00
0.000000000000000000e+00
5.280537605285644531e-01
2.971000969409942627e-01
4.476501941680908203e-01
0.000000000000000000e+00
0.000000000000000000e+00
5.308736115694046021e-02
5.912991762161254883e-01
0.000000000000000000e+00
0.000000000000000000e+00
5.638696602545678616e-04
0.000000000000000000e+00
1.383916661143302917e-02
9.338846430182456970e-03
6.837262213230133057e-02
2.423976957798004150e-01
1.890374720096588135e-01
2.135255187749862671e-01
7.454907149076461792e-02
9.076754450798034668e-01
1.049880683422088623e-02
2.323341323062777519e-04
5.013122558593750000e-01
1.664227843284606934e+00
5.638025235384702682e-03
1.977956742048263550e-01
2.492606490850448608e-01
0.000000000000000000e+00
6.524401903152465820e-01
6.816177368164062500e-01
0.000000000000000000e+00
9.172939658164978027e-01
2.568235248327255249e-02
3.829897940158843994e-01
8.024821281433105469e-01
1.431659311056137085e-01
1.241519395262002945e-02
2.701999992132186890e-02
4.058371484279632568e-02
0.000000000000000000e+00
0.000000000000000000e+00
6.780763156712055206e-03
4.077486038208007812e+00
6.587938405573368073e-03
1.840203106403350830e-01
2.640717625617980957e-01
3.040284104645252228e-02
2.558991871774196625e-02
0.000000000000000000e+00
2.329991608858108521e-01
0.000000000000000000e+00
7.405066490173339844e-02
1.105814218521118164e+00
1.307524442672729492e+00
7.631358504295349121e-02
0.000000000000000000e+00
3.856964409351348877e-02
5.895605087280273438e-01
2.054823040962219238e-01
2.629208266735076904e-01
1.288069725036621094e+00
1.688117235898971558e-01
0.000000000000000000e+00
5.441996455192565918e-02
1.122353449463844299e-01
1.666593700647354126e-01
3.571346029639244080e-02
1.496911525726318359e+00
0.000000000000000000e+00
3.795461058616638184e-01
0.000000000000000000e+00
2.759912051260471344e-02
1.415664330124855042e-02
4.954960662871599197e-03
3.942588865756988525e-01
9.821872413158416748e-02
0.000000000000000000e+00
0.000000000000000000e+00
6.148273125290870667e-02
2.880544774234294891e-02
2.731524594128131866e-02
4.264508374035358429e-03
0.000000000000000000e+00
0.000000000000000000e+00
5.727784037590026855e-01
5.471160635352134705e-03
0.000000000000000000e+00
7.423366606235504150e-02
6.906116753816604614e-02
1.310364603996276855e-01
0.000000000000000000e+00
1.008880257606506348e+00
3.736761212348937988e-02
3.779428303241729736e-01
6.506181508302688599e-02
5.076366942375898361e-03
0.000000000000000000e+00
4.551582410931587219e-02
0.000000000000000000e+00
8.588031679391860962e-02
0.000000000000000000e+00
0.000000000000000000e+00
3.308521211147308350e-01
1.621834039688110352e-01
0.000000000000000000e+00
0.000000000000000000e+00
0.000000000000000000e+00
4.086712360382080078e+00
4.711217433214187622e-02
5.744471400976181030e-02
1.954273730516433716e-01
0.000000000000000000e+00
3.237642288208007812e+00
0.000000000000000000e+00
1.290120840072631836e+00
1.974147111177444458e-01
1.272106021642684937e-01
0.000000000000000000e+00
3.243652358651161194e-02
1.375220060348510742e+00
0.000000000000000000e+00
0.000000000000000000e+00
1.884077489376068115e-01
6.395873427391052246e-02
3.161635622382164001e-02
2.519412040710449219e-01
1.459098607301712036e-01
0.000000000000000000e+00
1.800766438245773315e-01
0.000000000000000000e+00
0.000000000000000000e+00
1.196065425872802734e+00
1.261898316442966461e-02
2.092977985739707947e-02
9.041407704353332520e-02
0.000000000000000000e+00
3.654308617115020752e-01
9.757921099662780762e-01
1.710914373397827148e-01
0.000000000000000000e+00
0.000000000000000000e+00
1.323684900999069214e-01
0.000000000000000000e+00
0.000000000000000000e+00
2.501317024230957031e+00
8.391427248716354370e-02
3.916049608960747719e-04
0.000000000000000000e+00
2.523641884326934814e-01
0.000000000000000000e+00
4.210493266582489014e-01
1.079875677824020386e-01
0.000000000000000000e+00
0.000000000000000000e+00
3.170900642871856689e-01
6.399279087781906128e-02
9.818446822464466095e-03
1.758092343807220459e-01
1.570198386907577515e-01
1.402857005596160889e-01
1.070528775453567505e-01
1.576551645994186401e-01
4.977824911475181580e-02
9.149294495582580566e-01
0.000000000000000000e+00
2.727678120136260986e-01
1.196015402674674988e-01
2.853319644927978516e+00
3.338729217648506165e-02
1.200197458267211914e+00
1.175018399953842163e-01
7.538420613855123520e-03
0.000000000000000000e+00
6.031068563461303711e-01
0.000000000000000000e+00
1.424172222614288330e-01
0.000000000000000000e+00
9.480517506599426270e-01
6.916046887636184692e-02
0.000000000000000000e+00
4.798402637243270874e-02
3.427481055259704590e-01
1.590553554706275463e-03
7.470636069774627686e-02
8.469817042350769043e-02
1.014124035835266113e+00
1.334456950426101685e-01
0.000000000000000000e+00
1.273052245378494263e-01
0.000000000000000000e+00
4.249568581581115723e-01
7.860013283789157867e-03
0.000000000000000000e+00
0.000000000000000000e+00
3.285340219736099243e-02
3.735293149948120117e-01
6.662364006042480469e-01
0.000000000000000000e+00
0.000000000000000000e+00
8.493218421936035156e-01
0.000000000000000000e+00
1.323614120483398438e+00
7.269410789012908936e-02
2.197195589542388916e-01
1.987362146377563477e+00
2.813050448894500732e-01
2.427065931260585785e-02
0.000000000000000000e+00
1.511479258537292480e+00
2.602972030639648438e+00
2.829768508672714233e-02
5.183400958776473999e-02
3.352330997586250305e-02
3.101738393306732178e-01
0.000000000000000000e+00
4.233665019273757935e-02
2.666035480797290802e-02
2.193087786436080933e-01
0.000000000000000000e+00
1.139813303947448730e+00
7.723692059516906738e-02
9.121353924274444580e-02
1.816668808460235596e-01
0.000000000000000000e+00
1.402103066444396973e+00
1.228995434939861298e-02
0.000000000000000000e+00
2.598535269498825073e-02
3.025447845458984375e+00
3.190153744071722031e-03
3.784066438674926758e+00
3.411171138286590576e-01
1.599965840578079224e-01
2.310796827077865601e-01
0.000000000000000000e+00
1.128420308232307434e-01
9.472331032156944275e-03
0.000000000000000000e+00
6.208400242030620575e-03
0.000000000000000000e+00
6.768954396247863770e-01
1.303182840347290039e+00
3.508832072839140892e-03
0.000000000000000000e+00
5.788332223892211914e-01
1.106591105461120605e+00
3.513164818286895752e-01
0.000000000000000000e+00
0.000000000000000000e+00
5.250994563102722168e-01
1.405389793217182159e-02
1.091899499297142029e-01
0.000000000000000000e+00
8.893076330423355103e-02
0.000000000000000000e+00
1.499161273241043091e-01
6.111738085746765137e-01
9.807678312063217163e-02
1.184701681137084961e+00
2.044407129287719727e+00
0.000000000000000000e+00
0.000000000000000000e+00
4.818005859851837158e-01
1.982530057430267334e-01
2.845937907695770264e-01
0.000000000000000000e+00
8.816986083984375000e-01
5.737050175666809082e-01
1.755901932716369629e+00
0.000000000000000000e+00
2.661953121423721313e-02
0.000000000000000000e+00
5.435388907790184021e-02
0.000000000000000000e+00
6.225181221961975098e-01
4.457994699478149414e-01
3.713901996612548828e+00
2.540400624275207520e-01
0.000000000000000000e+00
4.614042639732360840e-01
0.000000000000000000e+00
2.349803596735000610e-02
7.588345557451248169e-02
0.000000000000000000e+00
6.084656715393066406e-02
0.000000000000000000e+00
3.176764398813247681e-02
1.281308770179748535e+00
0.000000000000000000e+00
2.295777052640914917e-01
0.000000000000000000e+00
1.393210530281066895e+00
3.149770796298980713e-01
2.632188200950622559e-01
6.661129593849182129e-01
4.411519765853881836e-01
1.259920652955770493e-03
6.126291155815124512e-01
0.000000000000000000e+00
0.000000000000000000e+00
2.370681762695312500e-01
6.624724715948104858e-02
9.564839303493499756e-03
0.000000000000000000e+00
4.209068119525909424e-01
0.000000000000000000e+00
1.017327234148979187e-02
0.000000000000000000e+00
7.572588920593261719e-01
1.279189586639404297e-01
3.862230479717254639e-01
3.755418583750724792e-03
9.609991312026977539e-01
1.316331028938293457e-01
7.325241565704345703e-01
3.017684519290924072e-01
1.075922548770904541e-01
9.692957252264022827e-02
5.805418267846107483e-02
0.000000000000000000e+00
2.570448629558086395e-02
6.187864765524864197e-02
5.798140540719032288e-03
1.417796909809112549e-01
2.349659651517868042e-01
3.007612526416778564e-01
0.000000000000000000e+00
0.000000000000000000e+00
7.281983643770217896e-02
0.000000000000000000e+00
1.158744812011718750e+00
0.000000000000000000e+00
7.447808980941772461e-02
0.000000000000000000e+00
2.453945577144622803e-01
0.000000000000000000e+00
1.683550953865051270e+00
0.000000000000000000e+00
8.362970948219299316e-01
3.158067941665649414e+00
7.954639382660388947e-03
0.000000000000000000e+00
1.709497213363647461e+00
8.915377408266067505e-02
9.314513206481933594e-01
0.000000000000000000e+00
1.013531565666198730e+00
7.598797976970672607e-02
1.868848800659179688e-01
4.902192652225494385e-01
2.485766774043440819e-03
4.144479706883430481e-02
8.693657070398330688e-02
4.664603993296623230e-02
0.000000000000000000e+00
1.299275904893875122e-01
1.017101645469665527e+00
1.233765259385108948e-01
1.007476210594177246e+00
2.210520952939987183e-01
2.583360299468040466e-03
3.297337144613265991e-02
5.053240805864334106e-02
1.892291456460952759e-01
1.009649261832237244e-01
3.315019905567169189e-01
7.100396603345870972e-02
0.000000000000000000e+00
0.000000000000000000e+00
0.000000000000000000e+00
5.859870463609695435e-02
4.198133945465087891e-01
2.304258570075035095e-02
3.444004058837890625e+00
0.000000000000000000e+00
1.946242526173591614e-02
0.000000000000000000e+00
1.310239881277084351e-01
8.086077570915222168e-01
7.985269278287887573e-02
1.554462671279907227e+00
1.880965977907180786e-01
0.000000000000000000e+00
2.426235079765319824e-01
0.000000000000000000e+00
0.000000000000000000e+00
2.037319242954254150e-01
7.607853412628173828e-02
0.000000000000000000e+00
2.449748367071151733e-01
0.000000000000000000e+00
4.930831432342529297e+00
7.663342356681823730e-02
1.463354587554931641e+00
2.993101775646209717e-01
0.000000000000000000e+00
1.283514648675918579e-01
8.770032525062561035e-01
6.625880487263202667e-03
0.000000000000000000e+00
1.097522854804992676e+00
1.548095321655273438e+01
0.000000000000000000e+00
4.283773899078369141e-01
7.650381326675415039e-01
1.774644404649734497e-01
6.828960031270980835e-03
0.000000000000000000e+00
0.000000000000000000e+00
0.000000000000000000e+00
9.554576128721237183e-03
0.000000000000000000e+00
7.640067338943481445e-01
6.175198554992675781e-01
1.487825345247983932e-02
0.000000000000000000e+00
0.000000000000000000e+00
7.052134722471237183e-02
3.705930113792419434e-01
0.000000000000000000e+00
0.000000000000000000e+00
0.000000000000000000e+00
7.858589291572570801e-02
0.000000000000000000e+00
0.000000000000000000e+00
3.563874959945678711e-02
1.996992081403732300e-01
9.634613990783691406e-01
7.196830119937658310e-03
0.000000000000000000e+00
5.405618343502283096e-03
9.516112506389617920e-02
4.619445279240608215e-02
2.662486135959625244e-01
1.753926515579223633e+00
6.404533982276916504e-02
2.922079525887966156e-02
5.331984162330627441e-01
6.238591857254505157e-03
5.115863308310508728e-02
5.702918171882629395e-01
0.000000000000000000e+00
0.000000000000000000e+00
5.162090063095092773e-02
1.513682119548320770e-02
0.000000000000000000e+00
9.086318612098693848e-01
2.381435930728912354e-01
3.160713985562324524e-02
0.000000000000000000e+00
4.313702583312988281e-01
0.000000000000000000e+00
2.673499844968318939e-02
7.880815863609313965e-01
2.515686154365539551e-01
2.798585593700408936e-02
1.739591509103775024e-01
9.921678900718688965e-02
0.000000000000000000e+00
0.000000000000000000e+00
0.000000000000000000e+00
0.000000000000000000e+00
1.748855412006378174e-01
5.690032616257667542e-02
0.000000000000000000e+00
0.000000000000000000e+00
2.883321046829223633e-01
7.516130805015563965e-01
1.088154595345258713e-02
5.600777268409729004e-01
0.000000000000000000e+00
1.633808732032775879e+00
0.000000000000000000e+00
4.463986754417419434e-01
1.231470108032226562e-01
3.979172706604003906e+00
4.917094483971595764e-02
2.503083646297454834e-02
1.167091801762580872e-01
0.000000000000000000e+00
0.000000000000000000e+00
0.000000000000000000e+00
2.832174599170684814e-01
7.467753291130065918e-01
9.216633439064025879e-02
1.025943129207007587e-04
0.000000000000000000e+00
0.000000000000000000e+00
0.000000000000000000e+00
3.657297492027282715e-01
9.068343639373779297e-01
2.449776530265808105e-01
2.657063603401184082e-01
3.278767466545104980e-01
7.092134654521942139e-02
0.000000000000000000e+00
6.439595818519592285e-01
1.509185433387756348e-01
1.465345263481140137e+00
0.000000000000000000e+00
2.876826286315917969e+00
1.757142245769500732e-01
1.676045656204223633e-01
0.000000000000000000e+00
0.000000000000000000e+00
2.864834368228912354e-01
5.567385349422693253e-03
1.315308213233947754e-01
9.989191293716430664e-01
8.662201166152954102e-01
8.110179305076599121e-01
3.631983399391174316e-01
7.805137634277343750e-01
0.000000000000000000e+00
2.516156435012817383e+00
2.354431152343750000e-02
4.348281621932983398e-01
9.985787272453308105e-01
3.316107019782066345e-02
5.657821893692016602e-01
2.083275839686393738e-02
3.192209601402282715e-01
5.698871612548828125e-02
0.000000000000000000e+00
0.000000000000000000e+00
0.000000000000000000e+00
3.481229394674301147e-02
4.182726740837097168e-01
1.818234026432037354e-01
6.727584600448608398e-01
3.977258503437042236e-01
0.000000000000000000e+00
1.634174436330795288e-01
7.665934562683105469e-01
6.193551421165466309e-01
6.260368227958679199e-01
1.744061708450317383e-01
4.274528503417968750e+00
4.657249152660369873e-01
1.274212360382080078e+00
1.026494577527046204e-01
0.000000000000000000e+00
5.232609510421752930e-01
4.749513864517211914e-01
1.311471939086914062e+00
0.000000000000000000e+00
1.051842570304870605e+00
0.000000000000000000e+00
1.404481008648872375e-02
7.575640082359313965e-01
9.703333973884582520e-01
1.011110022664070129e-01
8.783959597349166870e-02
1.888765811920166016e+00
1.109443783760070801e+00
0.000000000000000000e+00
3.062866330146789551e-01
2.000400573015213013e-01
0.000000000000000000e+00
0.000000000000000000e+00
2.508774042129516602e+00
0.000000000000000000e+00
5.780937671661376953e-01
1.217479780316352844e-01
3.296926319599151611e-01
1.149390339851379395e+00
6.260083913803100586e-01
1.489610099792480469e+01
5.280470475554466248e-02
8.071736246347427368e-02
7.822251319885253906e-02
2.439905516803264618e-02
0.000000000000000000e+00
4.552373662590980530e-02
7.172613870352506638e-03
6.815474480390548706e-02
6.563635915517807007e-02
1.763311326503753662e-01
0.000000000000000000e+00
1.695191025733947754e+00
1.451932668685913086e+00
4.604478832334280014e-03
6.911300122737884521e-02
5.323962122201919556e-02
0.000000000000000000e+00
4.129117820411920547e-03
1.608638018369674683e-01
2.742822468280792236e-01
9.887671098113059998e-03
8.766510486602783203e-01
7.960535287857055664e-01
4.558176398277282715e-01
3.896133303642272949e-01
0.000000000000000000e+00
3.349533677101135254e-02
0.000000000000000000e+00
5.299965664744377136e-02
0.000000000000000000e+00
3.116810880601406097e-02
2.942770719528198242e-01
5.340887233614921570e-02
0.000000000000000000e+00
3.031502850353717804e-02
1.651652157306671143e-01
5.182246677577495575e-03
3.297095419839024544e-03
1.513373255729675293e+00
1.259098947048187256e-01
3.216294944286346436e-01
0.000000000000000000e+00
0.000000000000000000e+00
7.001988124102354050e-03
0.000000000000000000e+00
6.612160056829452515e-02
0.000000000000000000e+00
0.000000000000000000e+00
5.638663768768310547e-01
0.000000000000000000e+00
2.023131214082241058e-02
3.991518914699554443e-02
3.663408458232879639e-01
4.771615564823150635e-02
2.717733383178710938e+00
2.099552601575851440e-01
7.428341358900070190e-02
2.574011087417602539e+00
1.748387813568115234e-01
6.963976025581359863e-01
3.944019079208374023e-01
1.251094102859497070e+00
2.119622945785522461e+00
1.118583455681800842e-01
1.059433937072753906e+00
1.897999644279479980e-02
1.493823170661926270e+00
3.226242586970329285e-02
9.954083561897277832e-01
1.003253817558288574e+00
1.994398795068264008e-02
1.051929034292697906e-02
4.293628931045532227e-01
8.764448165893554688e-01
8.786575794219970703e-01
2.206785678863525391e+00
8.961030282080173492e-03
6.337241083383560181e-02
2.879821956157684326e-01
0.000000000000000000e+00
9.598782658576965332e-01
2.875941060483455658e-02
0.000000000000000000e+00
8.777494542300701141e-03
1.004154160618782043e-01
3.990274667739868164e-01
4.136522293090820312e+00
0.000000000000000000e+00
9.935954585671424866e-03
2.173437029123306274e-01
0.000000000000000000e+00
6.130244731903076172e-01
2.288965880870819092e-02
4.664692282676696777e-02
1.881142407655715942e-01
2.520043030381202698e-02
2.544385910034179688e+00
7.986451685428619385e-02
8.570313453674316406e-01
2.991987466812133789e-01
3.999556973576545715e-02
3.924788236618041992e-01
0.000000000000000000e+00
1.481869697570800781e+00
9.194831363856792450e-03
1.995772272348403931e-01
1.695602759718894958e-02
0.000000000000000000e+00
0.000000000000000000e+00
0.000000000000000000e+00
1.756883710622787476e-01
1.405841708183288574e+00
1.255776047706604004e+00
4.840857088565826416e-01
0.000000000000000000e+00
0.000000000000000000e+00
6.773462295532226562e-01
2.207863517105579376e-02
9.849033951759338379e-01
1.821127384901046753e-01
2.379585206508636475e-01
3.847567737102508545e-02
0.000000000000000000e+00
4.935544356703758240e-02
2.243631780147552490e-01
1.952151536941528320e+00
3.839166462421417236e-01
1.580872684717178345e-01
1.073372483253479004e+00
0.000000000000000000e+00
8.200778365135192871e-01
3.569442927837371826e-01
8.470913022756576538e-02
2.168657071888446808e-02
0.000000000000000000e+00
0.000000000000000000e+00
1.147602871060371399e-02
2.423270940780639648e-01
2.636232078075408936e-01
0.000000000000000000e+00
6.245127916336059570e-01
5.454784631729125977e-02
0.000000000000000000e+00
0.000000000000000000e+00
0.000000000000000000e+00
0.000000000000000000e+00
8.529942631721496582e-01
7.679537404328584671e-03
8.043582551181316376e-03
5.318927168846130371e-01
4.453375339508056641e-01
7.645302414894104004e-01
4.184879735112190247e-02
6.670814752578735352e-02
1.454550743103027344e+00
0.000000000000000000e+00
2.284003645181655884e-01
3.439723551273345947e-01
0.000000000000000000e+00
0.000000000000000000e+00
3.839358687400817871e-02
3.649520687758922577e-03
7.713680714368820190e-02
0.000000000000000000e+00
0.000000000000000000e+00
0.000000000000000000e+00
0.000000000000000000e+00
0.000000000000000000e+00
1.399950504302978516e+00
8.282671123743057251e-02
0.000000000000000000e+00
2.803731523454189301e-02
4.122864454984664917e-02
3.890091180801391602e-01
4.116395711898803711e-01
4.602851569652557373e-01
0.000000000000000000e+00
1.326488703489303589e-01
2.431093901395797729e-01
1.128192901611328125e+00
1.327486485242843628e-01
1.484138369560241699e-01
1.656199842691421509e-01
0.000000000000000000e+00
3.012378886342048645e-02
2.202432043850421906e-02
1.435453444719314575e-01
7.477135211229324341e-02
8.438799530267715454e-02
3.576145172119140625e+00
8.968232199549674988e-03
6.772167682647705078e-01
0.000000000000000000e+00
1.107440829277038574e+00
2.864816486835479736e-01
7.382107973098754883e-01
0.000000000000000000e+00
3.727615475654602051e-01
0.000000000000000000e+00
4.315187633037567139e-01
1.735317111015319824e-01
7.289894223213195801e-01
2.120674848556518555e+00
0.000000000000000000e+00
2.308260463178157806e-02
7.870027422904968262e-01
3.383164107799530029e-02
0.000000000000000000e+00
3.563646078109741211e-01
5.930598452687263489e-02
2.253202348947525024e-01
0.000000000000000000e+00
8.827723860740661621e-01
1.368451714515686035e-01
0.000000000000000000e+00
0.000000000000000000e+00
2.167275175452232361e-02
0.000000000000000000e+00
0.000000000000000000e+00
5.316398665308952332e-02
7.816434651613235474e-02
4.838393330574035645e-01
6.897928565740585327e-02
1.028002947568893433e-01
0.000000000000000000e+00
1.446781516075134277e+00
0.000000000000000000e+00
0.000000000000000000e+00
3.631185054779052734e+00
0.000000000000000000e+00
1.072187647223472595e-01
6.264786124229431152e-01
0.000000000000000000e+00
1.518617123365402222e-01
0.000000000000000000e+00
6.389018893241882324e-01
2.094091624021530151e-01
1.140318885445594788e-01
2.540775239467620850e-01
1.134948849678039551e+00
2.107614427804946899e-01
4.150600638240575790e-03
0.000000000000000000e+00
0.000000000000000000e+00
1.937708556652069092e-01
9.322321414947509766e-02
5.059876665472984314e-02
1.250828243792057037e-02
1.462272703647613525e-01
2.848373949527740479e-01
0.000000000000000000e+00
9.350425563752651215e-03
9.338708966970443726e-02
7.927613332867622375e-03
0.000000000000000000e+00
1.358530282974243164e+00
0.000000000000000000e+00
5.015395283699035645e-01
1.939832717180252075e-01
1.320430189371109009e-01
1.742557585239410400e-01
5.434896349906921387e-01
2.911601623054593801e-04
1.545417606830596924e-01
3.824395835399627686e-01
3.840475976467132568e-01
0.000000000000000000e+00
3.841698169708251953e-01
1.665759235620498657e-01
3.643696904182434082e-01
2.064031809568405151e-01
0.000000000000000000e+00
0.000000000000000000e+00
9.194056689739227295e-02
3.473223419860005379e-03
1.177645921707153320e-01
4.487087018787860870e-03
1.070576071739196777e+00
3.711438775062561035e-01
0.000000000000000000e+00
0.000000000000000000e+00
8.620198071002960205e-02
1.283729076385498047e-01
6.651715189218521118e-02
9.622384905815124512e-01
0.000000000000000000e+00
0.000000000000000000e+00
2.163012139499187469e-02
0.000000000000000000e+00
0.000000000000000000e+00
0.000000000000000000e+00
3.391955196857452393e-01
4.517799615859985352e-01
0.000000000000000000e+00
7.379069924354553223e-02
2.480919361114501953e-01
5.326342955231666565e-02
8.389556407928466797e-01
0.000000000000000000e+00
0.000000000000000000e+00
8.599538356065750122e-02
5.244580507278442383e-01
0.000000000000000000e+00
0.000000000000000000e+00
5.136691331863403320e-01
1.727173209190368652e+00
0.000000000000000000e+00
7.501246873289346695e-03
7.950286865234375000e-01
0.000000000000000000e+00
2.299152314662933350e-01
3.265501260757446289e-01
5.845819711685180664e-01
1.555520176887512207e+00
7.282289862632751465e-01
1.238945364952087402e+00
5.872767567634582520e-01
0.000000000000000000e+00
5.618170499801635742e-01
0.000000000000000000e+00
0.000000000000000000e+00
1.274085789918899536e-01
6.903373003005981445e-01
1.195594817399978638e-01
2.086478322744369507e-01
0.000000000000000000e+00
1.825811862945556641e-01
0.000000000000000000e+00
6.687141060829162598e-01
8.326769620180130005e-02
2.898242771625518799e-01
5.494257211685180664e-01
5.281978249549865723e-01
0.000000000000000000e+00
0.000000000000000000e+00
1.166925549507141113e+00
7.856705188751220703e-01
1.163777947425842285e+00
9.771527051925659180e-01
7.632177472114562988e-01
0.000000000000000000e+00
1.008425429463386536e-01
1.351471096277236938e-01
1.558403484523296356e-02
1.291634235531091690e-02
9.942868351936340332e-02
1.630157232284545898e-01
1.711534881591796875e+01
1.996139585971832275e-01
0.000000000000000000e+00
1.365514397621154785e-01
3.613524837419390678e-03
0.000000000000000000e+00
6.946446895599365234e-01
1.659060269594192505e-01
3.506797552108764648e-02
0.000000000000000000e+00
4.069468975067138672e-01
1.087661311030387878e-01
4.440278410911560059e-01
7.676612138748168945e-01
0.000000000000000000e+00
1.797114759683609009e-01
7.394541054964065552e-02
1.320335566997528076e-01
0.000000000000000000e+00
6.901516318321228027e-01
2.783255577087402344e-01
0.000000000000000000e+00
0.000000000000000000e+00
0.000000000000000000e+00
4.516224861145019531e-01
4.780668020248413086e-01
0.000000000000000000e+00
2.236345037817955017e-02
1.811905264854431152e+00
1.679136604070663452e-02
0.000000000000000000e+00
1.558523178100585938e-01
0.000000000000000000e+00
5.625781137496232986e-03
9.688346982002258301e-01
2.532136142253875732e-01
5.574643015861511230e-01
1.087191104888916016e+00
9.026540815830230713e-02
3.040577173233032227e-01
6.464501023292541504e-01
0.000000000000000000e+00
1.427691895514726639e-02
1.146325096487998962e-01
3.900991752743721008e-02
2.793334960937500000e+00
3.491777777671813965e-01
5.886660218238830566e-01
5.264542102813720703e-01
1.100862864404916763e-02
2.947399318218231201e-01
1.316206008195877075e-01
2.768523804843425751e-02
0.000000000000000000e+00
0.000000000000000000e+00
2.782479673624038696e-02
0.000000000000000000e+00
1.433104369789361954e-02
3.353462740778923035e-02
7.753121666610240936e-03
5.969867575913667679e-03
0.000000000000000000e+00
0.000000000000000000e+00
0.000000000000000000e+00
1.949765282915905118e-04
1.199620485305786133e+00
2.590804994106292725e-01
0.000000000000000000e+00
1.655222475528717041e-01
2.917860746383666992e-01
1.153650283813476562e-01
2.289894819259643555e+00
0.000000000000000000e+00
1.425653576850891113e+00
0.000000000000000000e+00
1.795929670333862305e-02
5.715584382414817810e-03
2.986339107155799866e-02
1.228782813996076584e-02
3.649670362472534180e+00
2.037917263805866241e-02
2.097501046955585480e-02
0.000000000000000000e+00
1.060059547424316406e+00
2.683012783527374268e-01
1.380859464406967163e-01
1.246711134910583496e+00
2.067885175347328186e-02
1.502096176147460938e+00
1.425634473562240601e-01
1.267419569194316864e-02
5.736974477767944336e-01
1.849873960018157959e-01
3.958363831043243408e-02
1.067072805017232895e-02
4.022940099239349365e-01
2.112169604515656829e-04
2.319146394729614258e+00
1.873125880956649780e-01
0.000000000000000000e+00
3.353732824325561523e-01
2.074260711669921875e+00
7.626048326492309570e-01
1.729593753814697266e+00
1.574924029409885406e-02
6.285421848297119141e-01
3.001791834831237793e-01
3.400925546884536743e-02
1.004946455359458923e-01
4.443076997995376587e-02
2.142899632453918457e-01
3.431366989389061928e-03
8.839648216962814331e-02
6.433441769331693649e-03
5.583404377102851868e-02
7.147056460380554199e-01
2.908394336700439453e+00
1.601378619670867920e-02
7.341710329055786133e-01
3.714257180690765381e-01
2.696417570114135742e-01
9.210417866706848145e-01
0.000000000000000000e+00
6.227505579590797424e-02
0.000000000000000000e+00
1.660616882145404816e-02
1.345216035842895508e-01
0.000000000000000000e+00
1.319450885057449341e-01
8.941417932510375977e-02
1.196539327502250671e-01
1.930663883686065674e-01
0.000000000000000000e+00
3.492347896099090576e-01
1.387682743370532990e-02
0.000000000000000000e+00
0.000000000000000000e+00
0.000000000000000000e+00
7.277646660804748535e-01
3.201696872711181641e-01
6.302464008331298828e-02
1.284546852111816406e-01
1.922113597393035889e-01
6.825529336929321289e-01
1.221417076885700226e-02
2.172939926385879517e-01
3.845418393611907959e-01
3.072376549243927002e-01
2.723473310470581055e-01
1.383957117795944214e-01
2.927785515785217285e-01
1.300173252820968628e-01
1.715178251266479492e+00
1.877738088369369507e-01
2.924170494079589844e-01
5.910303071141242981e-02
6.679916381835937500e-02
0.000000000000000000e+00
1.193127930164337158e-01
0.000000000000000000e+00
0.000000000000000000e+00
7.879315316677093506e-02
0.000000000000000000e+00
0.000000000000000000e+00
6.176838278770446777e-01
1.873497664928436279e-02
2.069535106420516968e-01
0.000000000000000000e+00
0.000000000000000000e+00
0.000000000000000000e+00
0.000000000000000000e+00
1.778477579355239868e-01
4.628192424774169922e+00
2.157225972041487694e-03
0.000000000000000000e+00
5.819902420043945312e-01
2.637654915452003479e-02
1.968973316252231598e-02
9.541221708059310913e-02
2.228358536958694458e-01
3.524414300918579102e-01
0.000000000000000000e+00
9.780406206846237183e-02
9.588952176272869110e-03
0.000000000000000000e+00
6.459242850542068481e-02
0.000000000000000000e+00
8.775289356708526611e-02
8.750530332326889038e-02
6.686780601739883423e-02
2.120445296168327332e-02
0.000000000000000000e+00
1.301921367645263672e+00
0.000000000000000000e+00
1.471664011478424072e-01
0.000000000000000000e+00
6.108093261718750000e-01
1.422137022018432617e-01
8.043169975280761719e-01
4.854887425899505615e-01
1.250547885894775391e+00
0.000000000000000000e+00
3.655095398426055908e-01
1.749096959829330444e-01
6.543881297111511230e-01
0.000000000000000000e+00
4.107918962836265564e-02
9.764161705970764160e-02
4.191651642322540283e-01
1.964850425720214844e+00
2.200914919376373291e-01
0.000000000000000000e+00
4.156311973929405212e-03
4.277282953262329102e-02
1.318017959594726562e+00
2.115849405527114868e-01
3.120790421962738037e-01
1.751622557640075684e-01
2.296318858861923218e-01
4.146052058786153793e-03
4.855086207389831543e-01
4.060129523277282715e-01
0.000000000000000000e+00
4.887565504759550095e-03
4.769714474678039551e-01
4.579201042652130127e-01
1.150720193982124329e-02
4.355353116989135742e-01
1.529489994049072266e+00
2.577234804630279541e-01
0.000000000000000000e+00
3.258213400840759277e-02
7.998876571655273438e-01
0.000000000000000000e+00
2.915884926915168762e-02
3.806554479524493217e-03
2.107019275426864624e-01
4.438134193420410156e+00
7.095366716384887695e-01
1.264892518520355225e-01
2.533887624740600586e+00
1.073599979281425476e-02
2.389437556266784668e-01
0.000000000000000000e+00
1.413645505905151367e+00
0.000000000000000000e+00
0.000000000000000000e+00
0.000000000000000000e+00
6.833066344261169434e-01
5.233359932899475098e-01
3.237200379371643066e-01
5.592085071839392185e-04
1.190272048115730286e-01
1.413037776947021484e-01
0.000000000000000000e+00
5.033383145928382874e-02
3.992758095264434814e-01
5.603185296058654785e-01
2.900744080543518066e-01
5.244016647338867188e-01
1.078723669052124023e-01
4.882609471678733826e-03
4.961237777024507523e-03
0.000000000000000000e+00
1.518679410219192505e-01
1.232660561800003052e-01
1.474128686822950840e-03
6.036617234349250793e-02
0.000000000000000000e+00
1.408540606498718262e-01
0.000000000000000000e+00
3.508758544921875000e-01
0.000000000000000000e+00
1.772929787635803223e+00
6.545976735651493073e-03
3.698187321424484253e-02
1.178458109498023987e-01
8.294232934713363647e-02
1.779896905645728111e-03
2.812036685645580292e-02
7.586857676506042480e-01
8.555470705032348633e-01
6.269639823585748672e-03
0.000000000000000000e+00
1.355978846549987793e+00
1.032442569732666016e+00
4.709890782833099365e-01
6.087800487875938416e-02
1.336173154413700104e-02
7.755964528769254684e-03
2.292641401290893555e-01
5.841025710105895996e-01
0.000000000000000000e+00
1.324617266654968262e-01
2.340511381626129150e-01
1.088040024042129517e-01
0.000000000000000000e+00
1.076108217239379883e-02
7.446801662445068359e-02
3.951440751552581787e-02
2.725180685520172119e-01
0.000000000000000000e+00
0.000000000000000000e+00
4.495406150817871094e-01
0.000000000000000000e+00
3.123521618545055389e-02
0.000000000000000000e+00
5.668408870697021484e-01
2.986670471727848053e-02
5.011809825897216797e+00
4.195836186408996582e-02
0.000000000000000000e+00
0.000000000000000000e+00
4.309648275375366211e-02
4.966259300708770752e-01
2.588250041007995605e-01
7.180810719728469849e-02
1.655117630958557129e+00
0.000000000000000000e+00
0.000000000000000000e+00
1.671503782272338867e-01
4.663028288632631302e-03
3.031599283218383789e+00
1.078317388892173767e-01
1.939851790666580200e-01
0.000000000000000000e+00
8.238728046417236328e-01
3.302666544914245605e-02
7.362202554941177368e-02
7.054196000099182129e-01
2.017909139394760132e-01
1.687395572662353516e-01
2.236048877239227295e-01
2.799945771694183350e-01
3.523146510124206543e-01
0.000000000000000000e+00
5.690673738718032837e-02
2.021728277206420898e+00
7.177443057298660278e-02
1.847424209117889404e-01
2.989572845399379730e-02
0.000000000000000000e+00
1.888386458158493042e-01
0.000000000000000000e+00
0.000000000000000000e+00
1.547634005546569824e-01
1.578776724636554718e-02
2.433861345052719116e-01
4.315034449100494385e-01
3.815208375453948975e-01
0.000000000000000000e+00
2.260547637939453125e+00
0.000000000000000000e+00
2.743852883577346802e-02
0.000000000000000000e+00
2.979445457458496094e-01
0.000000000000000000e+00
3.641395270824432373e-02
2.051304101943969727e+00
0.000000000000000000e+00
1.687147319316864014e-01
0.000000000000000000e+00
7.511573433876037598e-01
1.652953028678894043e-01
0.000000000000000000e+00
5.595526695251464844e-01
2.013377398252487183e-01
0.000000000000000000e+00
0.000000000000000000e+00
6.744521087966859341e-04
2.637702524662017822e-01
8.626696467399597168e-01
0.000000000000000000e+00
0.000000000000000000e+00
9.578383564949035645e-01
0.000000000000000000e+00
8.652640581130981445e-01
8.086154609918594360e-02
2.066663205623626709e-01
0.000000000000000000e+00
7.384461909532546997e-02
1.421811729669570923e-01
0.000000000000000000e+00
0.000000000000000000e+00
2.421726942062377930e+00
4.857523441314697266e-01
5.084125325083732605e-02
0.000000000000000000e+00
3.232406824827194214e-02
2.895165234804153442e-02
2.279609255492687225e-02
3.431257903575897217e-01
2.507024910300970078e-03
0.000000000000000000e+00
0.000000000000000000e+00
0.000000000000000000e+00
5.345400050282478333e-02
0.000000000000000000e+00
0.000000000000000000e+00
3.928371891379356384e-02
8.388337492942810059e-02
1.785364001989364624e-01
9.801457077264785767e-02
5.478424951434135437e-02
2.066183686256408691e-01
2.409275248646736145e-02
5.299206376075744629e-01
2.346098899841308594e+00
1.206166595220565796e-01
2.883004248142242432e-01
3.441360890865325928e-01
1.052108407020568848e+00
3.972514718770980835e-02
0.000000000000000000e+00
0.000000000000000000e+00
7.037271857261657715e-01
1.160074919462203979e-01
2.957428395748138428e-01
1.107595860958099365e-02
2.630610227584838867e+00
0.000000000000000000e+00
6.410755962133407593e-02
8.404421210289001465e-01
1.743323206901550293e-01
7.171397805213928223e-01
4.910429939627647400e-03
2.771243155002593994e-01
1.176973059773445129e-01
1.436953544616699219e-01
6.860707402229309082e-01
0.000000000000000000e+00
0.000000000000000000e+00
2.769086044281721115e-03
9.981985203921794891e-03
1.152736693620681763e-01
1.550967097282409668e-01
9.795159101486206055e-02
0.000000000000000000e+00
0.000000000000000000e+00
0.000000000000000000e+00
2.726616570726037025e-03
1.914262771606445312e-02
5.675197839736938477e-01
2.766124531626701355e-02
0.000000000000000000e+00
7.083946466445922852e-02
1.650599576532840729e-02
2.985554933547973633e-01
1.739101856946945190e-01
0.000000000000000000e+00
0.000000000000000000e+00
5.680934060364961624e-03
7.869810611009597778e-02
2.428731918334960938e+00
0.000000000000000000e+00
1.503147371113300323e-02
6.321011185646057129e-01
2.334430217742919922e-01
5.293371155858039856e-02
0.000000000000000000e+00
4.618881344795227051e-01
4.183299541473388672e-01
2.991496622562408447e-01
7.050381600856781006e-02
2.001789212226867676e-02
5.693002939224243164e-01
0.000000000000000000e+00
9.607423841953277588e-02
9.165263921022415161e-02
1.899783730506896973e+00
0.000000000000000000e+00
0.000000000000000000e+00
2.452635020017623901e-01
0.000000000000000000e+00
0.000000000000000000e+00
0.000000000000000000e+00
1.070506930351257324e+00
7.416865229606628418e-01
7.034313678741455078e-01
2.537690997123718262e-01
2.697448730468750000e+00
1.177662312984466553e-01
0.000000000000000000e+00
7.915227413177490234e-01
5.120961368083953857e-02
1.610778570175170898e-01
9.807398542761802673e-03
1.426089704036712646e-01
0.000000000000000000e+00
4.191274642944335938e+00
0.000000000000000000e+00
1.115104332566261292e-01
1.717060208320617676e-01
2.062887907028198242e+00
0.000000000000000000e+00
9.171413257718086243e-03
4.848604798316955566e-01
0.000000000000000000e+00
3.975935280323028564e-02
0.000000000000000000e+00
1.015465985983610153e-02
1.852611899375915527e+00
2.668312564492225647e-02
6.309620141983032227e-01
0.000000000000000000e+00
0.000000000000000000e+00
1.050631880760192871e+00
0.000000000000000000e+00
7.023489475250244141e-02
2.901861630380153656e-02
6.361507773399353027e-01
0.000000000000000000e+00
0.000000000000000000e+00
1.056585669517517090e+00
0.000000000000000000e+00
0.000000000000000000e+00
1.227393448352813721e-01
2.841402292251586914e-01
0.000000000000000000e+00
0.000000000000000000e+00
7.141279429197311401e-02
3.517417609691619873e-02
0.000000000000000000e+00
1.115585044026374817e-01
5.894147753715515137e-01
0.000000000000000000e+00
2.787962257862091064e-01
3.306238353252410889e-01
4.104948937892913818e-01
0.000000000000000000e+00
0.000000000000000000e+00
2.034956216812133789e-01
1.843913316726684570e+00
7.173207998275756836e-01
1.791777610778808594e+00
4.479804039001464844e-01
3.727063536643981934e-02
8.148157596588134766e-01
2.538581490516662598e-01
1.531968235969543457e+00
5.727118253707885742e-01
0.000000000000000000e+00
7.188520580530166626e-02
0.000000000000000000e+00
1.669380962848663330e-01
0.000000000000000000e+00
8.617838621139526367e-01
0.000000000000000000e+00
3.935657814145088196e-02
6.120914816856384277e-01
2.070249319076538086e+00
5.863509699702262878e-02
1.456582639366388321e-02
5.256444215774536133e-01
1.841127514839172363e+00
1.188674941658973694e-01
3.248415887355804443e-01
1.105746984481811523e+00
8.888739347457885742e-02
7.929810881614685059e-02
9.730393290519714355e-01
6.667539477348327637e-01
0.000000000000000000e+00
1.153578236699104309e-01
0.000000000000000000e+00
5.168123841285705566e-01
4.650084972381591797e-01
0.000000000000000000e+00
4.370447620749473572e-02
2.116505801677703857e-01
1.393840759992599487e-01
9.537710249423980713e-02
1.480292528867721558e-02
1.297152042388916016e+00
3.138675540685653687e-02
0.000000000000000000e+00
1.169724345207214355e+00
4.104658588767051697e-02
1.330044865608215332e-01
2.664812281727790833e-02
0.000000000000000000e+00
1.005515754222869873e-01
2.178285643458366394e-02
6.344227194786071777e-01
6.711712479591369629e-01
3.207209054380655289e-03
1.932492256164550781e+00
1.371820271015167236e-01
1.427438855171203613e-01
6.306141614913940430e-01
0.000000000000000000e+00
0.000000000000000000e+00
1.341066598892211914e+00
1.443038731813430786e-01
2.894075512886047363e-01
3.379456996917724609e-01
0.000000000000000000e+00
0.000000000000000000e+00
3.066132664680480957e-01
3.865131139755249023e-01
1.934044361114501953e-01
3.616090416908264160e-01
0.000000000000000000e+00
1.172252774238586426e+00
5.809657573699951172e-01
0.000000000000000000e+00
1.930025406181812286e-02
2.171860933303833008e+00
2.499066591262817383e-01
0.000000000000000000e+00
2.577119469642639160e-01
2.509064413607120514e-02
1.764960028231143951e-02
5.100483819842338562e-02
0.000000000000000000e+00
2.374769896268844604e-01
4.979117214679718018e-02
2.501888751983642578e+00
1.106833219528198242e+00
6.348814070224761963e-02
1.205321867018938065e-02
2.823368012905120850e-01
2.299053966999053955e-01
5.172277987003326416e-02
0.000000000000000000e+00
8.497392535209655762e-01
5.590998530387878418e-01
3.958516120910644531e-01
0.000000000000000000e+00
1.827308088541030884e-01
0.000000000000000000e+00
8.069634437561035156e-01
0.000000000000000000e+00
4.602478817105293274e-02
0.000000000000000000e+00
1.758939146995544434e+00
0.000000000000000000e+00
1.316085923463106155e-02
9.427160024642944336e-01
4.929094016551971436e-02
4.013905709143728018e-04
0.000000000000000000e+00
1.342905163764953613e+00
3.389491513371467590e-02
6.941610481590032578e-03
5.408851057291030884e-02
7.113400101661682129e-02
3.201095759868621826e-01
7.721286732703447342e-03
2.367090620100498199e-02
0.000000000000000000e+00
3.142694011330604553e-02
8.644837141036987305e-01
5.347952842712402344e-01
0.000000000000000000e+00
0.000000000000000000e+00
0.000000000000000000e+00
7.579136639833450317e-02
0.000000000000000000e+00
3.487102454528212547e-03
9.156679734587669373e-03
0.000000000000000000e+00
1.769425123929977417e-01
0.000000000000000000e+00
2.233513742685317993e-01
1.038777753710746765e-01
1.817912310361862183e-01
2.814421430230140686e-02
6.616973131895065308e-02
0.000000000000000000e+00
9.957068413496017456e-02
3.474950790405273438e-03
4.515697248280048370e-03
5.955922231078147888e-02
1.900946605019271374e-03
5.564529076218605042e-02
0.000000000000000000e+00
6.680285185575485229e-02
4.948204159736633301e-01
5.334584414958953857e-02
3.526884078979492188e+00
3.154213726520538330e-02
6.504102945327758789e-01
0.000000000000000000e+00
1.446546792984008789e+00
6.387957930564880371e-01
1.948874950408935547e+00
1.047391891479492188e+00
1.438664913177490234e+00
7.161008358001708984e+00
0.000000000000000000e+00
6.389692425727844238e-02
5.740109086036682129e-01
1.430840730667114258e+00
5.020257085561752319e-03
0.000000000000000000e+00
1.790199056267738342e-02
8.382749557495117188e-02
0.000000000000000000e+00
0.000000000000000000e+00
9.687316417694091797e-01
5.107562541961669922e-01
0.000000000000000000e+00
6.514988839626312256e-02
7.093867659568786621e-02
8.183572888374328613e-01
0.000000000000000000e+00
1.452784180641174316e+00
0.000000000000000000e+00
1.299509257078170776e-01
3.284777104854583740e-01
1.103331567719578743e-03
2.884794771671295166e-02
0.000000000000000000e+00
3.001427352428436279e-01
2.025589704513549805e+00
0.000000000000000000e+00
3.042078949511051178e-02
5.742540955543518066e-01
5.518494918942451477e-02
2.284027077257633209e-02
8.478072471916675568e-03
0.000000000000000000e+00
3.839496374130249023e-01
2.951546430587768555e+00
5.552690848708152771e-02
3.178751170635223389e-01
0.000000000000000000e+00
1.271186470985412598e-01
3.445502817630767822e-01
8.286602678708732128e-04
3.071364015340805054e-03
2.600064277648925781e-01
1.142154410481452942e-01
1.179304644465446472e-01
0.000000000000000000e+00
0.000000000000000000e+00
1.322638057172298431e-02
0.000000000000000000e+00
0.000000000000000000e+00
0.000000000000000000e+00
0.000000000000000000e+00
2.258750423789024353e-02
1.171415904536843300e-03
0.000000000000000000e+00
1.589135266840457916e-02
1.038421541452407837e-01
7.994015812873840332e-01
5.622598808258771896e-03
4.474399983882904053e-01
1.575050503015518188e-01
0.000000000000000000e+00
4.721797071397304535e-03
0.000000000000000000e+00
0.000000000000000000e+00
8.354548299394082278e-06
1.231822744011878967e-01
1.483747661113739014e-01
2.047395855188369751e-01
0.000000000000000000e+00
0.000000000000000000e+00
0.000000000000000000e+00
1.312935203313827515e-01
0.000000000000000000e+00
0.000000000000000000e+00
0.000000000000000000e+00
5.743243098258972168e-01
0.000000000000000000e+00
0.000000000000000000e+00
4.420365393161773682e-01
0.000000000000000000e+00
2.782465890049934387e-02
1.626084446907043457e-01
0.000000000000000000e+00
1.369949132204055786e-01
1.087659504264593124e-02
5.137839168310165405e-02
1.085242489352822304e-03
7.987764477729797363e-01
1.889191754162311554e-02
1.705895960330963135e-01
5.178184807300567627e-02
4.400689899921417236e-01
4.725635349750518799e-01
0.000000000000000000e+00
8.492789864540100098e-01
1.900946348905563354e-01
1.604147434234619141e+00
1.619744487106800079e-02
7.762069813907146454e-03
1.373591832816600800e-02
0.000000000000000000e+00
3.307813405990600586e-02
0.000000000000000000e+00
1.173676270991563797e-02
7.156434655189514160e-02
0.000000000000000000e+00
3.681932687759399414e-01
4.961072504520416260e-01
6.123126506805419922e+00
0.000000000000000000e+00
1.602933704853057861e-01
4.971134364604949951e-01
0.000000000000000000e+00
5.722540244460105896e-02
3.015008449554443359e+00
2.686925888061523438e+00
2.142630666494369507e-01
2.523414194583892822e-01
1.214712858200073242e+00
5.505120009183883667e-02
4.338771700859069824e-01
0.000000000000000000e+00
2.430362462997436523e+00
1.473416537046432495e-01
1.998102068901062012e-01
4.713593795895576477e-02
0.000000000000000000e+00
1.237763613462448120e-01
5.499337911605834961e-01
4.521956920623779297e+00
2.603910397738218307e-03
0.000000000000000000e+00
4.325044527649879456e-02
9.014958888292312622e-02
2.746660821139812469e-02
5.052368640899658203e-01
0.000000000000000000e+00
1.261130571365356445e-01
0.000000000000000000e+00
0.000000000000000000e+00
5.567899346351623535e-02
2.496029436588287354e-02
0.000000000000000000e+00
6.186392530798912048e-02
3.531048297882080078e-01
0.000000000000000000e+00
0.000000000000000000e+00
2.756262123584747314e-01
3.543905168771743774e-02
4.175105094909667969e+00
2.755951285362243652e-01
8.151986002922058105e-01
1.331881642341613770e+00
1.049883440136909485e-01
3.743893504142761230e-01
2.023053169250488281e+00
7.427392993122339249e-03
2.826524972915649414e-01
4.278906881809234619e-01
0.000000000000000000e+00
4.063930034637451172e+00
6.880652159452438354e-02
1.499225199222564697e-02
0.000000000000000000e+00
5.606667399406433105e-01
4.708470031619071960e-02
2.300756275653839111e-01
1.940341293811798096e-01
1.664092019200325012e-02
8.003484010696411133e-01
3.166860103607177734e+00
7.492144703865051270e-01
1.892787069082260132e-01
5.637000501155853271e-02
1.105061292648315430e+00
0.000000000000000000e+00
3.021836280822753906e-01
0.000000000000000000e+00
0.000000000000000000e+00
6.215940043330192566e-02
6.931536793708801270e-01
3.034858964383602142e-02
9.149923175573348999e-02
0.000000000000000000e+00
7.678784430027008057e-02
3.296877071261405945e-02
2.034342527389526367e+00
0.000000000000000000e+00
1.156671643257141113e-01
1.948971184901893139e-03
0.000000000000000000e+00
1.536094993352890015e-01
7.983235120773315430e-01
2.025225944817066193e-02
1.555967610329389572e-02
0.000000000000000000e+00
3.068506717681884766e-01
1.611818745732307434e-02
0.000000000000000000e+00
5.106160044670104980e-01
4.304546713829040527e-01
7.955916225910186768e-02
4.097223877906799316e-01
3.641265630722045898e-01
0.000000000000000000e+00
3.690190315246582031e-01
0.000000000000000000e+00
3.409164845943450928e-01
1.740378975868225098e+00
1.464899480342864990e-01
2.405117899179458618e-01
1.010050848126411438e-01
0.000000000000000000e+00
1.969659179449081421e-01
0.000000000000000000e+00
5.517819523811340332e-02
0.000000000000000000e+00
2.060584783554077148e+00
6.949456930160522461e-01
0.000000000000000000e+00
7.845188677310943604e-02
8.684988021850585938e-01
9.339340962469577789e-03
5.527276396751403809e-01
0.000000000000000000e+00
3.131498694419860840e-01
0.000000000000000000e+00
2.174032032489776611e-01
0.000000000000000000e+00
8.610440492630004883e-01
1.646593678742647171e-03
1.992952078580856323e-02
0.000000000000000000e+00
3.152671456336975098e-01
1.202726483345031738e+00
0.000000000000000000e+00
4.012322798371315002e-02
0.000000000000000000e+00
2.842732938006520271e-03
9.983010590076446533e-03
5.046617705374956131e-03
3.746543079614639282e-02
1.595108211040496826e-01
8.257559500634670258e-03
0.000000000000000000e+00
4.264817759394645691e-02
1.646402925252914429e-01
1.474319677799940109e-02
4.966813325881958008e-02
1.446031689643859863e+00
9.168205857276916504e-01
2.538173198699951172e-01
6.293037533760070801e-01
4.337113350629806519e-02
1.023388653993606567e-02
0.000000000000000000e+00
0.000000000000000000e+00
2.823929071426391602e+00
9.564448595046997070e-01
6.172480061650276184e-02
1.778454035520553589e-01
3.451871499419212341e-02
5.034636855125427246e-01
4.414079487323760986e-01
0.000000000000000000e+00
3.924165368080139160e-01
1.416807025671005249e-01
3.198564946651458740e-01
1.123158857226371765e-01
8.775603771209716797e-01
4.496200382709503174e-02
4.985504150390625000e-01
6.175279617309570312e-01
2.407318726181983948e-02
4.490382969379425049e-02
0.000000000000000000e+00
0.000000000000000000e+00
5.324393883347511292e-02
4.777970165014266968e-02
1.890224963426589966e-01
0.000000000000000000e+00
4.111372306942939758e-02
1.649776240810751915e-03
1.366564445197582245e-02
5.356829166412353516e-01
1.514680031687021255e-02
0.000000000000000000e+00
1.885490864515304565e-01
1.442084163427352905e-01
0.000000000000000000e+00
6.256275624036788940e-02
9.176432155072689056e-03
8.831624872982501984e-03
5.694469064474105835e-02
5.390027165412902832e-02
6.782890763133764267e-03
4.095304384827613831e-02
1.177763449959456921e-03
1.824996620416641235e-02
0.000000000000000000e+00
2.103416025638580322e-01
0.000000000000000000e+00
7.497348636388778687e-02
5.206287652254104614e-02
0.000000000000000000e+00
0.000000000000000000e+00
3.250123560428619385e-01
4.033902660012245178e-02
3.534134328365325928e-01
0.000000000000000000e+00
2.349181890487670898e+00
0.000000000000000000e+00
7.470916956663131714e-02
7.280741930007934570e-01
9.500547498464584351e-02
9.433653950691223145e-02
1.042141541838645935e-01
0.000000000000000000e+00
7.477463483810424805e-01
1.919354684650897980e-02
6.059488654136657715e-01
0.000000000000000000e+00
2.477410435676574707e-02
7.066686153411865234e-01
1.301620155572891235e-02
3.514875173568725586e-01
1.428827922791242599e-02
8.848481811583042145e-03
0.000000000000000000e+00
4.680325984954833984e-01
8.559678494930267334e-02
3.973573148250579834e-01
1.121477365493774414e+00
5.337155424058437347e-03
