2.976609945297241211e+00
2.193159818649291992e+00
7.154594361782073975e-02
7.650538682937622070e-01
2.580355703830718994e-01
1.167760610580444336e+00
0.000000000000000000e+00
1.033991724252700806e-01
3.286783397197723389e-01
0.000000000000000000e+00
5.409963130950927734e-01
2.059141874313354492e+00
7.803708910942077637e-01
2.938592620193958282e-02
6.249988675117492676e-01
0.000000000000000000e+00
0.000000000000000000e+00
2.079337835311889648e-01
1.092789053916931152e+00
7.831788063049316406e-01
2.803704440593719482e-01
8.486889600753784180e-01
1.965921968221664429e-01
4.868460595607757568e-01
2.075439691543579102e-01
1.636144518852233887e-02
1.971296966075897217e-01
0.000000000000000000e+00
9.330165386199951172e-01
5.976923108100891113e-01
8.937357664108276367e-01
7.233657836914062500e-01
2.293843030929565430e-01
0.000000000000000000e+00
6.149811148643493652e-01
2.412239648401737213e-02
4.994228780269622803e-01
6.405569612979888916e-02
2.829310297966003418e-01
5.536988973617553711e-01
2.835505008697509766e-01
8.217718452215194702e-02
1.794694364070892334e-02
8.127343058586120605e-01
2.148450613021850586e-01
1.786063313484191895e-01
1.176828984171152115e-02
0.000000000000000000e+00
9.467866271734237671e-02
9.298043325543403625e-03
7.066673636436462402e-01
5.332296490669250488e-01
3.338490799069404602e-02
6.326257586479187012e-01
0.000000000000000000e+00
1.343892335891723633e+00
2.574836136773228645e-03
1.736907847225666046e-02
6.888492405414581299e-02
2.771800160408020020e-01
1.036170870065689087e-01
2.432299256324768066e-01
0.000000000000000000e+00
0.000000000000000000e+00
7.145757079124450684e-01
4.808980524539947510e-01
1.303411275148391724e-01
0.000000000000000000e+00
6.996672600507736206e-02
2.769833505153656006e-01
3.045055150985717773e+00
1.726801097393035889e-01
2.317437976598739624e-01
7.435485720634460449e-01
3.147880733013153076e-01
1.563099771738052368e-01
3.845097720623016357e-01
0.000000000000000000e+00
1.007884144783020020e-01
7.745391875505447388e-02
0.000000000000000000e+00
5.615571886301040649e-02
6.229819655418395996e-01
3.050959706306457520e-01
0.000000000000000000e+00
5.254874825477600098e-01
8.916193991899490356e-02
4.458460807800292969e-01
3.115471452474594116e-02
6.195487827062606812e-02
2.932957708835601807e-01
4.284812137484550476e-02
3.355740383267402649e-02
5.549126267433166504e-01
0.000000000000000000e+00
8.848764896392822266e-01
1.302924156188964844e+00
6.161852180957794189e-02
0.000000000000000000e+00
1.278539419174194336e+00
0.000000000000000000e+00
1.267329454421997070e+00
2.058505862951278687e-01
5.943210124969482422e-01
2.991638183593750000e-01
3.998500704765319824e-01
3.435650169849395752e-01
2.655678689479827881e-01
1.643361598253250122e-01
1.324668433517217636e-02
1.503776550292968750e+00
2.516092956066131592e-01
3.896944820880889893e-01
1.227229833602905273e+00
2.471232563257217407e-01
1.261197924613952637e+00
5.054338648915290833e-02
1.388625055551528931e-01
2.633976936340332031e-01
1.832097917795181274e-01
4.855014756321907043e-02
1.404840469360351562e+00
2.807004749774932861e-01
3.178748786449432373e-01
5.071572959423065186e-02
2.071388810873031616e-02
6.001540645956993103e-02
1.926955819129943848e+00
3.792325407266616821e-02
1.256304141134023666e-02
0.000000000000000000e+00
7.140503823757171631e-02
6.112936139106750488e-01
1.788894772529602051e+00
3.894899785518646240e-01
0.000000000000000000e+00
1.126955077052116394e-01
7.190279960632324219e-01
0.000000000000000000e+00
1.119010299444198608e-01
1.410784292966127396e-02
1.202021446079015732e-02
3.673298051580786705e-03
6.709833443164825439e-02
1.256682444363832474e-02
5.602622032165527344e-02
1.383470743894577026e-01
8.232929706573486328e-01
0.000000000000000000e+00
0.000000000000000000e+00
3.801669359207153320e+00
4.481814503669738770e-01
7.456444948911666870e-02
5.119171366095542908e-02
8.324984908103942871e-01
2.223476469516754150e-01
1.254656314849853516e-01
1.639767140150070190e-01
1.898890137672424316e-01
4.175783693790435791e-01
1.425083875656127930e-01
4.172234535217285156e-01
3.021430373191833496e-01
2.398500889539718628e-01
2.504104375839233398e-01
3.054764820262789726e-03
2.852398436516523361e-03
0.000000000000000000e+00
4.577499628067016602e-01
5.236869454383850098e-01
2.147390246391296387e-01
1.688071060925722122e-03
0.000000000000000000e+00
1.985347867012023926e+00
8.412559032440185547e-01
1.134832620620727539e+00
1.118611395359039307e-01
9.560095071792602539e-01
6.787414103746414185e-02
6.868845224380493164e-01
1.369108557701110840e-01
1.813606917858123779e-02
4.548673331737518311e-01
2.079809427261352539e+00
0.000000000000000000e+00
0.000000000000000000e+00
8.912174701690673828e-01
1.585448622703552246e+00
4.502054303884506226e-03
8.338518440723419189e-02
4.642419219017028809e-01
0.000000000000000000e+00
2.332981348037719727e+00
9.244102239608764648e-01
1.207665875554084778e-01
4.149489477276802063e-02
1.408775448799133301e-01
1.861673951148986816e+00
9.239149838685989380e-02
2.520478367805480957e-01
3.140444159507751465e-01
1.577421724796295166e-01
8.591766655445098877e-02
1.223935127258300781e+00
0.000000000000000000e+00
1.840463727712631226e-01
0.000000000000000000e+00
3.517555594444274902e-01
2.439758554100990295e-02
0.000000000000000000e+00
7.668968439102172852e-01
2.176905721426010132e-01
4.212769865989685059e-01
3.054143488407135010e-02
1.322826296091079712e-01
8.637074232101440430e-01
8.065400123596191406e-01
4.690326005220413208e-02
1.445457935333251953e-01
1.645307391881942749e-01
8.218495845794677734e-01
0.000000000000000000e+00
0.000000000000000000e+00
7.012255191802978516e-01
8.392215520143508911e-02
1.189224496483802795e-01
4.923730343580245972e-02
4.415190964937210083e-02
8.108124732971191406e-01
3.705404698848724365e-01
1.189973130822181702e-01
1.337977685034275055e-02
3.054015040397644043e-01
1.726461291313171387e+00
2.331305481493473053e-02
2.991325163748115301e-04
4.616239964962005615e-01
0.000000000000000000e+00
1.104905724525451660e+00
7.829387187957763672e-01
4.135035350918769836e-02
2.874950468540191650e-01
1.108179986476898193e-01
5.418234318494796753e-02
3.005355596542358398e-01
7.669733166694641113e-01
7.125950455665588379e-01
4.995107054710388184e-01
9.830143451690673828e-01
1.527016311883926392e-01
0.000000000000000000e+00
0.000000000000000000e+00
1.362140369415283203e+01
1.524717211723327637e-01
0.000000000000000000e+00
3.394652530550956726e-02
2.074314951896667480e-01
3.132534772157669067e-02
1.807384610176086426e+00
3.303245306015014648e-01
1.679166778922080994e-02
0.000000000000000000e+00
6.987905502319335938e-02
1.839512586593627930e-01
4.460335671901702881e-01
1.340898573398590088e-01
1.252954244613647461e+00
2.438126206398010254e-01
2.690196633338928223e-01
1.555252522230148315e-01
7.098189592361450195e-01
4.609840512275695801e-01
0.000000000000000000e+00
1.448100060224533081e-01
0.000000000000000000e+00
6.390100717544555664e-01
4.887795448303222656e-02
3.431782722473144531e-01
0.000000000000000000e+00
2.553780078887939453e-01
3.964967280626296997e-02
3.171106576919555664e-01
4.753060936927795410e-01
5.337005853652954102e-01
8.886917494237422943e-03
1.587978601455688477e+00
5.250092595815658569e-02
1.342166960239410400e-01
0.000000000000000000e+00
8.408202230930328369e-02
0.000000000000000000e+00
0.000000000000000000e+00
1.283988654613494873e-01
5.876240730285644531e-01
2.124093174934387207e-01
0.000000000000000000e+00
6.850590705871582031e-01
2.678356170654296875e-01
3.105143606662750244e-01
1.888529956340789795e-01
0.000000000000000000e+00
0.000000000000000000e+00
0.000000000000000000e+00
1.714111417531967163e-01
8.773677051067352295e-02
2.519511878490447998e-01
2.940021082758903503e-02
3.843921720981597900e-01
5.654327198863029480e-02
2.266102075576782227e+00
1.220593094825744629e+00
7.381809502840042114e-02
2.022217512130737305e+00
7.428424060344696045e-02
7.207669783383607864e-03
5.182345211505889893e-02
2.233363538980484009e-01
9.479624032974243164e-01
0.000000000000000000e+00
0.000000000000000000e+00
1.317960619926452637e-01
5.107172764837741852e-04
6.249364465475082397e-02
4.313424695283174515e-03
6.331261992454528809e-02
3.365294635295867920e-02
2.455708980560302734e-01
1.258679509162902832e+00
4.474385827779769897e-02
2.283663004636764526e-01
1.319206357002258301e-01
0.000000000000000000e+00
1.028587341308593750e+00
3.158011436462402344e-01
0.000000000000000000e+00
5.886765662580728531e-03
0.000000000000000000e+00
3.845665231347084045e-02
2.655795574188232422e+00
3.151323497295379639e-01
2.154882669448852539e+00
4.198006093502044678e-01
1.500568240880966187e-01
5.987804755568504333e-02
5.517616122961044312e-02
3.606403470039367676e-01
4.576902687549591064e-01
0.000000000000000000e+00
6.335808038711547852e-01
1.399783372879028320e+00
1.089006438851356506e-01
8.843238651752471924e-02
5.164045810699462891e+00
5.505890250205993652e-01
1.288514956831932068e-02
0.000000000000000000e+00
5.641973018646240234e-01
6.375437229871749878e-02
3.970206081867218018e-01
0.000000000000000000e+00
1.919447481632232666e-01
2.032761275768280029e-01
0.000000000000000000e+00
7.407359480857849121e-01
5.010193586349487305e-01
7.990738153457641602e-01
1.263630270957946777e+00
1.948827505111694336e+00
2.214151062071323395e-02
1.326682628132402897e-03
3.994638919830322266e-01
2.345647066831588745e-01
5.707207322120666504e-01
6.176128052175045013e-03
1.008343696594238281e+00
1.297520041465759277e+00
7.520104050636291504e-01
6.192886233329772949e-01
5.021991580724716187e-02
8.990986645221710205e-02
4.793389700353145599e-03
1.666096854023635387e-03
1.496447324752807617e-01
2.470136433839797974e-01
2.948387384414672852e+00
2.472229003906250000e-01
0.000000000000000000e+00
8.777984231710433960e-02
0.000000000000000000e+00
1.377565599977970123e-02
3.294358775019645691e-02
1.091651022434234619e-01
0.000000000000000000e+00
3.583674430847167969e-01
3.518615961074829102e-01
5.518530011177062988e-01
6.015279889106750488e-01
7.634274363517761230e-01
2.249255403876304626e-02
4.371477663516998291e-01
2.834827303886413574e-01
7.612303644418716431e-02
1.477609127759933472e-01
3.136607408523559570e-01
9.624559283256530762e-01
4.958281040191650391e+00
0.000000000000000000e+00
0.000000000000000000e+00
6.481963396072387695e-02
6.348207592964172363e-01
2.971598505973815918e-02
0.000000000000000000e+00
5.324258804321289062e-01
1.408897340297698975e-01
1.195936948060989380e-01
0.000000000000000000e+00
0.000000000000000000e+00
1.937579177320003510e-02
4.265618920326232910e-01
2.221447601914405823e-02
5.264908820390701294e-02
4.952862739562988281e+00
2.329388409852981567e-01
0.000000000000000000e+00
7.883812785148620605e-01
4.312880337238311768e-01
0.000000000000000000e+00
5.595623701810836792e-02
2.661977410316467285e-01
1.437103271484375000e+00
2.188102602958679199e-01
4.529693126678466797e-01
4.536957144737243652e-01
0.000000000000000000e+00
1.961338706314563751e-02
1.029835700988769531e+00
4.249756336212158203e-01
2.731659449636936188e-02
4.416403546929359436e-02
1.700360700488090515e-02
6.884723901748657227e-02
0.000000000000000000e+00
4.587165266275405884e-02
1.499644041061401367e+00
6.728176772594451904e-02
0.000000000000000000e+00
1.714761182665824890e-02
3.493179559707641602e+00
5.499540567398071289e-01
8.997733891010284424e-02
1.768211007118225098e+00
3.574796766042709351e-02
5.049244165420532227e-01
1.451829224824905396e-01
1.246842622756958008e+00
8.868657052516937256e-02
1.487455051392316818e-02
6.706306934356689453e-01
6.047964561730623245e-04
7.285288535058498383e-03
0.000000000000000000e+00
4.842742085456848145e-01
9.121816754341125488e-01
5.575335398316383362e-02
2.984589710831642151e-02
1.076307147741317749e-03
6.741953492164611816e-01
3.958215471357107162e-03
8.884321153163909912e-02
1.286633253097534180e+00
3.694992363452911377e-01
0.000000000000000000e+00
3.193481862545013428e-01
8.890553563833236694e-02
1.744046509265899658e-01
0.000000000000000000e+00
2.180576883256435394e-02
0.000000000000000000e+00
6.679546833038330078e-02
3.268219232559204102e-01
2.162637710571289062e+00
2.108802832663059235e-02
3.435200154781341553e-01
4.410504698753356934e-01
0.000000000000000000e+00
8.547164201736450195e-01
1.550832986831665039e-01
1.365085039287805557e-02
2.887876331806182861e-01
8.282213211059570312e-01
5.590505897998809814e-03
3.452715873718261719e-01
1.639431715011596680e-01
5.972816944122314453e-01
6.433072034269571304e-03
7.846126332879066467e-03
6.360379457473754883e-01
8.131381273269653320e-01
2.174619883298873901e-01
2.740114033222198486e-01
1.835956722497940063e-01
5.995972156524658203e-01
7.301155924797058105e-01
5.206976784393191338e-04
1.585139036178588867e-01
1.064859107136726379e-01
5.275373458862304688e-01
7.781817764043807983e-02
4.067805409431457520e-01
6.159255027770996094e+00
1.991908401250839233e-01
2.939445972442626953e-01
1.161609053611755371e+00
8.709383755922317505e-02
0.000000000000000000e+00
4.335803538560867310e-02
0.000000000000000000e+00
0.000000000000000000e+00
0.000000000000000000e+00
9.148269891738891602e-02
8.325936198234558105e-01
6.260040402412414551e-01
6.335710883140563965e-01
0.000000000000000000e+00
5.955375432968139648e-01
1.315502449870109558e-02
0.000000000000000000e+00
0.000000000000000000e+00
1.643115878105163574e-01
3.412400484085083008e-01
1.367939710617065430e-01
1.114598274230957031e+00
0.000000000000000000e+00
7.244008034467697144e-02
0.000000000000000000e+00
4.012054204940795898e-02
1.057676672935485840e+00
1.580964773893356323e-01
3.895109146833419800e-02
0.000000000000000000e+00
0.000000000000000000e+00
3.715929985046386719e-01
3.143170475959777832e-01
1.089257240295410156e+00
2.061195671558380127e-02
3.029715036973357201e-03
7.633976638317108154e-03
1.173054799437522888e-01
3.773268759250640869e-01
3.443544805049896240e-01
0.000000000000000000e+00
2.725734412670135498e-01
0.000000000000000000e+00
9.837958030402660370e-03
2.640081405639648438e+00
1.206060409545898438e+00
1.882270537316799164e-02
2.857072353363037109e-01
2.101369857788085938e+00
8.761799335479736328e-01
2.091697007417678833e-01
3.450917601585388184e-01
1.029383540153503418e+00
8.815793693065643311e-02
2.828450798988342285e-01
0.000000000000000000e+00
5.504352599382400513e-02
0.000000000000000000e+00
6.259987503290176392e-02
0.000000000000000000e+00
7.276379466056823730e-01
8.415590226650238037e-02
0.000000000000000000e+00
1.620823144912719727e-02
2.751351892948150635e-01
2.959252119064331055e+00
2.345824092626571655e-01
2.353291034698486328e+00
5.573638081550598145e-01
1.276222467422485352e+00
3.498696908354759216e-02
2.337475866079330444e-01
8.300346136093139648e-01
1.034353494644165039e+00
4.546566903591156006e-01
1.769050359725952148e-01
1.215663645416498184e-02
3.804625272750854492e-01
3.272857517004013062e-02
1.825324445962905884e-01
2.450887709856033325e-01
3.073455691337585449e-01
2.519980669021606445e-01
6.372963786125183105e-01
1.831276528537273407e-02
1.616016775369644165e-02
1.361383348703384399e-01
1.624722778797149658e-01
3.005166649818420410e-01
4.278491064906120300e-02
1.047868467867374420e-02
9.453610330820083618e-02
1.008742079138755798e-01
0.000000000000000000e+00
5.955891609191894531e-01
3.787479698657989502e-01
9.934769272804260254e-01
0.000000000000000000e+00
1.710696965456008911e-01
4.492122679948806763e-02
3.642187416553497314e-01
4.881921410560607910e-02
2.729617953300476074e-01
1.461064070463180542e-01
2.362408190965652466e-01
2.045495435595512390e-02
2.497519254684448242e+00
5.538099408149719238e-01
7.633486390113830566e-01
0.000000000000000000e+00
8.003491908311843872e-02
0.000000000000000000e+00
2.210471630096435547e+00
8.888691663742065430e-02
2.412584722042083740e-01
7.151892781257629395e-01
0.000000000000000000e+00
1.244848132133483887e+00
5.445573925971984863e-01
1.294944286346435547e+00
1.930661499500274658e-01
4.063783562742173672e-04
0.000000000000000000e+00
9.183238148689270020e-01
0.000000000000000000e+00
1.153687596321105957e+00
3.977491334080696106e-02
7.620345354080200195e-01
1.470888704061508179e-01
2.477382682263851166e-02
1.268626600503921509e-01
0.000000000000000000e+00
2.868886291980743408e-01
2.288636922836303711e+00
4.099340140819549561e-01
1.925114035606384277e+00
2.545734308660030365e-02
1.736052393913269043e+00
7.644946873188018799e-02
1.111228913068771362e-01
8.228470683097839355e-01
4.157505556941032410e-02
1.290625214576721191e+00
0.000000000000000000e+00
1.534564852714538574e+00
1.048253476619720459e-02
1.070165410637855530e-01
2.854909300804138184e-01
5.189074277877807617e-01
2.629845142364501953e-01
4.768545180559158325e-02
2.039789676666259766e+00
7.768320292234420776e-02
9.898199141025543213e-02
5.370633602142333984e-01
1.128651667386293411e-02
0.000000000000000000e+00
1.224902719259262085e-01
1.110158324241638184e+00
4.543885961174964905e-02
1.950692683458328247e-01
1.119485139846801758e+00
3.115137100219726562e+00
7.167398929595947266e-01
6.730043888092041016e-02
5.554455757141113281e+00
2.641488015651702881e-01
0.000000000000000000e+00
0.000000000000000000e+00
4.147355854511260986e-01
0.000000000000000000e+00
5.521992444992065430e-01
8.108404278755187988e-01
2.772195339202880859e-01
8.727247118949890137e-01
4.381898418068885803e-02
0.000000000000000000e+00
7.769937515258789062e-01
7.987647652626037598e-01
2.709875583648681641e+00
2.828864753246307373e-02
1.604780912399291992e+00
0.000000000000000000e+00
0.000000000000000000e+00
4.714158177375793457e-01
2.363407798111438751e-02
1.072040107101202011e-02
3.189724981784820557e-01
6.298802793025970459e-02
0.000000000000000000e+00
4.449673462659120560e-03
2.900258004665374756e-01
1.454970538616180420e-01
1.003416106104850769e-01
2.638801932334899902e-03
7.582766413688659668e-01
0.000000000000000000e+00
1.367276072502136230e+00
1.051685400307178497e-02
0.000000000000000000e+00
1.326103806495666504e+00
5.499492883682250977e-01
0.000000000000000000e+00
0.000000000000000000e+00
4.854679584503173828e+00
0.000000000000000000e+00
1.130491971969604492e+00
3.262158632278442383e-01
4.262829124927520752e-01
1.484395712614059448e-01
8.142204582691192627e-02
4.113102257251739502e-01
7.381645590066909790e-02
2.292721569538116455e-01
0.000000000000000000e+00
0.000000000000000000e+00
7.271790504455566406e-01
3.357360959053039551e-01
2.594517171382904053e-01
0.000000000000000000e+00
1.782428920269012451e-01
1.223957538604736328e+00
1.129044771194458008e+00
1.637203574180603027e+00
1.156471848487854004e+00
9.188275933265686035e-01
2.438758164644241333e-01
0.000000000000000000e+00
0.000000000000000000e+00
1.059155389666557312e-01
1.125911623239517212e-01
0.000000000000000000e+00
5.808528900146484375e+00
4.388771206140518188e-02
5.170035362243652344e-01
2.104956805706024170e-01
4.284868836402893066e-01
3.115506283938884735e-02
3.716063126921653748e-02
7.421029359102249146e-02
1.922638416290283203e-01
1.613871932029724121e+00
4.789160192012786865e-01
2.455721646547317505e-01
2.234519273042678833e-02
1.260118633508682251e-01
2.750067412853240967e-02
3.197070062160491943e-01
4.494037013500928879e-03
8.330173790454864502e-02
3.052718043327331543e-01
2.510520815849304199e-01
2.780651569366455078e+00
2.455665171146392822e-02
0.000000000000000000e+00
3.795618772506713867e+00
1.738185137510299683e-01
6.329874992370605469e-01
5.467119440436363220e-02
1.634954474866390228e-02
0.000000000000000000e+00
0.000000000000000000e+00
1.075328588485717773e-01
0.000000000000000000e+00
1.000024825334548950e-01
1.934485696256160736e-02
6.162320822477340698e-02
7.474191784858703613e-01
2.185112535953521729e-01
9.197784662246704102e-01
6.972964406013488770e-01
1.434723474085330963e-02
5.251842737197875977e-01
2.485267259180545807e-02
1.027341112494468689e-01
1.070605874061584473e+00
0.000000000000000000e+00
7.965891361236572266e-01
6.347670555114746094e-01
2.192527651786804199e-01
9.515235573053359985e-02
2.915885746479034424e-01
2.197960391640663147e-02
4.886573553085327148e-02
2.274630963802337646e-01
2.989588864147663116e-02
3.572591245174407959e-01
9.361262321472167969e-01
4.369590282440185547e-01
2.084927111864089966e-01
6.300296634435653687e-02
5.774943158030509949e-02
5.809099078178405762e-01
3.008360564708709717e-01
4.540455043315887451e-01
0.000000000000000000e+00
7.362634539604187012e-01
6.114537715911865234e-01
9.467621147632598877e-02
3.041695952415466309e-01
3.561384603381156921e-02
0.000000000000000000e+00
4.850039958953857422e+00
1.451388120651245117e+00
7.206411659717559814e-02
3.111672639846801758e+00
1.269926309585571289e+00
1.163131833076477051e+00
3.286348581314086914e-01
1.688030809164047241e-01
0.000000000000000000e+00
5.429226756095886230e-01
3.341050148010253906e-01
3.163155615329742432e-01
3.059234656393527985e-02
1.258302200585603714e-02
2.740450799465179443e-01
8.642484992742538452e-02
1.204161532223224640e-02
7.028549313545227051e-01
5.617212653160095215e-01
2.729094326496124268e-01
9.780675172805786133e-02
1.260303735733032227e+00
1.850951015949249268e-01
0.000000000000000000e+00
1.355638653039932251e-01
0.000000000000000000e+00
1.079400330781936646e-01
4.306282848119735718e-02
2.963538840413093567e-02
0.000000000000000000e+00
0.000000000000000000e+00
2.563124001026153564e-01
3.832165151834487915e-03
1.983252316713333130e-01
6.728459000587463379e-01
3.275263905525207520e-01
2.433533221483230591e-01
5.291737318038940430e-01
9.049428701400756836e-01
5.777384042739868164e-01
5.383006334304809570e-01
7.939419895410537720e-02
6.307713985443115234e-01
8.384307473897933960e-02
3.713334321975708008e+00
0.000000000000000000e+00
1.435886472463607788e-01
4.351131021976470947e-01
3.564740121364593506e-01
8.278262615203857422e-02
4.603454768657684326e-01
8.418411761522293091e-02
9.829503484070301056e-03
2.636747360229492188e+00
2.710787951946258545e-01
1.070830449461936951e-01
4.581977054476737976e-02
2.700106501579284668e-01
9.822851279750466347e-04
1.362924426794052124e-01
8.520974963903427124e-02
2.181809842586517334e-01
0.000000000000000000e+00
1.783691812306642532e-03
9.462745189666748047e-01
1.669122219085693359e+00
2.149148285388946533e-01
7.222730666399002075e-02
7.670801877975463867e-02
0.000000000000000000e+00
2.137516885995864868e-01
4.735608100891113281e-01
1.032027363777160645e+00
5.201475024223327637e-01
1.441923230886459351e-01
1.026848912239074707e+00
2.462041854858398438e+00
1.172439008951187134e-01
5.363443493843078613e-01
1.723498106002807617e-01
1.296576261520385742e-01
5.483121424913406372e-02
9.366097860038280487e-03
9.620735049247741699e-01
4.232827574014663696e-02
3.164697289466857910e-01
2.390021272003650665e-02
2.216708064079284668e-01
0.000000000000000000e+00
6.416401863098144531e-01
2.719096243381500244e-01
2.044652253389358521e-01
2.073344707489013672e+00
0.000000000000000000e+00
2.394072897732257843e-02
8.870629966259002686e-02
6.862888485193252563e-02
2.440961003303527832e-01
1.622480340301990509e-02
1.182061582803726196e-01
3.530616760253906250e-01
2.445522993803024292e-01
1.212956786155700684e+00
9.933095574378967285e-01
1.161051869392395020e+00
3.027099650353193283e-03
0.000000000000000000e+00
2.445138245820999146e-02
1.470273017883300781e+00
2.868750831112265587e-03
4.160560369491577148e-01
2.015446126461029053e-02
2.666345238685607910e-01
2.094806730747222900e-01
0.000000000000000000e+00
5.320108532905578613e-01
5.047025531530380249e-02
4.254441261291503906e-01
1.643354892730712891e-01
2.142076969146728516e+00
5.725394561886787415e-02
1.162770271301269531e+00
1.043023094534873962e-01
3.609723448753356934e-01
9.807835519313812256e-02
1.657121069729328156e-02
5.257027626037597656e+00
3.750836253166198730e-01
1.082743763923645020e+00
3.361833095550537109e-01
4.781443253159523010e-02
1.810010224580764771e-01
2.568832337856292725e-01
2.356462329626083374e-01
4.653887450695037842e-02
0.000000000000000000e+00
4.563879668712615967e-01
3.115573711693286896e-02
0.000000000000000000e+00
4.595813453197479248e-01
0.000000000000000000e+00
2.895941972732543945e+00
5.755729675292968750e-01
0.000000000000000000e+00
8.028685301542282104e-02
1.157950051128864288e-02
1.361808896064758301e+00
0.000000000000000000e+00
4.217899739742279053e-01
1.969089172780513763e-02
0.000000000000000000e+00
1.072281226515769958e-01
2.291942536830902100e-01
0.000000000000000000e+00
3.601548075675964355e-02
1.661762148141860962e-01
1.654734909534454346e-01
0.000000000000000000e+00
1.685226708650588989e-02
9.705089777708053589e-02
0.000000000000000000e+00
8.047869801521301270e-01
0.000000000000000000e+00
4.565505087375640869e-01
2.136338502168655396e-02
3.802212476730346680e+00
1.227134585380554199e+00
0.000000000000000000e+00
0.000000000000000000e+00
1.011204361915588379e+00
0.000000000000000000e+00
1.089562416076660156e+00
0.000000000000000000e+00
1.365821361541748047e-01
1.530775785446166992e+00
1.986262947320938110e-02
6.082240343093872070e-01
2.412009052932262421e-02
4.414918422698974609e-01
1.657574474811553955e-01
3.223287761211395264e-01
0.000000000000000000e+00
3.017052114009857178e-01
5.588522553443908691e-02
8.726008981466293335e-02
2.061223387718200684e-01
5.048084259033203125e-01
1.971937343478202820e-02
1.913439035415649414e+00
0.000000000000000000e+00
3.487158119678497314e-01
1.492617726325988770e-01
1.462302207946777344e+00
0.000000000000000000e+00
8.516817092895507812e-01
1.877815872430801392e-01
7.926678657531738281e-01
2.214872837066650391e-01
0.000000000000000000e+00
2.602927684783935547e-01
6.990458965301513672e-01
1.978991031646728516e-01
0.000000000000000000e+00
1.623046845197677612e-01
1.387159526348114014e-01
3.506004512310028076e-01
5.623714253306388855e-02
3.477737188339233398e+00
2.481225878000259399e-01
2.339693754911422729e-01
8.666672743856906891e-03
5.910946369171142578e+00
1.356750011444091797e+00
2.973222136497497559e-01
3.145175427198410034e-02
0.000000000000000000e+00
8.167852461338043213e-02
7.819572091102600098e-01
1.337859630584716797e-01
8.084179759025573730e-01
2.632391452789306641e-01
4.631843417882919312e-03
1.008345961570739746e+00
1.812142848968505859e+00
3.591502308845520020e-01
3.873667418956756592e-01
1.049385428428649902e+00
0.000000000000000000e+00
1.269535720348358154e-01
1.343569308519363403e-01
5.000056624412536621e-01
9.600014090538024902e-01
8.729113638401031494e-02
5.578473675996065140e-03
1.439316384494304657e-02
9.844624996185302734e-01
5.562284216284751892e-02
2.091640532016754150e-01
6.457251906394958496e-01
2.916491508483886719e+00
0.000000000000000000e+00
1.372401863336563110e-01
4.973648488521575928e-02
2.442412078380584717e-02
0.000000000000000000e+00
2.398110777139663696e-01
5.179550051689147949e-01
3.644126653671264648e-02
8.253257870674133301e-01
5.852575600147247314e-02
8.483654022216796875e+00
5.952862277626991272e-02
9.584249556064605713e-02
0.000000000000000000e+00
0.000000000000000000e+00
2.445628941059112549e-01
8.298034667968750000e-01
1.764679998159408569e-01
0.000000000000000000e+00
4.556660056114196777e-01
0.000000000000000000e+00
0.000000000000000000e+00
2.918566018342971802e-02
0.000000000000000000e+00
2.080078840255737305e+00
2.707190215587615967e-01
0.000000000000000000e+00
9.538627266883850098e-01
3.362273797392845154e-03
5.718455910682678223e-01
2.684743516147136688e-02
0.000000000000000000e+00
4.707912504673004150e-01
6.124134659767150879e-01
2.007032155990600586e+00
6.434609293937683105e-01
2.451560497283935547e+00
1.821672543883323669e-02
1.750372536480426788e-02
1.020824313163757324e+00
1.108499765396118164e+00
1.203061714768409729e-01
3.300930932164192200e-02
5.743716359138488770e-01
1.143165111541748047e+00
7.147286552935838699e-03
2.900173068046569824e-01
0.000000000000000000e+00
2.944624722003936768e-01
2.087044268846511841e-01
1.952002048492431641e+00
3.155000209808349609e-01
1.030591875314712524e-01
0.000000000000000000e+00
0.000000000000000000e+00
5.848558247089385986e-02
6.668233871459960938e-01
2.863982915878295898e-01
1.274654865264892578e-01
1.085212111473083496e+00
7.192909717559814453e-01
1.312472671270370483e-01
3.330191075801849365e-01
1.772505640983581543e-01
4.577957987785339355e-01
3.687510732561349869e-03
7.120985984802246094e-01
8.974715322256088257e-02
4.317731380462646484e+00
1.161450505256652832e+00
1.552409306168556213e-02
3.436197638511657715e-01
6.027895212173461914e-01
2.907686531543731689e-01
5.117118954658508301e-01
1.068171858787536621e+00
7.663968801498413086e-01
9.118119254708290100e-03
1.337512768805027008e-02
6.144162416458129883e-01
4.718215465545654297e-01
9.388409852981567383e-01
3.502260446548461914e-01
0.000000000000000000e+00
4.305865988135337830e-02
0.000000000000000000e+00
8.794647641479969025e-03
2.003806829452514648e+00
9.019378423690795898e-01
1.426392644643783569e-01
1.310182362794876099e-01
3.352406620979309082e-01
1.101145029067993164e+00
7.296338677406311035e-02
6.426899880170822144e-02
3.410513699054718018e-02
5.863685011863708496e-01
2.364279702305793762e-02
1.874441839754581451e-02
5.716357231140136719e-01
6.666969656944274902e-01
2.443971782922744751e-01
2.463584423065185547e+00
1.964516490697860718e-01
6.719025373458862305e-01
0.000000000000000000e+00
2.908715307712554932e-01
0.000000000000000000e+00
7.125836331397294998e-03
6.672893166542053223e-01
1.954987877979874611e-03
0.000000000000000000e+00
3.484952449798583984e+00
6.883834600448608398e-01
4.969417154788970947e-01
3.739012777805328369e-01
1.938308477401733398e-01
1.470836549997329712e-01
0.000000000000000000e+00
4.270577430725097656e-02
1.124628111720085144e-01
1.731179714202880859e+00
1.111412048339843750e-01
4.459586143493652344e+00
0.000000000000000000e+00
1.401646621525287628e-02
1.501670479774475098e+00
4.506743513047695160e-03
8.399200439453125000e-02
7.564226984977722168e-01
5.959372594952583313e-02
2.678711526095867157e-02
5.218374542891979218e-03
0.000000000000000000e+00
3.124352991580963135e-01
4.236295223236083984e+00
8.704141378402709961e-01
1.680733919143676758e+00
1.410876035690307617e+00
6.680837832391262054e-03
1.320464909076690674e-02
9.596543759107589722e-02
3.461050614714622498e-02
1.425331711769104004e+00
4.206490889191627502e-02
0.000000000000000000e+00
9.033042788505554199e-01
6.468604207038879395e-01
0.000000000000000000e+00
2.487949877977371216e-01
4.381320998072624207e-02
4.951342940330505371e-02
6.124282255768775940e-02
4.720795527100563049e-02
2.875770330429077148e+00
3.282349929213523865e-02
2.405121922492980957e-02
9.722789376974105835e-02
4.987538233399391174e-02
5.864284466952085495e-03
1.177924424409866333e-01
0.000000000000000000e+00
6.351867318153381348e-02
1.832785129547119141e+00
0.000000000000000000e+00
1.214707732200622559e+00
2.104375511407852173e-02
1.763702183961868286e-02
6.735938787460327148e-01
5.260972380638122559e-01
2.166017740964889526e-01
2.694017887115478516e-01
9.703468531370162964e-02
7.792136818170547485e-02
6.623163223266601562e-01
6.456848978996276855e-01
3.116877079010009766e-01
4.264574497938156128e-02
4.130786955356597900e-01
2.013428509235382080e-01
1.131809949874877930e+00
1.214404702186584473e+00
4.264275431632995605e-01
1.029282212257385254e-01
1.377611756324768066e-01
8.325681090354919434e-01
0.000000000000000000e+00
3.494943957775831223e-03
0.000000000000000000e+00
2.454979121685028076e-01
6.245702505111694336e-01
6.304292678833007812e-01
9.300301969051361084e-02
3.643516451120376587e-02
0.000000000000000000e+00
9.989387392997741699e-01
6.790310740470886230e-01
1.579281538724899292e-01
7.281928509473800659e-02
2.270654439926147461e+00
3.146594855934381485e-03
4.589117690920829773e-02
0.000000000000000000e+00
6.233853101730346680e-01
7.073643803596496582e-02
3.040134310722351074e-01
1.445205882191658020e-03
9.205688834190368652e-01
3.270147562026977539e+00
1.353841871023178101e-01
1.449369341135025024e-01
1.235329151153564453e+00
7.035741806030273438e-01
8.904813230037689209e-02
9.651819616556167603e-02
1.338797688484191895e+00
2.109096646308898926e-01
2.031742185354232788e-01
0.000000000000000000e+00
2.823906838893890381e-01
2.796121597290039062e+00
1.976389437913894653e-01
4.629265144467353821e-02
4.613871872425079346e-02
5.288447067141532898e-02
0.000000000000000000e+00
9.326105564832687378e-02
6.262756139039993286e-02
9.885348677635192871e-01
4.707162380218505859e-01
1.345738321542739868e-01
3.017522394657135010e-01
1.569456011056900024e-01
0.000000000000000000e+00
2.321456000208854675e-02
0.000000000000000000e+00
3.680450618267059326e-01
1.701703369617462158e-01
5.972549915313720703e-01
0.000000000000000000e+00
2.645913660526275635e-01
0.000000000000000000e+00
3.117326498031616211e-01
7.464762777090072632e-02
2.257520519196987152e-02
1.083975192159414291e-02
2.192002721130847931e-02
2.951400518417358398e+00
4.553959239274263382e-03
6.003848314285278320e-01
1.876190751791000366e-01
2.029127180576324463e-01
7.280237972736358643e-02
1.157022714614868164e+00
3.238480091094970703e-01
1.490087389945983887e+00
1.553066819906234741e-01
0.000000000000000000e+00
6.762868259102106094e-03
3.264595940709114075e-02
5.126924067735671997e-02
2.062137424945831299e-01
1.311672925949096680e+00
1.338628027588129044e-02
5.355125069618225098e-01
0.000000000000000000e+00
1.893582195043563843e-01
4.802243411540985107e-01
1.713296473026275635e-01
0.000000000000000000e+00
9.288828372955322266e-01
5.645223855972290039e-01
3.929269313812255859e-02
0.000000000000000000e+00
0.000000000000000000e+00
2.928082644939422607e-02
2.074969112873077393e-01
4.631874561309814453e-01
8.597273826599121094e-01
0.000000000000000000e+00
3.967106342315673828e+00
8.678934574127197266e-01
4.955458268523216248e-02
2.718820869922637939e-01
2.450944483280181885e-02
1.197393760085105896e-01
4.759005270898342133e-03
1.074714779853820801e+00
4.570073187351226807e-01
2.575726807117462158e-02
1.899462938308715820e-02
1.448574811220169067e-01
1.281872391700744629e-01
3.477140665054321289e-01
0.000000000000000000e+00
4.055119305849075317e-02
3.154282271862030029e-02
1.102558970451354980e+00
2.724395506083965302e-02
2.786542177200317383e-01
2.498733997344970703e-02
1.331476330757141113e+00
8.163392543792724609e-02
8.337397575378417969e-01
4.061021655797958374e-02
0.000000000000000000e+00
2.029393240809440613e-02
1.325278162956237793e+00
7.683935165405273438e-01
3.938339278101921082e-02
7.957849502563476562e-01
0.000000000000000000e+00
0.000000000000000000e+00
4.139479696750640869e-01
5.462209507822990417e-02
3.177762031555175781e-01
1.555394730530679226e-03
0.000000000000000000e+00
3.862177729606628418e-01
1.991522312164306641e+00
2.437640666961669922e+00
2.836726307868957520e-01
6.485509872436523438e-01
1.863769292831420898e-01
2.108066380023956299e-01
3.774413168430328369e-01
3.060429729521274567e-02
6.667058169841766357e-02
1.807887315750122070e+00
5.117029190063476562e+00
3.415445564314723015e-03
0.000000000000000000e+00
5.762413144111633301e-01
2.594649977982044220e-02
3.737924098968505859e-01
4.173610508441925049e-01
4.574130848050117493e-02
4.157719761133193970e-02
1.314119547605514526e-01
0.000000000000000000e+00
2.468024343252182007e-01
4.056289494037628174e-01
8.405153155326843262e-01
1.467456389218568802e-02
6.965472130104899406e-05
2.192119598388671875e+00
1.816954910755157471e-01
4.485786855220794678e-01
1.474863151088356972e-03
5.296953320503234863e-01
1.106179356575012207e-01
1.100406330078840256e-02
1.150254160165786743e-01
1.270879954099655151e-01
4.939651489257812500e-01
1.541145205497741699e+00
0.000000000000000000e+00
3.649002909660339355e-01
2.299997359514236450e-01
0.000000000000000000e+00
1.305729616433382034e-02
2.080503463745117188e+00
5.944831967353820801e-01
1.871429942548274994e-02
2.018828153610229492e+00
1.170021668076515198e-01
1.713944673538208008e-01
2.416792884469032288e-02
2.197285182774066925e-03
1.322335153818130493e-01
2.909761965274810791e-01
2.515937387943267822e-02
1.808140039443969727e+00
1.983525604009628296e-02
3.251766040921211243e-02
0.000000000000000000e+00
3.722741082310676575e-02
3.213343322277069092e-01
8.973621577024459839e-02
9.274958819150924683e-02
1.112729787826538086e+00
3.503980040550231934e-01
1.470460534095764160e+00
0.000000000000000000e+00
2.457531867548823357e-03
1.392497867345809937e-01
1.045093774795532227e+00
5.662134289741516113e-01
2.821823954582214355e-02
7.710188627243041992e-02
5.186484813690185547e+00
0.000000000000000000e+00
2.118388563394546509e-01
1.914050102233886719e+00
2.699978649616241455e-01
8.687580823898315430e-01
2.160657197237014771e-01
1.448508650064468384e-01
1.827797740697860718e-01
4.495372623205184937e-02
4.264098405838012695e-02
9.582888334989547729e-02
0.000000000000000000e+00
2.789164483547210693e-01
1.401552371680736542e-02
4.565667152404785156e+00
2.706807851791381836e-01
1.514149159193038940e-01
2.126230299472808838e-02
2.052465453743934631e-03
2.339430451393127441e-01
0.000000000000000000e+00
0.000000000000000000e+00
1.340049952268600464e-01
1.270582079887390137e-01
0.000000000000000000e+00
8.003966808319091797e-01
3.857639431953430176e-02
6.084182858467102051e-02
7.307022213935852051e-01
1.562713533639907837e-01
9.339665621519088745e-02
1.201410591602325439e-02
2.900848165154457092e-02
1.778076767921447754e+00
1.326171308755874634e-02
1.906391815282404423e-03
6.128436326980590820e-01
3.378430148586630821e-03
3.451173603534698486e-01
1.062573909759521484e+00
1.143709868192672729e-01
8.998651802539825439e-02
1.253594309091567993e-01
0.000000000000000000e+00
1.702831685543060303e-02
0.000000000000000000e+00
0.000000000000000000e+00
0.000000000000000000e+00
2.466990798711776733e-01
0.000000000000000000e+00
0.000000000000000000e+00
2.099690400063991547e-02
1.727057248353958130e-01
3.402777016162872314e-01
4.972424730658531189e-02
4.074313938617706299e-01
1.784538745880126953e+00
1.572422832250595093e-01
1.197724819183349609e+00
5.895937085151672363e-01
2.059481620788574219e+00
8.955171704292297363e-01
6.991365551948547363e-01
2.287677288055419922e+00
2.286474034190177917e-02
2.002305239439010620e-01
4.580568075180053711e-01
3.774451315402984619e-01
2.622909843921661377e-01
1.094709753990173340e+00
7.578840851783752441e-02
2.022085189819335938e-01
8.621113747358322144e-02
7.342374920845031738e-01
4.581475630402565002e-02
2.083315551280975342e-01
1.101880148053169250e-02
0.000000000000000000e+00
0.000000000000000000e+00
2.065176516771316528e-01
4.117253780364990234e+00
2.094749689102172852e+00
0.000000000000000000e+00
0.000000000000000000e+00
2.627448178827762604e-02
5.575748085975646973e-01
3.160150721669197083e-02
0.000000000000000000e+00
1.550658345222473145e-01
6.640165448188781738e-01
6.820223331451416016e-01
1.808811873197555542e-01
0.000000000000000000e+00
2.973800897598266602e+00
7.213182002305984497e-02
2.027376592159271240e-01
1.587790369987487793e+00
1.669140011072158813e-01
0.000000000000000000e+00
8.760745823383331299e-02
8.097261190414428711e-01
1.441363096237182617e-01
5.241734161972999573e-02
2.243861369788646698e-02
6.618766188621520996e-01
2.132185362279415131e-02
8.487673103809356689e-02
2.287196516990661621e-01
2.321026027202606201e-01
6.491660475730895996e-01
4.209276437759399414e-01
3.905206685885787010e-03
2.568978548049926758e+00
1.780477762222290039e+00
2.115451246500015259e-01
6.928848028182983398e-01
1.132101714611053467e-01
8.573443442583084106e-02
6.100976094603538513e-02
5.833824723958969116e-02
3.616870567202568054e-02
4.099650308489799500e-02
8.800693154335021973e-01
3.188015222549438477e-01
9.408132731914520264e-02
1.471264511346817017e-01
4.767162501811981201e-01
0.000000000000000000e+00
6.726035475730895996e-02
2.506388425827026367e+00
1.303232431411743164e+00
2.646887302398681641e-01
1.147565841674804688e-01
1.246415525674819946e-01
1.952527761459350586e+00
3.166121244430541992e-02
4.780440777540206909e-02
1.355132460594177246e-01
3.614878281950950623e-03
4.480780288577079773e-02
1.209696829319000244e-01
4.509486854076385498e-01
0.000000000000000000e+00
5.075176432728767395e-02
6.802152097225189209e-02
2.247252315282821655e-01
5.202778577804565430e-01
1.996461868286132812e+00
1.870839595794677734e-01
2.767354808747768402e-02
2.310391142964363098e-02
3.614166378974914551e-01
1.104625821113586426e+00
6.916059017181396484e+00
1.771924495697021484e-01
3.301987051963806152e-01
2.243593521416187286e-02
1.071761548519134521e-01
2.516131639480590820e+00
5.682039633393287659e-02
3.583111763000488281e-01
3.897600248456001282e-02
3.725432157516479492e-01
3.930358588695526123e-01
9.114354848861694336e-01
9.325254708528518677e-03
8.615776896476745605e-01
4.947875440120697021e-02
1.646232485771179199e+00
5.418089032173156738e-02
1.298684254288673401e-02
5.798659324645996094e-01
5.098156332969665527e-01
3.582559823989868164e-01
1.762357801198959351e-01
8.148770928382873535e-01
5.463976860046386719e-01
2.438499033451080322e-02
1.645243167877197266e-01
0.000000000000000000e+00
6.545430421829223633e-01
1.895397901535034180e+00
3.696444630622863770e-02
1.188864827156066895e+00
9.841061383485794067e-02
0.000000000000000000e+00
4.727485179901123047e-01
9.887368083000183105e-01
8.272956609725952148e-01
0.000000000000000000e+00
1.068106740713119507e-01
9.343162924051284790e-02
4.081310331821441650e-01
9.004579782485961914e-01
0.000000000000000000e+00
4.192175269126892090e-01
3.988238424062728882e-02
7.582021951675415039e-01
1.753013134002685547e+00
9.781320393085479736e-02
1.793359518051147461e-01
0.000000000000000000e+00
1.053727865219116211e+00
2.331738593056797981e-03
0.000000000000000000e+00
4.539029598236083984e+00
7.843892574310302734e-01
2.107512205839157104e-02
1.233821809291839600e-01
7.772297263145446777e-01
0.000000000000000000e+00
4.540019035339355469e+00
3.969276323914527893e-02
0.000000000000000000e+00
5.450397133827209473e-01
0.000000000000000000e+00
2.511347085237503052e-02
3.102164342999458313e-02
2.410080581903457642e-01
1.780234873294830322e-01
3.725836053490638733e-03
3.738828701898455620e-03
4.057187139987945557e-01
7.662528008222579956e-02
1.031008455902338028e-02
5.651088356971740723e-01
4.961798787117004395e-01
7.691278457641601562e-01
7.761783152818679810e-02
3.949382603168487549e-01
5.241229757666587830e-02
0.000000000000000000e+00
1.085618019104003906e+00
1.220800504088401794e-01
3.629768034443259239e-03
0.000000000000000000e+00
0.000000000000000000e+00
5.357638597488403320e-01
4.854645207524299622e-02
0.000000000000000000e+00
0.000000000000000000e+00
5.169824138283729553e-02
1.000914573669433594e+00
5.581644363701343536e-04
1.558300733566284180e+00
1.631101071834564209e-01
6.654688715934753418e-02
6.199353188276290894e-02
6.584144234657287598e-01
0.000000000000000000e+00
4.838415682315826416e-01
1.801165491342544556e-01
0.000000000000000000e+00
3.506742184981703758e-03
1.123770773410797119e-01
0.000000000000000000e+00
2.211711853742599487e-01
2.792404294013977051e-01
1.626863121986389160e+00
3.933002054691314697e-01
6.303249359130859375e+00
0.000000000000000000e+00
4.273492842912673950e-02
1.636165007948875427e-02
1.695233702659606934e+00
1.410858035087585449e-01
2.537510097026824951e-01
4.261012077331542969e-01
2.963391304016113281e+00
1.240989327430725098e+00
3.977465257048606873e-02
1.858051121234893799e-01
1.698080301284790039e+00
7.426103577017784119e-03
0.000000000000000000e+00
0.000000000000000000e+00
9.954754263162612915e-02
2.088289111852645874e-01
0.000000000000000000e+00
9.614264965057373047e-01
5.836865305900573730e-01
1.119746938347816467e-01
0.000000000000000000e+00
3.921121060848236084e-01
2.233137562870979309e-02
2.160208940505981445e+00
1.571599394083023071e-01
4.395377635955810547e-01
5.064020305871963501e-02
1.785728894174098969e-02
2.211965024471282959e-01
1.238724440336227417e-01
8.427713513374328613e-01
1.481468975543975830e-01
0.000000000000000000e+00
7.913146018981933594e-01
2.634146064519882202e-02
1.358794569969177246e-01
0.000000000000000000e+00
9.114036560058593750e-01
1.866401135921478271e-01
6.353901624679565430e-01
3.615198731422424316e-01
2.147384881973266602e+00
7.672192096710205078e+00
0.000000000000000000e+00
2.358876466751098633e-01
3.589567495509982109e-03
9.826059341430664062e-01
9.249260276556015015e-02
3.047051429748535156e-01
2.266687303781509399e-01
8.521772623062133789e-01
0.000000000000000000e+00
1.098833139985799789e-02
7.113232612609863281e-01
1.914327032864093781e-02
1.625293865799903870e-02
2.881720662117004395e-01
1.837773025035858154e-01
0.000000000000000000e+00
0.000000000000000000e+00
2.797711174935102463e-03
2.257977575063705444e-01
0.000000000000000000e+00
1.092412471771240234e+00
1.791471004486083984e+00
1.405321955680847168e-01
2.771817445755004883e-01
4.372319579124450684e-01
1.914945393800735474e-01
1.623835414648056030e-01
0.000000000000000000e+00
3.558504879474639893e-01
2.564351856708526611e-01
1.275201737880706787e-01
3.692760169506072998e-01
2.831662654876708984e+00
1.987364292144775391e-01
1.832125126384198666e-04
7.647029161453247070e-01
3.564809560775756836e-01
4.723560437560081482e-02
2.465955317020416260e-01
3.902144962921738625e-03
3.493026494979858398e-01
5.859598889946937561e-02
9.739653207361698151e-03
5.863489117473363876e-03
4.280224740505218506e-01
0.000000000000000000e+00
1.307666301727294922e-01
3.820482790470123291e-01
2.480950802564620972e-01
1.314594298601150513e-01
1.770285144448280334e-02
2.188215777277946472e-02
3.556026890873908997e-02
6.610230356454849243e-02
2.021292150020599365e-01
7.081630229949951172e-01
0.000000000000000000e+00
1.208491325378417969e-01
1.228229641914367676e+00
5.004389956593513489e-02
2.357578277587890625e+00
1.467595547437667847e-01
2.475796341896057129e-01
1.739220321178436279e-02
0.000000000000000000e+00
0.000000000000000000e+00
3.571882545948028564e-01
9.280101060867309570e-01
1.366113722324371338e-01
0.000000000000000000e+00
2.073588818311691284e-01
1.390425302088260651e-02
4.074083566665649414e-01
1.944398432970046997e-01
6.512069702148437500e-01
5.219376645982265472e-03
8.767084032297134399e-02
1.321191713213920593e-02
1.453259587287902832e-01
1.733222901821136475e-01
1.325623035430908203e+00
2.143250703811645508e-01
0.000000000000000000e+00
0.000000000000000000e+00
3.042114675045013428e-01
7.769722342491149902e-01
2.729530632495880127e-01
5.568531751632690430e-01
1.050182938575744629e+00
7.147847414016723633e-01
2.383103668689727783e-01
4.303175583481788635e-02
6.298238411545753479e-03
1.789264559745788574e+00
3.563321232795715332e-01
1.692854166030883789e-01
7.842553406953811646e-02
3.019514083862304688e-01
0.000000000000000000e+00
7.093289494514465332e-01
2.283397316932678223e-02
3.821625374257564545e-03
2.837849594652652740e-02
3.538592532277107239e-02
3.973052650690078735e-02
1.375275198370218277e-02
1.361656934022903442e-01
1.713626980781555176e-01
2.090467661619186401e-01
9.866392612457275391e-02
4.295300543308258057e-01
1.592252552509307861e-01
0.000000000000000000e+00
7.016345113515853882e-02
1.000930428504943848e+00
1.180684447288513184e+00
3.645369783043861389e-02
1.826863527297973633e+00
2.214841365814208984e+00
2.609220100566744804e-03
1.549966260790824890e-02
1.131242215633392334e-01
4.794261977076530457e-02
2.056269884109497070e+00
1.815477460622787476e-01
1.964307390153408051e-02
8.324767112731933594e+00
1.449745595455169678e-01
2.028127193450927734e+00
0.000000000000000000e+00
4.883651435375213623e-02
2.208212316036224365e-01
4.089738428592681885e-01
1.285280823707580566e+00
7.796236872673034668e-02
9.553076028823852539e-01
4.090816020965576172e+00
1.562950313091278076e-01
6.052672117948532104e-02
8.681765198707580566e-02
6.518201231956481934e-01
8.848062902688980103e-02
2.502059340476989746e-01
2.723785638809204102e-01
7.594458758831024170e-03
6.948003768920898438e-01
6.556556224822998047e-01
3.030557334423065186e-01
0.000000000000000000e+00
4.226405918598175049e-01
1.025552768260240555e-02
2.172318547964096069e-01
8.649303913116455078e-01
7.312049623578786850e-03
1.097882613539695740e-01
1.333041191101074219e+00
0.000000000000000000e+00
1.868016459047794342e-02
1.106698751449584961e+00
1.482591591775417328e-02
4.626021087169647217e-01
0.000000000000000000e+00
1.486789733171463013e-01
1.767466306686401367e+00
0.000000000000000000e+00
3.087185323238372803e-01
9.171879291534423828e-01
6.370467599481344223e-03
3.452918529510498047e-01
1.012631297111511230e+00
0.000000000000000000e+00
2.436741739511489868e-01
2.288043797016143799e-01
1.903290748596191406e+00
7.549161911010742188e-01
4.514983892440795898e-01
2.557625770568847656e-01
2.851707041263580322e-01
2.989318668842315674e-01
1.044418692588806152e+00
5.919186472892761230e-01
6.478552818298339844e-01
2.429339289665222168e-01
1.380858421325683594e+00
3.401369094848632812e+00
4.757978022098541260e-02
1.742081344127655029e-02
1.340220451354980469e+00
6.966830044984817505e-02
2.116710133850574493e-02
2.539758086204528809e-01
4.377613589167594910e-02
3.430196046829223633e-01
3.213342666625976562e+00
2.858844399452209473e-02
3.681328296661376953e-01
0.000000000000000000e+00
5.505647659301757812e-01
2.207763046026229858e-01
8.989636301994323730e-01
8.827337026596069336e-01
2.300781011581420898e-01
6.255530565977096558e-02
1.086055394262075424e-02
6.825294494628906250e-01
7.829146385192871094e-01
3.646612539887428284e-02
1.161455810070037842e-01
8.520413190126419067e-02
1.569907069206237793e-01
7.758852094411849976e-03
1.021955348551273346e-02
0.000000000000000000e+00
1.881883591413497925e-01
0.000000000000000000e+00
7.509397268295288086e-01
9.669632911682128906e-01
5.979375913739204407e-02
4.240082263946533203e+00
1.060946822166442871e+00
2.398843765258789062e-01
5.379472970962524414e-01
3.402673453092575073e-02
2.298663616180419922e+00
7.750338912010192871e-01
2.143786475062370300e-02
2.097400836646556854e-02
8.301099389791488647e-02
4.373825341463088989e-02
6.017563398927450180e-03
0.000000000000000000e+00
1.416210383176803589e-01
1.082470193505287170e-01
9.321275949478149414e-01
9.183216840028762817e-03
3.205488026142120361e-01
5.523947253823280334e-02
1.259495735168457031e+00
4.912303984165191650e-01
3.679175078868865967e-01
1.187055706977844238e-01
5.463959574699401855e-01
1.900597363710403442e-01
3.496903479099273682e-01
0.000000000000000000e+00
7.182771712541580200e-02
7.973074167966842651e-02
0.000000000000000000e+00
4.741554260253906250e-01
0.000000000000000000e+00
1.722493618726730347e-01
0.000000000000000000e+00
2.724958769977092743e-02
6.176514625549316406e-01
6.270433664321899414e-01
2.927920818328857422e-01
2.559810280799865723e-01
9.544033408164978027e-01
0.000000000000000000e+00
1.756992787122726440e-01
2.118518352508544922e-01
1.686203032732009888e-01
2.205906957387924194e-01
5.147772282361984253e-02
0.000000000000000000e+00
2.149432711303234100e-02
4.696289449930191040e-02
7.478493452072143555e-02
4.621914558811113238e-05
3.980862498283386230e-01
3.970533609390258789e-02
2.503033578395843506e-01
0.000000000000000000e+00
7.716820240020751953e-01
0.000000000000000000e+00
5.170878022909164429e-02
1.818274378776550293e+00
0.000000000000000000e+00
3.910882472991943359e-01
6.848993897438049316e-01
4.005045294761657715e-01
2.572729066014289856e-02
8.611895143985748291e-03
8.237364143133163452e-02
1.678323745727539062e+00
1.074608117341995239e-01
1.017151236534118652e+00
2.003080606460571289e+00
3.636129796504974365e-01
2.180310199037194252e-03
0.000000000000000000e+00
0.000000000000000000e+00
2.832664847373962402e-01
4.032145254313945770e-03
0.000000000000000000e+00
2.510235086083412170e-02
0.000000000000000000e+00
2.786000728607177734e+00
5.162366628646850586e-01
1.477472931146621704e-01
