4.921473784058605361e-10
9.353838237302625203e-08
1.258314163976592681e-08
4.227140026902276304e-10
1.018456163848213691e-08
6.880307955314801660e-12
1.129427593116183459e-10
7.051420558568111119e-10
2.703133539228019799e-08
3.882389076892422963e-09
1.003856414172332734e-05
5.808871250678748765e-08
8.253280725512013305e-07
3.746683852057230979e-09
8.069754642292537028e-09
8.850458144138428906e-09
5.398429038905305788e-06
4.676780296364313472e-09
3.590780783824243372e-09
1.394976800739300415e-09
1.540828575841146630e-11
2.962668510519961274e-08
4.516356177930447302e-09
1.591757694541229284e-07
2.296145273916749829e-09
6.860963708277267870e-07
2.912864116577651430e-10
7.251349298798004384e-09
4.106923512381399632e-08
6.605524460745471060e-10
9.244747189995905501e-10
1.290612999582663178e-05
1.417181181295745773e-07
6.382587685038743075e-07
4.174987022764753419e-09
1.158590931527037071e-10
2.422258944534405600e-07
7.699879489564409596e-08
1.293273044211673550e-07
2.745834137840574840e-07
5.053142331234994344e-07
2.009790911472464359e-08
3.677883455566188786e-07
2.502545948246392982e-09
1.086190071220016762e-08
8.021136532754269410e-10
3.420364691919530742e-06
6.271750976338807959e-07
7.830829873434197452e-10
2.950053215045045363e-07
2.424681042612064630e-07
1.286661870381067274e-07
6.105782102139301060e-09
2.724185321767436108e-07
4.867670782005006913e-07
1.583380537795164855e-07
4.892530469646771962e-08
6.583955602934565832e-09
5.274344849759415865e-10
6.167377932797535323e-07
6.627359550037681402e-09
1.150808781602563613e-08
2.863093095939461818e-09
6.051415479824129307e-10
1.437146757155005616e-08
3.603286002906713748e-10
4.572049683293499811e-10
1.314411747443955392e-06
5.592818652644382382e-08
1.655946629819382565e-10
3.735030340568101792e-10
2.408866706105072808e-08
1.224552459433425611e-09
1.599858356904348966e-09
1.594906706703369537e-10
1.499400354987301398e-07
1.616752420829925541e-08
2.128082987606916276e-10
1.496721750982032972e-07
1.644169032033460098e-07
1.648706060564109066e-08
1.759452494809465861e-08
1.841885364228801336e-06
7.325653861300907010e-09
1.320834500800893707e-11
1.341009294719697209e-07
6.850580103190395675e-09
6.725641821248018459e-09
6.044520439729694772e-09
5.184035867245029294e-09
1.076929745380539316e-08
4.621968141549359643e-09
2.877752365293417824e-07
4.249920095844572643e-07
4.771143835569091607e-08
3.056002384482781054e-08
3.907501522348866274e-08
1.952276396099961175e-10
2.914342378534939826e-10
3.965301142994093198e-10
5.553319226692110533e-08
1.152992146202791446e-09
7.942604440813738620e-08
5.034523353764086551e-10
5.058445662342592186e-09
1.050587481593590056e-11
5.000089231543825008e-11
3.567261763759432824e-10
3.512619917156456495e-10
5.125247448667380468e-11
1.187873466257372002e-09
8.033757659120510652e-09
5.534648153115995228e-07
1.745596449609365663e-07
2.292483891608299018e-08
1.427462876790741575e-07
1.196714533024945126e-10
1.241881264490984904e-08
4.150473102981777629e-07
1.451106079741748545e-08
2.333929849385185662e-08
1.428497142796913977e-08
6.597205004510442450e-09
4.674093889711627980e-10
4.442061718457068764e-10
1.367573698729529497e-08
1.698272988903681835e-08
2.198597207070385195e-11
8.258188577414671272e-10
1.255867942973054596e-07
4.175247925175540331e-10
8.929448153116581466e-11
6.420290687980667599e-11
1.340454192089168828e-09
6.915795713879901996e-11
5.144507486676275221e-09
2.055783543397637914e-09
2.172777735509612285e-09
9.258604549700066855e-09
2.133903763024136424e-06
8.883027476258575916e-06
1.598829840077087283e-06
1.017893538346470450e-07
1.934234603595541557e-07
1.072958824011038814e-07
3.493434164170139411e-08
3.223405986574334747e-09
2.949593103096503910e-08
1.653620435027036706e-10
2.743140825600676180e-09
4.062682364747161046e-06
6.619369514737627469e-07
2.566562962158513983e-09
1.178853542560531764e-10
1.978959440762650956e-09
6.662768670118168757e-10
2.660134512666445517e-08
6.858676471210856107e-08
4.538719400315471830e-10
1.267904053747770377e-06
1.249340243703045417e-06
4.811307974250667030e-08
1.086392103388789110e-06
9.666469402702659863e-09
1.969297613868548069e-09
5.455356166805813700e-09
4.296020392757782247e-07
2.355001811338297557e-07
2.297909917903240284e-10
3.441053345043521006e-11
7.234960963664605060e-10
9.323757694801315665e-07
1.295332594963838346e-06
1.898714288017799845e-07
5.270160974291115963e-10
2.936798182417987846e-07
2.972126011968612147e-08
5.444978912194642362e-10
4.280824938973637472e-08
8.233068911067675799e-07
1.381230049446457997e-06
1.401984235371855902e-07
2.466090087693828536e-08
8.780549620723832049e-08
5.804363922834454570e-08
5.323455898320617052e-09
9.457862271133876675e-10
3.533209946837700954e-09
5.476939435311578563e-08
7.008868152524883044e-08
1.227905244149951614e-07
1.264883309204378747e-08
3.517562907617843848e-09
1.587033564461048929e-12
8.987260713411160395e-09
3.703958917355976155e-09
5.837426897414843552e-08
6.565048238371673506e-08
1.408142602521422759e-09
5.808148184627270894e-09
4.233258188435229386e-09
9.530455591377773317e-11
1.186670983699400495e-09
1.177287434206419903e-10
2.353477190908392913e-09
1.662243814815056453e-10
6.528334317579265189e-09
3.946220017425616788e-10
2.744137930221768329e-07
2.233651597016717005e-10
7.148321518046785172e-11
9.629462560667434445e-09
4.767816003115044055e-11
3.261344805327581753e-10
1.054044851400703919e-09
2.391878639596001221e-10
6.411550401708154823e-08
1.636084388627334629e-12
1.461634632771158238e-11
7.370474452983444280e-09
1.817350159249997432e-09
2.005497323764870998e-09
3.358517075557898579e-10
1.580086639307864971e-08
4.991657078790012747e-07
1.855915243709205242e-08
8.352626679197783233e-08
1.242179137328491834e-09
1.142933414577385065e-09
9.002303347216411566e-10
2.230761797505920185e-09
5.937427771662839859e-10
2.133504622969795150e-10
9.289671254464337835e-08
1.153699843992050944e-10
9.667051017459016293e-07
2.897197504125870182e-08
2.415558810753282160e-06
1.365457258373226068e-08
4.193412284081432517e-10
5.070865394252166425e-10
6.610528235917456641e-10
7.913863453445912910e-10
5.548827619605845030e-09
2.168959178927565290e-10
3.659942748868161289e-08
1.507766137365251780e-05
4.206766601733136213e-10
4.805151387898831672e-09
1.735035048966437898e-08
2.892438111246065091e-08
7.949540759000228718e-07
1.754318024183021407e-09
3.176513940772451861e-09
5.467373775935868707e-10
2.722668097920877273e-11
1.505627835740597220e-07
2.548237034716294147e-07
8.763484515839081723e-08
2.133593284270318691e-07
4.181099022559919831e-09
3.549630775978585007e-07
5.510289113885846746e-09
1.066977262098589563e-07
9.657647837002514279e-08
9.720633897813968360e-07
1.404798837256748811e-07
5.667757250193972141e-07
4.451192125998204574e-08
1.277489332096592989e-07
2.130301490765873496e-09
6.293647203392538358e-08
2.908442375826325588e-08
3.061437164433300495e-04
4.706319334246700237e-09
1.220180479322152678e-06
3.238226327084703371e-07
1.491607008574646898e-06
5.436150445348175708e-07
3.494385225621954305e-09
7.269597146475348382e-10
3.443643592504486151e-09
7.582654504290076147e-09
4.170935881120385602e-07
4.143134724188257678e-10
5.778542644385709082e-10
8.817054725218653743e-11
1.354838907730027131e-08
4.563966538029262665e-09
2.684049926759968230e-10
2.159919354483008647e-09
2.114678016029714058e-10
5.499652733220727896e-09
8.660278894012662931e-08
1.904349744563660352e-08
5.519425485545070842e-07
4.890480340691283345e-07
3.649460325050313259e-07
1.546579669886583019e-10
3.537558912469762618e-09
2.398955132321134442e-07
2.090160933221341111e-06
9.943268430845364492e-09
6.601499791258902405e-08
4.791556307282007765e-07
4.572983103301453411e-10
1.330401028099004179e-05
5.770706934526970144e-08
2.153272937732708670e-08
9.293883884708975529e-09
6.330982671443052823e-08
3.625607405410846695e-07
3.030293669326056261e-07
5.554078974512322020e-09
2.939781218458392686e-08
1.011387098515115213e-07
1.171453600790073324e-08
1.478022260137379362e-09
9.461210481731541222e-08
1.437974805895692043e-08
8.983695565234484093e-09
1.037297238326573279e-06
1.853830422504643138e-09
4.017826515934075360e-09
2.525331277425379994e-09
2.560008027785443119e-08
1.780217985469789710e-06
3.667477415092434967e-07
1.060560042565050765e-10
2.128900966624769353e-08
5.471216013575030956e-07
1.384858627773155604e-08
1.078685869515538798e-07
1.908521340965307900e-07
5.616307419131771894e-11
6.354709120026669211e-11
1.447950870314684835e-09
2.831487755372563697e-08
8.470941170735102332e-10
2.221576395067259568e-10
1.594588816544728616e-08
7.301844817675373633e-08
6.235486571526394073e-10
1.915133190921736173e-10
8.896189562790368655e-09
3.478509142951224931e-07
5.123869755152554717e-07
2.486814087987454513e-10
1.041856156902554176e-09
3.700985740096029986e-09
8.406034979202559043e-09
4.306698428990785033e-07
8.804784101812401786e-08
2.920240831372211687e-06
7.777789523544242911e-11
1.082900435989131438e-09
7.289007730726382306e-10
3.167353046507059844e-10
4.100808137508238360e-09
4.687190635621618640e-10
6.515220030145485453e-10
1.437932772851979735e-09
2.149951772167923991e-09
6.684171445503483966e-12
4.050830000323912827e-07
1.307416175322373419e-09
6.063674845790956169e-06
1.344018016879999777e-07
9.717198736325372010e-06
3.507349788378633093e-07
5.809813075074998778e-08
1.395634985357219193e-08
1.107133229538703745e-07
1.623993739485740662e-08
2.112791553372517228e-04
7.490417175404218142e-08
3.113751517958007753e-06
2.073908120792111731e-07
5.296417526778895990e-08
4.742790693512688449e-08
8.443519217138373278e-10
1.588365421412163414e-07
1.021521756072729659e-09
8.519289167452370748e-07
1.347704881027311785e-08
1.982276343071021074e-09
4.921758556264421713e-09
4.986009116692002863e-07
1.371491897828036599e-08
1.567717733408358072e-09
1.558157491921008386e-09
1.399612248320636354e-08
9.559018854243817032e-11
1.286942961087333970e-07
1.061078137354343198e-06
1.240177405215092676e-11
1.361640661334817537e-10
3.282425442563408069e-10
7.640742261116884038e-09
1.341463985227164812e-06
1.682068928587909795e-10
2.384362984830801224e-10
2.045126290539656111e-09
1.529496174157429778e-08
2.422694400650016178e-08
9.474563356093312905e-10
9.894957075928800805e-11
2.389300498180091381e-04
5.416919884737581015e-05
1.235092295104323057e-08
1.357666334911300510e-08
2.378839781158603728e-06
7.214050867787591415e-08
3.169108708789281081e-08
2.474199980497360229e-03
5.407247272160020657e-07
2.859940929911264362e-11
3.959363059635734317e-09
5.350974774387395883e-08
9.711358188724261709e-07
2.305287037651648774e-12
5.297050797992142179e-09
5.874355224477767479e-07
2.737836624078227032e-08
1.663189808098763933e-09
1.001268956635215091e-09
1.722792325464794772e-10
1.927455350880791229e-08
3.989016672534262398e-09
2.989459568780716836e-09
3.129401182633273493e-10
6.754284243015717948e-09
5.750845910590385301e-10
9.570247705426027096e-09
3.980923679591796827e-08
2.694515751500148326e-05
1.999085270654177293e-07
3.020317862478805182e-08
3.654928096286091943e-11
3.630423748290922958e-07
3.934995262966367591e-08
7.609567143074258411e-11
3.296976728961453773e-06
3.656365675851702690e-03
1.968381235784022465e-09
2.067442750330883428e-07
7.426308457070263103e-10
3.524895375583980695e-10
8.368165049787990029e-10
1.865622891727980459e-07
4.164947553508824285e-10
7.924909617429420905e-09
4.147487686623207992e-08
7.504419308190790616e-11
5.295038296715404158e-10
1.828135623327398207e-06
4.068020226233315384e-12
6.387264193108421750e-07
9.994390870460279075e-10
3.989627472833490174e-08
3.432577670992031926e-07
1.757818825394441564e-12
2.342323135451351845e-08
8.569110421241532549e-10
5.262851846055127680e-05
2.052227365823000582e-08
3.635441947480444469e-10
8.669894135948652547e-09
8.858988439897075295e-05
2.586597880327445864e-10
2.846089591912459582e-05
6.492435886684688739e-07
3.842219200578256277e-07
1.179354057967429981e-06
4.332177994115227193e-08
5.212710263435837987e-09
7.983314564974364202e-10
3.847623997188520661e-09
1.877418299045530148e-06
6.891392700936194160e-08
6.367736915535715525e-08
3.125531407022208441e-07
1.613786014542650804e-11
7.776587707120086179e-11
6.953055162739474326e-07
1.518633219177445426e-08
3.732846930865063584e-12
1.527221866126637906e-05
4.392627033666940406e-06
7.800914580968765222e-09
8.639499116114279786e-10
4.103715127712348476e-07
2.148489556930144317e-06
3.607581078313160106e-08
2.833687971770526559e-11
6.746018410552778732e-09
3.057837316688960527e-09
1.471775652739371054e-11
1.799490689791127807e-08
3.061731490561214741e-08
1.397682747317219309e-09
3.980386159563309434e-11
1.480860989389043425e-09
1.027375337581126757e-10
3.228506795238672566e-09
1.130952931305273523e-08
2.153890363842947409e-07
1.605091881629050476e-08
4.777803610522823874e-07
6.759349080454057912e-09
1.013420529716313467e-07
5.033463068571109034e-08
5.348386480363842566e-07
4.215004734131611031e-11
1.901663537751119293e-08
1.928928440975141712e-06
1.807351281968294643e-07
6.331722488539526239e-07
3.828020567198109347e-09
1.611955866565040196e-07
3.975817008949888987e-08
3.982420082593307598e-08
6.614012448835637770e-09
6.891235670991591178e-08
2.177200910877252760e-12
1.412561914548859932e-06
1.975246050278656185e-06
1.028455116625082155e-07
6.726851609073492000e-08
1.578596493345685303e-05
4.172188636242246673e-11
1.093142785180134524e-07
8.168714060730053461e-08
8.431143561082876658e-10
1.370668911704342463e-07
1.608848054779343784e-10
2.111566477225323979e-10
3.487381050604199118e-09
6.242240147003030870e-08
4.390280673727264826e-12
2.409125272606615908e-07
1.401664461581075827e-11
1.132780189094795276e-10
4.883950737166742329e-07
7.616184660719227395e-08
2.772061122868763050e-07
9.551113233641217448e-10
6.066124456083343830e-07
2.496138851171281203e-09
6.286338134486868512e-07
1.436739154314636835e-07
2.973609417676925659e-02
5.004717422707471997e-07
8.775626980650486075e-08
2.368937202845700085e-06
1.812472008168697357e-02
2.446924329824184952e-10
2.826396339195014207e-10
2.307982635302990859e-13
1.669218430144780996e-09
9.029495373624740751e-09
1.057546396623365581e-04
3.946281967870390872e-09
2.297961714248231146e-07
7.349213598795145685e-11
4.316327988362900214e-07
8.869482370776893276e-10
4.261882935452376842e-08
9.013187707296310691e-08
4.435850132722407579e-05
1.163798657444203855e-07
1.017835202787864546e-07
1.708480904492881702e-12
5.032337213606297155e-09
3.804932546813688532e-08
1.053403775586048141e-05
8.799356798760982201e-09
1.229541034958314683e-11
3.600946740789368050e-08
9.148311441720125003e-09
1.043142169865340918e-10
3.701700990177414496e-08
4.570301825879141688e-08
4.813356657695777585e-11
1.076426633517257869e-04
1.565602092412632373e-09
1.443269770362576310e-08
1.425769724505698832e-08
5.854771112367984642e-10
2.967512069407263198e-10
4.163130729040176448e-09
1.881239149952307343e-04
2.894224637728370908e-09
4.015032573079224676e-08
1.460787393825491165e-11
4.553006931473646546e-07
3.562246053689932523e-09
7.859443762470164074e-09
4.252831331541528925e-07
3.916059299058360921e-08
6.484199843725946266e-07
1.569765295528213755e-08
3.998297873342160358e-11
1.544694555377645884e-06
2.043756552883024824e-10
1.338351921731373295e-05
1.800209929569973610e-06
6.281723585743748117e-09
1.107485559259657748e-06
3.316601796541363001e-04
2.085059236378583591e-07
4.892058980132674151e-10
1.419763528964779198e-09
2.919797914557875629e-08
3.465363818122568773e-07
2.268247811798573821e-09
1.468180599317747692e-08
6.347617098612090558e-09
1.101343993781256358e-08
2.287218608953978105e-10
5.327110557118430734e-06
1.248231384920472919e-08
1.712974381007370539e-06
1.395988324937036396e-09
1.035866681320385396e-08
8.224726570915663615e-07
1.832756083786080126e-06
8.003874540918332059e-08
1.209725097872649258e-09
5.485978908836841583e-04
1.053835262609936763e-06
3.251207526773214340e-03
1.733481830301641935e-10
1.223562584584669821e-09
1.961305562403481417e-09
1.061403418134432286e-05
3.210600230119098342e-09
3.003865742812195094e-07
4.617223510194889968e-07
5.938843306019236934e-10
1.021137951973116742e-09
4.067752801262258799e-10
1.396289767835456885e-12
3.889730898487542277e-11
1.007868277724810468e-08
1.084825480314466351e-12
1.343970421063822585e-11
1.100820434807303627e-09
1.327342662865715894e-11
1.914973291050614534e-09
2.164678436500366843e-09
6.172714339669482797e-09
1.215348238474689424e-04
9.786587096272114650e-10
1.516555857961066067e-05
1.155377447048522299e-07
5.010440872865729034e-06
1.462566245891139260e-07
8.713918759895022959e-07
8.699575118953362107e-06
2.147127588614239357e-06
8.379513616318945424e-08
9.094699993106303282e-11
1.242043412563731408e-10
2.268732714583165944e-05
1.076362443619416354e-09
3.671102888347377302e-07
1.722670894821476395e-10
1.165089025256804689e-09
3.608072729477385110e-10
9.550518598189228214e-07
1.509860292348008670e-10
2.977095566597531828e-12
7.321159500861540437e-08
6.720083547406829894e-07
5.359783017411245964e-07
7.156660819518378958e-10
2.103065360747891077e-10
5.000046598979679402e-09
9.263499379158020020e-01
3.460499442553555127e-07
1.829904228145551315e-08
2.865738757407143567e-08
2.002051822935779768e-11
2.423646527915934712e-08
1.288044809699684379e-10
1.843554614522346924e-10
3.013149799113712390e-11
2.480479016631065292e-11
1.377323921580853039e-09
8.672234343976015225e-07
7.296648174559550171e-09
1.787521242135881039e-08
4.428207578399678823e-09
1.488027745466524721e-08
1.743553301736255889e-09
6.117386458504014968e-11
3.451442535151727498e-05
1.788513692702053959e-08
6.176417710612724932e-11
3.425366656983896974e-09
2.175941093973676743e-10
6.354784049238809684e-14
4.966513866833111024e-09
6.215835068879016490e-10
1.755414302806457272e-07
3.714569485335772470e-10
2.656985564897240693e-08
5.164517347111541312e-08
5.537488963454961777e-03
1.946385097539859999e-08
4.215077638036746066e-07
5.622454057885306611e-09
4.644119810937041848e-10
2.592953096609562635e-04
6.860716422057988595e-12
1.018836459643068793e-09
2.450537294862442650e-06
1.869786729002953507e-06
8.907260053092613816e-05
1.004660862236050889e-05
5.044126282882643864e-06
6.182870129123330116e-04
3.625543598673175438e-08
5.668969738081841570e-10
1.741077682027025730e-07
3.375739271449518242e-11
6.832308052651114849e-10
3.449398405797055034e-11
2.364314923397614621e-06
5.849807305224885567e-09
5.307816339228388358e-11
2.050924230445616558e-08
1.424589721361890771e-12
2.491445272312375891e-08
2.429054180019818432e-10
4.621679636329645291e-06
4.096164900602161651e-07
3.053534647357025733e-10
1.373882865113307261e-11
6.087320514325256227e-08
3.865649467194032241e-11
3.692582595249405131e-08
1.089252646413463310e-11
2.439908186602224305e-08
1.167260510470669033e-08
7.446280960721196607e-06
6.947301067761202376e-11
2.668038941919803619e-04
1.520321230019661130e-10
5.999610142026767790e-09
3.445437268823070553e-09
4.755373525511252808e-11
2.841520907459482714e-10
4.561442779049684759e-09
2.424982881166215520e-08
6.560951337775122738e-09
1.747572969179600477e-04
8.200122891821592930e-08
2.040652589130331762e-06
4.349459459263016470e-07
9.154810243217070820e-08
5.077485654148006233e-10
1.815290452678031130e-11
6.173974664847037275e-09
7.976476423809941707e-11
6.792276508349459618e-06
6.080969505717348511e-09
1.374051983304980240e-09
8.012897900755433511e-09
1.159880685008829460e-05
3.144677018784847178e-10
2.849207521649077535e-05
6.457860877162602264e-07
1.087323529645800591e-03
1.364222623756461417e-09
1.550039957498583476e-11
8.338072528431272890e-13
1.513047287460267398e-08
8.390201742258796003e-07
7.460371875822602306e-09
2.528436482407414587e-08
1.741138930810848251e-07
2.027525479206815362e-04
7.285143599489174449e-10
2.435759779473301023e-05
1.763207579941195036e-09
5.002631338693608321e-13
2.766106510534882545e-03
2.918927988204700341e-09
3.735296072449045823e-09
2.083889327764154586e-08
3.298103790072559605e-09
8.225699730246560648e-07
5.190194107829171344e-11
2.156676259801315609e-08
1.495513157756533928e-09
1.531262228127161507e-08
8.019893082966689235e-11
1.602993293658983021e-08
3.342620047419586626e-08
4.461449432113795410e-09
1.570651147630997002e-05
3.683886120597890113e-07
9.397310350323095918e-06
2.102424678795955515e-09
5.952691026323009282e-06
1.876794830657502189e-10
1.574139751880920812e-08
2.350555632801842876e-06
2.703916202051459550e-09
5.292793633926429209e-11
1.384609731758246198e-05
1.432538709877917427e-07
4.517077267784941341e-10
1.724920761780879275e-09
9.564982833554225294e-11
1.555146900145132349e-09
8.696702802346578665e-10
5.823520554670835736e-10
1.047929298891858707e-08
1.911824085709667997e-07
7.989461522917018499e-12
3.237419296056032181e-04
1.657633583818096668e-05
7.763887310829886701e-07
8.867089462682997691e-08
5.520706736206193455e-08
2.049089715683294344e-07
1.334342414338607341e-07
3.246680716983973980e-05
2.332480448785645422e-07
5.273072289924130018e-08
2.281398847614468650e-09
1.336969557286238341e-08
1.118993253612643457e-07
1.718363762392982608e-08
3.976738753408426419e-06
1.035360255627892911e-04
3.852417194138979539e-06
2.274434196536390118e-09
1.348977152204611230e-09
5.734473784713145506e-09
1.938527983968985069e-11
7.870255558373173699e-10
1.741997766657732427e-05
2.665380627320246276e-08
5.156055703992024064e-05
1.947876165919737446e-10
4.148624839217518456e-07
1.785650511010317132e-06
4.508093898181186887e-09
8.608701945744812178e-11
9.764249409016656500e-10
5.929802870952016747e-09
3.310980600801372020e-09
1.212034694830776971e-09
2.242341565761307720e-07
5.550976123203099633e-09
8.004622742419087444e-08
5.303176517715280092e-13
2.299743950828769812e-09
8.423175934524351760e-09
1.759290602088015021e-09
1.524459366919472814e-04
4.522600696721390534e-11
3.492276903216406936e-07
8.948161848820745945e-05
6.462905766113635764e-09
7.095833325365674682e-07
3.473642207207916499e-11
1.682388095503029035e-08
3.108863211309653707e-07
5.925249752181116492e-06
2.961672684875793493e-09
5.693296944997428000e-10
1.393238022728837677e-07
9.014278767871530818e-10
1.309206822952546645e-07
2.081769895356799793e-10
3.265435921662174223e-09
1.977586714177470562e-12
1.084090825997918728e-07
6.078635372830376582e-10
1.897894818733703026e-12
6.573064315062993046e-09
1.105604354734168737e-07
2.060383391677689247e-10
2.704385382301666141e-09
7.768992914269912120e-12
1.459904419576218970e-11
7.355234174610814080e-06
5.627174726186012776e-09
2.855794491551932879e-06
1.675893201991129899e-08
2.990270786540349945e-08
1.494349362474167719e-06
1.018201700730969606e-08
8.203051432564834045e-11
1.409797945051138868e-09
2.429755170396674657e-07
4.258581063742300499e-13
2.922770590885193087e-06
1.229341162201080806e-08
4.336972621310497544e-12
4.944724074640305389e-10
8.672089157890638944e-10
8.193239864340284839e-09
4.369458406205950496e-10
1.170168980024755001e-05
1.607546096238365863e-08
1.469914301388541844e-09
1.144394301544338077e-10
4.643998181563802063e-07
3.920778701704819014e-10
1.533710242140884361e-10
7.326831564569147304e-06
1.675579008875160980e-09
1.633741197881732887e-10
1.028945195713504290e-08
8.942888207741361839e-09
1.309253920556141537e-11
4.591181266277999384e-07
3.117629676125943661e-04
4.330691183440649183e-08
2.811262220347998664e-06
6.847434974588395562e-08
1.295499174602809944e-08
4.121042366023175418e-05
9.156801183962670621e-08
1.712111008522754219e-09
5.360554666822281433e-09
1.089075585269938529e-08
1.931845350355843038e-09
1.036922370190040965e-08
2.078729039567406289e-06
9.127628430860568187e-08
3.486367177174543031e-07
1.590042231214283674e-08
2.800955023474216432e-09
3.593775375065888511e-07
9.492703156865900382e-07
7.222036401799414307e-06
1.394798891851678491e-05
1.732530705567114637e-07
1.040233182720839977e-03
1.525515602729399234e-09
1.712558486133275437e-07
1.938828290803940035e-06
1.097121412385604344e-06
1.585583777341526002e-05
1.127992436522617936e-05
2.283531330249388702e-06
7.222831222009062913e-09
2.830015262134111254e-07
1.047987296942665125e-08
2.077746614759234944e-07
1.146916019933996722e-06
6.412226305485546618e-11
1.228469841407786589e-07
4.800526198778243270e-07
3.561362760251540749e-09
1.241375144900302985e-07
4.189590618874916572e-10
1.363216028948954772e-07
1.213944145206369285e-08
8.710956933555280557e-08
6.017350173692648241e-09
8.783076191321015358e-05
2.537772343202959746e-05
4.730453251333699427e-10
1.368985635963326786e-08
1.635869395499867096e-08
4.439010270473886521e-11
4.663451846909083542e-10
9.798922957771072362e-12
1.608850510592674254e-07
1.823374007337008607e-09
2.544680022253942298e-10
4.403537978703297995e-09
1.737677912672097591e-08
5.378648637588412385e-10
3.947398496961795900e-08
2.378719266005191457e-08
8.815860541577791309e-11
9.754617025237166672e-08
4.565980304960248759e-08
8.110156159091275185e-06
4.049977853082253887e-10
1.081068390362815990e-08
3.877612120284368302e-11
2.188866865537875128e-09
1.286828155144803532e-08
6.403969798896014254e-09
1.143319927621178067e-08
6.065906665853049162e-10
3.672039028401741234e-08
6.804928148751443473e-11
1.497336921119085673e-09
9.443469650705083041e-08
