2.405768781900405884e-01
8.450730144977569580e-02
2.848952054977416992e+00
2.487368136644363403e-01
8.063486218452453613e-01
4.744095325469970703e+00
2.499081194400787354e-02
1.564812473952770233e-02
9.238554164767265320e-03
6.198923110961914062e+00
0.000000000000000000e+00
3.085099160671234131e-01
0.000000000000000000e+00
0.000000000000000000e+00
5.786700546741485596e-02
1.586832284927368164e+00
2.184239625930786133e+00
3.276059031486511230e-01
1.480972766876220703e+00
3.818401396274566650e-01
0.000000000000000000e+00
0.000000000000000000e+00
0.000000000000000000e+00
0.000000000000000000e+00
0.000000000000000000e+00
0.000000000000000000e+00
9.980361908674240112e-03
6.756180524826049805e-02
5.505698174238204956e-02
0.000000000000000000e+00
2.251742780208587646e-01
0.000000000000000000e+00
9.539151564240455627e-03
5.381051301956176758e-01
1.649313807487487793e+00
2.088448107242584229e-01
0.000000000000000000e+00
0.000000000000000000e+00
0.000000000000000000e+00
2.492624372243881226e-01
2.339986711740493774e-02
2.643858790397644043e-01
8.003048896789550781e-01
2.047850191593170166e-01
9.511084556579589844e-01
6.240573152899742126e-02
3.542621433734893799e-02
0.000000000000000000e+00
2.634404599666595459e-01
2.263746410608291626e-01
0.000000000000000000e+00
1.920066773891448975e-01
2.278701305389404297e+00
0.000000000000000000e+00
5.041222572326660156e-01
0.000000000000000000e+00
0.000000000000000000e+00
4.780371785163879395e-01
3.715369701385498047e-01
0.000000000000000000e+00
2.828191965818405151e-02
2.402030117809772491e-02
4.771183431148529053e-01
6.936189532279968262e-01
0.000000000000000000e+00
6.724632382392883301e-01
0.000000000000000000e+00
1.045146659016609192e-01
1.348248481750488281e+00
5.155701041221618652e-01
6.766322255134582520e-02
2.690242767333984375e+00
7.264707088470458984e-01
4.373657703399658203e-01
1.354674436151981354e-02
1.050085350871086121e-01
1.486039042472839355e+00
2.766677550971508026e-02
2.536120126023888588e-03
1.244175508618354797e-01
2.885216772556304932e-01
6.790903210639953613e-02
2.162658929824829102e+00
2.243832945823669434e-01
0.000000000000000000e+00
1.103923678398132324e+00
4.531402885913848877e-02
3.243829727172851562e+00
2.371263355016708374e-01
0.000000000000000000e+00
3.789431601762771606e-02
1.385384704917669296e-02
3.379240632057189941e-02
1.162909250706434250e-02
1.613631993532180786e-01
5.347063019871711731e-02
1.372396349906921387e-01
1.755390018224716187e-01
7.100780308246612549e-02
0.000000000000000000e+00
4.081484317779541016e+00
1.116104125976562500e+00
0.000000000000000000e+00
1.190705060958862305e+00
9.068342857062816620e-03
5.736463665962219238e-01
3.192019939422607422e+00
3.534020483493804932e-01
1.396114975214004517e-01
2.664993330836296082e-02
3.219192624092102051e-01
1.061263456940650940e-01
7.525338977575302124e-02
0.000000000000000000e+00
0.000000000000000000e+00
3.654558211565017700e-02
1.870605826377868652e+00
1.453860942274332047e-02
5.442752838134765625e-01
2.398043423891067505e-01
1.152622699737548828e+00
0.000000000000000000e+00
7.183716446161270142e-02
1.241744756698608398e-01
8.579416573047637939e-02
7.307943422347307205e-03
3.623930513858795166e-01
8.032472729682922363e-01
0.000000000000000000e+00
6.174433827400207520e-01
0.000000000000000000e+00
4.520439729094505310e-02
3.095872640609741211e+00
1.813961625099182129e+00
1.238383539021015167e-02
2.208300679922103882e-01
1.442381262779235840e+00
3.360582748427987099e-03
4.779618605971336365e-02
8.884170651435852051e-01
3.957435116171836853e-02
1.926282197237014771e-01
3.611142039299011230e-01
2.133275568485260010e-01
0.000000000000000000e+00
2.877075374126434326e-01
2.093262970447540283e-02
3.369761165231466293e-03
0.000000000000000000e+00
7.279027104377746582e-01
1.129535585641860962e-01
5.983052030205726624e-02
4.124543964862823486e-01
8.770517706871032715e-01
2.178564667701721191e-01
5.527672171592712402e-01
3.257196247577667236e-01
0.000000000000000000e+00
2.103309154510498047e+00
1.519360393285751343e-01
2.457442998886108398e+00
7.623944878578186035e-01
2.267826199531555176e-01
0.000000000000000000e+00
6.566575169563293457e-02
4.444051384925842285e-01
3.454389870166778564e-01
0.000000000000000000e+00
6.063583865761756897e-02
0.000000000000000000e+00
3.925354242324829102e+00
5.463314056396484375e-01
0.000000000000000000e+00
7.851295471191406250e-01
0.000000000000000000e+00
1.481651782989501953e+00
4.837957918643951416e-01
0.000000000000000000e+00
1.898504048585891724e-01
4.762940108776092529e-03
7.247326374053955078e-01
5.419286433607339859e-03
8.242236375808715820e-01
0.000000000000000000e+00
8.008430153131484985e-02
1.863374829292297363e+00
0.000000000000000000e+00
5.717221647500991821e-02
1.623462289571762085e-01
1.707539260387420654e-01
9.466379880905151367e-02
0.000000000000000000e+00
4.047058895230293274e-02
2.015108168125152588e-01
1.947026103734970093e-01
2.596236705780029297e+00
1.087441325187683105e+00
2.395717799663543701e-01
1.189561009407043457e+00
8.016076683998107910e-02
5.233581066131591797e-01
1.556514143943786621e+00
1.875448942184448242e+00
3.391778171062469482e-01
0.000000000000000000e+00
3.293077051639556885e-01
0.000000000000000000e+00
2.335698530077934265e-02
4.738836586475372314e-01
6.640473008155822754e-02
9.724105708301067352e-03
0.000000000000000000e+00
3.785537322983145714e-03
7.880501449108123779e-03
8.147656917572021484e-01
0.000000000000000000e+00
3.088890342041850090e-03
0.000000000000000000e+00
6.648067384958267212e-02
1.094131171703338623e-02
1.797352790832519531e+00
1.340400278568267822e-01
8.976308703422546387e-01
1.125381439924240112e-01
0.000000000000000000e+00
2.456685304641723633e-01
6.495041400194168091e-02
8.631143569946289062e-01
0.000000000000000000e+00
1.163918524980545044e-01
4.897490888833999634e-02
1.818081736564636230e-02
2.056613206863403320e+00
5.275720953941345215e-01
5.586477741599082947e-02
1.098851680755615234e+00
1.121184974908828735e-02
3.273717314004898071e-02
0.000000000000000000e+00
5.892127007246017456e-02
0.000000000000000000e+00
0.000000000000000000e+00
8.751057833433151245e-02
1.331302709877490997e-02
2.832915306091308594e+00
3.313966840505599976e-02
9.211388230323791504e-01
1.711964309215545654e-01
2.685384750366210938e+00
5.401199460029602051e-01
4.321259260177612305e-02
3.577877208590507507e-02
4.347501993179321289e-01
7.226354479789733887e-01
0.000000000000000000e+00
9.317209571599960327e-02
7.408173084259033203e-01
3.734223544597625732e-01
1.151716429740190506e-02
4.311181008815765381e-01
9.395147562026977539e-01
4.141312092542648315e-02
0.000000000000000000e+00
0.000000000000000000e+00
6.274363398551940918e-01
1.890948116779327393e-01
1.009999942779541016e+01
2.560445293784141541e-02
5.186483263969421387e-01
7.424862682819366455e-02
1.966366311535239220e-03
5.516120791435241699e-02
4.320024847984313965e-01
0.000000000000000000e+00
7.351493835449218750e-02
2.860371395945549011e-02
8.153751492500305176e-02
0.000000000000000000e+00
0.000000000000000000e+00
0.000000000000000000e+00
7.822581380605697632e-02
0.000000000000000000e+00
1.721715182065963745e-01
7.352442294359207153e-02
7.412635535001754761e-02
1.988596171140670776e-01
7.960570454597473145e-01
1.100996494293212891e+00
0.000000000000000000e+00
0.000000000000000000e+00
2.052839659154415131e-02
6.662197411060333252e-02
0.000000000000000000e+00
8.460711687803268433e-02
1.599377393722534180e+00
2.517067193984985352e-01
2.652824223041534424e-01
6.699427962303161621e-01
1.233884394168853760e-01
1.222161948680877686e-01
0.000000000000000000e+00
3.944034278392791748e-01
1.255364418029785156e+00
0.000000000000000000e+00
0.000000000000000000e+00
8.778742514550685883e-03
0.000000000000000000e+00
2.676381468772888184e-01
1.519630998373031616e-01
0.000000000000000000e+00
6.016665101051330566e-01
1.325019896030426025e-01
1.228422075510025024e-01
5.721689760684967041e-02
2.357545867562294006e-02
5.687537193298339844e-01
0.000000000000000000e+00
5.589098930358886719e-01
4.928131103515625000e-01
0.000000000000000000e+00
2.025926351547241211e+00
0.000000000000000000e+00
2.734057488851249218e-04
0.000000000000000000e+00
4.909461140632629395e-01
2.083827972412109375e+00
1.830959081649780273e+00
2.107456445693969727e+00
3.753610253334045410e-01
0.000000000000000000e+00
0.000000000000000000e+00
9.700009226799011230e-02
0.000000000000000000e+00
4.531895369291305542e-02
1.155022345483303070e-02
1.372180104255676270e+00
0.000000000000000000e+00
4.359762966632843018e-01
1.435487866401672363e+00
1.934687733650207520e+00
1.956047117710113525e-02
0.000000000000000000e+00
0.000000000000000000e+00
4.910064861178398132e-02
1.915804445743560791e-01
0.000000000000000000e+00
3.549386933445930481e-02
4.291375875473022461e-01
2.281990766525268555e+00
1.950479149818420410e+00
6.046356633305549622e-02
6.183239221572875977e-01
4.831829369068145752e-01
2.326274849474430084e-02
1.686061769723892212e-01
0.000000000000000000e+00
3.527075797319412231e-02
3.229105770587921143e-01
3.090001642704010010e-02
2.687704563140869141e-01
2.172614574432373047e+00
9.081359952688217163e-02
3.785606846213340759e-02
3.098499774932861328e-01
3.513926267623901367e-01
1.106756925582885742e+00
4.729425907135009766e-01
7.861944288015365601e-02
3.134470283985137939e-01
5.247962474822998047e-01
0.000000000000000000e+00
5.310779213905334473e-01
8.204734325408935547e-02
1.165500581264495850e-01
0.000000000000000000e+00
2.774725109338760376e-02
0.000000000000000000e+00
0.000000000000000000e+00
0.000000000000000000e+00
0.000000000000000000e+00
5.122016072273254395e-01
6.157899498939514160e-01
8.514876961708068848e-01
1.038533687591552734e+00
2.745860517024993896e-01
1.838909029960632324e+00
0.000000000000000000e+00
4.797532036900520325e-02
1.289011240005493164e-01
0.000000000000000000e+00
0.000000000000000000e+00
6.581369787454605103e-03
2.104828655719757080e-01
5.839772224426269531e-01
3.975370898842811584e-02
0.000000000000000000e+00
2.003465406596660614e-02
4.767320156097412109e-01
0.000000000000000000e+00
6.826838850975036621e-01
9.573795250616967678e-04
0.000000000000000000e+00
6.461455672979354858e-02
0.000000000000000000e+00
1.019556894898414612e-01
0.000000000000000000e+00
8.771713078022003174e-02
2.327127605676651001e-01
3.766025066375732422e+00
4.769892618060112000e-02
0.000000000000000000e+00
1.256611896678805351e-03
1.128636002540588379e-01
2.418945878744125366e-01
0.000000000000000000e+00
5.032023191452026367e-01
1.478792428970336914e+00
1.325152754783630371e+00
0.000000000000000000e+00
7.276283949613571167e-02
0.000000000000000000e+00
7.751596719026565552e-02
0.000000000000000000e+00
6.269843578338623047e-01
0.000000000000000000e+00
6.646223366260528564e-02
0.000000000000000000e+00
0.000000000000000000e+00
0.000000000000000000e+00
5.754262581467628479e-02
2.557395026087760925e-02
1.323698997497558594e+00
5.240361094474792480e-01
3.574554681777954102e+00
3.495490550994873047e-01
0.000000000000000000e+00
9.480095505714416504e-01
1.019867286086082458e-01
1.190606951713562012e-01
2.071620970964431763e-01
1.686862111091613770e+00
7.492756843566894531e-01
4.665170013904571533e-01
1.158617343753576279e-02
0.000000000000000000e+00
5.057470202445983887e-01
1.685183942317962646e-01
1.096260473132133484e-01
0.000000000000000000e+00
5.007177591323852539e-02
4.913351237773895264e-01
1.135508179664611816e+00
4.019922763109207153e-02
0.000000000000000000e+00
3.548697233200073242e-01
0.000000000000000000e+00
9.086898714303970337e-02
0.000000000000000000e+00
6.566242518601939082e-06
0.000000000000000000e+00
0.000000000000000000e+00
1.760104775428771973e+00
1.119640707969665527e+00
9.616975486278533936e-02
6.506087630987167358e-02
0.000000000000000000e+00
2.615287005901336670e-01
4.458141624927520752e-01
8.161338977515697479e-03
1.522476792335510254e+00
0.000000000000000000e+00
5.186738967895507812e-01
4.798132479190826416e-01
2.729938328266143799e-01
0.000000000000000000e+00
0.000000000000000000e+00
0.000000000000000000e+00
4.350205361843109131e-01
0.000000000000000000e+00
1.835502535104751587e-01
1.324566602706909180e+00
0.000000000000000000e+00
0.000000000000000000e+00
3.799270093441009521e-02
1.271595209836959839e-01
5.873549729585647583e-03
1.778220683336257935e-01
1.331065416336059570e+00
8.526062965393066406e-01
1.725642204284667969e+00
0.000000000000000000e+00
2.301572114229202271e-01
1.887906901538372040e-02
0.000000000000000000e+00
3.192682191729545593e-02
1.670754718361422420e-04
3.901263326406478882e-02
0.000000000000000000e+00
1.609675586223602295e-01
6.492258608341217041e-02
2.313345670700073242e-01
2.343381056562066078e-03
0.000000000000000000e+00
0.000000000000000000e+00
0.000000000000000000e+00
1.459904946386814117e-03
1.088521242141723633e+00
0.000000000000000000e+00
0.000000000000000000e+00
1.662925839424133301e+00
1.595129728317260742e+00
0.000000000000000000e+00
6.471619606018066406e-01
0.000000000000000000e+00
5.295522883534431458e-02
0.000000000000000000e+00
0.000000000000000000e+00
9.245678782463073730e-02
4.330110847949981689e-01
1.294188052415847778e-01
6.334239244461059570e-02
3.660698652267456055e+00
3.841603994369506836e-01
3.779867589473724365e-01
5.095028877258300781e-01
3.439297676086425781e-01
2.020812988281250000e+00
3.695366438478231430e-03
4.365206360816955566e-01
2.196417003870010376e-01
1.801844388246536255e-01
1.285234689712524414e-01
9.865483641624450684e-02
1.703400909900665283e-01
2.643587067723274231e-02
1.233061909675598145e+00
7.095276843756437302e-03
1.615929231047630310e-02
4.420674219727516174e-02
2.259706974029541016e+00
1.327543240040540695e-02
4.996169805526733398e-01
1.335372962057590485e-02
9.660473465919494629e-02
7.639755010604858398e-01
5.722579080611467361e-03
6.386312246322631836e-01
1.954360306262969971e-01
0.000000000000000000e+00
0.000000000000000000e+00
3.069407343864440918e-01
0.000000000000000000e+00
1.417802125215530396e-01
0.000000000000000000e+00
4.767992496490478516e-01
1.013374552130699158e-01
1.328060869127511978e-03
3.835045695304870605e-01
0.000000000000000000e+00
1.465226709842681885e-01
0.000000000000000000e+00
1.679162383079528809e-01
1.366466563194990158e-02
0.000000000000000000e+00
0.000000000000000000e+00
2.599617242813110352e-01
2.750673890113830566e-01
2.692837476730346680e+00
1.370450735092163086e+00
8.043562062084674835e-03
0.000000000000000000e+00
1.168538723140954971e-02
8.565575480461120605e-01
2.557083964347839355e-01
0.000000000000000000e+00
0.000000000000000000e+00
0.000000000000000000e+00
0.000000000000000000e+00
5.041490793228149414e-01
0.000000000000000000e+00
6.648895740509033203e-01
2.360538989305496216e-01
1.889715194702148438e-01
3.109770715236663818e-01
1.038851857185363770e+00
2.591762505471706390e-02
5.596517026424407959e-02
5.026247501373291016e-01
4.336555302143096924e-02
3.744706809520721436e-01
0.000000000000000000e+00
0.000000000000000000e+00
1.883693635463714600e-01
0.000000000000000000e+00
5.967187881469726562e-01
1.617094501852989197e-03
9.553438425064086914e-02
1.223374485969543457e+00
1.591937303543090820e+00
4.208007827401161194e-03
1.767052859067916870e-01
1.139362454414367676e-01
9.587839245796203613e-03
2.447365999221801758e+00
4.766719415783882141e-03
1.281670182943344116e-01
1.201271638274192810e-01
0.000000000000000000e+00
5.458274111151695251e-02
2.614254318177700043e-02
6.576251387596130371e-01
6.034238934516906738e-01
8.826795965433120728e-03
8.259031921625137329e-02
1.881525814533233643e-01
4.005113840103149414e-01
0.000000000000000000e+00
0.000000000000000000e+00
1.072070654481649399e-02
0.000000000000000000e+00
1.799862980842590332e-01
2.886817455291748047e-01
1.328954380005598068e-02
4.558350145816802979e-02
4.386673927307128906e+00
3.159595886245369911e-03
0.000000000000000000e+00
2.093488164246082306e-02
7.373905777931213379e-01
1.623192906379699707e+00
0.000000000000000000e+00
7.982379198074340820e-02
2.290678739547729492e+00
0.000000000000000000e+00
1.203080654144287109e+00
1.992118954658508301e-01
7.560662180185317993e-02
1.141105443239212036e-01
4.516908228397369385e-01
1.004815027117729187e-01
2.492361888289451599e-02
2.377209626138210297e-02
0.000000000000000000e+00
1.250022053718566895e-01
7.858276367187500000e-04
2.813978120684623718e-02
4.743992350995540619e-03
0.000000000000000000e+00
9.284342825412750244e-02
5.408067256212234497e-02
7.803017497062683105e-01
1.831059455871582031e+00
0.000000000000000000e+00
1.011109575629234314e-01
2.088918685913085938e-01
8.978583663702011108e-02
0.000000000000000000e+00
9.807883501052856445e-01
1.799716591835021973e+00
3.104937076568603516e-01
1.349870562553405762e-01
1.345675531774759293e-02
1.964860856533050537e-01
1.260136440396308899e-02
1.096888780593872070e+00
2.868802845478057861e-01
6.552668809890747070e-01
5.397767424583435059e-01
8.981935679912567139e-02
0.000000000000000000e+00
7.799652870744466782e-03
9.412587881088256836e-01
4.752559959888458252e-01
0.000000000000000000e+00
2.018540203571319580e-01
2.559914588928222656e-01
0.000000000000000000e+00
2.247631698846817017e-01
6.529214326292276382e-03
1.119717396795749664e-02
2.692096233367919922e+00
4.907762110233306885e-01
2.597940154373645782e-02
2.250912971794605255e-02
0.000000000000000000e+00
4.456258192658424377e-02
0.000000000000000000e+00
4.970212280750274658e-02
1.993729770183563232e-01
9.259437769651412964e-02
1.767250537872314453e+00
3.295261040329933167e-02
3.933482766151428223e-01
2.178801149129867554e-01
1.255055963993072510e-01
9.664107114076614380e-02
3.399712741374969482e-01
7.959536463022232056e-02
6.490677595138549805e-01
3.081107437610626221e-01
0.000000000000000000e+00
2.470043301582336426e-01
1.554872393608093262e-01
0.000000000000000000e+00
7.592893242835998535e-01
2.291770458221435547e+00
0.000000000000000000e+00
1.809556484222412109e-01
1.830550581216812134e-01
0.000000000000000000e+00
3.431253194808959961e+00
6.209434866905212402e-01
1.584702730178833008e-01
6.540198326110839844e-01
2.734383046627044678e-01
9.854477643966674805e-01
1.578878983855247498e-02
0.000000000000000000e+00
4.714473336935043335e-02
1.091265212744474411e-02
0.000000000000000000e+00
1.948016405105590820e+00
3.261585161089897156e-02
1.379436850547790527e+00
0.000000000000000000e+00
1.633263230323791504e-01
3.279506862163543701e-01
1.933542370796203613e+00
6.112958118319511414e-02
1.274333149194717407e-01
3.933119535446166992e+00
7.928520441055297852e-02
4.348568022251129150e-01
1.167132891714572906e-02
1.372604370117187500e-01
1.421523094177246094e-01
1.363711953163146973e+00
1.599726229906082153e-01
3.921099752187728882e-02
9.267786741256713867e-01
1.205277368426322937e-01
0.000000000000000000e+00
3.610160648822784424e-01
3.108625710010528564e-01
0.000000000000000000e+00
1.676802337169647217e-01
1.505006104707717896e-01
3.699585050344467163e-02
9.898927062749862671e-02
2.904437016695737839e-03
0.000000000000000000e+00
1.265660762786865234e+00
0.000000000000000000e+00
1.767771542072296143e-01
2.391968481242656708e-02
1.405148953199386597e-01
2.431358589092269540e-04
1.097228378057479858e-02
0.000000000000000000e+00
2.758015692234039307e-01
2.603506483137607574e-02
6.455549001693725586e-01
2.751937881112098694e-02
0.000000000000000000e+00
9.496848285198211670e-02
2.887904644012451172e-01
1.121064834296703339e-02
1.359512507915496826e-01
1.094682812690734863e-01
1.252467185258865356e-01
0.000000000000000000e+00
1.429578959941864014e-01
0.000000000000000000e+00
9.649677574634552002e-02
1.012606716156005859e+01
9.039590507745742798e-02
1.840055882930755615e-01
1.215182691812515259e-01
1.367947340011596680e+00
2.676510252058506012e-02
0.000000000000000000e+00
9.660717844963073730e-02
0.000000000000000000e+00
2.731550931930541992e-01
1.418838091194629669e-02
2.198202610015869141e+00
0.000000000000000000e+00
0.000000000000000000e+00
0.000000000000000000e+00
1.078752398490905762e+00
1.956839710474014282e-01
3.611204326152801514e-01
3.215612769126892090e-01
1.374421000480651855e+00
1.789957284927368164e-02
1.788748651742935181e-01
0.000000000000000000e+00
0.000000000000000000e+00
7.057424187660217285e-01
5.357953906059265137e-01
4.651788175106048584e-01
2.852478921413421631e-01
0.000000000000000000e+00
2.505823373794555664e-01
0.000000000000000000e+00
3.078131377696990967e-01
1.697997450828552246e-01
7.607521414756774902e-01
0.000000000000000000e+00
0.000000000000000000e+00
8.027077652513980865e-03
0.000000000000000000e+00
1.128458045423030853e-02
3.105789236724376678e-02
1.455707103013992310e-01
1.018782984465360641e-02
1.438286853954195976e-03
1.531582698225975037e-02
0.000000000000000000e+00
8.783355951309204102e-01
2.223384827375411987e-01
3.520023077726364136e-02
0.000000000000000000e+00
3.024432109668850899e-03
7.181525230407714844e-01
1.071842852979898453e-02
2.560484223067760468e-03
7.160414755344390869e-02
8.476432412862777710e-02
9.839546084403991699e-01
7.966839708387851715e-03
0.000000000000000000e+00
1.626320719718933105e+00
2.039617300033569336e-01
1.331232309341430664e+00
6.229983568191528320e-01
5.034702420234680176e-01
2.250833623111248016e-02
6.520358729176223278e-04
1.716181337833404541e-01
8.005365729331970215e-03
3.389406800270080566e-01
0.000000000000000000e+00
1.450068205595016479e-01
7.239705324172973633e-01
1.396835297346115112e-01
1.620673060417175293e+00
0.000000000000000000e+00
0.000000000000000000e+00
0.000000000000000000e+00
1.415730267763137817e-01
1.237427741289138794e-01
8.197970390319824219e-01
1.477577686309814453e-01
1.878452114760875702e-02
0.000000000000000000e+00
1.469020396471023560e-01
1.608568802475929260e-02
0.000000000000000000e+00
0.000000000000000000e+00
0.000000000000000000e+00
0.000000000000000000e+00
0.000000000000000000e+00
1.854460835456848145e+00
1.522646397352218628e-01
2.234659671783447266e+00
3.910750448703765869e-01
1.564141809940338135e-01
5.689395070075988770e-01
0.000000000000000000e+00
2.606048583984375000e-01
3.202181458473205566e-01
6.375150084495544434e-01
6.197039969265460968e-03
2.701448462903499603e-02
3.983304500579833984e-01
1.773749850690364838e-02
0.000000000000000000e+00
0.000000000000000000e+00
1.636604189872741699e+00
0.000000000000000000e+00
1.382091879844665527e+00
1.463827639818191528e-01
1.825274825096130371e-01
0.000000000000000000e+00
0.000000000000000000e+00
3.214006423950195312e-01
9.980922937393188477e-02
4.401893168687820435e-02
0.000000000000000000e+00
7.794046774506568909e-03
0.000000000000000000e+00
0.000000000000000000e+00
5.007279515266418457e-01
3.654654622077941895e-01
7.111420631408691406e-01
1.490768074989318848e+00
1.036387532949447632e-01
4.662897109985351562e+00
0.000000000000000000e+00
0.000000000000000000e+00
1.013770978897809982e-02
7.575668096542358398e-01
5.470179319381713867e-01
2.994349598884582520e-01
3.623101115226745605e-02
4.725414514541625977e-01
0.000000000000000000e+00
1.269481182098388672e-01
0.000000000000000000e+00
1.887512058019638062e-01
1.399485826492309570e+00
0.000000000000000000e+00
2.018659003078937531e-02
2.969421260058879852e-02
3.090412318706512451e-01
1.024742126464843750e-01
1.790187656879425049e-01
3.236737251281738281e-01
3.087801337242126465e-01
5.569899082183837891e-01
9.402733445167541504e-01
1.375271379947662354e-01
0.000000000000000000e+00
0.000000000000000000e+00
8.847859571687877178e-04
0.000000000000000000e+00
8.488600701093673706e-02
6.003586947917938232e-02
1.109461858868598938e-02
8.816335201263427734e-01
3.499860465526580811e-01
4.691478610038757324e-02
2.452588230371475220e-01
7.602285593748092651e-02
1.849752902984619141e+00
1.536427289247512817e-01
1.264154464006423950e-01
7.121451199054718018e-02
1.426289509981870651e-02
5.364248156547546387e-01
1.646329462528228760e-02
3.008702099323272705e-01
0.000000000000000000e+00
1.555914133787155151e-01
1.253879368305206299e-01
1.916863024234771729e-02
1.920183002948760986e-01
6.419273465871810913e-02
0.000000000000000000e+00
7.513088583946228027e-01
1.074246689677238464e-01
3.721436858177185059e-01
1.079223632812500000e+00
3.537625772878527641e-03
6.489962935447692871e-01
3.586231172084808350e-01
2.720222771167755127e-01
1.278519511222839355e+00
6.918706297874450684e-01
1.007461324334144592e-01
4.437287151813507080e-02
2.050721347332000732e-01
2.331042438745498657e-01
8.498290553689002991e-03
3.310924470424652100e-01
1.805612742900848389e-01
0.000000000000000000e+00
4.172762870788574219e+00
5.393190383911132812e-01
0.000000000000000000e+00
0.000000000000000000e+00
1.050985932350158691e+00
0.000000000000000000e+00
3.526544272899627686e-01
2.970980703830718994e-01
5.336367487907409668e-01
3.747477054595947266e+00
0.000000000000000000e+00
3.648693263530731201e-01
2.369147352874279022e-02
0.000000000000000000e+00
1.091618895530700684e+00
9.165315888822078705e-03
2.497622743248939514e-02
0.000000000000000000e+00
1.536369442939758301e+00
1.820598095655441284e-01
7.520322203636169434e-01
2.038235543295741081e-04
0.000000000000000000e+00
2.641490459442138672e+00
1.869829297065734863e-01
2.496054209768772125e-02
6.190352439880371094e-01
1.049210071563720703e+00
1.389506340026855469e+00
0.000000000000000000e+00
6.133487448096275330e-02
0.000000000000000000e+00
1.492157764732837677e-02
3.907703161239624023e-01
0.000000000000000000e+00
4.850093424320220947e-01
4.125734791159629822e-02
0.000000000000000000e+00
7.285416126251220703e-01
3.110108613967895508e+00
7.236766219139099121e-01
8.365952223539352417e-02
0.000000000000000000e+00
7.781516313552856445e-01
0.000000000000000000e+00
2.473409473896026611e-02
4.148138687014579773e-02
1.003386080265045166e-02
2.822768688201904297e-02
2.111870288848876953e+00
2.567866802215576172e+00
3.650306463241577148e-01
4.290292561054229736e-01
1.858250975608825684e+00
1.169102713465690613e-01
1.185016855597496033e-01
0.000000000000000000e+00
2.045091629028320312e+00
0.000000000000000000e+00
1.172433495521545410e-01
5.042126774787902832e-01
6.498815864324569702e-02
0.000000000000000000e+00
0.000000000000000000e+00
1.407788395881652832e-01
1.065479159355163574e+00
4.788675159215927124e-02
1.313216537237167358e-01
4.800730347633361816e-01
0.000000000000000000e+00
1.081266760826110840e+00
0.000000000000000000e+00
0.000000000000000000e+00
5.753272771835327148e-02
0.000000000000000000e+00
2.976000607013702393e-01
1.576099544763565063e-01
3.517177402973175049e-01
0.000000000000000000e+00
1.089919079095125198e-02
3.634721338748931885e-01
4.075821489095687866e-03
2.653037607669830322e-01
1.524510830640792847e-01
9.443614631891250610e-02
0.000000000000000000e+00
3.676948845386505127e-01
0.000000000000000000e+00
1.308965981006622314e-01
1.208195686340332031e+00
2.270378638058900833e-03
5.345889329910278320e-01
2.029508352279663086e-01
0.000000000000000000e+00
2.040499597787857056e-01
0.000000000000000000e+00
0.000000000000000000e+00
3.091647028923034668e-01
2.616056613624095917e-02
0.000000000000000000e+00
3.789418637752532959e-01
3.863672912120819092e-02
0.000000000000000000e+00
1.526261419057846069e-01
0.000000000000000000e+00
6.764551401138305664e-01
1.146914601325988770e+00
3.156396001577377319e-02
3.388370573520660400e-02
2.282850742340087891e-01
7.002009451389312744e-02
3.816829621791839600e-01
0.000000000000000000e+00
2.161118239164352417e-01
4.857120513916015625e-01
7.245684862136840820e-01
0.000000000000000000e+00
1.739506274461746216e-01
6.740394234657287598e-01
6.110111624002456665e-02
1.025433093309402466e-02
1.289578080177307129e-01
4.698339104652404785e-01
1.680788211524486542e-02
8.865261822938919067e-02
2.660980522632598877e-01
5.592627450823783875e-02
2.928562229499220848e-03
1.250579714775085449e+00
4.426321685314178467e-01
9.187945127487182617e-01
5.771484971046447754e-01
1.230921864509582520e+00
1.741799265146255493e-01
4.974059164524078369e-01
1.097131013870239258e+00
4.390668123960494995e-03
1.225506216287612915e-01
1.330542087554931641e+00
5.079808235168457031e+00
1.996934711933135986e-01
1.640428751707077026e-01
0.000000000000000000e+00
0.000000000000000000e+00
1.458473950624465942e-01
0.000000000000000000e+00
2.267956584692001343e-01
2.206364423036575317e-01
4.864558577537536621e-02
2.638185918331146240e-01
4.821925163269042969e-01
2.624585866928100586e+00
1.225792220793664455e-03
0.000000000000000000e+00
5.115756392478942871e-02
3.209270954132080078e+00
1.759950637817382812e+00
4.903928935527801514e-01
3.150013461709022522e-02
3.408756554126739502e-01
3.634457588195800781e-01
0.000000000000000000e+00
1.074030250310897827e-02
1.245270017534494400e-03
1.479183584451675415e-01
2.627055533230304718e-02
4.658898413181304932e-01
0.000000000000000000e+00
1.100266501307487488e-01
3.441642038524150848e-03
0.000000000000000000e+00
0.000000000000000000e+00
6.537602543830871582e-01
6.944259162992238998e-03
2.079028129577636719e+00
1.000396311283111572e-01
0.000000000000000000e+00
1.025749087333679199e+00
0.000000000000000000e+00
2.998517155647277832e-01
2.203243821859359741e-01
1.530772000551223755e-01
3.035875037312507629e-02
4.800716042518615723e-02
2.795685231685638428e-01
8.172801136970520020e-01
5.139878988265991211e-01
0.000000000000000000e+00
1.414909958839416504e+00
0.000000000000000000e+00
1.286440134048461914e+00
2.529838800430297852e+00
8.295442461967468262e-01
2.095875263214111328e+00
0.000000000000000000e+00
2.183058023452758789e+00
0.000000000000000000e+00
1.250112522393465042e-02
1.323485672473907471e-01
0.000000000000000000e+00
0.000000000000000000e+00
8.405718207359313965e-02
1.740567684173583984e-01
0.000000000000000000e+00
1.662908554077148438e+00
1.844211071729660034e-01
1.976970732212066650e-01
1.350357313640415668e-03
1.142724752426147461e+00
9.905258417129516602e-01
5.306922830641269684e-03
4.104231297969818115e-02
0.000000000000000000e+00
2.878189086914062500e-03
1.349254488945007324e+00
0.000000000000000000e+00
2.302046120166778564e-02
7.993905246257781982e-02
2.712430357933044434e-01
2.123923748731613159e-01
3.801290750503540039e+00
1.375946402549743652e-01
2.364005297422409058e-01
9.578486531972885132e-02
3.569985330104827881e-01
0.000000000000000000e+00
7.556160688400268555e-01
3.214631974697113037e-01
2.191253006458282471e-02
0.000000000000000000e+00
5.920239090919494629e-01
2.010843306779861450e-01
0.000000000000000000e+00
0.000000000000000000e+00
7.794007658958435059e-02
0.000000000000000000e+00
1.859355419874191284e-01
2.903536558151245117e-01
8.206586539745330811e-02
1.129395812749862671e-01
0.000000000000000000e+00
2.188836336135864258e-01
2.274137549102306366e-02
7.405034452676773071e-02
2.929855324327945709e-02
0.000000000000000000e+00
9.433387964963912964e-02
2.896538674831390381e-01
1.510044746100902557e-02
3.162599727511405945e-02
4.384006932377815247e-02
2.696467041969299316e-01
1.550763100385665894e-01
2.407882566330954432e-04
1.045461595058441162e-01
3.181481268256902695e-03
9.093139171600341797e-01
1.826984286308288574e+00
2.034167528152465820e+00
9.174969978630542755e-03
4.459530711174011230e-01
1.048312783241271973e+00
2.849235199391841888e-03
5.482140779495239258e-01
0.000000000000000000e+00
2.873136401176452637e-01
1.022157430648803711e+00
3.653974235057830811e-01
3.461375599727034569e-03
5.524073243141174316e-01
0.000000000000000000e+00
8.361303806304931641e-02
1.345193292945623398e-02
6.955281496047973633e-01
0.000000000000000000e+00
4.373797774314880371e-02
4.583995640277862549e-01
1.270543634891510010e-01
1.735825061798095703e+00
0.000000000000000000e+00
4.786497354507446289e-01
2.803170979022979736e-01
5.206196308135986328e-01
1.282517760992050171e-01
3.138025999069213867e+00
0.000000000000000000e+00
1.014569640159606934e+00
1.609094142913818359e+00
3.476224094629287720e-02
1.654838323593139648e-01
1.223463788628578186e-01
0.000000000000000000e+00
0.000000000000000000e+00
1.846064999699592590e-02
1.652942895889282227e-01
2.549657225608825684e-01
1.232141733169555664e+00
0.000000000000000000e+00
0.000000000000000000e+00
1.719986319541931152e+00
0.000000000000000000e+00
6.837635636329650879e-01
0.000000000000000000e+00
7.180242538452148438e-01
5.478162169456481934e-01
1.802759885787963867e+00
0.000000000000000000e+00
4.391589760780334473e-01
6.235267221927642822e-02
0.000000000000000000e+00
0.000000000000000000e+00
5.820097923278808594e-01
1.965695381164550781e+00
2.302787005901336670e-01
4.290175065398216248e-02
7.430084049701690674e-02
8.534961938858032227e-02
1.273300200700759888e-01
5.724528804421424866e-02
2.942354679107666016e-01
1.109091043472290039e+00
0.000000000000000000e+00
5.881226062774658203e-01
6.823089122772216797e+00
1.216986700892448425e-01
1.991666555404663086e+00
6.068293452262878418e-01
1.550899744033813477e+00
1.310951113700866699e+00
3.268187046051025391e-01
9.250280261039733887e-01
9.418782591819763184e-02
2.847762703895568848e-01
4.378749802708625793e-02
0.000000000000000000e+00
1.664885282516479492e-01
1.678228825330734253e-01
1.190489623695611954e-02
2.007988214492797852e+00
8.663491904735565186e-02
4.445367958396673203e-03
2.758082151412963867e+00
0.000000000000000000e+00
2.849305570125579834e-01
0.000000000000000000e+00
2.771326899528503418e-01
4.097905755043029785e-01
0.000000000000000000e+00
1.769862771034240723e+00
1.299248099327087402e+00
0.000000000000000000e+00
0.000000000000000000e+00
4.340889155864715576e-01
0.000000000000000000e+00
1.396639943122863770e-01
1.427089329808950424e-02
1.069221138954162598e+00
6.800284981727600098e-02
0.000000000000000000e+00
8.854109048843383789e-01
1.846399307250976562e+00
4.509479403495788574e-01
3.311442211270332336e-02
2.883487008512020111e-02
3.567776083946228027e-02
0.000000000000000000e+00
0.000000000000000000e+00
1.185930490493774414e+00
0.000000000000000000e+00
2.215127199888229370e-01
3.061866164207458496e-01
1.308296527713537216e-02
2.787124365568161011e-02
3.103206157684326172e-01
1.136903405189514160e+00
2.314225211739540100e-02
2.271670103073120117e-01
9.906765818595886230e-02
0.000000000000000000e+00
0.000000000000000000e+00
2.805909216403961182e-01
5.599501132965087891e-01
4.414082050323486328e+00
0.000000000000000000e+00
0.000000000000000000e+00
1.169963479042053223e-01
0.000000000000000000e+00
0.000000000000000000e+00
4.650549590587615967e-01
6.730034202337265015e-02
2.598811872303485870e-02
8.318694308400154114e-04
1.619228720664978027e+00
6.536307930946350098e-01
0.000000000000000000e+00
1.273982971906661987e-02
1.601659655570983887e-01
0.000000000000000000e+00
0.000000000000000000e+00
1.544905900955200195e-01
2.576359272003173828e+00
4.491602070629596710e-03
4.763184070587158203e+00
4.092430472373962402e-01
9.271643757820129395e-01
1.540304813534021378e-02
1.485909104347229004e+00
1.724803894758224487e-01
2.761163711547851562e-01
1.782361865043640137e-01
2.824207842350006104e-01
6.992400884628295898e-01
2.978343330323696136e-02
0.000000000000000000e+00
5.786222219467163086e-01
2.164494246244430542e-01
5.436111614108085632e-02
0.000000000000000000e+00
5.064665675163269043e-01
1.638827621936798096e-01
2.588963210582733154e-01
5.668815970420837402e-01
0.000000000000000000e+00
3.195536732673645020e-01
7.673151493072509766e-01
3.104032874107360840e-01
1.733028173446655273e+00
8.990190625190734863e-01
2.443893253803253174e-01
0.000000000000000000e+00
3.674022555351257324e-01
1.848506331443786621e+00
0.000000000000000000e+00
1.088783144950866699e-01
0.000000000000000000e+00
1.827876567840576172e-01
7.514220476150512695e-01
5.720677375793457031e-01
1.223907899111509323e-02
0.000000000000000000e+00
3.313252329826354980e-01
0.000000000000000000e+00
7.344067841768264771e-02
0.000000000000000000e+00
4.654157906770706177e-02
7.375442236661911011e-02
3.012202307581901550e-02
0.000000000000000000e+00
5.609921813011169434e-01
1.346248760819435120e-02
6.142463088035583496e-01
0.000000000000000000e+00
5.446064472198486328e-01
0.000000000000000000e+00
3.335408568382263184e-01
3.422651067376136780e-02
3.692906796932220459e-01
1.442653592675924301e-02
3.316785022616386414e-02
7.397522926330566406e-01
0.000000000000000000e+00
8.857030272483825684e-01
4.855493009090423584e-01
2.329261749982833862e-01
1.685037463903427124e-02
8.931251615285873413e-02
6.996954083442687988e-01
7.816187739372253418e-01
2.194753170013427734e+00
1.803839504718780518e-01
0.000000000000000000e+00
0.000000000000000000e+00
1.436206698417663574e-01
3.973011858761310577e-03
0.000000000000000000e+00
2.027148008346557617e-01
4.318999126553535461e-02
1.278268843889236450e-01
4.509936645627021790e-02
0.000000000000000000e+00
0.000000000000000000e+00
0.000000000000000000e+00
1.155342161655426025e-01
1.766558885574340820e-01
0.000000000000000000e+00
5.679144989699125290e-03
0.000000000000000000e+00
5.797091722488403320e-01
2.245016396045684814e-02
1.048901796340942383e+00
0.000000000000000000e+00
2.215430885553359985e-02
0.000000000000000000e+00
0.000000000000000000e+00
3.158107995986938477e-01
0.000000000000000000e+00
1.756388545036315918e-01
1.861505359411239624e-01
0.000000000000000000e+00
3.833117485046386719e-01
5.986353382468223572e-03
1.806863700039684772e-03
1.091375112533569336e+00
2.402609214186668396e-02
8.593790531158447266e-01
0.000000000000000000e+00
1.239557489752769470e-01
1.657189726829528809e-01
6.289532780647277832e-01
1.095913052558898926e+00
7.870057821273803711e-01
2.374475821852684021e-03
2.788141742348670959e-02
7.377477735280990601e-02
2.803228795528411865e-01
7.488894462585449219e-01
1.281433925032615662e-02
1.451073646545410156e+00
1.700845211744308472e-01
1.194284781813621521e-01
1.084271445870399475e-01
4.710624814033508301e-01
1.276971101760864258e-01
1.439040526747703552e-02
1.126372665166854858e-01
2.538393735885620117e-01
2.632661104202270508e+00
8.487303555011749268e-02
3.407601267099380493e-02
3.185465335845947266e-01
2.159443451091647148e-03
8.064154535531997681e-02
2.352092787623405457e-02
2.066126912832260132e-01
0.000000000000000000e+00
0.000000000000000000e+00
1.115069314837455750e-01
1.113802045583724976e-01
5.656817555427551270e-02
1.624402880668640137e+00
0.000000000000000000e+00
0.000000000000000000e+00
2.320514768362045288e-01
0.000000000000000000e+00
9.271741658449172974e-02
2.743658781051635742e+00
2.767443060874938965e-01
2.182703930884599686e-03
2.032898515462875366e-01
0.000000000000000000e+00
4.825192689895629883e-02
1.554014205932617188e+00
0.000000000000000000e+00
4.040820002555847168e-01
0.000000000000000000e+00
0.000000000000000000e+00
2.111547254025936127e-02
2.262391448020935059e-01
1.412406116724014282e-01
3.238404512405395508e+00
0.000000000000000000e+00
6.842565536499023438e-01
0.000000000000000000e+00
8.030834197998046875e+00
1.780122816562652588e-01
0.000000000000000000e+00
0.000000000000000000e+00
0.000000000000000000e+00
5.994695425033569336e-02
1.682760238647460938e+00
6.553066968917846680e-01
5.028391838073730469e+00
5.872383713722229004e-02
2.361033260822296143e-01
1.248058915138244629e+00
0.000000000000000000e+00
4.668242931365966797e+00
0.000000000000000000e+00
2.474272549152374268e-01
0.000000000000000000e+00
4.200389608740806580e-02
1.447533816099166870e-01
3.606989383697509766e-01
0.000000000000000000e+00
5.256211757659912109e-01
0.000000000000000000e+00
1.713722050189971924e-01
0.000000000000000000e+00
1.551727294921875000e+00
1.660464048385620117e+00
6.398308277130126953e-02
0.000000000000000000e+00
0.000000000000000000e+00
0.000000000000000000e+00
2.642269432544708252e-01
1.281149685382843018e-01
5.469078570604324341e-02
7.285013049840927124e-02
1.138178110122680664e-01
1.779887318611145020e+00
2.687212452292442322e-02
0.000000000000000000e+00
4.574254512786865234e+00
0.000000000000000000e+00
2.688599526882171631e-01
0.000000000000000000e+00
3.595447540283203125e-02
8.838169276714324951e-03
0.000000000000000000e+00
2.735819295048713684e-02
2.276004105806350708e-02
2.381188124418258667e-01
0.000000000000000000e+00
1.172011256217956543e+00
6.174424886703491211e-01
3.052665665745735168e-02
3.866035938262939453e-01
0.000000000000000000e+00
1.839646339416503906e+00
1.479010581970214844e-01
1.275213956832885742e-01
4.285542666912078857e-02
7.801985368132591248e-03
3.926118463277816772e-02
9.256851673126220703e-01
2.175177931785583496e-01
0.000000000000000000e+00
9.375396766699850559e-04
1.661655306816101074e+00
6.677642464637756348e-01
1.259395629167556763e-01
1.865963339805603027e+00
2.152776241302490234e+00
3.085182607173919678e-01
2.368104904890060425e-01
0.000000000000000000e+00
7.198633253574371338e-02
4.372717738151550293e-01
1.032527208328247070e+00
0.000000000000000000e+00
9.201290607452392578e-01
1.108056083321571350e-01
8.581879548728466034e-03
1.892640590667724609e-01
4.090120270848274231e-02
1.462271511554718018e-01
3.865449428558349609e-01
8.555053919553756714e-02
0.000000000000000000e+00
1.914027452468872070e+00
1.621055752038955688e-01
6.418885197490453720e-03
8.488132804632186890e-02
3.286053836345672607e-01
3.427644819021224976e-02
0.000000000000000000e+00
9.524514526128768921e-02
2.187280356884002686e-02
0.000000000000000000e+00
0.000000000000000000e+00
0.000000000000000000e+00
2.879285514354705811e-01
1.569134555757045746e-02
9.174070321023464203e-03
1.527555346488952637e+00
2.855114080011844635e-02
5.430828928947448730e-01
0.000000000000000000e+00
5.042889118194580078e-01
7.391529623419046402e-03
0.000000000000000000e+00
5.885109901428222656e-01
1.844139769673347473e-02
1.519027980975806713e-03
1.207750439643859863e-01
0.000000000000000000e+00
0.000000000000000000e+00
1.485137581825256348e+00
3.568388894200325012e-02
5.277654901146888733e-02
3.489005938172340393e-02
2.729036808013916016e+00
1.723741739988327026e-01
3.685780763626098633e-01
0.000000000000000000e+00
4.956403747200965881e-03
1.785507947206497192e-01
5.181347019970417023e-03
2.002351760864257812e+00
1.175327062606811523e+00
2.325797528028488159e-01
1.270288135856389999e-02
1.359971910715103149e-01
0.000000000000000000e+00
2.122430205345153809e-01
2.394172847270965576e-01
7.165421247482299805e-01
0.000000000000000000e+00
0.000000000000000000e+00
0.000000000000000000e+00
9.052935242652893066e-01
1.119270548224449158e-01
2.286411523818969727e-01
7.646554708480834961e-01
1.359563469886779785e-01
2.504913136363029480e-02
2.015032619237899780e-02
0.000000000000000000e+00
1.988201960921287537e-02
1.405591011047363281e+00
2.162773534655570984e-02
6.952591538429260254e-01
1.715101115405559540e-02
6.784547865390777588e-02
9.842401742935180664e-01
0.000000000000000000e+00
5.447647348046302795e-02
4.279370419681072235e-03
0.000000000000000000e+00
0.000000000000000000e+00
7.459034919738769531e-01
3.741244375705718994e-01
3.252156376838684082e-01
0.000000000000000000e+00
3.625924885272979736e-01
0.000000000000000000e+00
9.174016118049621582e-02
1.947303488850593567e-02
0.000000000000000000e+00
0.000000000000000000e+00
9.858363270759582520e-01
0.000000000000000000e+00
2.289779484272003174e-01
0.000000000000000000e+00
0.000000000000000000e+00
3.886280208826065063e-02
0.000000000000000000e+00
4.784557223320007324e-02
4.341818764805793762e-02
2.972053885459899902e-01
2.041224986314773560e-01
4.829978048801422119e-01
0.000000000000000000e+00
6.840907153673470020e-04
2.578013809397816658e-03
0.000000000000000000e+00
9.172900021076202393e-02
2.830690443515777588e-01
4.812632501125335693e-01
4.639752209186553955e-02
6.072710081934928894e-02
1.111595153808593750e+00
2.443525195121765137e-01
7.447978109121322632e-02
1.749455183744430542e-02
1.109483599662780762e+00
9.865879081189632416e-03
9.359332174062728882e-02
9.643249511718750000e-01
1.015480756759643555e-01
1.162974536418914795e-02
1.984296925365924835e-02
9.479891061782836914e-01
8.918460458517074585e-02
0.000000000000000000e+00
5.615059137344360352e-01
4.810361266136169434e-01
0.000000000000000000e+00
9.869635105133056641e-03
8.608405292034149170e-02
4.854248166084289551e-01
0.000000000000000000e+00
3.519664704799652100e-01
0.000000000000000000e+00
7.027139663696289062e-01
7.320421338081359863e-01
7.502407580614089966e-02
1.251962631940841675e-01
5.347215011715888977e-02
1.844208240509033203e-01
1.254665255546569824e-01
0.000000000000000000e+00
5.404784902930259705e-02
5.634409189224243164e-01
0.000000000000000000e+00
2.103863000869750977e+00
3.105818629264831543e-01
0.000000000000000000e+00
1.019633859395980835e-01
4.921053722500801086e-02
5.143862683326005936e-03
0.000000000000000000e+00
1.871513761579990387e-02
2.237753152847290039e+00
0.000000000000000000e+00
2.705400884151458740e-01
3.547384738922119141e-01
3.271999955177307129e-02
1.219923138618469238e+00
5.065022110939025879e-01
1.189902305603027344e+00
1.690616831183433533e-02
0.000000000000000000e+00
9.655558317899703979e-02
3.423736095428466797e-01
2.436824291944503784e-01
2.120120823383331299e-01
4.710150460596196353e-05
6.988842040300369263e-02
0.000000000000000000e+00
1.376809179782867432e-02
2.177926301956176758e-01
3.743943944573402405e-02
1.520307920873165131e-02
1.320809591561555862e-03
3.966467082500457764e-02
6.119417771697044373e-02
2.236736267805099487e-01
3.338703513145446777e-02
0.000000000000000000e+00
8.029506355524063110e-02
1.035577966831624508e-03
6.906502246856689453e+00
2.704415321350097656e-01
0.000000000000000000e+00
1.663577370345592499e-02
2.561869472265243530e-02
0.000000000000000000e+00
1.691206544637680054e-02
8.085721135139465332e-01
2.332638949155807495e-01
2.750389277935028076e-01
1.916867122054100037e-02
7.619003951549530029e-02
5.151535868644714355e-01
0.000000000000000000e+00
0.000000000000000000e+00
1.804832339286804199e+00
1.303034871816635132e-01
4.171153903007507324e-02
0.000000000000000000e+00
2.945936322212219238e-01
3.776156663894653320e+00
3.735204041004180908e-01
1.673746705055236816e-01
3.359156101942062378e-02
1.265496760606765747e-01
1.297438293695449829e-01
4.380798339843750000e-02
6.850787252187728882e-02
1.510069221258163452e-01
9.178525768220424652e-03
0.000000000000000000e+00
2.846669219434261322e-02
1.516417264938354492e-01
3.307628259062767029e-02
8.702959120273590088e-02
3.784590065479278564e-01
7.002108097076416016e-01
2.484624624252319336e+00
3.477801978588104248e-01
7.085255384445190430e-01
0.000000000000000000e+00
4.121302068233489990e-01
4.045570850372314453e+00
6.732089072465896606e-02
2.001733183860778809e-01
3.018232882022857666e-01
0.000000000000000000e+00
1.616209149360656738e-01
1.136221170425415039e+00
1.029729377478361130e-02
4.087481200695037842e-01
0.000000000000000000e+00
3.784336522221565247e-02
6.883168220520019531e-01
7.860255986452102661e-02
3.686003386974334717e-01
0.000000000000000000e+00
6.046927883289754391e-04
0.000000000000000000e+00
1.715592294931411743e-02
0.000000000000000000e+00
4.894559085369110107e-01
0.000000000000000000e+00
1.302063822746276855e+00
2.713608182966709137e-02
1.923404820263385773e-02
2.779293358325958252e-01
1.348599910736083984e+00
9.021492302417755127e-02
1.698068380355834961e-01
7.733571529388427734e+00
7.419435679912567139e-02
1.529823303222656250e+00
7.894399575889110565e-03
4.345415830612182617e-01
4.209971427917480469e+00
1.398380938917398453e-02
3.150640487670898438e+00
1.112510338425636292e-01
1.666265428066253662e-01
6.158453971147537231e-02
2.291820570826530457e-02
2.217021211981773376e-02
1.499799080193042755e-02
0.000000000000000000e+00
2.851751804351806641e+00
4.919237792491912842e-01
0.000000000000000000e+00
1.248169923201203346e-03
3.026810474693775177e-02
1.219963133335113525e-01
1.286618590354919434e+00
0.000000000000000000e+00
0.000000000000000000e+00
1.722271181643009186e-02
1.557101845741271973e+00
7.344615645706653595e-03
0.000000000000000000e+00
6.302177906036376953e-01
4.851781949400901794e-02
1.567833721637725830e-01
1.838297955691814423e-02
5.797813460230827332e-02
0.000000000000000000e+00
2.396639063954353333e-02
2.526572942733764648e+00
0.000000000000000000e+00
1.458803862333297729e-01
0.000000000000000000e+00
3.326379358768463135e-01
3.731051087379455566e-01
1.002095937728881836e+00
9.756158292293548584e-02
2.391089219599962234e-03
2.934246957302093506e-01
1.025601506233215332e+00
0.000000000000000000e+00
1.251486595720052719e-02
7.155476808547973633e-01
9.023293256759643555e-01
2.119362115859985352e+00
3.334585726261138916e-01
6.162044405937194824e-02
4.839951694011688232e-01
3.772054314613342285e-01
0.000000000000000000e+00
0.000000000000000000e+00
6.824037432670593262e-01
1.371853828430175781e+00
0.000000000000000000e+00
9.785848110914230347e-02
8.747357875108718872e-03
0.000000000000000000e+00
0.000000000000000000e+00
1.312144517898559570e+00
1.251950114965438843e-02
1.230729579925537109e+00
4.874429851770401001e-02
2.879731473512947559e-04
0.000000000000000000e+00
0.000000000000000000e+00
7.211974263191223145e-01
5.851918365806341171e-03
1.000037491321563721e-01
6.390389204025268555e-01
3.681866645812988281e+00
2.990909576416015625e+00
3.548169136047363281e-02
6.947909295558929443e-02
1.573918819427490234e+00
1.422877311706542969e-01
1.368134631775319576e-03
0.000000000000000000e+00
5.475665330886840820e-01
6.326109170913696289e-01
0.000000000000000000e+00
2.453422546386718750e-01
0.000000000000000000e+00
2.951675653457641602e-01
7.150509357452392578e-01
3.874600529670715332e-01
1.831713914871215820e-01
5.156349018216133118e-02
0.000000000000000000e+00
0.000000000000000000e+00
3.323869034647941589e-02
0.000000000000000000e+00
1.434271931648254395e+00
0.000000000000000000e+00
3.546582460403442383e-01
2.001818269491195679e-01
0.000000000000000000e+00
1.152100682258605957e+00
4.824809730052947998e-01
2.364779949188232422e+00
5.697771906852722168e-02
5.351195931434631348e-01
1.895527720451354980e+00
3.605282306671142578e+00
0.000000000000000000e+00
0.000000000000000000e+00
5.135914802551269531e+00
2.553206868469715118e-02
2.319723740220069885e-02
7.675989065319299698e-03
1.440193355083465576e-01
1.516781687736511230e+00
3.367337882518768311e-01
1.216952651739120483e-01
1.144206747412681580e-01
4.267673492431640625e-01
9.499996900558471680e-02
8.391597270965576172e-01
2.343728542327880859e-01
9.899330884218215942e-02
5.229066014289855957e-01
5.696018338203430176e-01
4.612072110176086426e-01
7.451301068067550659e-02
2.539391994476318359e+00
3.538831323385238647e-02
3.484378457069396973e-01
6.339791417121887207e-02
9.605674445629119873e-02
8.855255246162414551e-01
8.533276319503784180e-01
2.188174612820148468e-02
0.000000000000000000e+00
1.734755039215087891e-01
3.558313548564910889e-01
1.256619691848754883e-01
2.626445293426513672e-01
1.058546751737594604e-01
2.585296705365180969e-02
1.722033858299255371e+00
1.379564881324768066e+00
5.012118816375732422e-01
3.082264363765716553e-01
1.726058078929781914e-03
8.094998449087142944e-02
1.380400508642196655e-01
3.327343985438346863e-02
0.000000000000000000e+00
3.227922916412353516e-01
2.012574858963489532e-02
2.415476888418197632e-01
0.000000000000000000e+00
2.690724562853574753e-03
0.000000000000000000e+00
3.732089325785636902e-02
1.593055762350559235e-02
0.000000000000000000e+00
5.345899146050214767e-03
0.000000000000000000e+00
1.849899739027023315e-01
0.000000000000000000e+00
1.691048033535480499e-02
5.418789982795715332e-01
0.000000000000000000e+00
1.706116795539855957e-01
1.066849753260612488e-01
8.956559002399444580e-02
2.771129906177520752e-01
0.000000000000000000e+00
4.960647225379943848e-01
2.773976325988769531e+00
1.596441268920898438e+00
3.254130482673645020e-01
0.000000000000000000e+00
1.885670125484466553e-01
1.736563682556152344e+00
7.076747715473175049e-02
1.071665808558464050e-01
2.923375666141510010e-01
0.000000000000000000e+00
4.724287688732147217e-01
0.000000000000000000e+00
1.234166383743286133e+00
