3.895387351512908936e-01
1.104707177728414536e-02
1.046119093894958496e+00
3.064747750759124756e-01
5.036382749676704407e-02
6.749440431594848633e-01
7.671487331390380859e-02
3.261208534240722656e-03
1.699754223227500916e-02
2.284881591796875000e+00
1.577789932489395142e-01
1.486967206001281738e-01
2.710089832544326782e-02
0.000000000000000000e+00
2.077703550457954407e-02
1.498621851205825806e-01
1.430408716201782227e+00
3.236272931098937988e-01
7.849253416061401367e-01
6.367152929306030273e-02
0.000000000000000000e+00
0.000000000000000000e+00
0.000000000000000000e+00
3.585628271102905273e-01
0.000000000000000000e+00
1.877751797437667847e-01
3.318794667720794678e-01
0.000000000000000000e+00
1.639203280210494995e-01
1.405416727066040039e-01
8.907489180564880371e-01
0.000000000000000000e+00
3.088982999324798584e-01
5.647840976715087891e+00
4.767868220806121826e-01
7.357552647590637207e-02
0.000000000000000000e+00
4.966140985488891602e-01
6.882648915052413940e-02
2.049790769815444946e-01
0.000000000000000000e+00
1.115951538085937500e-01
8.094218373298645020e-01
0.000000000000000000e+00
1.078622698783874512e+00
1.400128938257694244e-03
4.384999349713325500e-02
1.265428215265274048e-01
2.026788890361785889e-02
4.079209268093109131e-01
3.076147055253386497e-03
5.507277846336364746e-01
4.805486202239990234e-01
0.000000000000000000e+00
1.315813183784484863e+00
5.304751917719841003e-03
3.523814678192138672e-01
2.730089187622070312e+00
5.927070379257202148e-01
4.031014814972877502e-02
1.942778944969177246e+00
0.000000000000000000e+00
1.635397672653198242e-01
8.219821006059646606e-02
6.001545488834381104e-02
1.309452176094055176e+00
6.182645261287689209e-02
4.706647694110870361e-01
1.428782939910888672e-01
1.093862652778625488e+00
6.985280662775039673e-02
8.996937274932861328e-01
5.484917163848876953e-01
1.585157394409179688e+00
4.362570494413375854e-02
1.531457155942916870e-01
1.963769048452377319e-01
2.794939652085304260e-02
1.522060036659240723e+00
7.182846218347549438e-02
4.541409909725189209e-01
2.850618660449981689e-01
1.985735416412353516e+00
2.365262359380722046e-01
2.849251627922058105e-01
7.109035849571228027e-01
0.000000000000000000e+00
1.615821361541748047e+00
4.885669648647308350e-01
8.508686423301696777e-01
0.000000000000000000e+00
2.909305095672607422e-01
4.715868532657623291e-01
2.684931457042694092e-02
1.566280722618103027e+00
8.687943965196609497e-02
1.926155537366867065e-01
2.958244085311889648e-01
0.000000000000000000e+00
1.853991895914077759e-01
1.510676145553588867e+00
3.176833093166351318e-01
6.877552717924118042e-02
9.631695151329040527e-01
9.505932778120040894e-02
1.279722452163696289e+00
2.144281864166259766e-01
1.618082523345947266e+00
1.567659974098205566e-01
8.868573307991027832e-01
2.521007955074310303e-01
2.411262132227420807e-02
4.805609285831451416e-01
2.800408005714416504e-01
9.864519834518432617e-01
9.511927366256713867e-01
2.044553607702255249e-01
0.000000000000000000e+00
8.169583976268768311e-02
3.132202029228210449e-01
4.166002869606018066e-01
0.000000000000000000e+00
1.400687731802463531e-02
1.542858839035034180e+00
5.762252211570739746e-01
0.000000000000000000e+00
1.630093753337860107e-01
5.390995740890502930e-01
1.775370985269546509e-01
2.145884633064270020e-01
6.540869176387786865e-02
6.089814901351928711e-01
5.064692497253417969e-01
1.574642896652221680e+00
1.974294148385524750e-02
8.585304953157901764e-03
1.246310830116271973e+00
5.014801397919654846e-02
1.179122179746627808e-01
5.940000414848327637e-01
2.977620065212249756e-01
6.468614339828491211e-01
2.638663351535797119e-01
1.295712232589721680e+00
2.905124425888061523e-01
1.081550359725952148e+00
0.000000000000000000e+00
2.579909563064575195e+00
1.114659234881401062e-01
4.478719532489776611e-01
1.146766617894172668e-01
1.028295606374740601e-01
0.000000000000000000e+00
1.854570806026458740e-01
1.887335628271102905e-02
5.680276751518249512e-01
6.993197798728942871e-01
0.000000000000000000e+00
9.328639507293701172e-01
4.799371957778930664e-02
1.265337228775024414e+00
3.915359452366828918e-02
1.224911332130432129e+00
0.000000000000000000e+00
8.319415152072906494e-02
9.192707538604736328e-01
1.454653024673461914e+00
0.000000000000000000e+00
1.647631376981735229e-01
4.533798247575759888e-02
2.149437665939331055e+00
3.688457012176513672e+00
1.096188798546791077e-01
3.267056226730346680e+00
0.000000000000000000e+00
3.711319863796234131e-01
1.241247296333312988e+00
3.260575532913208008e-01
0.000000000000000000e+00
8.734167218208312988e-01
1.773360073566436768e-01
2.117609977722167969e-02
7.134690284729003906e-01
1.076892949640750885e-02
1.027480602264404297e+00
0.000000000000000000e+00
8.088730275630950928e-03
1.037193089723587036e-01
3.135670125484466553e-01
1.292290240526199341e-01
7.551654241979122162e-03
3.518298268318176270e-02
3.213444352149963379e-02
9.895347952842712402e-01
1.080628514289855957e+00
5.490868818014860153e-03
8.462034463882446289e-01
2.154082506895065308e-01
2.409858442842960358e-02
3.844764782115817070e-03
6.416504085063934326e-02
5.533431172370910645e-01
1.838999271392822266e+00
2.257442474365234375e-01
9.515655636787414551e-01
2.214538156986236572e-01
0.000000000000000000e+00
3.903906643390655518e-01
2.696167863905429840e-02
3.443850204348564148e-02
3.142514526844024658e-01
0.000000000000000000e+00
8.492784947156906128e-02
1.569595485925674438e-01
3.104399681091308594e+00
0.000000000000000000e+00
0.000000000000000000e+00
3.184381057508289814e-04
2.481092661619186401e-01
9.734523482620716095e-03
2.958781123161315918e-01
6.358448863029479980e-01
7.013432502746582031e+00
1.075642347335815430e+00
1.514279516413807869e-03
2.381954938173294067e-01
6.351863592863082886e-02
9.494466334581375122e-02
1.581008173525333405e-02
2.567781805992126465e-01
2.474392503499984741e-01
6.293810158967971802e-02
1.942360401153564453e-01
5.548502877354621887e-02
1.156688258051872253e-01
3.822764158248901367e-01
2.112268507480621338e-01
0.000000000000000000e+00
2.000593952834606171e-02
1.026429772377014160e+00
1.242525875568389893e-02
3.851244747638702393e-01
1.500655547715723515e-03
3.238353133201599121e-02
1.555766940116882324e+00
1.120280474424362183e-01
1.074671074748039246e-01
3.838089406490325928e-01
1.243994198739528656e-02
3.756181001663208008e-01
1.194802522659301758e+00
8.562240600585937500e-01
7.939903140068054199e-01
1.091796010732650757e-01
0.000000000000000000e+00
1.308299452066421509e-01
1.875516414642333984e+00
2.109972573816776276e-02
0.000000000000000000e+00
2.404405772686004639e-01
4.035829007625579834e-01
0.000000000000000000e+00
2.873822450637817383e-01
5.647091940045356750e-02
0.000000000000000000e+00
0.000000000000000000e+00
7.702321052551269531e+00
1.564821787178516388e-02
0.000000000000000000e+00
2.423348873853683472e-01
0.000000000000000000e+00
6.250140666961669922e-01
6.066953539848327637e-01
0.000000000000000000e+00
6.009373664855957031e-01
4.857415258884429932e-01
1.750363260507583618e-01
4.342913255095481873e-02
0.000000000000000000e+00
1.000494137406349182e-02
2.930567786097526550e-02
5.394522100687026978e-02
7.667772006243467331e-03
3.174381554126739502e-01
1.517304126173257828e-02
5.492035299539566040e-03
2.451800107955932617e-01
1.900349259376525879e+00
1.074583888053894043e+00
1.818329468369483948e-02
4.667107760906219482e-01
5.199152231216430664e-02
1.917411200702190399e-02
1.564774313010275364e-03
3.316005468368530273e-01
2.134117931127548218e-01
1.925521045923233032e-01
8.167829364538192749e-02
7.285487651824951172e-01
1.713073253631591797e-01
6.200203672051429749e-02
3.360770046710968018e-01
7.516447305679321289e-01
3.724967539310455322e-01
1.280125826597213745e-01
1.115365698933601379e-01
6.926243752241134644e-02
6.152098774909973145e-01
2.410586625337600708e-01
3.598603978753089905e-02
2.837575078010559082e-01
1.136696059256792068e-02
7.713482975959777832e-01
2.770675420761108398e-01
7.152624428272247314e-03
7.709808945655822754e-01
7.774540036916732788e-02
4.508175849914550781e-01
5.911395549774169922e-01
6.145068407058715820e-01
4.672901153564453125e+00
1.432761643081903458e-02
6.884198635816574097e-02
2.887247502803802490e-01
2.526037162169814110e-03
9.641763567924499512e-01
1.931189149618148804e-01
4.610582888126373291e-01
0.000000000000000000e+00
2.016195282340049744e-02
7.506670057773590088e-02
1.157001495361328125e+00
4.116116557270288467e-03
7.479772716760635376e-02
3.392744362354278564e-01
4.588912129402160645e-01
0.000000000000000000e+00
1.308461189270019531e+00
9.449196457862854004e-01
1.267055630683898926e+00
2.947056293487548828e-01
9.494639188051223755e-02
6.580686569213867188e-02
4.576866626739501953e-01
6.204047203063964844e-01
2.450901269912719727e-01
3.418452143669128418e-01
9.403622709214687347e-03
2.757416665554046631e-01
3.863538980484008789e+00
1.449526995420455933e-01
2.312037050724029541e-01
0.000000000000000000e+00
4.944688379764556885e-01
5.664881318807601929e-02
4.939196165651082993e-03
2.489856258034706116e-02
0.000000000000000000e+00
0.000000000000000000e+00
9.194737672805786133e-01
3.447012603282928467e-01
4.278675466775894165e-02
9.579920023679733276e-02
7.722076773643493652e-02
4.777721166610717773e-01
1.826318264007568359e+00
8.192349225282669067e-03
5.210054293274879456e-02
5.496621504426002502e-02
3.246719539165496826e-01
1.772436797618865967e-01
2.440344691276550293e-01
0.000000000000000000e+00
0.000000000000000000e+00
3.272098600864410400e-01
4.372192323207855225e-01
5.775517970323562622e-02
1.458610534667968750e+00
0.000000000000000000e+00
2.630040049552917480e-01
7.694061398506164551e-01
6.307128667831420898e-01
1.708492159843444824e+00
8.994413018226623535e-01
0.000000000000000000e+00
3.046625852584838867e-01
1.330513358116149902e+00
9.431510418653488159e-02
2.656955122947692871e-01
0.000000000000000000e+00
0.000000000000000000e+00
3.255979418754577637e-01
1.191358566284179688e+00
2.440147995948791504e-01
1.142771020531654358e-01
2.435186505317687988e-02
4.861433804035186768e-02
1.521603763103485107e-01
2.531077340245246887e-02
2.422967255115509033e-01
0.000000000000000000e+00
1.499921199865639210e-04
3.201906979084014893e-01
0.000000000000000000e+00
2.975101172924041748e-01
3.435861691832542419e-02
1.065325021743774414e+00
0.000000000000000000e+00
2.068542480468750000e+00
2.197708381572738290e-04
3.571077808737754822e-02
9.219630360603332520e-01
3.048430383205413818e-01
0.000000000000000000e+00
1.044431421905755997e-02
5.883366614580154419e-02
5.026838779449462891e+00
6.266111880540847778e-02
0.000000000000000000e+00
8.486820384860038757e-03
1.252118404954671860e-02
6.033215522766113281e-01
1.347216963768005371e+00
7.497121095657348633e-01
6.500145792961120605e-01
2.867346107959747314e-01
1.942490227520465851e-02
1.210321635007858276e-01
5.164203047752380371e-01
1.021802902221679688e+00
4.513716325163841248e-03
0.000000000000000000e+00
4.364209771156311035e-01
1.724642872810363770e+00
5.272447466850280762e-01
3.894871771335601807e-01
1.236162893474102020e-02
6.114280819892883301e-01
8.785842359066009521e-02
0.000000000000000000e+00
2.501191198825836182e-01
2.183111570775508881e-02
6.782939434051513672e-01
6.015346385538578033e-03
6.688897013664245605e-01
1.282231330871582031e+00
2.246765792369842529e-01
6.659888476133346558e-02
2.898597717285156250e-01
0.000000000000000000e+00
1.108765304088592529e-01
5.552373528480529785e-01
0.000000000000000000e+00
1.288408041000366211e-01
3.640441000461578369e-01
0.000000000000000000e+00
5.807451009750366211e-01
0.000000000000000000e+00
0.000000000000000000e+00
1.898572966456413269e-02
7.190594077110290527e-02
5.049872398376464844e+00
3.138145506381988525e-01
3.690483272075653076e-01
1.915174908936023712e-02
6.168669089674949646e-02
8.452422171831130981e-02
1.894408315420150757e-01
1.027053147554397583e-01
1.323609471321105957e+00
0.000000000000000000e+00
1.993403732776641846e-01
1.176825284957885742e+00
4.654517173767089844e-01
1.418938487768173218e-01
0.000000000000000000e+00
3.253852427005767822e-01
9.079475402832031250e-01
3.247894644737243652e-01
1.461169362068176270e+00
7.231648564338684082e-01
1.857929304242134094e-02
1.102225661277770996e+00
7.486739754676818848e-02
2.398032426834106445e+00
2.445406168699264526e-01
2.508542537689208984e-01
3.839930295944213867e+00
4.625496268272399902e-01
1.062901735305786133e+00
0.000000000000000000e+00
7.070073485374450684e-01
8.485593646764755249e-02
2.417176589369773865e-02
2.664650380611419678e-01
9.301508069038391113e-01
0.000000000000000000e+00
2.191793918609619141e-02
6.065402552485466003e-02
3.557068994268774986e-03
1.180600881576538086e+00
8.356528282165527344e-01
2.046822011470794678e-02
4.983310773968696594e-02
4.532782733440399170e-02
2.271926403045654297e-01
1.582670211791992188e+00
0.000000000000000000e+00
0.000000000000000000e+00
2.027509689331054688e+00
1.447446823120117188e+00
6.972476094961166382e-02
1.002082228660583496e+00
4.921999201178550720e-02
4.486012756824493408e-01
3.433762863278388977e-02
1.068285584449768066e+00
7.993248701095581055e-01
1.512747555971145630e-01
1.814029216766357422e-01
1.114502072334289551e+00
1.628983736038208008e+00
1.561170816421508789e-01
7.493027299642562866e-02
1.203918159008026123e-01
9.921961426734924316e-01
3.794054687023162842e-01
1.310228109359741211e-01
0.000000000000000000e+00
3.061915338039398193e-01
2.077019363641738892e-01
4.232387989759445190e-02
0.000000000000000000e+00
0.000000000000000000e+00
2.047151140868663788e-02
9.101678151637315750e-04
0.000000000000000000e+00
1.386991977691650391e+00
0.000000000000000000e+00
8.196400403976440430e-01
1.128759160637855530e-01
0.000000000000000000e+00
0.000000000000000000e+00
4.200749844312667847e-02
3.728323280811309814e-01
5.037955939769744873e-02
7.546585798263549805e-02
1.060527920722961426e+00
1.524274889379739761e-02
5.215815082192420959e-02
7.570620179176330566e-01
1.023631915450096130e-02
2.109653688967227936e-02
5.809330940246582031e-01
1.035105437040328979e-01
5.453343689441680908e-02
6.793783511966466904e-03
6.809324026107788086e-02
0.000000000000000000e+00
1.904257573187351227e-02
9.090097737498581409e-04
9.720014035701751709e-02
8.088645339012145996e-02
3.640430793166160583e-02
3.216611444950103760e-01
3.117469884455204010e-02
5.743395686149597168e-01
9.907176494598388672e-01
7.879842072725296021e-02
0.000000000000000000e+00
0.000000000000000000e+00
1.487463831901550293e+00
2.049348592758178711e+00
2.697509050369262695e+00
1.062513887882232666e-02
0.000000000000000000e+00
9.214677661657333374e-02
0.000000000000000000e+00
3.696473240852355957e-01
6.573470234870910645e-01
1.928460001945495605e-01
2.718362808227539062e+00
2.188555598258972168e-01
0.000000000000000000e+00
5.557215809822082520e-01
6.732252240180969238e-01
0.000000000000000000e+00
1.129363197833299637e-03
1.045767888426780701e-01
1.351473808288574219e+00
8.658771216869354248e-02
4.040618427097797394e-03
1.560411304235458374e-01
2.946122288703918457e-01
1.253571659326553345e-01
2.091135680675506592e-01
3.751631677150726318e-01
1.489732265472412109e+00
3.384045958518981934e-01
0.000000000000000000e+00
2.730702757835388184e-01
2.598619461059570312e-02
2.968497946858406067e-02
7.153936624526977539e-01
0.000000000000000000e+00
8.276304006576538086e-01
7.617540657520294189e-02
0.000000000000000000e+00
0.000000000000000000e+00
1.256382316350936890e-01
2.755213379859924316e-01
2.218578755855560303e-01
5.649128556251525879e-02
6.228365749120712280e-02
1.507820338010787964e-01
3.647590279579162598e-01
0.000000000000000000e+00
5.630612745881080627e-02
5.138074234127998352e-02
2.224050695076584816e-03
2.114921808242797852e-01
1.198499053716659546e-01
2.007559314370155334e-02
1.090536043047904968e-01
2.657523632049560547e+00
7.701185997575521469e-03
1.833721622824668884e-02
1.911495625972747803e-02
5.397554859519004822e-02
1.656178116798400879e+00
1.210546493530273438e+00
6.351499557495117188e-01
1.418416500091552734e+00
0.000000000000000000e+00
7.081430554389953613e-01
6.124830245971679688e-01
3.947746157646179199e-01
1.287926137447357178e-01
1.210915923118591309e+00
1.609265327453613281e+00
2.307994216680526733e-01
2.598099038004875183e-02
5.366011522710323334e-03
8.243735879659652710e-03
7.147172838449478149e-02
2.713455855846405029e-01
1.280696783214807510e-02
1.363306492567062378e-01
1.396612264215946198e-02
5.868244767189025879e-01
9.814438819885253906e-01
1.063457846641540527e+00
1.102894823998212814e-02
2.956885695457458496e-01
1.063740849494934082e-01
1.032782077789306641e+00
4.289058595895767212e-02
2.921153903007507324e-01
2.546767473220825195e+00
4.392843693494796753e-02
9.207396768033504486e-03
4.551507532596588135e-03
3.466123715043067932e-03
7.198929041624069214e-02
6.739823222160339355e-01
4.919613525271415710e-02
7.298007607460021973e-01
6.586512923240661621e-02
1.235536020249128342e-02
0.000000000000000000e+00
8.341518044471740723e-01
1.136884000152349472e-02
1.289938449859619141e+00
0.000000000000000000e+00
1.950542628765106201e-01
7.450532168149948120e-03
3.614061325788497925e-02
1.316724419593811035e-01
2.853372599929571152e-03
2.830539830029010773e-02
2.099595785140991211e+00
3.260834217071533203e-01
1.999652981758117676e-01
4.072271883487701416e-01
2.439257353544235229e-01
2.097903728485107422e+00
7.907416671514511108e-02
2.501794695854187012e-01
1.108543276786804199e-01
1.196341887116432190e-01
1.195267677307128906e+00
8.231990337371826172e-01
0.000000000000000000e+00
1.581945776939392090e+00
4.101667553186416626e-02
8.921117335557937622e-02
8.797294497489929199e-01
0.000000000000000000e+00
1.971558928489685059e-01
2.209400571882724762e-02
5.218526721000671387e-02
0.000000000000000000e+00
1.876984089612960815e-01
0.000000000000000000e+00
1.048221468925476074e+00
6.907908618450164795e-02
0.000000000000000000e+00
1.229411363601684570e-01
7.575971074402332306e-03
5.114760994911193848e-01
4.633656442165374756e-01
3.819557666778564453e+00
8.138498067855834961e-01
4.721882343292236328e-01
1.366620063781738281e+00
4.355030506849288940e-02
1.071549296379089355e+00
0.000000000000000000e+00
2.587941884994506836e-01
0.000000000000000000e+00
5.859014391899108887e-01
1.171508669853210449e+00
1.556154340505599976e-01
2.380463182926177979e-01
4.304759800434112549e-01
9.741655737161636353e-02
1.567903533577919006e-02
1.612017303705215454e-01
0.000000000000000000e+00
1.729750782251358032e-01
2.035687446594238281e+00
3.248021304607391357e-01
9.470909833908081055e-02
2.437182664871215820e-01
8.745737373828887939e-02
1.729354411363601685e-01
6.974582076072692871e-01
4.147106111049652100e-01
5.616232156753540039e-01
9.720710664987564087e-02
0.000000000000000000e+00
0.000000000000000000e+00
5.431569181382656097e-03
1.798700243234634399e-01
0.000000000000000000e+00
1.781493067741394043e+00
2.858265489339828491e-02
9.011282026767730713e-02
1.575755514204502106e-02
1.763433218002319336e-02
4.776245355606079102e-01
0.000000000000000000e+00
2.257490903139114380e-02
0.000000000000000000e+00
1.460031509399414062e+00
1.537760533392429352e-02
2.013201415538787842e-01
3.030834347009658813e-02
0.000000000000000000e+00
5.512132644653320312e-01
1.581796765327453613e+00
8.558626770973205566e-01
4.676491022109985352e-02
3.863103091716766357e-01
3.279562890529632568e-01
2.510146498680114746e-01
8.137831091880798340e-02
4.519925266504287720e-02
1.442843973636627197e-01
1.233209390193223953e-02
2.444050312042236328e-01
4.540785849094390869e-01
1.191679760813713074e-02
0.000000000000000000e+00
7.279394149780273438e+00
2.563841581344604492e+00
6.080129742622375488e-02
1.427348405122756958e-01
5.916469097137451172e-01
5.354050174355506897e-02
4.450014792382717133e-03
2.234635800123214722e-01
1.789457499980926514e-01
6.498296260833740234e-01
2.712824940681457520e-01
2.446493148803710938e+00
0.000000000000000000e+00
4.729673266410827637e-02
2.509983479976654053e-01
7.055934518575668335e-02
6.075810194015502930e-01
1.534011960029602051e-01
2.559658288955688477e-01
5.829032063484191895e-01
5.532491579651832581e-02
4.576644301414489746e-02
2.596614360809326172e-01
1.447482258081436157e-01
2.981372356414794922e+00
1.005876064300537109e+00
3.615825772285461426e-01
2.469813674688339233e-01
0.000000000000000000e+00
7.545985579490661621e-01
0.000000000000000000e+00
9.808953618630766869e-04
6.333529949188232422e-02
3.019950389862060547e+00
6.038126945495605469e-01
1.254967451095581055e-01
2.498300522565841675e-01
2.790993638336658478e-02
1.977268548216670752e-04
4.230054616928100586e-01
1.037387847900390625e-01
3.919512405991554260e-02
6.782897710800170898e-01
3.374196588993072510e-01
2.009737491607666016e-01
4.574340581893920898e-01
3.441418334841728210e-02
2.629255056381225586e-01
0.000000000000000000e+00
2.850051224231719971e-01
2.352964431047439575e-01
4.564816504716873169e-02
2.456172466278076172e+00
2.976509928703308105e-02
1.243282631039619446e-01
3.168747425079345703e-01
0.000000000000000000e+00
5.110450834035873413e-02
1.320688366889953613e+00
1.354009062051773071e-01
1.165753155946731567e-01
4.995593130588531494e-01
2.754336036741733551e-02
4.801634252071380615e-01
4.775106534361839294e-02
9.179138392210006714e-02
3.267743289470672607e-01
1.065456643700599670e-01
5.803666114807128906e-01
0.000000000000000000e+00
2.239513397216796875e-01
0.000000000000000000e+00
9.457069635391235352e-01
8.947884440422058105e-01
0.000000000000000000e+00
2.569865621626377106e-02
1.292800903320312500e-01
3.160749038215726614e-04
6.460390985012054443e-02
8.863938599824905396e-02
4.089075699448585510e-02
1.454140692949295044e-01
0.000000000000000000e+00
6.530306488275527954e-02
0.000000000000000000e+00
5.901813879609107971e-02
4.267208743840456009e-03
2.987811528146266937e-02
9.260138869285583496e-01
9.041564464569091797e-01
1.199275404214859009e-01
1.050226449966430664e+00
6.275815963745117188e-01
0.000000000000000000e+00
9.823476672172546387e-01
0.000000000000000000e+00
1.291152928024530411e-02
1.104524359107017517e-01
1.221827864646911621e+00
1.555749494582414627e-02
2.495635300874710083e-01
5.029770135879516602e-01
5.002411198802292347e-04
1.096293851733207703e-01
1.771323800086975098e+00
1.772801280021667480e+00
3.844967484474182129e-02
1.046110868453979492e+00
4.023970365524291992e-01
6.841315329074859619e-02
5.103371143341064453e-01
1.751029193401336670e-01
1.083604097366333008e+00
9.291394948959350586e-01
2.616672217845916748e-02
5.357259511947631836e-02
4.098318517208099365e-01
5.497884154319763184e-01
3.387201204895973206e-02
0.000000000000000000e+00
0.000000000000000000e+00
1.795217394828796387e-01
3.130263090133666992e+00
0.000000000000000000e+00
3.151981830596923828e+00
3.445779085159301758e-01
8.700278587639331818e-03
8.419464826583862305e-01
2.654120683670043945e+00
4.481682181358337402e-01
5.962925031781196594e-02
0.000000000000000000e+00
1.131941795349121094e+00
0.000000000000000000e+00
1.169201970100402832e+00
4.599729552865028381e-03
1.737854003906250000e+00
2.162587344646453857e-01
1.113622114062309265e-01
0.000000000000000000e+00
7.766155153512954712e-02
1.676218658685684204e-01
0.000000000000000000e+00
1.166416108608245850e-01
2.895790152251720428e-02
1.469234284013509750e-02
5.343855619430541992e-01
4.988241493701934814e-01
2.175808697938919067e-01
0.000000000000000000e+00
2.545069456100463867e-01
2.662869393825531006e-01
6.522431969642639160e-02
3.233346343040466309e-02
0.000000000000000000e+00
1.183600783348083496e+00
1.824597597122192383e+00
9.835057705640792847e-02
4.959983527660369873e-01
4.354467149823904037e-03
5.090592801570892334e-02
3.559613525867462158e-01
8.591380715370178223e-02
2.766443490982055664e-01
1.407346278429031372e-01
0.000000000000000000e+00
5.617323517799377441e-02
3.020739881321787834e-03
0.000000000000000000e+00
2.875206470489501953e-01
4.422637522220611572e-01
3.502584099769592285e-01
2.966859340667724609e-01
1.283951252698898315e-01
3.543425500392913818e-01
2.676842212677001953e-01
5.257272720336914062e-01
5.858332663774490356e-02
1.030519604682922363e-01
0.000000000000000000e+00
8.769050836563110352e-01
2.273037135601043701e-01
2.923800349235534668e-01
0.000000000000000000e+00
3.031524084508419037e-02
8.733081221580505371e-01
0.000000000000000000e+00
3.730983659625053406e-02
9.182247519493103027e-02
2.642684988677501678e-02
1.155720725655555725e-01
1.618671864271163940e-01
6.739470958709716797e-01
7.726592421531677246e-01
1.073309183120727539e+00
1.252077966928482056e-01
7.653257995843887329e-02
0.000000000000000000e+00
2.087853103876113892e-01
9.228564053773880005e-02
6.232513189315795898e-01
1.779463840648531914e-03
4.679897427558898926e-01
2.079381793737411499e-01
5.046200156211853027e-01
1.230816766619682312e-01
0.000000000000000000e+00
4.339144006371498108e-02
1.307371556758880615e-01
0.000000000000000000e+00
8.273993432521820068e-02
2.662500366568565369e-02
1.534048914909362793e+00
2.668360173702239990e-01
4.687679111957550049e-01
0.000000000000000000e+00
1.757736355066299438e-01
5.411527752876281738e-01
4.441177099943161011e-02
3.367257416248321533e-01
0.000000000000000000e+00
2.914006710052490234e-01
4.446831047534942627e-01
1.676560752093791962e-02
3.123897016048431396e-01
8.046205341815948486e-02
6.047997251152992249e-02
3.044195473194122314e-01
7.266195863485336304e-02
0.000000000000000000e+00
8.236201852560043335e-02
1.824623048305511475e-01
8.051770329475402832e-01
6.335742771625518799e-02
5.481668472290039062e+00
1.062904953956604004e+00
3.382140100002288818e-01
3.352445065975189209e-01
8.241725154221057892e-03
9.464659690856933594e-01
8.364700525999069214e-02
5.624809861183166504e-01
2.980940230190753937e-02
6.593779087066650391e+00
8.549497276544570923e-02
3.236849233508110046e-02
4.475153982639312744e-01
3.748975515365600586e+00
1.260949522256851196e-01
2.520783543586730957e-01
8.611923456192016602e-01
3.131007909774780273e+00
9.734999388456344604e-02
3.098769113421440125e-02
5.907927751541137695e-01
5.341789722442626953e-01
8.007657714188098907e-03
7.808102965354919434e-01
1.004755403846502304e-02
6.845337152481079102e-01
1.490008234977722168e-01
9.152403101325035095e-03
5.107415840029716492e-02
0.000000000000000000e+00
7.078462094068527222e-02
1.018858313560485840e+00
2.244813442230224609e-01
2.075816154479980469e+00
2.827729284763336182e-01
1.694889426231384277e+00
5.966158509254455566e-01
4.133482575416564941e-01
1.276670694351196289e+00
1.933259218931198120e-01
1.344615817070007324e-01
2.589852213859558105e-01
9.489187598228454590e-02
1.793144941329956055e-01
1.296835094690322876e-01
1.752225905656814575e-01
9.530841112136840820e-01
0.000000000000000000e+00
1.568143218755722046e-01
5.243917703628540039e-01
0.000000000000000000e+00
0.000000000000000000e+00
2.758315205574035645e-02
5.792857706546783447e-02
1.154729366302490234e+00
6.505538821220397949e-01
6.404656171798706055e-01
1.285335719585418701e-01
7.514653205871582031e-01
0.000000000000000000e+00
2.112557291984558105e-01
4.318479448556900024e-02
2.398854047060012817e-01
3.180540353059768677e-02
2.511347085237503052e-02
9.579216241836547852e-01
1.394119739532470703e+00
1.496873348951339722e-01
4.053717553615570068e-01
1.075641885399818420e-01
1.053716063499450684e+00
1.744509220123291016e+00
4.086855798959732056e-02
5.762616991996765137e-01
6.008937358856201172e-01
6.580780744552612305e-01
4.950152933597564697e-01
1.292701438069343567e-02
4.889861047267913818e-01
1.143262460827827454e-01
1.090570092201232910e-01
4.197265505790710449e-01
1.562880128622055054e-01
6.217551827430725098e-01
3.131639063358306885e-01
1.281133890151977539e+00
2.973909676074981689e-02
6.490932404994964600e-02
4.864370524883270264e-01
1.746578663587570190e-01
1.047043204307556152e-01
4.564381018280982971e-02
2.569836080074310303e-01
2.478416264057159424e-01
5.216993689537048340e-01
8.538339734077453613e-01
2.602757513523101807e-01
2.149522155523300171e-01
1.092540144920349121e+00
2.391121149063110352e+00
2.752405405044555664e-01
3.225810527801513672e-01
4.784192889928817749e-02
0.000000000000000000e+00
7.350634783506393433e-02
2.743924502283334732e-03
2.638611570000648499e-02
8.930419385433197021e-02
5.555700063705444336e-01
0.000000000000000000e+00
2.038326710462570190e-01
5.833356976509094238e-01
2.207501605153083801e-02
1.689734905958175659e-01
2.479787349700927734e+00
1.273140162229537964e-01
5.118286237120628357e-02
1.532865017652511597e-01
0.000000000000000000e+00
1.330891698598861694e-01
1.347676962614059448e-01
0.000000000000000000e+00
1.909568905830383301e-01
5.064062774181365967e-02
4.983676597476005554e-02
0.000000000000000000e+00
1.463321924209594727e+00
0.000000000000000000e+00
8.422870188951492310e-03
0.000000000000000000e+00
0.000000000000000000e+00
1.737956143915653229e-02
6.348327547311782837e-02
1.061930581927299500e-01
3.928758800029754639e-01
4.735106229782104492e-01
5.767570063471794128e-02
1.625037193298339844e+00
4.787244200706481934e-01
4.335579276084899902e-01
0.000000000000000000e+00
6.645352393388748169e-02
0.000000000000000000e+00
2.816624045372009277e-01
4.811899662017822266e-01
8.642341941595077515e-02
2.831528484821319580e-01
5.590966939926147461e-01
5.452441051602363586e-02
1.034881919622421265e-01
4.014068245887756348e-01
1.035219669342041016e+00
2.726458944380283356e-02
1.120771527290344238e+00
2.302050590515136719e-02
1.641026139259338379e+00
1.236301735043525696e-01
3.993916511535644531e-02
1.010969281196594238e+00
5.745018646121025085e-02
4.183235019445419312e-02
4.931768774986267090e-01
1.970768719911575317e-01
3.583318889141082764e-01
2.071976900100708008e+00
6.915690302848815918e-01
1.936594396829605103e-02
1.167286157608032227e+00
8.360868096351623535e-01
1.592717885971069336e+00
1.988581418991088867e-01
1.360305190086364746e+00
2.619154751300811768e-01
0.000000000000000000e+00
2.458329349756240845e-01
0.000000000000000000e+00
1.662031263113021851e-01
4.785969853401184082e-02
1.417258679866790771e-01
1.450361758470535278e-01
2.743279635906219482e-01
1.296693086624145508e+00
0.000000000000000000e+00
1.050155088305473328e-01
9.390216320753097534e-02
5.948349367827177048e-03
8.051482439041137695e-01
0.000000000000000000e+00
2.093528807163238525e-01
2.835075855255126953e-01
1.460841763764619827e-02
7.803566455841064453e-01
1.138812396675348282e-02
7.277624309062957764e-02
3.478970527648925781e+00
1.228293627500534058e-01
2.245816707611083984e+00
2.927371859550476074e-01
1.371691524982452393e-01
0.000000000000000000e+00
2.576142847537994385e-01
2.830037117004394531e+00
3.513175994157791138e-02
1.383197158575057983e-01
0.000000000000000000e+00
1.686043620109558105e+00
8.017435073852539062e-01
5.114443600177764893e-02
0.000000000000000000e+00
0.000000000000000000e+00
2.444081380963325500e-02
0.000000000000000000e+00
5.873561501502990723e-01
0.000000000000000000e+00
2.158011049032211304e-01
1.300746202468872070e-02
3.053233921527862549e-01
0.000000000000000000e+00
0.000000000000000000e+00
2.997344434261322021e-01
4.771258234977722168e-01
8.242614865303039551e-01
1.184194684028625488e-01
1.346351802349090576e-01
8.520478010177612305e-01
1.655659228563308716e-01
4.101003408432006836e-01
0.000000000000000000e+00
9.410160128027200699e-04
1.916462481021881104e-01
0.000000000000000000e+00
6.334068179130554199e-01
2.461758404970169067e-01
1.884440422058105469e+00
9.188687205314636230e-01
0.000000000000000000e+00
2.997590005397796631e-01
1.216582730412483215e-01
6.422603726387023926e-01
0.000000000000000000e+00
2.165119946002960205e-01
5.447141528129577637e-01
1.476595550775527954e-01
6.626284681260585785e-03
1.124503016471862793e+00
1.406622678041458130e-01
4.460543096065521240e-01
0.000000000000000000e+00
1.691264957189559937e-01
2.578340768814086914e-01
4.048227891325950623e-02
3.465547263622283936e-01
2.334302850067615509e-02
2.605190277099609375e-01
6.292015314102172852e-01
1.157259475439786911e-02
3.491728782653808594e+00
1.499134153127670288e-01
0.000000000000000000e+00
2.842054367065429688e-01
0.000000000000000000e+00
1.624728739261627197e-01
5.989726260304450989e-02
1.687450259923934937e-01
1.072724103927612305e+00
3.714447319507598877e-01
3.531133830547332764e-01
5.591320395469665527e-01
0.000000000000000000e+00
0.000000000000000000e+00
1.747054606676101685e-01
1.397977709770202637e+00
1.060400009155273438e-01
1.423604786396026611e-01
0.000000000000000000e+00
1.608688235282897949e-01
6.358685493469238281e-01
8.821874856948852539e-02
1.529927104711532593e-01
1.457884814590215683e-02
9.789502024650573730e-01
1.572247505187988281e+00
0.000000000000000000e+00
6.823942661285400391e+00
6.183562334626913071e-03
2.583341002464294434e-01
3.904179930686950684e-01
3.722517490386962891e-01
1.375617980957031250e+00
1.033410131931304932e-01
2.878459095954895020e-01
2.248208522796630859e-01
1.222677350044250488e+00
1.364011317491531372e-01
0.000000000000000000e+00
3.801127970218658447e-01
1.808012247085571289e+00
5.156923830509185791e-02
9.940332770347595215e-01
9.354976564645767212e-02
0.000000000000000000e+00
6.822503805160522461e-01
2.275133319199085236e-02
1.501946330070495605e+00
5.547818541526794434e-02
9.282356500625610352e-01
2.231143042445182800e-02
3.825889825820922852e-01
5.125275254249572754e-01
1.741164326667785645e+00
1.020889803767204285e-01
0.000000000000000000e+00
1.992071568965911865e-01
4.870656877756118774e-02
3.607580959796905518e-01
5.499978065490722656e-01
2.982346713542938232e-01
2.295996844768524170e-01
1.187382414937019348e-01
1.125031784176826477e-01
1.347586750984191895e+00
3.795683681964874268e-01
1.160039305686950684e-01
2.599678188562393188e-02
9.183840826153755188e-03
0.000000000000000000e+00
4.768775776028633118e-02
8.696662262082099915e-03
0.000000000000000000e+00
6.299431324005126953e-01
1.621199399232864380e-01
3.695943355560302734e-01
2.468467690050601959e-02
1.075483486056327820e-02
2.517310902476310730e-02
5.883361399173736572e-02
2.732145786285400391e-02
3.250323235988616943e-02
4.455700982362031937e-03
1.033924818038940430e-01
7.047756910324096680e-01
2.097819328308105469e+00
1.202487722039222717e-01
5.721942335367202759e-02
1.123273819684982300e-01
6.954984068870544434e-01
1.699083447456359863e+00
0.000000000000000000e+00
1.857379555702209473e+00
1.444817781448364258e-01
5.765795707702636719e-01
9.066749215126037598e-01
6.905917525291442871e-01
6.242928504943847656e-01
0.000000000000000000e+00
6.737192273139953613e-01
0.000000000000000000e+00
2.381372898817062378e-01
2.594626741483807564e-03
1.695323139429092407e-01
2.358271479606628418e-01
1.768147051334381104e-01
1.852359414100646973e+00
3.965260460972785950e-02
3.671790957450866699e-01
3.443627804517745972e-02
5.359216928482055664e-01
6.953355669975280762e-02
1.682777851819992065e-01
4.498270153999328613e-02
1.595246911048889160e+00
9.432135149836540222e-03
0.000000000000000000e+00
6.692581623792648315e-02
9.633867740631103516e-01
1.225677318871021271e-02
0.000000000000000000e+00
1.048271432518959045e-01
3.514222800731658936e-01
5.465742349624633789e-01
8.630707114934921265e-02
4.538141489028930664e-01
2.090014889836311340e-02
8.726568222045898438e-01
9.091948509216308594e+00
7.161173820495605469e-01
3.593059301376342773e+00
5.347678661346435547e-01
0.000000000000000000e+00
4.319905340671539307e-01
1.579564362764358521e-01
1.453099727630615234e+00
0.000000000000000000e+00
1.481263935565948486e-01
2.993620745837688446e-02
2.848631739616394043e-01
1.976326107978820801e-01
3.180950582027435303e-01
5.444356426596641541e-02
3.849752992391586304e-02
5.940650701522827148e-01
5.564292520284652710e-02
1.155720278620719910e-01
2.255893498659133911e-01
0.000000000000000000e+00
5.439909291453659534e-04
4.660420585423707962e-03
2.308661118149757385e-02
1.005615890026092529e-01
1.340823620557785034e-01
2.704394817352294922e+00
6.968432571738958359e-03
3.645419359207153320e+00
4.461250305175781250e-01
5.244059562683105469e-01
0.000000000000000000e+00
1.923138946294784546e-01
9.605135768651962280e-03
8.832775950431823730e-01
1.273445963859558105e+00
1.040623784065246582e-01
1.250303536653518677e-01
5.211359262466430664e-01
1.663402616977691650e-01
3.561030328273773193e-01
1.140528559684753418e+00
5.774009823799133301e-01
2.447557687759399414e+00
0.000000000000000000e+00
1.521310448646545410e+00
2.863810211420059204e-02
0.000000000000000000e+00
4.631076008081436157e-02
8.166320621967315674e-02
4.153326526284217834e-02
1.035578727722167969e+00
1.475237309932708740e-01
4.577537178993225098e-01
2.077632248401641846e-01
1.629408001899719238e-01
8.131950348615646362e-02
6.557501852512359619e-02
1.968851536512374878e-01
1.299906754866242409e-03
2.423321008682250977e-01
1.910014823079109192e-02
2.277488559484481812e-01
4.415896837599575520e-04
0.000000000000000000e+00
5.278932452201843262e-01
0.000000000000000000e+00
9.062668085098266602e-01
3.416698798537254333e-02
5.209157466888427734e-01
3.953882217407226562e+00
2.331299893558025360e-02
5.699939131736755371e-01
4.297922179102897644e-02
1.458066105842590332e-01
2.814609766006469727e+00
0.000000000000000000e+00
1.615822017192840576e-01
7.355660200119018555e-01
0.000000000000000000e+00
5.175945758819580078e-01
8.001877665519714355e-01
1.434940099716186523e+00
1.115745425224304199e+00
1.034863471984863281e+00
1.635527610778808594e+00
4.412115812301635742e-01
2.156905680894851685e-01
5.584750771522521973e-01
2.313645780086517334e-01
2.117248475551605225e-01
1.906884431838989258e+00
1.088585495948791504e+00
8.116667158901691437e-03
5.012847781181335449e-01
4.647917151451110840e-01
4.254196211695671082e-02
2.251655235886573792e-02
3.631504997611045837e-02
0.000000000000000000e+00
6.649387534707784653e-03
9.693223400972783566e-04
5.310522556304931641e+00
2.271626293659210205e-01
6.145969033241271973e-01
1.564321756362915039e+00
2.705467641353607178e-01
5.498211830854415894e-02
1.304612398147583008e+00
7.939544320106506348e-02
4.955508932471275330e-02
0.000000000000000000e+00
2.609728835523128510e-02
1.660233616828918457e+00
0.000000000000000000e+00
7.753605842590332031e-01
7.089243084192276001e-02
0.000000000000000000e+00
3.044260852038860321e-02
3.649823367595672607e-02
0.000000000000000000e+00
2.152959108352661133e+00
3.133344948291778564e-01
0.000000000000000000e+00
7.875145226716995239e-02
1.332224011421203613e+00
2.379562333226203918e-02
2.351502776145935059e-01
4.476060718297958374e-02
4.019519388675689697e-01
8.990104198455810547e-01
2.825663387775421143e-01
0.000000000000000000e+00
1.706008434295654297e+00
8.755538612604141235e-02
1.277347207069396973e+00
3.335149288177490234e-01
0.000000000000000000e+00
1.620069146156311035e-01
2.914947509765625000e+00
1.521275341510772705e-01
0.000000000000000000e+00
1.676292270421981812e-01
2.615316212177276611e-01
1.086811125278472900e-01
0.000000000000000000e+00
2.222880840301513672e+00
3.873639822006225586e+00
2.225805997848510742e+00
4.054541587829589844e-01
2.429341226816177368e-01
2.695724666118621826e-01
2.015786647796630859e+00
0.000000000000000000e+00
3.165730237960815430e-01
4.728403389453887939e-01
0.000000000000000000e+00
1.718352138996124268e-01
8.097087591886520386e-02
7.555477619171142578e-01
8.980137109756469727e-02
3.832180798053741455e-02
5.767502263188362122e-02
0.000000000000000000e+00
7.212659716606140137e-01
1.009465605020523071e-01
2.278956025838851929e-01
7.506754994392395020e-02
0.000000000000000000e+00
0.000000000000000000e+00
4.260951578617095947e-01
1.167866960167884827e-01
3.768824040889739990e-01
0.000000000000000000e+00
2.104552090167999268e-01
2.657560706138610840e-01
1.088874459266662598e+00
2.187551744282245636e-02
2.450899362564086914e+00
0.000000000000000000e+00
1.579447090625762939e-01
1.148245530202984810e-03
2.484843730926513672e-01
1.330237239599227905e-01
2.070814743638038635e-02
0.000000000000000000e+00
2.183742076158523560e-01
9.586253762245178223e-02
4.452928900718688965e-01
5.579399466514587402e-01
4.266493022441864014e-01
0.000000000000000000e+00
0.000000000000000000e+00
0.000000000000000000e+00
1.318145155906677246e+00
0.000000000000000000e+00
0.000000000000000000e+00
7.131192367523908615e-03
0.000000000000000000e+00
2.133055776357650757e-02
2.220680862665176392e-01
4.754161834716796875e-01
0.000000000000000000e+00
4.855653047561645508e-01
7.896977663040161133e-02
2.718541324138641357e-01
7.496855854988098145e-01
2.007098942995071411e-01
5.916939377784729004e-01
1.552702665328979492e+00
0.000000000000000000e+00
1.060951966792345047e-02
2.724155597388744354e-02
2.852097898721694946e-02
3.210349008440971375e-02
1.631796546280384064e-02
2.112372592091560364e-02
2.574889063835144043e-01
1.194736436009407043e-01
3.935403376817703247e-02
1.061242818832397461e-01
1.215388812124729156e-02
3.842037022113800049e-01
7.003825157880783081e-02
2.359488047659397125e-02
5.984274148941040039e-01
9.582048514857888222e-04
2.559407614171504974e-02
8.478690385818481445e-01
0.000000000000000000e+00
3.848276436328887939e-01
1.792166731320321560e-03
1.220465674996376038e-01
1.825647056102752686e-02
7.094583511352539062e-01
0.000000000000000000e+00
4.652611911296844482e-01
6.661678850650787354e-02
5.666597485542297363e-01
1.316736936569213867e-01
1.971594691276550293e-01
9.871130436658859253e-02
2.855974435806274414e-01
1.205571055412292480e+00
3.728793382644653320e+00
5.850737541913986206e-02
2.116602100431919098e-02
5.181991495192050934e-03
1.953102797269821167e-01
6.813430041074752808e-02
1.466595451347529888e-03
0.000000000000000000e+00
1.226948127150535583e-01
1.198422670364379883e+00
2.747336626052856445e-01
2.646820843219757080e-01
8.791435509920120239e-03
6.372159719467163086e-01
1.829206496477127075e-01
1.686821132898330688e-02
0.000000000000000000e+00
0.000000000000000000e+00
0.000000000000000000e+00
8.725104331970214844e-01
5.502821922302246094e+00
0.000000000000000000e+00
2.219424024224281311e-02
2.141742706298828125e-01
1.194944143295288086e+00
1.882491819560527802e-02
2.995060086250305176e-01
1.173426747322082520e+00
1.310585498809814453e+00
2.736949026584625244e-01
4.012698233127593994e-01
8.930574357509613037e-02
5.642254352569580078e-01
1.437178105115890503e-01
1.001028046011924744e-01
4.258905053138732910e-01
2.839316241443157196e-02
0.000000000000000000e+00
8.902879804372787476e-02
2.205025590956211090e-02
5.476323887705802917e-02
5.834739208221435547e-01
0.000000000000000000e+00
0.000000000000000000e+00
9.101652354001998901e-02
1.300277113914489746e-01
6.404602527618408203e+00
8.591912686824798584e-03
3.281326219439506531e-02
0.000000000000000000e+00
2.266659289598464966e-01
0.000000000000000000e+00
3.829298317432403564e-01
2.320671319961547852e+00
5.207456946372985840e-01
1.476777903735637665e-02
1.129404976963996887e-01
4.183856770396232605e-02
3.197986781597137451e-01
0.000000000000000000e+00
3.110635280609130859e-01
7.546906471252441406e-01
2.852260470390319824e-01
4.030508920550346375e-02
5.482033491134643555e-01
1.836809962987899780e-01
7.306006550788879395e-01
0.000000000000000000e+00
0.000000000000000000e+00
3.070266246795654297e-01
3.475968241691589355e-01
7.132241874933242798e-02
9.111580252647399902e-01
1.407616734504699707e-01
1.181501001119613647e-01
1.347956955432891846e-01
7.746342569589614868e-02
1.386691117659211159e-03
7.391132712364196777e-01
2.236310541629791260e-01
3.898661434650421143e-01
1.225969567894935608e-01
2.500961720943450928e-02
2.572307288646697998e-01
0.000000000000000000e+00
6.284800916910171509e-02
7.729660272598266602e-01
4.372793734073638916e-01
4.478781223297119141e-01
2.839165274053812027e-03
6.133011355996131897e-02
0.000000000000000000e+00
1.531420461833477020e-02
3.680219948291778564e-01
2.804549634456634521e-01
0.000000000000000000e+00
8.269137740135192871e-01
2.397724628448486328e+00
1.091362595558166504e+00
0.000000000000000000e+00
5.854937434196472168e-01
3.448695242404937744e-01
2.758322358131408691e-01
0.000000000000000000e+00
2.113728076219558716e-01
1.377020955085754395e+00
1.972580105066299438e-01
4.306238889694213867e-01
6.204290390014648438e-01
1.052464127540588379e+00
1.238568544387817383e+00
6.505659967660903931e-02
2.049271203577518463e-02
0.000000000000000000e+00
3.911653757095336914e-01
5.308310687541961670e-02
3.299703896045684814e-01
1.842828512191772461e+00
1.061333902180194855e-02
2.294611372053623199e-02
9.435345977544784546e-02
0.000000000000000000e+00
1.507485657930374146e-01
1.145521700382232666e-01
2.736775875091552734e-01
1.880497783422470093e-01
0.000000000000000000e+00
3.941909372806549072e-01
1.664286732673645020e+00
1.024513602256774902e+00
8.302721381187438965e-01
6.445105373859405518e-02
2.221423625946044922e+00
1.016713753342628479e-01
4.588123410940170288e-02
2.621548175811767578e-01
4.682698845863342285e-01
3.026117086410522461e-01
5.479079484939575195e-02
0.000000000000000000e+00
0.000000000000000000e+00
8.330618962645530701e-03
2.351655438542366028e-02
2.220838889479637146e-02
7.155873347073793411e-03
6.667299568653106689e-02
2.837734222412109375e-01
9.906159341335296631e-02
6.509313971037045121e-05
4.806996881961822510e-01
9.672431647777557373e-02
3.364020492881536484e-03
1.069284677505493164e-01
3.221383690834045410e-01
9.061841011047363281e+00
0.000000000000000000e+00
1.263572871685028076e-01
3.901095092296600342e-01
0.000000000000000000e+00
0.000000000000000000e+00
0.000000000000000000e+00
2.683519124984741211e-01
2.746356725692749023e-01
3.730477571487426758e+00
1.585890948772430420e-01
2.444553971290588379e-01
1.076702028512954712e-01
8.080703616142272949e-01
5.514835715293884277e-01
1.367736235260963440e-02
5.328226685523986816e-01
2.034920305013656616e-01
3.470897972583770752e-01
7.527325302362442017e-02
1.416036009788513184e+00
8.974345326423645020e-01
1.884063482284545898e-01
2.232277095317840576e-01
3.151665255427360535e-02
4.421975612640380859e-01
3.748874664306640625e-01
7.821423001587390900e-03
2.506629563868045807e-02
5.129000917077064514e-02
6.379004716873168945e-01
7.031376361846923828e-01
7.371740788221359253e-02
4.187556914985179901e-03
2.632868289947509766e-01
8.031925559043884277e-01
1.067046880722045898e+00
2.700072824954986572e-01
1.021347880363464355e+00
3.391315042972564697e-01
0.000000000000000000e+00
3.525965809822082520e-01
1.194476336240768433e-01
5.822632312774658203e-01
2.440979480743408203e-01
1.099644899368286133e-01
1.401074826717376709e-01
6.601342558860778809e-02
7.608907222747802734e-01
1.959386616945266724e-01
5.055043473839759827e-02
0.000000000000000000e+00
6.547834724187850952e-02
1.742068380117416382e-01
0.000000000000000000e+00
4.799771904945373535e-01
1.680419780313968658e-02
4.049091041088104248e-02
9.960437566041946411e-02
1.277446895837783813e-01
1.879329234361648560e-01
5.067104101181030273e-02
1.574821025133132935e-01
4.344689548015594482e-01
2.963634673506021500e-03
1.079736471176147461e+00
0.000000000000000000e+00
1.230520009994506836e+00
1.206755731254816055e-02
1.474503993988037109e+00
8.858663558959960938e+00
0.000000000000000000e+00
2.692744433879852295e-01
5.790675058960914612e-03
0.000000000000000000e+00
8.447364568710327148e-01
3.494120761752128601e-02
1.004458785057067871e+00
3.350150585174560547e-01
0.000000000000000000e+00
0.000000000000000000e+00
0.000000000000000000e+00
1.052119016647338867e+00
1.932575851678848267e-01
6.020940095186233521e-02
8.471401929855346680e-01
5.825018882751464844e-01
1.610249727964401245e-01
1.040602028369903564e-01
1.588622480630874634e-01
1.495664473623037338e-03
1.753517031669616699e+00
0.000000000000000000e+00
0.000000000000000000e+00
6.382767856121063232e-02
1.381982445716857910e+00
1.858834028244018555e-01
6.825273483991622925e-02
6.208866462111473083e-02
6.101017594337463379e-01
1.813149899244308472e-01
9.840787388384342194e-03
7.039960026741027832e-01
1.135240867733955383e-01
0.000000000000000000e+00
6.832031011581420898e-01
0.000000000000000000e+00
5.637617111206054688e-01
0.000000000000000000e+00
6.698177754878997803e-02
6.139063835144042969e-01
3.516587316989898682e-01
1.470895111560821533e-01
2.902319431304931641e-01
5.765844583511352539e-01
1.146666288375854492e+00
3.124772787094116211e+00
9.451988339424133301e-01
2.694816887378692627e-01
7.069253176450729370e-02
1.141233325004577637e+00
1.953665852546691895e+00
2.249217592179775238e-02
1.066889092326164246e-01
8.354393839836120605e-01
0.000000000000000000e+00
3.393568694591522217e-01
0.000000000000000000e+00
1.543379306793212891e+00
0.000000000000000000e+00
9.795033372938632965e-03
1.752751171588897705e-01
1.643520593643188477e-01
0.000000000000000000e+00
1.380452036857604980e+00
0.000000000000000000e+00
1.376657724380493164e+00
1.959632039070129395e-01
4.942361637949943542e-02
8.162633180618286133e-01
1.008502990007400513e-01
7.968642562627792358e-02
5.440743565559387207e-01
5.470194220542907715e-01
4.009558558464050293e-01
4.842477142810821533e-01
1.248607516288757324e+00
4.703458398580551147e-02
3.154534399509429932e-01
8.857729434967041016e-01
0.000000000000000000e+00
4.216891527175903320e-02
3.699058592319488525e-01
2.617961168289184570e-01
5.860447287559509277e-01
5.129558444023132324e-01
7.184209674596786499e-02
9.180779010057449341e-02
1.313310146331787109e+00
4.691323339939117432e-01
8.327308297157287598e-01
1.953698992729187012e-01
1.152300313115119934e-01
5.051431804895401001e-02
1.081517487764358521e-01
1.452592313289642334e-01
0.000000000000000000e+00
4.821670800447463989e-02
4.378120228648185730e-02
1.213427662849426270e+00
1.080944165587425232e-01
1.640798449516296387e-01
0.000000000000000000e+00
1.332208514213562012e-01
5.721880793571472168e-01
1.573792248964309692e-01
3.144584968686103821e-02
0.000000000000000000e+00
1.592592954635620117e+00
1.926243491470813751e-02
0.000000000000000000e+00
1.733508348464965820e+00
5.882412791252136230e-01
1.892030425369739532e-02
3.624297678470611572e-01
4.931443333625793457e-01
1.484787344932556152e+00
2.688690647482872009e-02
2.016947418451309204e-02
2.203825563192367554e-01
5.414401292800903320e-01
4.315925836563110352e-01
7.233953475952148438e-01
2.792419679462909698e-02
0.000000000000000000e+00
6.818670034408569336e-01
1.268922567367553711e+00
3.586573302745819092e-01
3.751447051763534546e-02
1.968904495239257812e+00
2.330076880753040314e-02
1.262010097503662109e+00
2.095540426671504974e-02
5.202301219105720520e-02
1.858721375465393066e-01
2.567037045955657959e-01
1.491249203681945801e+00
3.221807777881622314e-01
1.228434499353170395e-02
6.030667424201965332e-01
6.624806672334671021e-02
4.709945619106292725e-01
1.458611726760864258e+00
0.000000000000000000e+00
1.695880174636840820e+00
1.212596416473388672e+00
3.126578629016876221e-01
2.532748878002166748e-01
2.579262852668762207e-02
2.111249603331089020e-02
1.623565331101417542e-02
0.000000000000000000e+00
0.000000000000000000e+00
7.538051009178161621e-01
3.646005094051361084e-01
2.347548678517341614e-02
5.572403222322463989e-02
3.143111467361450195e-01
6.920799612998962402e-01
2.304836958646774292e-01
3.977355957031250000e-01
0.000000000000000000e+00
1.050097495317459106e-02
1.618987202644348145e+00
2.359220981597900391e-01
0.000000000000000000e+00
1.294154673814773560e-01
1.682941466569900513e-01
0.000000000000000000e+00
8.475843071937561035e-01
4.521144181489944458e-02
3.454862236976623535e-01
7.345834970474243164e-01
1.417209506034851074e-01
2.933637797832489014e-01
1.860957980155944824e+00
1.712099611759185791e-01
5.981655716896057129e-01
5.676712840795516968e-02
8.648480176925659180e-01
2.887493371963500977e-01
6.120793819427490234e-01
2.574474513530731201e-01
2.695834636688232422e-01
5.030350759625434875e-02
6.003738641738891602e-01
3.144109249114990234e-01
0.000000000000000000e+00
