4.615176320075988770e-01
4.912853240966796875e-02
6.136043071746826172e-01
6.607524305582046509e-02
3.619848564267158508e-02
8.847839832305908203e-01
2.107037454843521118e-01
3.746231198310852051e-01
6.283662915229797363e-01
1.461318612098693848e+00
6.586620956659317017e-02
1.227788906544446945e-02
7.960918359458446503e-03
6.580447405576705933e-02
5.133212566375732422e+00
1.656562238931655884e-01
7.323211524635553360e-03
4.606575965881347656e-01
5.807418227195739746e-01
1.947585195302963257e-01
2.305658534169197083e-02
1.053446065634489059e-02
1.078904122114181519e-01
7.281668484210968018e-03
1.213881969451904297e+00
3.793505430221557617e-01
4.930455237627029419e-02
1.436085253953933716e-01
1.837214976549148560e-01
9.442631602287292480e-01
5.260214954614639282e-02
7.362742908298969269e-03
1.625022411346435547e+00
1.761590838432312012e-01
4.746136441826820374e-02
2.775010280311107635e-02
3.860052302479743958e-02
0.000000000000000000e+00
5.633453130722045898e-01
5.162678956985473633e-01
2.778996713459491730e-02
4.056355953216552734e-01
0.000000000000000000e+00
1.163750588893890381e-01
8.732433915138244629e-01
0.000000000000000000e+00
1.261675596237182617e+00
6.744511425495147705e-03
0.000000000000000000e+00
6.773208379745483398e-01
1.868014782667160034e-01
2.165548503398895264e-01
1.826341599225997925e-01
1.626929193735122681e-01
6.776139140129089355e-02
2.633966505527496338e-01
3.377088904380798340e-01
1.629899628460407257e-02
2.363247722387313843e-01
1.338451355695724487e-01
6.409484148025512695e-02
8.685527741909027100e-02
5.185945332050323486e-02
2.737931311130523682e-01
1.291553258895874023e+00
1.163867413997650146e-01
2.424516230821609497e-01
2.371702194213867188e-01
9.634798169136047363e-01
5.854555130004882812e+00
3.476165533065795898e-01
1.131236627697944641e-01
0.000000000000000000e+00
1.088403165340423584e-01
2.381677553057670593e-02
3.008121550083160400e-01
2.972212135791778564e-01
1.470967769622802734e+00
8.099257946014404297e-01
2.643212974071502686e-01
1.459040795452892780e-03
6.367722898721694946e-02
1.476383924484252930e+00
1.323904514312744141e+00
2.053578570485115051e-02
1.174657233059406281e-02
2.171693086624145508e+00
1.685852110385894775e-01
7.530395686626434326e-02
6.200147867202758789e-01
2.304136566817760468e-02
4.263880476355552673e-02
3.439030377194285393e-03
5.028745159506797791e-02
1.566563500091433525e-03
4.342978298664093018e-01
3.048392236232757568e-01
0.000000000000000000e+00
0.000000000000000000e+00
1.156190559267997742e-01
7.509794086217880249e-02
2.051648311316967010e-02
0.000000000000000000e+00
7.849293947219848633e-02
1.364135265350341797e+00
4.252769052982330322e-02
1.946045160293579102e-01
1.301330327987670898e-01
2.270498275756835938e-01
3.635409101843833923e-02
6.937917321920394897e-02
1.009515859186649323e-02
2.656556107103824615e-02
5.931365489959716797e-01
5.727206468582153320e-01
4.417967498302459717e-01
0.000000000000000000e+00
8.214550092816352844e-03
0.000000000000000000e+00
3.247995674610137939e-01
2.097266614437103271e-01
1.866733670234680176e+00
1.859438978135585785e-02
8.689755946397781372e-02
5.229589715600013733e-02
3.524002432823181152e-02
3.535682559013366699e-01
1.667394042015075684e-01
6.050758957862854004e-01
1.513312757015228271e-01
7.781431078910827637e-01
2.170546166598796844e-02
2.000305652618408203e+00
9.459936618804931641e-02
0.000000000000000000e+00
6.162090897560119629e-01
2.287070035934448242e+00
1.870391726493835449e+00
3.574607372283935547e-01
2.691329717636108398e-01
1.927797943353652954e-01
2.940990924835205078e-01
0.000000000000000000e+00
5.100647449493408203e+00
3.591729104518890381e-01
1.429503798484802246e+00
1.278430104255676270e+00
3.053864479064941406e+00
1.965256333351135254e-01
6.228198409080505371e-01
4.627582132816314697e-01
5.971563458442687988e-01
1.621737331151962280e-01
4.595810920000076294e-02
5.273192748427391052e-02
1.322498768568038940e-01
6.625358760356903076e-02
7.516176998615264893e-02
2.078640460968017578e-01
2.571715228259563446e-02
1.862743496894836426e-02
2.863434791564941406e+00
1.286711841821670532e-01
1.468252390623092651e-01
3.661509156227111816e-01
1.375077128410339355e+00
7.420342881232500076e-03
5.899713635444641113e-01
1.623651385307312012e-01
1.480507373809814453e+00
2.923184931278228760e-01
1.483469963073730469e+00
0.000000000000000000e+00
2.948901653289794922e-01
1.039186120033264160e-01
6.368113756179809570e-01
5.656738765537738800e-03
2.902653254568576813e-02
9.243443012237548828e-01
9.406685829162597656e-01
0.000000000000000000e+00
7.929116487503051758e-02
2.738277912139892578e-01
9.639801084995269775e-02
7.781833410263061523e-02
1.383695900440216064e-01
1.084080338478088379e-01
0.000000000000000000e+00
1.672136485576629639e-01
1.246106386184692383e+00
3.295615017414093018e-01
1.319601084105670452e-03
2.875935435295104980e-01
0.000000000000000000e+00
1.048350095748901367e+00
7.035503536462783813e-02
2.204275690019130707e-02
3.979111015796661377e-01
0.000000000000000000e+00
4.323426783084869385e-01
7.235008478164672852e-01
5.790021643042564392e-02
1.647831052541732788e-01
5.716658830642700195e-01
1.903456635773181915e-02
1.538320258259773254e-02
1.660794615745544434e+00
2.153841555118560791e-01
1.826103776693344116e-02
6.675401329994201660e-02
6.498339772224426270e-01
3.854027092456817627e-01
1.035958901047706604e-01
1.088142752647399902e+00
1.247711852192878723e-01
1.059908866882324219e+00
4.342333078384399414e-01
2.000427842140197754e-01
1.328604519367218018e-01
8.290204405784606934e-01
6.041266489773988724e-03
7.164902240037918091e-02
1.086584664881229401e-02
0.000000000000000000e+00
3.820777237706352025e-06
1.652194857597351074e-01
0.000000000000000000e+00
3.836560249328613281e-01
7.546592354774475098e-01
4.662641286849975586e-01
9.389407038688659668e-01
1.484099745750427246e+00
1.562879562377929688e+00
7.092071324586868286e-02
0.000000000000000000e+00
3.560692071914672852e+00
0.000000000000000000e+00
3.897388651967048645e-02
1.499271839857101440e-01
5.450167879462242126e-02
1.912589520215988159e-01
6.024168133735656738e-01
0.000000000000000000e+00
3.428197205066680908e-01
4.054554402828216553e-01
0.000000000000000000e+00
1.791226968634873629e-04
0.000000000000000000e+00
0.000000000000000000e+00
2.373930066823959351e-03
2.094660758972167969e+00
2.364561334252357483e-02
1.209554299712181091e-01
5.542522072792053223e-01
5.629812926054000854e-02
4.670435190200805664e-02
1.238477677106857300e-01
6.758833676576614380e-02
3.792422413825988770e-01
6.573353707790374756e-02
1.128055341541767120e-02
4.804465919733047485e-03
1.237388551235198975e-01
5.389515757560729980e-01
0.000000000000000000e+00
3.424865901470184326e-01
5.419533848762512207e-01
3.992931544780731201e-02
5.388904213905334473e-01
8.345290422439575195e-01
9.389705955982208252e-02
8.551447391510009766e-01
2.314884662628173828e-01
5.821795463562011719e-01
9.049757122993469238e-01
1.494545578956604004e+00
5.163198113441467285e-01
6.322317123413085938e-01
5.472629666328430176e-01
3.302507698535919189e-01
0.000000000000000000e+00
1.319181919097900391e+00
0.000000000000000000e+00
2.652571797370910645e-01
6.205085515975952148e-01
1.433440297842025757e-01
9.663265943527221680e-02
2.981192804872989655e-02
0.000000000000000000e+00
0.000000000000000000e+00
0.000000000000000000e+00
3.012886270880699158e-02
0.000000000000000000e+00
0.000000000000000000e+00
1.941742449998855591e-01
2.313642576336860657e-02
1.854587644338607788e-01
3.458627164363861084e-01
2.918546088039875031e-02
3.203589618206024170e-01
4.469108879566192627e-01
5.997752547264099121e-01
0.000000000000000000e+00
2.807961404323577881e-02
6.632370501756668091e-02
4.519659578800201416e-01
4.749273061752319336e-01
3.680818527936935425e-02
0.000000000000000000e+00
3.283438384532928467e-01
1.985982358455657959e-01
4.225088357925415039e-01
6.991534829139709473e-01
0.000000000000000000e+00
1.414146274328231812e-01
5.605587363243103027e-01
2.420901060104370117e+00
2.259832434356212616e-02
4.906269013881683350e-01
0.000000000000000000e+00
1.164600014686584473e+00
8.466564863920211792e-02
7.593228816986083984e-01
2.445217967033386230e-02
2.194833243265748024e-03
2.606124877929687500e-01
3.344292402267456055e+00
1.932486891746520996e-01
2.306204847991466522e-02
2.185752838850021362e-01
2.509614527225494385e-01
1.446030288934707642e-01
8.388558030128479004e-02
1.393227458000183105e+00
3.866487145423889160e-01
6.094517558813095093e-02
8.172497153282165527e-02
5.106749013066291809e-03
1.262620925903320312e+00
6.108973547816276550e-02
9.651011973619461060e-02
9.292954206466674805e-01
0.000000000000000000e+00
3.196074103470891714e-04
1.447670578956604004e+00
0.000000000000000000e+00
2.404587529599666595e-02
6.963649392127990723e-01
1.939695328474044800e-01
1.086083650588989258e+00
1.204141616821289062e+00
2.382711321115493774e-01
9.246113896369934082e-02
5.182375907897949219e-01
1.250991318374872208e-02
0.000000000000000000e+00
8.759952336549758911e-02
0.000000000000000000e+00
2.044547200202941895e-01
4.108175635337829590e-01
4.822942987084388733e-02
7.612606510519981384e-03
1.920174956321716309e-01
3.890660405158996582e-01
0.000000000000000000e+00
2.056906819343566895e-01
1.790775358676910400e-01
8.015157580375671387e-01
6.192480213940143585e-03
3.547387838363647461e+00
3.412366211414337158e-01
3.929331004619598389e-01
0.000000000000000000e+00
2.264099836349487305e+00
1.199333071708679199e+00
2.231011539697647095e-02
4.149761795997619629e-02
9.302389807999134064e-03
3.833204135298728943e-02
4.197067022323608398e-02
1.384757161140441895e+00
2.421480655670166016e+00
3.423984646797180176e-01
7.189697772264480591e-02
8.505492657423019409e-02
0.000000000000000000e+00
2.055267542600631714e-01
7.625182867050170898e-01
2.624510228633880615e-02
1.075708214193582535e-02
5.038115382194519043e-02
5.880160331726074219e-01
1.674870401620864868e-01
7.094740122556686401e-02
0.000000000000000000e+00
1.113912556320428848e-02
8.826810121536254883e-02
3.837011288851499557e-03
2.705242633819580078e-01
1.077819848433136940e-03
2.089487761259078979e-01
9.243922233581542969e-01
0.000000000000000000e+00
5.002681165933609009e-02
2.049517929553985596e-01
1.049421355128288269e-02
3.073582425713539124e-02
5.761725455522537231e-02
7.751007676124572754e-01
2.050471119582653046e-02
1.866001039743423462e-01
1.136337995529174805e+00
0.000000000000000000e+00
2.244812548160552979e-01
5.126405134797096252e-02
2.924694418907165527e-01
1.874801516532897949e-02
1.448674440383911133e+00
1.381781339645385742e+00
1.071449592709541321e-01
0.000000000000000000e+00
1.095431968569755554e-01
8.758963085711002350e-04
1.471570968627929688e+00
9.898927807807922363e-01
1.858448982238769531e-02
4.597866535186767578e-01
2.765237390995025635e-01
5.194135904312133789e-01
5.095207318663597107e-02
4.072980210185050964e-02
1.504952907562255859e+00
5.160028114914894104e-02
2.082832455635070801e-01
0.000000000000000000e+00
2.530730247497558594e+00
3.901597559452056885e-01
2.302262485027313232e-01
3.504188060760498047e-01
1.514859795570373535e-01
2.048190496861934662e-02
5.994379892945289612e-02
9.658434242010116577e-02
0.000000000000000000e+00
2.577632106840610504e-02
9.285472333431243896e-02
9.555172324180603027e-01
0.000000000000000000e+00
5.867506265640258789e-01
2.652562856674194336e-01
5.202305912971496582e-01
2.513546943664550781e-01
1.012389268726110458e-02
1.306031458079814911e-02
2.061584033071994781e-02
6.756360828876495361e-02
0.000000000000000000e+00
5.509988665580749512e-01
3.138256026431918144e-03
3.907049819827079773e-02
0.000000000000000000e+00
0.000000000000000000e+00
0.000000000000000000e+00
2.513653635978698730e-01
7.016272097826004028e-02
3.297040760517120361e-01
0.000000000000000000e+00
0.000000000000000000e+00
0.000000000000000000e+00
1.182096078991889954e-01
2.904917299747467041e-02
2.241411209106445312e+00
9.327284246683120728e-02
5.283868685364723206e-02
1.492176018655300140e-02
3.486303329467773438e+00
1.631793975830078125e-01
7.543643116950988770e-01
3.493946492671966553e-01
1.950297117233276367e+00
6.478987932205200195e-01
2.744565725326538086e+00
1.708077043294906616e-01
3.766338527202606201e-01
3.723902404308319092e-01
5.609334707260131836e-01
1.703575439751148224e-02
8.674517273902893066e-01
2.356874465942382812e+00
3.344026803970336914e-01
0.000000000000000000e+00
6.024786084890365601e-02
2.303826063871383667e-02
8.613154292106628418e-02
1.618780195713043213e-03
7.550299763679504395e-01
3.488521873950958252e-01
6.313562989234924316e-01
2.121661663055419922e+00
1.631612144410610199e-02
3.566893339157104492e-01
1.693530008196830750e-02
5.686514973640441895e-01
2.330362796783447266e-01
3.038376942276954651e-02
2.194344252347946167e-01
9.714233875274658203e-02
5.335906147956848145e-01
3.468665182590484619e-01
9.284270554780960083e-02
5.655386447906494141e-01
0.000000000000000000e+00
2.362560331821441650e-01
1.457284241914749146e-01
5.479233264923095703e-01
0.000000000000000000e+00
7.272168993949890137e-01
8.415088057518005371e-02
6.130255013704299927e-02
0.000000000000000000e+00
3.417301550507545471e-02
2.064074389636516571e-02
4.049108549952507019e-02
0.000000000000000000e+00
5.048404335975646973e-01
3.833648515865206718e-03
0.000000000000000000e+00
3.022254228591918945e+00
0.000000000000000000e+00
9.665490943007171154e-04
5.370587576180696487e-03
0.000000000000000000e+00
5.119458585977554321e-02
1.088006615638732910e+00
2.035869359970092773e-01
0.000000000000000000e+00
1.100644282996654510e-02
5.041208863258361816e-02
4.643290042877197266e-01
9.845122694969177246e-01
1.212117224931716919e-01
9.486495256423950195e-01
1.747352629899978638e-01
5.162974819540977478e-02
0.000000000000000000e+00
9.049098938703536987e-03
7.870657742023468018e-02
3.057341873645782471e-01
2.143604755401611328e+00
1.288900524377822876e-01
2.300918549299240112e-01
0.000000000000000000e+00
3.662332892417907715e-02
2.129224836826324463e-01
1.250006817281246185e-02
4.797673225402832031e-01
9.429678320884704590e-03
5.307097434997558594e-01
1.508540064096450806e-01
3.936235904693603516e-01
1.022275388240814209e-01
2.929637432098388672e-01
0.000000000000000000e+00
1.808960363268852234e-02
4.505030065774917603e-02
2.930084941908717155e-03
0.000000000000000000e+00
6.726712733507156372e-02
6.894826143980026245e-02
0.000000000000000000e+00
2.786257565021514893e-01
1.905321925878524780e-01
0.000000000000000000e+00
5.558590888977050781e-01
1.099457070231437683e-01
8.068731427192687988e-02
5.685628205537796021e-02
5.774835124611854553e-02
9.880501776933670044e-02
2.809579670429229736e-01
3.051755391061306000e-02
7.427275776863098145e-01
7.589380443096160889e-02
1.454099416732788086e-01
1.142790541052818298e-01
5.180120468139648438e-01
2.898773849010467529e-01
0.000000000000000000e+00
4.778914526104927063e-02
5.661811828613281250e-01
1.820603489875793457e+00
1.963502526283264160e+00
4.085217714309692383e-01
5.784863233566284180e-01
4.568126499652862549e-01
2.008260786533355713e-01
1.282737702131271362e-01
1.034368574619293213e-01
4.249303787946701050e-02
1.274785678833723068e-02
1.820748597383499146e-01
3.604882359504699707e-01
2.192054241895675659e-01
1.276564002037048340e+00
1.183119297027587891e+00
0.000000000000000000e+00
9.825646877288818359e-02
2.172708511352539062e-01
3.347151875495910645e-01
5.555065870285034180e-01
1.874283403158187866e-01
4.969585835933685303e-01
3.336434662342071533e-01
9.530534595251083374e-02
2.704233527183532715e-01
1.693231761455535889e-01
2.100003063678741455e-01
5.172482132911682129e-01
7.130778580904006958e-02
0.000000000000000000e+00
1.095269471406936646e-01
3.100573420524597168e-01
3.485415279865264893e-01
0.000000000000000000e+00
2.851314842700958252e-02
8.846163153648376465e-01
0.000000000000000000e+00
5.324053764343261719e-01
1.828539185225963593e-02
5.412244796752929688e-02
8.034474849700927734e-01
1.427380889654159546e-01
0.000000000000000000e+00
2.031547762453556061e-02
2.813895344734191895e-01
4.702512919902801514e-01
8.323616385459899902e-01
3.460609167814254761e-02
1.545857451856136322e-02
5.275465488433837891e+00
2.923376560211181641e-01
1.780660599470138550e-01
0.000000000000000000e+00
4.351158440113067627e-02
6.214316487312316895e-01
3.223285451531410217e-02
7.116498053073883057e-02
3.634376823902130127e-01
9.476264119148254395e-01
4.235382378101348877e-01
1.821707189083099365e-02
0.000000000000000000e+00
9.120296686887741089e-02
8.953387141227722168e-01
3.686568886041641235e-02
2.845782935619354248e-01
7.724298238754272461e-01
3.963140770792961121e-02
1.210587143898010254e+00
0.000000000000000000e+00
9.010768681764602661e-02
9.888333827257156372e-02
0.000000000000000000e+00
3.294363915920257568e-01
2.679143548011779785e-01
7.366848587989807129e-01
8.954430930316448212e-03
2.574278712272644043e-01
2.095420211553573608e-01
8.508057147264480591e-02
6.386448740959167480e-01
8.297556638717651367e-02
3.476888835430145264e-01
3.036129474639892578e-01
1.001827535219490528e-03
1.761407963931560516e-02
1.699972599744796753e-01
6.253323983401060104e-03
0.000000000000000000e+00
3.318412899971008301e-01
4.647489190101623535e-01
7.568086683750152588e-02
1.451851874589920044e-01
6.927018985152244568e-03
1.705211997032165527e+00
0.000000000000000000e+00
1.405121684074401855e-01
1.119647383689880371e+00
3.618465363979339600e-01
5.225260555744171143e-02
6.891222000122070312e-01
1.299519300460815430e+00
2.475936263799667358e-01
2.225483506917953491e-01
1.258503794670104980e-01
3.763048648834228516e-01
2.070487260818481445e+00
2.181107997894287109e+00
2.225111424922943115e-01
0.000000000000000000e+00
1.869553886353969574e-02
8.793167024850845337e-02
7.140822410583496094e-01
1.491499543190002441e-01
2.068539857864379883e+00
5.630680322647094727e-01
3.496531546115875244e-01
4.028266966342926025e-01
2.248355150222778320e-01
2.483360171318054199e-01
1.341298520565032959e-01
1.350050449371337891e+00
4.443700611591339111e-01
3.685304522514343262e-02
1.583532243967056274e-01
9.078372269868850708e-03
2.866071462631225586e+00
0.000000000000000000e+00
6.452813148498535156e-01
8.644679933786392212e-02
7.466016411781311035e-01
4.240215420722961426e-01
2.198134422302246094e+00
1.303241491317749023e+00
2.316362857818603516e-01
0.000000000000000000e+00
1.024134680628776550e-01
1.754691243171691895e+00
5.378418564796447754e-01
5.444135665893554688e-01
3.296160697937011719e-01
4.368544518947601318e-01
8.358533978462219238e-01
1.641328185796737671e-01
2.008741535246372223e-02
5.660501122474670410e-02
8.127093315124511719e-01
1.286176443099975586e-01
5.967689678072929382e-02
1.481352299451828003e-01
9.724670648574829102e-02
1.172567158937454224e-01
1.017996788024902344e+00
3.678348660469055176e-02
0.000000000000000000e+00
1.047330424189567566e-01
3.511631116271018982e-02
4.692954123020172119e-01
4.284959435462951660e-01
5.088289976119995117e-01
7.197097688913345337e-02
7.808339595794677734e-01
5.265899002552032471e-02
3.380864858627319336e-01
6.021545734256505966e-03
2.804868221282958984e-01
6.723096966743469238e-01
3.418233096599578857e-01
1.144592836499214172e-01
2.438824921846389771e-01
8.729381486773490906e-03
1.767566800117492676e-01
1.713197946548461914e+00
9.594573974609375000e-01
0.000000000000000000e+00
6.480645537376403809e-01
1.927820295095443726e-01
0.000000000000000000e+00
1.448061969131231308e-02
0.000000000000000000e+00
7.321172207593917847e-02
4.500283673405647278e-02
8.164834976196289062e-02
2.990306019783020020e-01
6.437687873840332031e-01
0.000000000000000000e+00
1.492716837674379349e-02
5.690766032785177231e-03
0.000000000000000000e+00
2.445673644542694092e-01
5.452400445938110352e-02
1.420125178992748260e-02
5.243247151374816895e-01
1.141910254955291748e-02
9.572685696184635162e-03
8.141172677278518677e-02
0.000000000000000000e+00
2.918053232133388519e-02
1.718668192625045776e-01
9.323577582836151123e-02
3.687407374382019043e-01
1.311694830656051636e-01
7.124572526663541794e-03
6.146661564707756042e-02
2.855582349002361298e-02
1.017500460147857666e-02
0.000000000000000000e+00
3.993267416954040527e-01
1.464396342635154724e-02
0.000000000000000000e+00
1.305798627436161041e-02
1.878237962722778320e+00
5.822356324642896652e-03
5.243392586708068848e-01
2.362798899412155151e-01
2.811559010297060013e-03
1.436870396137237549e-01
8.167926967144012451e-02
1.756335645914077759e-01
9.772857651114463806e-03
4.583359658718109131e-01
1.820871829986572266e-01
1.000897735357284546e-01
3.728831186890602112e-02
1.867354661226272583e-01
2.201271802186965942e-02
5.461575090885162354e-02
8.031206205487251282e-03
4.095632582902908325e-02
2.297544330358505249e-01
6.575250625610351562e-01
1.756910234689712524e-02
4.358356446027755737e-02
6.392279267311096191e-02
2.235280126333236694e-01
2.875101268291473389e-01
3.340967744588851929e-02
6.557034850120544434e-01
2.487384676933288574e-01
5.778092145919799805e-02
6.915672421455383301e-01
4.366011619567871094e-01
6.336443126201629639e-02
6.096339821815490723e-01
1.137754440307617188e+00
3.838604390621185303e-01
6.660309433937072754e-01
4.789744913578033447e-01
1.115563660860061646e-01
9.645841270685195923e-02
5.230389237403869629e-01
1.434599608182907104e-01
2.595040500164031982e-01
4.193909466266632080e-02
3.344225883483886719e-02
1.671249568462371826e-01
1.039382666349411011e-01
3.775394856929779053e-01
1.024375915527343750e+00
1.010770425200462341e-01
9.713507443666458130e-02
1.176768541336059570e-01
1.535163521766662598e+00
1.917918398976325989e-02
1.448345035314559937e-01
1.279342532157897949e+00
2.085054814815521240e-01
6.604563444852828979e-03
4.743617027997970581e-02
1.174647092819213867e+00
1.925339549779891968e-01
2.226213514804840088e-01
5.853626132011413574e-01
9.070352315902709961e-01
2.472954988479614258e-01
9.333679080009460449e-01
1.851255595684051514e-01
5.326374769210815430e-01
7.647812366485595703e-01
4.762654304504394531e-01
2.656843699514865875e-02
3.022830784320831299e-01
1.261088065803050995e-02
4.801208376884460449e-01
4.934308584779500961e-03
1.043862104415893555e+00
2.118844032287597656e+00
3.973299562931060791e-01
1.346906542778015137e+00
1.713031083345413208e-01
3.867625892162322998e-01
3.935095071792602539e-01
6.130218505859375000e-01
8.696927130222320557e-02
0.000000000000000000e+00
1.998715281486511230e+00
4.931638240814208984e-01
2.699049115180969238e-01
1.714110225439071655e-01
7.740548849105834961e-01
3.853754401206970215e-01
0.000000000000000000e+00
4.285634756088256836e-01
3.121643885970115662e-02
0.000000000000000000e+00
0.000000000000000000e+00
2.041103132069110870e-02
1.026730239391326904e-02
1.148942410945892334e-01
4.011834859848022461e-01
1.148019731044769287e-01
1.784300315193831921e-03
0.000000000000000000e+00
1.722308695316314697e-01
3.795374631881713867e-01
1.632971018552780151e-01
0.000000000000000000e+00
2.178867310285568237e-01
8.374487161636352539e-01
0.000000000000000000e+00
3.965098261833190918e-01
1.568690240383148193e-01
3.914995491504669189e-01
1.348382532596588135e-01
1.854104399681091309e-01
7.148249447345733643e-02
5.507311224937438965e-01
7.588892430067062378e-02
1.013733595609664917e-01
2.158456742763519287e-01
3.122859597206115723e-01
6.615870445966720581e-02
1.726714968681335449e-01
7.879229784011840820e-01
2.508826971054077148e+00
1.984190382063388824e-02
0.000000000000000000e+00
2.655336380004882812e+00
1.056615933775901794e-01
2.764818072319030762e-02
4.665348678827285767e-03
0.000000000000000000e+00
3.465207219123840332e-01
0.000000000000000000e+00
6.400504708290100098e-01
6.139791384339332581e-02
1.190990880131721497e-01
2.808738052845001221e-01
1.803837180137634277e+00
2.800543308258056641e-01
5.993536114692687988e-02
1.000184535980224609e+00
6.754050850868225098e-01
7.224886864423751831e-02
3.279529571533203125e+00
1.396391987800598145e-01
2.102938015013933182e-03
1.285987734794616699e+00
6.294349431991577148e-01
9.679281152784824371e-03
3.226329982280731201e-01
1.909582912921905518e-01
0.000000000000000000e+00
7.658241391181945801e-01
8.098775148391723633e-01
3.773445188999176025e-01
5.121992230415344238e-01
1.614421755075454712e-01
3.158971369266510010e-01
7.184881716966629028e-02
0.000000000000000000e+00
1.691749989986419678e-01
0.000000000000000000e+00
1.963456273078918457e-01
3.208035230636596680e-01
5.026875734329223633e-01
4.975408017635345459e-01
0.000000000000000000e+00
0.000000000000000000e+00
2.653075195848941803e-02
1.439400017261505127e-02
4.054530523717403412e-03
2.279883027076721191e-01
1.079514739103615284e-03
1.276177167892456055e-01
2.333285659551620483e-01
0.000000000000000000e+00
1.550991833209991455e-02
4.197202324867248535e-01
2.513831377029418945e+00
6.359581649303436279e-02
1.209661483764648438e+00
5.253313854336738586e-02
8.990608900785446167e-02
6.853399332612752914e-03
9.162929058074951172e-01
1.744390249252319336e+00
4.869676753878593445e-02
4.337966740131378174e-01
1.240387209691107273e-03
0.000000000000000000e+00
1.541480515152215958e-02
4.564701020717620850e-01
2.646835446357727051e-01
7.193351387977600098e-01
2.301878929138183594e+00
6.421952843666076660e-01
2.704367600381374359e-02
7.341673970222473145e-02
1.703254103660583496e+00
1.229922026395797729e-01
1.012745779007673264e-02
2.324704825878143311e-02
1.034053325653076172e+00
2.604574561119079590e-01
4.434402585029602051e-01
2.012909501791000366e-01
4.495429992675781250e-02
1.181121349334716797e+00
6.997197866439819336e-01
1.058473959565162659e-01
0.000000000000000000e+00
4.981825053691864014e-01
4.490179419517517090e-01
9.350619912147521973e-01
2.663953602313995361e-02
7.273513078689575195e-02
1.007557660341262817e-01
1.009201817214488983e-02
4.138290509581565857e-02
7.786123454570770264e-02
1.185493111610412598e+00
2.847374081611633301e-01
7.067018747329711914e-01
1.621969640254974365e-01
4.514246284961700439e-01
3.700030595064163208e-02
2.138043493032455444e-01
2.495402470231056213e-02
1.054277941584587097e-01
2.258549183607101440e-01
1.106541529297828674e-01
0.000000000000000000e+00
2.663562297821044922e-01
9.840172529220581055e-01
6.981137394905090332e-02
6.458019614219665527e-01
2.108646929264068604e-02
2.759864032268524170e-01
7.589942812919616699e-01
1.597142368555068970e-01
3.865118324756622314e-01
4.996475181542336941e-04
3.479223698377609253e-03
7.668986320495605469e-01
0.000000000000000000e+00
1.344596445560455322e-01
2.191242203116416931e-02
1.014284193515777588e-01
1.316231489181518555e-01
2.847323715686798096e-01
5.382309556007385254e-01
0.000000000000000000e+00
1.041903276927769184e-03
0.000000000000000000e+00
1.256379604339599609e+00
1.423652400262653828e-03
1.001706253737211227e-02
5.515640228986740112e-02
2.523271925747394562e-02
6.016125679016113281e-01
0.000000000000000000e+00
6.925792247056961060e-02
2.311202287673950195e-01
0.000000000000000000e+00
2.133230119943618774e-01
0.000000000000000000e+00
4.019549489021301270e-02
4.569020494818687439e-02
2.946626543998718262e-01
1.062601447105407715e+00
2.424501419067382812e+00
4.477434605360031128e-02
5.949828624725341797e-01
8.330184817314147949e-01
7.107447832822799683e-02
8.023755997419357300e-02
1.506429612636566162e-01
2.208173042163252831e-03
1.872702121734619141e+00
3.886610865592956543e-01
6.500437157228589058e-04
6.024310588836669922e-01
3.506928384304046631e-01
1.094500645995140076e-01
3.744525015354156494e-01
1.297128915786743164e+00
2.065180055797100067e-02
0.000000000000000000e+00
1.376929134130477905e-02
1.000009179115295410e-01
9.310441464185714722e-02
8.810452818870544434e-01
0.000000000000000000e+00
1.077866077423095703e+00
5.386390909552574158e-02
0.000000000000000000e+00
2.825554274022579193e-02
6.683449745178222656e-01
3.108361735939979553e-02
2.090991288423538208e-01
0.000000000000000000e+00
8.619882911443710327e-02
5.845718830823898315e-02
0.000000000000000000e+00
1.223049521446228027e+00
5.813502669334411621e-01
7.546214014291763306e-02
4.521313607692718506e-01
7.375777959823608398e-01
1.969728153198957443e-03
3.615637540817260742e+00
1.850096434354782104e-01
2.377126216888427734e-01
3.515694141387939453e-01
3.147159237414598465e-03
1.458414196968078613e+00
3.191075026988983154e-01
2.654459178447723389e-01
0.000000000000000000e+00
3.803105652332305908e-02
1.134902119636535645e+00
2.385023981332778931e-01
0.000000000000000000e+00
3.657081127166748047e-01
0.000000000000000000e+00
9.302304387092590332e-01
1.794354617595672607e-01
1.011614054441452026e-01
9.915404766798019409e-02
3.251801729202270508e-01
5.455638170242309570e-01
2.141272872686386108e-01
0.000000000000000000e+00
4.054078459739685059e-01
1.123800277709960938e-01
1.670320928096771240e-01
9.239237308502197266e-01
5.425768345594406128e-02
1.259246608242392540e-03
3.489414229989051819e-02
2.316640457138419151e-03
2.425511777400970459e-01
3.655008673667907715e-01
0.000000000000000000e+00
2.165789604187011719e+00
0.000000000000000000e+00
6.531155854463577271e-02
0.000000000000000000e+00
0.000000000000000000e+00
4.209637045860290527e-01
4.029973149299621582e-01
5.296131968498229980e-02
2.290415950119495392e-02
1.076689362525939941e-01
1.137118227779865265e-02
0.000000000000000000e+00
4.909912943840026855e-01
3.691321983933448792e-02
4.648125916719436646e-02
9.076495766639709473e-01
3.689127564430236816e-01
2.216714620590209961e-01
2.500321269035339355e-01
1.366717338562011719e+00
5.608487725257873535e-01
5.076919868588447571e-02
1.001839876174926758e+00
9.110133349895477295e-02
6.272176504135131836e-01
4.815633594989776611e-01
9.902793914079666138e-03
3.932444155216217041e-01
1.306411325931549072e-01
3.112617731094360352e-01
1.521148681640625000e-01
2.134259557351469994e-03
1.840850263833999634e-01
3.298334032297134399e-02
2.799888253211975098e-01
1.066263794898986816e+00
2.293433696031570435e-01
2.422673702239990234e+00
4.590517580509185791e-01
1.501976847648620605e+00
4.314482510089874268e-01
2.439971417188644409e-01
1.298220083117485046e-02
3.695985078811645508e-01
0.000000000000000000e+00
2.567061595618724823e-02
8.486947417259216309e-02
2.109355330467224121e-01
5.466390848159790039e-01
2.399353533983230591e-01
1.041764672845602036e-02
3.030847012996673584e-02
7.693268824368715286e-03
4.237458575516939163e-03
1.569562107324600220e-01
1.208546012639999390e-01
2.373912930488586426e-01
9.549958109855651855e-01
1.108311675488948822e-02
7.451982796192169189e-02
1.225052356719970703e+00
1.353414729237556458e-03
1.445585978217422962e-03
1.818869821727275848e-02
1.532311290502548218e-01
1.381977200508117676e+00
5.605841279029846191e-01
0.000000000000000000e+00
1.535470485687255859e-01
7.002003192901611328e-01
5.157488584518432617e-02
2.397621572017669678e-01
1.767194457352161407e-02
2.229842916131019592e-02
2.825358137488365173e-02
0.000000000000000000e+00
2.555670142173767090e-01
2.230372279882431030e-01
5.265374481678009033e-02
1.118395254015922546e-01
2.758099317550659180e+00
7.039555311203002930e-01
1.519808024168014526e-01
5.499893426895141602e-01
3.626023605465888977e-02
5.199636220932006836e-01
3.025518953800201416e-01
1.479990333318710327e-01
9.634881019592285156e-01
3.021932840347290039e-01
1.464391201734542847e-01
4.033375978469848633e-01
4.026290774345397949e-01
6.145304441452026367e-01
8.342529088258743286e-02
5.981305837631225586e-01
7.197491824626922607e-02
1.415793299674987793e-01
1.463928967714309692e-01
2.739358246326446533e-01
5.075656175613403320e-01
8.967450261116027832e-02
2.411934733390808105e-02
2.076878845691680908e-01
2.012011855840682983e-01
6.080538034439086914e-01
0.000000000000000000e+00
0.000000000000000000e+00
1.457013040781021118e-01
6.376230716705322266e-02
0.000000000000000000e+00
1.613504886627197266e-01
8.589191734790802002e-02
8.901368081569671631e-02
8.531011343002319336e-01
0.000000000000000000e+00
7.415753602981567383e-02
6.999840140342712402e-01
1.038134619593620300e-01
5.504875630140304565e-02
1.186045765876770020e+00
1.234223917126655579e-01
9.329307079315185547e-02
5.450411885976791382e-02
3.041304349899291992e-01
3.800723075866699219e+00
0.000000000000000000e+00
1.265668123960494995e-01
3.838580846786499023e-02
0.000000000000000000e+00
4.554027616977691650e-01
5.271939188241958618e-02
2.925493419170379639e-01
1.782668530941009521e-01
1.306713521480560303e-01
4.943674802780151367e-01
1.204846650362014771e-01
6.942486763000488281e-02
2.781062722206115723e-01
1.897818148136138916e-01
0.000000000000000000e+00
4.924958944320678711e-02
2.839652001857757568e-01
3.228173851966857910e-01
4.871557056903839111e-01
6.166562438011169434e-01
2.534223198890686035e-01
7.502413392066955566e-01
5.099090933799743652e-01
6.593060214072465897e-03
7.499068975448608398e-01
6.162595748901367188e-02
7.828513383865356445e-01
2.868517115712165833e-02
4.689707159996032715e-01
1.422287464141845703e+00
4.297700226306915283e-01
1.194674149155616760e-02
2.538006007671356201e-01
1.253400593996047974e-01
1.769551038742065430e-01
1.830113410949707031e+00
5.052088499069213867e-01
3.973709046840667725e-01
1.054719835519790649e-01
8.095036745071411133e-01
5.266757607460021973e-01
6.070193648338317871e-02
3.549165427684783936e-01
3.738595917820930481e-02
2.729860693216323853e-02
7.481172680854797363e-01
1.079559549689292908e-01
0.000000000000000000e+00
6.260170340538024902e-01
0.000000000000000000e+00
2.154626399278640747e-01
0.000000000000000000e+00
3.617909923195838928e-02
1.776629090309143066e+00
1.110786795616149902e+00
5.869652703404426575e-02
0.000000000000000000e+00
1.875754445791244507e-01
1.311135768890380859e+00
2.243702486157417297e-02
8.682667976245284081e-04
1.129499729722738266e-02
6.334505677223205566e-01
0.000000000000000000e+00
9.596295654773712158e-03
5.790164470672607422e-01
5.424526706337928772e-02
1.967964053153991699e+00
7.323376834392547607e-02
2.043517827987670898e-01
2.251997441053390503e-01
5.573659539222717285e-01
1.834888309240341187e-01
2.679357528686523438e+00
4.062075912952423096e-02
2.742808461189270020e-01
4.141066372394561768e-01
1.120335329324007034e-02
1.002509117126464844e+00
0.000000000000000000e+00
2.395560741424560547e-01
1.954677999019622803e-01
2.592368796467781067e-02
9.176924824714660645e-01
5.407982468605041504e-01
2.502768673002719879e-02
2.310469187796115875e-02
4.932885617017745972e-02
7.984164403751492500e-04
2.771005034446716309e-01
0.000000000000000000e+00
2.868854701519012451e-01
1.697354078292846680e+00
0.000000000000000000e+00
8.512492179870605469e-01
4.543198272585868835e-02
0.000000000000000000e+00
3.694243729114532471e-02
4.964360892772674561e-01
0.000000000000000000e+00
1.317235082387924194e-01
1.832305081188678741e-02
0.000000000000000000e+00
0.000000000000000000e+00
0.000000000000000000e+00
7.122555375099182129e-01
1.239454522728919983e-01
1.513773854821920395e-02
3.240861464291810989e-03
3.807599842548370361e-01
2.635026276111602783e-01
4.905642196536064148e-02
2.721007466316223145e-01
0.000000000000000000e+00
4.462483525276184082e-02
1.089933142066001892e-01
2.261305451393127441e-01
1.754167675971984863e-02
1.453558653593063354e-01
6.717964075505733490e-03
4.433270931243896484e+00
1.453117728233337402e-01
2.079368196427822113e-02
9.204257279634475708e-02
5.660880208015441895e-01
3.148796856403350830e-01
1.093564033508300781e+00
0.000000000000000000e+00
0.000000000000000000e+00
5.293228626251220703e-01
5.978444814682006836e-01
1.015468537807464600e-01
5.910509731620550156e-03
5.355153083801269531e-01
1.450751125812530518e-01
2.206813991069793701e-01
6.078258156776428223e-02
1.734789311885833740e-01
5.464673042297363281e-01
1.454582959413528442e-01
1.880802363157272339e-01
1.750503897666931152e+00
4.105786234140396118e-02
4.080328941345214844e+00
8.922669105231761932e-03
4.614675417542457581e-03
1.815408170223236084e-01
4.982662200927734375e-02
0.000000000000000000e+00
8.143319189548492432e-02
0.000000000000000000e+00
9.670751690864562988e-01
0.000000000000000000e+00
1.219941854476928711e+00
9.441933035850524902e-01
4.133235514163970947e-01
3.525206148624420166e-01
6.040356680750846863e-02
1.131765730679035187e-02
4.136202335357666016e-01
7.494676858186721802e-02
1.480205655097961426e-01
2.011332958936691284e-01
0.000000000000000000e+00
6.532353758811950684e-01
2.635239064693450928e-01
1.240458572283387184e-03
2.490359842777252197e-01
8.130597472190856934e-01
3.457671701908111572e-01
7.444814546033740044e-04
0.000000000000000000e+00
2.482527866959571838e-03
1.272958070039749146e-01
4.988313093781471252e-02
7.999274134635925293e-02
3.517540395259857178e-01
0.000000000000000000e+00
0.000000000000000000e+00
5.221304297447204590e-01
4.717113375663757324e-01
8.823052048683166504e-03
9.243291616439819336e-01
3.814719319343566895e-01
3.157218992710113525e-01
8.838736265897750854e-02
3.174712955951690674e-01
5.236830711364746094e-01
2.997143864631652832e-01
5.657677650451660156e+00
1.443005502223968506e-01
1.677935719490051270e-01
2.255940288305282593e-01
1.107404351234436035e+00
1.189138740301132202e-01
0.000000000000000000e+00
2.813363634049892426e-02
1.346473302692174911e-02
5.733014345169067383e-01
1.826365739107131958e-01
1.226824969053268433e-01
1.942616999149322510e-01
0.000000000000000000e+00
6.506515294313430786e-02
1.025722101330757141e-01
5.510147660970687866e-02
1.252170503139495850e-01
5.749593302607536316e-02
0.000000000000000000e+00
3.154272437095642090e-01
1.123908638954162598e+00
2.083813957870006561e-02
0.000000000000000000e+00
2.168225765228271484e+00
6.839515566825866699e-01
3.566146790981292725e-01
7.420099973678588867e-01
6.807622313499450684e-01
6.727918982505798340e-02
2.312055110931396484e+00
4.896675348281860352e-01
5.281570911407470703e+00
0.000000000000000000e+00
1.403767764568328857e-01
4.859407618641853333e-02
0.000000000000000000e+00
5.828996747732162476e-02
2.614593207836151123e-01
7.779827713966369629e-01
2.043476104736328125e-01
4.255014955997467041e-01
6.874090433120727539e-01
4.122646152973175049e-01
4.836913943290710449e-01
4.313720464706420898e-01
0.000000000000000000e+00
2.021235078573226929e-01
8.285296149551868439e-03
8.959503471851348877e-02
4.470660090446472168e-01
0.000000000000000000e+00
5.853252112865447998e-02
1.092077136039733887e+00
3.312344849109649658e-02
1.094667464494705200e-01
0.000000000000000000e+00
0.000000000000000000e+00
2.884621322154998779e-01
7.954767346382141113e-02
0.000000000000000000e+00
7.365895509719848633e-01
2.418032884597778320e-01
0.000000000000000000e+00
4.024519398808479309e-02
1.706544496119022369e-02
6.743389964103698730e-01
4.830100834369659424e-01
7.332675457000732422e-01
1.048745401203632355e-02
2.558366954326629639e-01
6.016272902488708496e-01
1.905655837617814541e-03
3.463102579116821289e-01
1.145659666508436203e-02
2.293917164206504822e-02
0.000000000000000000e+00
9.641779959201812744e-02
0.000000000000000000e+00
2.412607222795486450e-01
2.685250015929341316e-03
1.072030141949653625e-01
0.000000000000000000e+00
5.321536585688591003e-02
3.237383067607879639e-02
1.952971816062927246e-01
2.663965523242950439e-01
1.060396194458007812e+00
7.655944228172302246e-01
0.000000000000000000e+00
6.296869516372680664e-01
1.624268442392349243e-01
3.148713707923889160e-01
6.559336930513381958e-02
1.548139005899429321e-02
6.076090782880783081e-02
1.367411464452743530e-01
8.917377144098281860e-02
1.010611802339553833e-01
0.000000000000000000e+00
0.000000000000000000e+00
3.702947795391082764e-01
9.997417926788330078e-01
2.436176538467407227e-01
1.560552865266799927e-01
0.000000000000000000e+00
6.094282958656549454e-03
5.157877802848815918e-01
7.105038762092590332e-01
0.000000000000000000e+00
2.555387914180755615e-01
5.483667179942131042e-02
4.341009557247161865e-01
4.452413413673639297e-03
5.961974263191223145e-01
5.740523934364318848e-01
1.441602408885955811e-01
1.826447099447250366e-01
0.000000000000000000e+00
1.196241378784179688e-02
2.081580609083175659e-01
2.114462852478027344e+00
2.270945813506841660e-03
0.000000000000000000e+00
0.000000000000000000e+00
0.000000000000000000e+00
7.186587452888488770e-01
1.233357667922973633e+00
3.191076219081878662e-02
9.181557595729827881e-02
2.314958572387695312e-01
4.356125891208648682e-01
1.604318469762802124e-01
6.653106808662414551e-01
2.987336926162242889e-02
1.490788161754608154e-01
7.818680405616760254e-01
9.594406187534332275e-02
1.596094220876693726e-01
4.062861576676368713e-02
6.143345832824707031e-01
1.176543757319450378e-01
1.370963215827941895e+00
2.686724662780761719e-01
3.082886934280395508e-01
1.616551913321018219e-02
0.000000000000000000e+00
1.069432273507118225e-01
0.000000000000000000e+00
0.000000000000000000e+00
1.077941805124282837e-02
5.358576774597167969e-01
3.489462435245513916e-01
3.228375911712646484e-01
0.000000000000000000e+00
2.785911560058593750e-01
9.704808704555034637e-03
6.884019076824188232e-02
5.732684209942817688e-02
0.000000000000000000e+00
9.406360983848571777e-01
1.912763118743896484e-01
3.803984522819519043e-01
0.000000000000000000e+00
4.226651787757873535e-01
7.362977862358093262e-01
2.835610136389732361e-02
0.000000000000000000e+00
0.000000000000000000e+00
1.134463679045438766e-02
2.092530488967895508e+00
1.168518438935279846e-01
2.525392174720764160e-01
1.741081237792968750e+00
0.000000000000000000e+00
0.000000000000000000e+00
1.915684938430786133e-01
6.361352801322937012e-01
2.415294051170349121e-01
9.613994956016540527e-01
9.609092473983764648e-01
3.939440548419952393e-01
6.655852794647216797e-01
0.000000000000000000e+00
4.898069202899932861e-01
3.024426400661468506e-01
4.616811573505401611e-01
3.634462878108024597e-02
1.941921003162860870e-02
1.959157884120941162e-01
8.992474079132080078e-01
7.811171468347311020e-03
1.848022937774658203e-01
5.941272377967834473e-01
2.660194635391235352e-01
0.000000000000000000e+00
3.372408747673034668e-01
5.702049732208251953e-01
0.000000000000000000e+00
1.275346577167510986e-01
4.006254374980926514e-01
1.036210451275110245e-02
3.604545593261718750e-01
0.000000000000000000e+00
1.131965041160583496e+00
1.226073265075683594e+00
6.453309059143066406e-01
0.000000000000000000e+00
9.072447568178176880e-02
1.547687947750091553e-01
5.165871977806091309e-01
0.000000000000000000e+00
1.914530247449874878e-01
4.696612060070037842e-02
1.588675826787948608e-01
8.612686395645141602e-01
2.946475148200988770e-02
1.730349063873291016e-01
5.775242298841476440e-02
1.366838812828063965e-01
1.081022620201110840e-01
8.365613222122192383e-01
8.099291920661926270e-01
5.543692409992218018e-02
3.808865547180175781e-01
2.598356695671100169e-05
1.562627553939819336e+00
6.261026263236999512e-01
8.475620299577713013e-03
1.169380825012922287e-02
3.470680713653564453e-01
5.841042995452880859e-01
0.000000000000000000e+00
9.902020096778869629e-01
4.616618156433105469e-02
2.375144697725772858e-02
4.462211728096008301e-01
3.436055183410644531e-01
8.731851726770401001e-02
2.004692256450653076e-01
0.000000000000000000e+00
6.879140377044677734e+00
4.845468327403068542e-02
1.249952793121337891e+00
1.016844511032104492e-01
5.186365172266960144e-02
4.324016273021697998e-01
4.750956967473030090e-02
2.145092375576496124e-02
4.002115130424499512e-02
2.002794854342937469e-02
0.000000000000000000e+00
4.901129305362701416e-01
2.125694788992404938e-02
1.686459407210350037e-02
8.750072121620178223e-02
6.323977112770080566e-01
1.211348623037338257e-01
3.406958281993865967e-01
1.123296767473220825e-01
1.966000646352767944e-01
4.114136993885040283e-01
2.910111844539642334e-02
0.000000000000000000e+00
0.000000000000000000e+00
2.314682006835937500e-01
2.828814461827278137e-02
0.000000000000000000e+00
0.000000000000000000e+00
1.445057094097137451e-01
5.504172760993242264e-03
1.188193261623382568e-01
4.732933640480041504e-02
2.132856398820877075e-01
1.295433998107910156e+00
1.084662079811096191e-01
1.042726859450340271e-01
2.661900520324707031e-01
9.012493491172790527e-01
0.000000000000000000e+00
0.000000000000000000e+00
1.087923347949981689e-02
5.358913168311119080e-02
1.254309415817260742e-01
4.690247774124145508e-01
0.000000000000000000e+00
1.374644637107849121e-01
6.231665145605802536e-03
2.702635228633880615e-01
1.038223505020141602e-02
4.672642052173614502e-02
5.489931702613830566e-01
2.705958187580108643e-01
8.600388467311859131e-02
4.403944909572601318e-01
0.000000000000000000e+00
4.691786170005798340e-01
0.000000000000000000e+00
0.000000000000000000e+00
8.808116614818572998e-02
1.203982830047607422e+00
1.723141521215438843e-01
3.033426105976104736e-01
1.198673173785209656e-01
6.968910805881023407e-03
3.454998880624771118e-02
6.264720577746629715e-03
0.000000000000000000e+00
1.083986386656761169e-01
0.000000000000000000e+00
3.130965307354927063e-02
5.539760366082191467e-02
7.006803750991821289e-01
4.288808107376098633e-01
0.000000000000000000e+00
2.497037798166275024e-01
1.436707228422164917e-01
8.086071908473968506e-02
5.561976507306098938e-02
0.000000000000000000e+00
1.880085706710815430e+00
4.904707893729209900e-03
2.779003679752349854e-01
3.376912474632263184e-01
0.000000000000000000e+00
5.260428786277770996e-01
3.138424456119537354e-01
2.400001436471939087e-01
0.000000000000000000e+00
0.000000000000000000e+00
8.142143487930297852e-01
2.107464075088500977e-01
2.827709019184112549e-01
0.000000000000000000e+00
2.727854847908020020e-01
1.105158805847167969e+00
0.000000000000000000e+00
0.000000000000000000e+00
0.000000000000000000e+00
1.434131264686584473e+00
8.445439338684082031e-01
6.972504407167434692e-02
2.950781770050525665e-02
3.657829463481903076e-01
7.015590555965900421e-03
3.517878800630569458e-02
0.000000000000000000e+00
4.695297218859195709e-03
2.946379780769348145e-02
0.000000000000000000e+00
8.609946370124816895e-01
0.000000000000000000e+00
1.722208261489868164e-01
3.259198665618896484e-01
2.809993922710418701e-01
1.915772855281829834e-01
6.056318059563636780e-02
8.455569855868816376e-03
8.992063999176025391e-02
4.263785183429718018e-01
5.880274176597595215e-01
2.504666447639465332e-01
2.854607999324798584e-02
1.114090308547019958e-01
6.118782609701156616e-02
3.859501099213957787e-03
2.283229380846023560e-01
0.000000000000000000e+00
1.663785427808761597e-01
4.779970273375511169e-02
0.000000000000000000e+00
3.929896116256713867e+00
3.441418707370758057e-02
0.000000000000000000e+00
2.868015170097351074e-01
6.243404000997543335e-03
1.229100450873374939e-01
1.651954501867294312e-01
0.000000000000000000e+00
0.000000000000000000e+00
2.368454486131668091e-01
0.000000000000000000e+00
1.003966927528381348e+00
1.343588232994079590e+00
7.465234994888305664e-01
6.996954791247844696e-03
3.304128535091876984e-03
0.000000000000000000e+00
2.209832370281219482e-01
0.000000000000000000e+00
6.725111007690429688e-01
3.793391957879066467e-02
9.483415484428405762e-01
1.086915880441665649e-01
5.310331583023071289e-01
2.320353388786315918e-01
0.000000000000000000e+00
8.718920946121215820e-01
1.982987113296985626e-02
1.730768382549285889e-01
1.438995480537414551e+00
2.187600880861282349e-01
2.055614441633224487e-01
6.132084727287292480e-01
0.000000000000000000e+00
1.245829910039901733e-01
6.562920212745666504e-01
4.141780734062194824e-02
7.578210830688476562e-01
2.006323486566543579e-01
0.000000000000000000e+00
1.208815164864063263e-02
0.000000000000000000e+00
9.333572387695312500e-01
1.579207926988601685e-01
8.060830831527709961e-02
8.858237862586975098e-01
1.394678235054016113e+00
1.963374495506286621e+00
4.748010337352752686e-01
2.378975749015808105e-01
4.793408513069152832e-02
2.631236016750335693e-01
9.272451400756835938e-01
5.554263591766357422e-01
2.454068899154663086e+00
1.496322751045227051e-01
1.979860514402389526e-01
0.000000000000000000e+00
2.368489027023315430e+00
5.161070451140403748e-02
9.999270550906658173e-03
2.246350198984146118e-01
3.032328605651855469e+00
5.350472331047058105e-01
6.986378431320190430e-01
5.948066711425781250e-03
2.277592662721872330e-03
6.889621145091950893e-04
0.000000000000000000e+00
6.267333626747131348e-01
3.384610116481781006e-01
9.223782271146774292e-02
6.060986042022705078e+00
8.169360756874084473e-01
2.123894244432449341e-01
1.070151403546333313e-01
7.102772593498229980e-02
7.627949584275484085e-03
0.000000000000000000e+00
2.155865430831909180e-01
4.237479269504547119e-01
2.826036512851715088e-02
1.611435860395431519e-01
6.170615553855895996e-01
2.739132344722747803e-01
2.880725264549255371e-01
3.236475884914398193e-01
6.226359680294990540e-02
3.418428599834442139e-01
1.050732254981994629e+00
6.842584908008575439e-02
0.000000000000000000e+00
5.555221065878868103e-02
8.113279342651367188e-01
7.089503109455108643e-03
1.194998435676097870e-02
0.000000000000000000e+00
4.346033185720443726e-02
5.624933838844299316e-01
1.713003590703010559e-02
1.409551035612821579e-02
3.738176822662353516e-01
1.424503922462463379e+00
2.704819738864898682e-01
1.828109920024871826e-01
7.967389537952840328e-04
1.010138988494873047e+00
1.057777460664510727e-02
2.365706861019134521e-02
1.730366796255111694e-01
1.799053102731704712e-01
1.956579685211181641e-01
1.106182187795639038e-01
1.434868574142456055e-01
1.118451450020074844e-02
1.954091712832450867e-03
1.463405728340148926e+00
1.074092928320169449e-02
2.855843864381313324e-02
0.000000000000000000e+00
0.000000000000000000e+00
1.394310444593429565e-01
3.871802985668182373e-01
9.743491187691688538e-03
7.490356266498565674e-02
0.000000000000000000e+00
6.402686238288879395e-02
2.282834351062774658e-01
0.000000000000000000e+00
9.615562856197357178e-03
0.000000000000000000e+00
1.115907669067382812e+00
9.236797690391540527e-03
1.714497357606887817e-01
1.377925369888544083e-02
3.030187189579010010e-01
0.000000000000000000e+00
2.742414474487304688e-01
9.334591776132583618e-02
3.509305417537689209e-02
1.525953263044357300e-01
2.650173604488372803e-01
1.209545433521270752e-01
2.086259126663208008e-01
3.678155317902565002e-02
0.000000000000000000e+00
1.092827916145324707e-01
2.202061116695404053e-01
0.000000000000000000e+00
2.028730139136314392e-02
5.751361604779958725e-03
1.028892517089843750e+00
3.323193788528442383e-01
1.799175888299942017e-02
7.633460760116577148e-01
3.376823365688323975e-01
8.486163616180419922e-02
7.829511910676956177e-02
2.003146559000015259e-01
2.816954851150512695e-01
1.139477454125881195e-02
1.027342048473656178e-03
5.682797431945800781e-01
2.775279581546783447e-01
6.305086016654968262e-01
4.413538575172424316e-01
3.427090644836425781e-01
0.000000000000000000e+00
1.957328058779239655e-02
5.325476452708244324e-02
3.898995742201805115e-02
1.828778266906738281e+00
5.407508462667465210e-02
0.000000000000000000e+00
5.299170017242431641e-01
4.425265789031982422e-01
2.987821772694587708e-02
1.796070784330368042e-01
3.802969679236412048e-02
1.319787979125976562e+00
1.350311487913131714e-01
9.622315317392349243e-02
3.559799864888191223e-03
1.689543873071670532e-01
4.942668974399566650e-01
2.207203865051269531e+00
6.344139575958251953e-01
1.223606228828430176e+00
2.308415919542312622e-01
1.723508536815643311e-02
3.569106385111808777e-02
0.000000000000000000e+00
5.803391337394714355e-01
2.363224774599075317e-01
2.739612013101577759e-03
2.963520959019660950e-02
2.041377574205398560e-01
2.856305986642837524e-02
1.897479295730590820e+00
4.014590978622436523e-01
4.010691493749618530e-02
8.842144608497619629e-01
2.458974838256835938e+00
2.167533384636044502e-03
9.509105235338211060e-02
1.405012160539627075e-01
0.000000000000000000e+00
2.054194927215576172e+00
8.858035206794738770e-01
0.000000000000000000e+00
1.398766972124576569e-02
1.331782102584838867e+00
2.483687639236450195e+00
2.945258021354675293e-01
7.385508716106414795e-02
7.030921429395675659e-02
3.457844257354736328e-01
