6.006568506466969382e-12
2.471941488307871637e-12
6.886305414788296275e-11
5.061331215250319815e-11
9.999622657685947047e-11
1.555239825812293475e-10
1.079500516754094974e-10
5.988212703478268395e-11
2.144894956090936944e-10
2.945687640476535307e-07
1.162500911505714996e-11
1.959466269796372728e-11
5.803210689769855435e-11
1.610295785603454988e-10
1.168108578614157622e-11
5.091327012762825177e-11
5.189995100352007285e-10
9.849438625808559777e-11
8.442048171630744946e-10
2.064843018789730422e-10
9.277746106095552392e-12
1.040741159918923131e-09
9.053985339235737229e-11
1.962561668733542319e-09
5.072499309477507268e-09
6.874625868569239628e-11
7.777890553839483800e-10
4.159450839313905135e-10
4.854896866468561001e-12
1.605475641319742408e-09
1.257521375919168349e-08
9.133040851372342672e-11
3.626216660279624193e-09
8.219827485334008088e-09
8.448028054885980964e-09
1.246500125340332943e-09
4.841338885341883724e-09
2.811302579619479047e-10
3.727853026269656311e-10
1.592230063351962599e-07
8.879271623518647516e-11
2.405118593173938280e-08
3.293884631716537115e-08
1.283654293970926119e-09
4.589329805071429291e-09
1.947396466306372531e-09
9.222250740847925954e-10
1.120290260558931550e-08
6.661394547080590200e-09
3.388325620079513101e-09
8.756734781734110129e-10
4.983670767733094920e-11
2.591271919261117773e-10
2.024101997122329522e-10
2.426417677892089841e-10
2.692536081247420832e-12
1.835975989294968969e-11
2.037150725886505143e-10
1.538560806535471670e-10
6.629939652835759034e-11
2.190013947966917840e-09
6.697029649588293054e-12
9.978289305934140430e-10
1.298325535969979683e-08
3.661965869428129849e-11
1.380630887393152761e-10
3.679760940400456093e-09
9.916871768211876770e-10
4.185037205672870186e-09
6.105273508971720275e-10
3.913422016998957531e-11
1.157450316147112801e-10
1.964496759709888352e-10
2.381062902401254178e-09
5.862499374842400357e-10
5.145420894914209953e-11
1.355657985868674587e-07
6.588988021860586741e-09
2.700545863321135442e-11
1.592157933272275727e-10
4.837399144447251942e-12
3.271104220825549191e-10
1.464352861191287047e-09
8.054316935623972995e-11
6.615565040224424820e-11
1.200315864480216987e-07
2.986880964783722447e-09
1.281405676012425943e-10
4.165712913506425252e-11
1.146770733928548225e-10
1.310894708755894200e-11
1.089830170553085509e-10
3.918665392177445028e-11
6.762825410788764202e-09
1.327793763827855855e-09
3.375854595866201180e-10
3.317220109710916631e-11
4.049532584260440160e-11
1.006882337922787585e-11
1.584067765847407827e-09
7.733320650515906891e-10
5.809662084743649757e-09
1.896584791438726825e-07
4.074934611963954012e-09
4.591848119162023067e-05
7.724380424178889371e-08
1.127445671045279596e-06
2.644787817571159216e-12
4.857583085771111087e-12
9.486667007507776361e-11
1.670683903720604491e-11
3.475539951322548227e-12
1.943952554483985296e-09
2.276229205122604071e-09
1.602739468919978094e-10
1.280366004191568763e-12
5.221679200140272314e-10
7.345276730602590121e-13
6.899874421817386860e-11
1.149676950862321689e-10
1.799550175540787222e-09
6.792304912961455443e-11
8.781195388884999176e-12
2.334503423906397757e-11
3.120602887207724052e-09
4.985410348434804462e-11
2.571317048172261366e-10
3.225415811172749336e-12
1.138660086358322943e-11
2.264245388405861092e-11
3.118305581199104504e-13
9.800167621865085721e-12
1.837956592476430728e-10
2.292491717292843845e-11
3.329225436998761722e-11
2.939344045937986039e-10
6.539813135475469608e-11
6.252079409740929350e-11
4.683862186993792420e-10
4.302400102851322572e-11
2.165728985037418397e-10
9.673585717184796096e-12
1.371392721605246834e-10
1.502874491521311029e-10
1.523263321034917794e-10
5.578067785450002702e-09
2.580791580442109989e-09
1.625546502959096529e-10
2.741258088578835128e-11
1.289854941605161898e-11
4.276316900586607517e-08
2.815396804578540468e-10
1.276506027617085870e-12
2.107134085271855639e-11
1.010848696414434755e-10
1.216163801609493333e-11
9.174607254469613338e-12
8.038856906533720093e-12
2.304385154916488432e-11
1.915716196787542458e-10
5.158136417993119949e-11
9.855451871265685782e-11
8.331489144419723658e-12
4.627181623972909108e-11
3.231052925212196669e-10
2.493241377243826662e-11
2.108389296484602937e-10
1.077928579729103831e-10
3.520484737062901104e-10
6.983368883162199836e-10
9.850482456386089325e-07
4.930436059424891937e-09
1.313123920709813319e-08
1.243553149343767927e-09
1.920711367731087194e-09
3.406787962845214679e-09
1.262885074293507159e-10
2.547149051679298282e-07
2.718967273551697872e-10
1.957413786612960394e-09
1.548683958851881926e-09
1.101987612273092054e-09
2.833783128153299913e-07
2.041405794406259133e-10
5.337892261536580918e-08
5.784948520215493772e-09
4.394927799467041041e-08
2.918022490305816063e-10
3.057840869402639328e-09
3.748319699070634670e-08
9.256803656931822388e-11
3.817359939262132684e-08
2.043551603492232971e-07
5.912616507508516861e-10
1.042550698548971866e-10
4.487601401592655748e-10
3.125069980569605832e-09
1.306553354396555733e-08
1.752962930368084926e-08
1.343099520489943188e-09
3.982752322384541799e-11
4.533012853968898526e-11
2.126349984976627638e-09
2.906963558757524879e-09
2.432616434677736805e-11
1.466272103733956556e-10
1.131792437547574082e-10
7.018444159179182407e-11
6.332121937902002173e-09
5.976564798615413565e-10
5.586220930275942465e-10
1.664105520049474762e-09
3.501558071272725670e-11
2.048835753831745876e-11
6.411976505305005958e-11
2.708551785635116005e-11
8.578961152583275407e-11
8.059111711311572890e-11
1.392393318699891580e-11
3.404264370399090467e-11
6.475971234959354561e-12
6.459385804014061705e-10
3.389544200871341673e-11
3.584330610095776137e-10
4.937098729840272426e-09
4.874675108013093450e-10
4.734367342607015416e-10
1.707093771896595058e-10
4.995560631826378994e-10
1.278779082625192132e-09
6.990498180314830279e-10
8.564659537135810297e-10
7.503554722010363776e-11
2.257141806794038530e-09
1.773594049403470763e-10
1.519065762067839387e-09
3.420413952071044150e-10
2.480761082668259121e-11
2.924202657794694460e-09
1.715510893063321163e-11
1.087442219604994875e-10
6.935141350083995349e-11
1.829209839154799511e-10
2.298470525019524757e-09
1.041805253176875112e-10
2.062630760635286720e-10
2.582908997794675088e-09
3.056675789217533357e-12
8.219337988002450857e-10
1.403335919691883760e-10
4.825497779137322141e-10
1.916406894286737383e-10
5.182390960811744662e-09
4.703139211414963938e-09
2.605487159357267046e-09
2.851974732764883669e-11
6.777116645650949067e-10
1.530234827740173387e-10
3.103624857114795077e-10
2.322477904437292295e-10
2.259922110559031694e-11
2.058535564231078752e-10
1.164785934371082021e-09
5.645117012731404316e-11
2.319277409013054125e-10
4.407212650381353569e-10
1.116615688800948192e-10
1.030542540192413981e-09
8.163809073202799027e-10
5.802312230684947281e-08
1.414878258998442107e-08
3.589018193750348473e-09
2.360481659025026602e-07
9.539509182587835312e-10
2.242247720829482205e-09
1.806131799675370075e-09
2.551571469666669145e-07
8.738020085274911253e-09
3.288372951715246018e-08
2.081674921328158234e-08
5.438627681542129721e-08
3.000233164129895158e-07
1.022132067873826600e-07
4.970316935803964498e-10
3.827614059037642846e-10
7.548238301069432055e-08
2.301966117723708294e-10
3.275096815968936426e-08
1.403842819769351991e-09
2.184648684178114308e-09
3.703613110639381034e-11
2.508442342730177188e-08
1.325636961313492179e-10
4.718233359568557717e-09
1.439683394721669174e-08
1.362029822260524270e-09
3.062270881315498627e-09
1.874327004713904898e-08
2.188705140724778175e-03
3.328311722725629807e-03
1.003002715604939254e-11
3.307465065716108654e-11
4.083670068766309669e-10
2.558929457219250025e-10
7.045049439657891099e-12
2.593964509856050427e-08
6.374239469586484574e-10
5.965156812948180232e-09
2.286740241608242741e-11
5.773437283806970299e-10
4.464790759328707281e-09
1.062215648772735221e-09
3.825519345745931332e-10
1.197806871050532962e-11
2.768497410488013344e-11
3.270216736295239457e-11
2.594792089527508949e-11
2.258995594750512481e-11
1.375906333311860408e-11
1.962791561227472670e-11
8.342556680196455687e-12
3.654221022997283796e-11
2.043661628814419373e-10
1.622602009351825636e-12
9.172319848094190320e-11
2.487650536953101010e-11
2.919947270085820890e-11
7.032504023563035389e-10
3.124268205256797160e-11
2.633384066363930742e-10
1.106048586052565952e-07
4.873794523518881761e-07
1.658995163467125167e-11
1.535360505400262809e-09
1.046778450586316467e-07
3.364405347383581102e-05
4.316670354455709457e-03
4.289880234864540398e-05
1.445855102311099927e-09
1.983897123187042255e-13
1.056193466020260985e-09
4.357450507086468861e-06
1.723886634863447398e-05
1.287009467887401115e-07
6.806178450696753757e-12
5.028243932336806665e-10
6.974320232444597423e-09
2.963371326103469983e-09
3.136864323849408720e-09
5.133293612402667350e-08
2.366060769531941332e-08
3.552386032903975810e-12
9.048806148825860873e-11
2.323394809877754597e-10
5.389357848883946644e-09
6.405183605728836937e-10
1.441426178416804760e-07
1.082272405028561479e-08
2.776984509011981572e-08
4.841302025937466169e-09
3.536601980158593506e-07
1.875673366624752703e-10
5.132160367793403566e-07
2.284162263777034241e-07
1.113511594041938224e-08
1.132602789333247983e-09
1.542293937006888882e-08
4.387289465057619964e-08
4.520491714288255025e-08
2.160003953477485084e-09
5.397099448600783944e-05
4.620158142643049359e-05
9.882042407989501953e-01
1.179260667413473129e-03
4.541605303529649973e-04
8.314186317193161813e-08
8.182036381754187460e-09
2.662014412635471672e-05
2.673475307801709278e-07
2.824737293849466369e-06
5.887146471650339663e-06
2.128054256900213659e-05
1.164987133961403742e-05
5.089937005209321796e-08
1.153226625305592279e-09
2.891474393251769470e-09
6.354149983955892367e-10
3.715407842497242541e-11
2.008123355101698593e-11
1.337956308244958592e-11
2.486247874244895684e-10
5.892237392446375566e-11
2.887843393237221612e-12
1.235336052202162804e-12
2.221151040870950055e-10
1.185423537108931669e-09
2.381033217813133263e-11
7.232278664837110682e-10
1.237164277273494761e-11
4.265239550438337801e-11
2.814019633631814621e-12
5.464007284822214316e-12
3.685683702681075147e-12
5.084747553563140343e-11
2.457807013467316892e-10
2.389480540515576124e-12
4.861320374027755520e-11
4.772917130968501453e-11
8.518696165138450738e-11
3.829998384413668688e-12
1.120071188576154952e-10
5.773632960615060483e-11
1.979691433007246815e-08
3.552131921935597347e-10
1.481537892367157383e-09
2.481483768468351059e-12
4.399586805980959525e-10
1.594421816797364500e-10
6.665289847829214409e-11
6.499241145263567887e-10
8.450872640564099925e-11
7.786875144688565342e-09
1.167313468108943653e-11
1.731975847463207430e-11
1.415726390285865222e-11
7.404998142446217457e-11
7.273763535931010438e-11
4.345991622134448562e-10
1.422818307617035316e-08
2.677680299711937550e-11
1.640233435185045607e-11
3.278652739927001569e-12
5.870508246186290080e-11
1.293740635455176147e-11
4.061001101368644228e-12
1.228800394770246385e-09
7.333231938355666557e-11
2.621408423664206566e-09
7.937280173397898153e-12
8.403983758897837220e-11
1.958926576506314632e-09
3.485060504071491039e-11
3.757535393944522184e-10
3.807230572472342089e-12
4.535018888196518105e-11
4.737580813762853893e-11
4.315391793907608076e-12
9.808392320564962574e-09
1.979179597988434125e-10
4.029217792744788085e-10
9.315092447392814279e-11
6.926959006392507945e-11
5.868940750053397437e-11
5.555531035206229262e-11
2.815239708020556009e-11
3.284251759438916451e-10
3.870497256031057987e-09
1.469222798977654065e-10
4.850311263737694389e-10
2.623936831702700090e-11
7.256040817082975991e-07
7.627070502946864394e-11
6.606687419363765912e-11
1.241477587399231197e-08
5.403329866870976161e-11
4.944887554980681443e-11
9.795974031945320348e-10
2.448317243386455289e-11
7.187937745012362711e-11
6.838782318219216450e-10
5.569557315343587334e-11
4.451192747723098364e-10
4.099311112781833799e-09
9.962766028825953413e-11
4.757112412323571959e-11
1.400728699696429658e-10
1.087206821966113512e-12
1.429293211563376076e-10
1.590181875066321027e-10
2.727293391124874233e-10
3.847222540542816205e-10
5.971434458018620717e-11
5.834208116617389805e-11
8.740886237035283557e-09
7.211777702798016776e-11
2.841586124388562062e-12
1.931086540674087360e-11
5.617234108412638705e-11
7.947312946621210017e-11
4.710321022116659151e-09
1.282828183957196444e-11
2.984796632077291179e-09
5.364331756574358678e-10
2.633823497841247807e-12
5.118144241755828716e-10
3.472584633040787239e-12
2.120401293784213159e-12
1.237682401011852562e-09
5.388550369800348960e-11
7.308195715260978886e-11
1.384207859445041322e-08
3.397396808324515405e-10
5.538655645231926883e-11
2.227989494285598226e-11
7.274664898249127987e-11
3.503336787336053249e-10
6.679527157077425059e-12
3.479561083707949365e-11
1.166366031535304160e-10
1.243145777291010390e-12
4.018094884594702876e-11
2.722344051575564805e-11
3.176976459684510701e-10
8.135250112450975735e-11
8.456547267998715256e-11
1.039361999244370338e-10
4.647924059519858986e-11
1.629405721459420420e-09
7.076432495534135114e-11
9.859763006048183343e-10
3.600193331388529261e-13
1.780473685153438623e-11
1.735328720997575402e-11
2.482155148086917507e-09
2.402759657904596224e-10
2.525971254385694920e-08
1.137917537974431070e-11
2.462712976256109521e-12
1.336187133160748886e-10
2.888377904908256966e-12
5.506843245295378608e-11
2.015717627534829859e-11
2.696273933289194957e-11
7.846814344125707663e-12
2.753194720817031538e-11
5.297263669379326245e-11
8.762949810225961755e-10
9.397275180234032632e-10
4.591849400714664853e-10
2.746965988009719695e-09
3.821628343642080594e-12
2.091298662021401356e-11
1.774381509778155674e-11
5.356315946336565048e-10
2.948410612879648340e-11
4.182401924790468684e-10
1.297763437511922913e-12
1.835119278759123063e-10
1.734302979006230316e-11
1.193442133312627718e-11
2.101719319413941633e-11
4.468498487897321070e-12
1.860898414529632561e-11
4.471656031568294054e-11
8.265439548071906728e-12
8.153141356492810132e-12
2.208833593461689837e-12
7.579228911147595227e-11
1.359265922040719943e-09
2.200027382492919514e-10
2.055626068669935691e-12
1.432710339255294230e-10
3.310397289624233963e-09
5.264849667341309214e-11
8.165571625980139192e-13
1.164983665091767762e-09
1.555860162927302781e-10
8.720016930752194639e-10
4.802048758634214209e-10
7.336897062115710355e-11
2.202109466997725917e-10
2.784653929666092154e-08
6.353792058461094072e-12
1.083568443305260587e-10
1.384084426930831668e-11
3.449053542770030845e-11
6.360478143523431993e-14
9.205006201717935710e-11
4.766000961942129521e-12
7.589076068958977572e-12
1.060458609813963449e-09
6.129832752499453363e-11
1.975731210579478869e-11
3.694236930251726392e-11
1.307303440847840115e-12
3.000208588510577812e-12
7.444931823807898752e-12
1.499096180523906696e-09
1.206839923134639392e-11
1.015690531680490949e-09
4.837353607956007551e-12
2.683323181706942506e-12
2.529384254129629639e-12
9.811512713397974039e-10
4.725814739536815523e-10
8.498718395699711436e-11
8.563728060018149790e-10
4.921280050140808271e-11
2.014364716695915547e-11
1.664121396238726902e-09
1.664302473614043265e-09
1.463540877030822251e-12
3.071719311201204228e-12
1.339440502956534829e-10
4.066064152041803936e-11
1.714971047117597180e-11
3.418946237232489693e-10
3.610945917276175976e-11
7.827732906307005578e-10
3.226489631025231120e-10
1.334284627230175602e-10
8.298319253974284493e-10
6.427076648662932712e-10
2.104850738149366407e-09
5.966448168859272982e-11
1.182441644598242192e-11
1.775259939051920810e-09
7.877063584738053237e-11
3.867624831510596550e-10
3.998424161211211469e-11
1.146106057281492951e-10
2.984106295400579256e-10
2.016418698680411126e-10
2.116395253493053019e-10
7.935498785860417570e-11
9.473233308909811967e-11
1.184526876585323407e-08
1.580842748372113249e-11
1.935213517212375223e-10
2.922402771166066060e-12
1.198030823851281568e-11
1.054420960266977403e-11
4.561440634931468452e-12
1.832583390593001127e-10
3.976668772054381407e-09
1.578101954669008933e-10
1.079757377259182860e-11
3.561319461553580368e-09
1.507357780261564528e-11
2.387590992969368386e-11
1.112263525726575608e-08
3.736203013637862114e-10
3.627008415829635624e-11
2.199564315408242265e-11
4.469730696676776915e-10
4.511291947645323930e-12
2.982106295235098514e-08
6.110560668570741427e-11
1.071067054492225168e-10
1.750469436068158302e-09
6.347196657152665011e-10
1.710955682687753665e-11
9.816448348631823251e-11
1.102794966456599468e-09
1.067445576374836946e-09
1.068882829469153251e-11
1.368568813830961517e-09
1.401394139621814361e-10
2.936008727805194951e-11
9.665304147310482819e-12
1.251631298604394260e-10
6.351102369711592033e-12
7.043669120188056354e-11
3.199899234473946308e-09
3.062224251948464371e-09
2.411188471107550413e-10
3.567890427547126819e-11
1.659001581943986281e-11
6.673545743796083229e-11
3.667472141949401632e-12
1.068706095841420733e-10
5.363679722591996324e-09
4.366081385320796926e-10
3.094350886634344988e-10
6.128299446572782472e-06
2.525217257520750991e-10
4.037426226677354180e-10
6.520908257812152442e-10
9.747484937261408078e-12
8.415993596466719850e-12
1.507030750191873381e-10
1.007683936293801708e-10
6.537861807487388432e-09
3.171635176713039073e-11
4.388983898540033124e-10
3.850746388422976452e-10
1.127435211162319817e-11
3.489127660839114187e-13
2.165822902966407781e-11
8.010063966279457048e-13
5.537651934228726702e-11
5.197791086430925134e-10
4.156871027949371467e-11
8.874548318438257866e-11
1.059873716569015301e-10
3.130276593488190429e-10
3.590856431645583768e-11
5.349980441299306833e-12
1.728126863831391802e-09
6.128874491251323775e-11
3.724667449467311542e-11
5.227024976045546723e-12
1.244413877499184196e-10
4.199368675017467467e-08
1.058367282702477041e-09
1.147964057146566574e-09
8.952891206170932037e-11
2.573098123459516273e-10
1.406190386354921884e-09
9.612447990359207495e-12
2.916156552346116371e-11
1.808617925563860140e-12
4.647241619304409710e-11
2.621184302595280791e-12
4.759732538661687329e-12
3.549206206709953904e-10
1.331082577493702956e-09
6.080589920465229170e-10
5.548470016769613267e-10
4.915941959060532440e-11
9.893855179576860337e-11
4.073399950677014658e-11
1.524250059503629018e-08
1.321780467196387310e-12
6.649657907642492205e-11
2.019990841262142567e-10
6.991124901212231180e-10
8.884540325659884275e-11
1.273667393775212986e-09
4.144463418287447354e-12
9.080587948240292917e-10
1.114981232341882844e-10
2.840568925910336162e-11
1.270525240570918868e-09
2.945714228097529030e-10
5.434437622131582657e-12
4.237481459473668721e-12
1.111905983952610200e-10
2.048180375302521838e-10
1.526191152623201930e-11
1.795001147719688106e-09
4.267274034130963400e-11
3.258847011688992268e-11
5.658904941863163174e-11
4.600341288463205558e-11
3.583008889584959888e-11
4.389647011767555673e-13
1.092139313013662516e-11
1.103399836777096965e-11
1.388951037517571763e-10
1.994928744766810702e-12
2.039292623656763226e-10
7.162069548538596564e-12
2.213370819958981883e-09
4.708968284750092437e-11
1.315990927341914585e-10
9.568702497020353803e-10
5.277980830165063253e-11
1.811526761930082330e-10
3.990911767726146309e-11
3.849789584342566684e-11
5.805103966971536522e-11
5.641594830185781007e-12
8.455987021704913786e-10
5.025836968819419326e-10
8.366511650148567014e-11
1.390556680219701136e-11
7.811754021425088013e-11
1.596273352215404895e-12
3.094751677146234670e-10
3.335073883725669930e-10
1.241299507626081322e-09
2.434431302378303741e-11
8.768697573602324269e-11
7.804252244447695830e-10
1.490351453359295419e-10
4.567459258031369984e-11
7.314614469677849229e-10
3.115027333300268708e-11
3.319810537583123278e-10
3.321880270856780726e-11
4.815378998324071347e-12
1.310793473763283146e-09
4.952429091820143015e-11
6.224641635466099387e-11
3.547575011531023392e-10
3.132855086462882355e-11
2.032861656786622007e-10
2.067698009339258292e-12
2.992488895570133423e-11
2.651273992015923398e-11
1.916607983432072615e-10
8.855766675530674092e-10
4.451589444287584740e-11
4.609010048617356858e-11
1.724703713179565057e-11
1.994693819840076543e-11
1.206543615017707793e-10
3.162157341529692189e-11
2.609644722539883333e-09
4.643846071572532708e-12
4.535503569935706025e-11
6.223704190899681521e-11
2.254265177303871326e-11
1.245684250195111531e-10
2.728842499188921522e-11
4.086626870236642617e-12
4.906932637993577373e-10
3.968191660680409072e-12
5.427707241989487841e-11
4.207104283004969858e-12
7.458181294772714409e-11
4.835766335975488772e-12
7.997950218774363407e-11
2.257291020768548151e-10
2.037698482171279579e-10
7.982648569937467187e-11
2.309317667648080885e-11
5.334789901501046927e-11
3.077296230336035165e-12
8.736394246922074558e-11
1.270452520962805920e-09
9.797009557777069944e-12
7.113636901756592579e-10
5.035247219176142153e-11
1.016748796267563648e-09
1.555245654483172757e-10
2.381287701747059060e-11
8.828200323551804729e-12
2.718635594423091106e-10
8.855264077567426284e-09
1.643114290461600291e-11
2.661841413953425217e-09
6.427063881098149523e-10
1.895674034413374898e-10
5.316531215271425026e-09
3.040622614802757084e-11
1.824728840249534301e-10
6.030693167069500760e-10
1.100007906984501460e-08
1.096307766790260985e-10
4.525697316903887213e-10
2.499513651610385523e-10
8.811596417801492720e-12
1.143706032658009519e-10
8.730633993536685011e-10
3.848262680739011898e-11
2.626912576353390705e-10
1.946733399482702964e-11
3.127549053072442575e-10
7.695314940825426220e-10
1.741391697507310710e-09
2.383151731510935178e-10
4.819905585762285227e-10
7.247543711008663792e-12
5.033876648852242397e-10
4.233977404788369370e-11
2.296224668740798336e-11
3.226608091821958624e-09
1.727015336294712711e-10
6.328042690545432336e-12
1.056202902915970299e-10
3.136352635935146793e-11
6.264676555289838689e-10
3.271759529965834190e-10
1.777070678110614921e-11
1.266138582867171181e-10
7.690413861283218466e-10
1.594399612336871996e-11
2.258466885729504270e-10
1.833656698702057497e-10
1.493333512403438590e-10
7.047462613485322436e-10
3.648611635043153001e-09
1.420482204084194677e-10
2.663956555348789834e-11
3.266553139091854518e-10
3.657361358211375091e-10
1.145364077019539462e-12
1.133252658380712319e-10
7.713635979955668631e-11
1.610682837105414933e-10
1.771040203379925515e-08
7.045411996864370252e-12
1.703513330397754544e-09
4.447505298071918745e-12
4.369425828099071651e-12
1.848978782581500724e-11
5.990731466454235488e-09
9.335796719023292667e-11
8.901446420239711443e-12
4.695734912019133844e-09
1.196728913882560974e-11
2.211790126049884009e-11
3.733805365585540770e-12
9.015659746536286434e-11
1.162342444516184514e-09
9.149587337775599849e-11
2.802367504717295787e-10
6.929873563876753906e-09
6.309991418262939078e-11
3.360671810281878891e-11
7.170827931446410730e-09
5.843214800904661388e-12
3.242346169329834993e-09
4.890494953446733462e-11
1.809340004210735486e-11
4.559713995266889697e-10
6.498741822458242723e-11
1.227965645833606345e-10
2.596996506731841237e-10
4.554783286647712259e-11
2.410729615931472836e-09
2.272867005714829247e-09
3.342267781980545749e-11
1.201280602769472239e-10
2.041564486909841492e-11
3.776118306930698054e-12
1.012505704278687801e-11
1.670328764191708615e-09
6.197312107936170378e-11
5.484035101033235549e-11
2.261671535816467404e-12
1.921400755514057757e-12
2.424994666877511307e-12
2.171670829276273196e-12
8.923989151810030052e-12
7.415757190178812186e-14
7.053251645933178438e-12
1.076600231186830570e-08
9.067407415186412578e-12
3.281311854175239517e-12
1.376906574868108635e-11
2.181708454304306932e-13
3.425770517956339134e-12
1.740904078881277961e-12
5.759224694368292319e-11
2.863225767590904525e-10
6.384968248562827853e-11
1.174822912564099653e-11
6.599996157236054373e-12
5.946563120390324642e-12
2.937694879023844408e-11
7.490914138985615978e-11
1.077513286928954983e-10
1.169858264080114729e-12
1.518419001644844002e-10
1.974378993629954948e-11
5.134264541295507911e-11
3.872627565848496545e-11
9.067310097199410279e-11
2.395646875319457081e-11
2.763289163459914377e-12
6.893112469708029266e-11
2.159804106394158651e-11
2.820474583054011219e-11
1.372641028618559744e-10
1.581071731870942187e-11
1.751828682117206881e-09
4.638262343648058561e-11
5.716648942416524548e-12
5.216500148508274037e-11
2.376920925709069543e-12
2.156350618898184024e-11
2.403004444734291312e-12
1.471739939119809382e-12
3.402691323151074698e-12
1.103109444067218448e-11
8.223614150759672725e-11
2.363439955896384781e-12
2.454183700706380478e-08
1.371738000965905258e-10
8.909630366815690650e-09
1.103328886586929514e-10
1.101162450112269653e-08
1.094834161108337867e-07
7.499671106359073747e-09
6.170096877866626528e-09
9.127098365979691152e-08
5.195447272399178473e-08
6.428192422802680994e-10
1.348468038619987652e-11
4.549506882334242164e-10
2.675200616586437263e-10
2.158232065285758949e-10
4.711663351142370004e-11
2.705607222638906073e-12
1.635492963281137691e-09
1.447836517343148444e-09
2.308358781899499945e-10
3.911832316405572385e-11
1.617103326245761252e-11
1.136098073256652796e-11
2.667041500842293189e-12
1.109096755408378598e-11
1.761763096519430860e-10
7.986734607001721997e-10
8.915006753651422144e-12
3.628375377928705348e-09
8.980682864034861268e-11
