5.598101324721937999e-06
1.538222204544581473e-05
1.454781255461057299e-07
2.585090214779484086e-06
8.452153821281171986e-08
5.462205808726139367e-05
9.374116416438482702e-06
6.349837349262088537e-05
1.292287652177037671e-05
2.854049853340256959e-05
3.829222805507015437e-06
1.158542290795594454e-04
3.120823294011643156e-06
2.970490413645165972e-06
9.556570148561149836e-06
6.712649337714537978e-06
2.557437710493104532e-06
7.438393367920070887e-06
4.855541533288487699e-07
1.401982535753631964e-05
1.057906615642423276e-07
3.158972049277508631e-06
6.110316462581977248e-06
4.658039927107893163e-07
9.485755072091706097e-06
9.763531124917790294e-06
3.110984380327863619e-06
8.269461204690742306e-07
9.703107934910804033e-07
6.629374524891318288e-07
6.608695457543944940e-07
1.346714794635772705e-03
2.315706979061360471e-06
1.697270363365532830e-06
2.402573045401368290e-06
9.092035497815231793e-07
8.660265393700683489e-07
1.539905696290588821e-07
3.637859190348535776e-04
1.520353725936729461e-05
5.359663919080048800e-05
4.199452234843192855e-07
5.512664210982620716e-05
2.388346365478355438e-05
3.532190248733968474e-06
2.031026815529912710e-04
2.213578773080371320e-05
8.440378587692975998e-05
2.812552702380344272e-05
1.366561122040366172e-07
5.640560630126856267e-06
9.066748134500812739e-06
3.721060693351319060e-06
1.113367397920228541e-05
2.167117418139241636e-05
2.622539177536964417e-03
1.988473086385056376e-04
9.754986507459761924e-08
1.189215345220873132e-05
1.447089380235411227e-05
5.466656148200854659e-05
1.239650044590234756e-02
4.417346208356320858e-04
9.484448673902079463e-05
3.787008754443377256e-04
3.027081220352556556e-05
2.195794513681903481e-04
1.948652788996696472e-04
1.342621399089694023e-04
8.805075776763260365e-05
1.467068250349257141e-05
5.167083145352080464e-06
4.104923903014423558e-07
6.938913884368957952e-06
9.516516911389771849e-06
3.864928203256567940e-06
1.377554326609242707e-06
2.802242306643165648e-05
5.165193579159677029e-05
3.995345196017296985e-06
1.038875598169397563e-05
1.675800035627617035e-06
3.133545988021069206e-06
5.131590296514332294e-05
1.950853220478165895e-05
4.981414804205996916e-06
1.688319571258034557e-05
5.576308012678055093e-06
1.039112030412070453e-04
5.173981207917677239e-06
6.560115252796094865e-06
1.210157591913230135e-07
1.575879650772549212e-05
1.713400365588313434e-06
3.404049130040220916e-05
1.079409983617551916e-07
9.447565389564260840e-06
2.203105577791575342e-05
3.018502070517570246e-07
3.880850727000506595e-06
1.573144459143804852e-06
1.229534973390400410e-05
4.934898925057495944e-07
1.743778411764651537e-04
2.289981466674362309e-06
7.300586162273248192e-07
1.059566102412645705e-06
5.571361543843522668e-05
5.221120318310568109e-06
1.427908660843968391e-03
6.781073693673533853e-07
4.424892381393874530e-07
3.319192273920634761e-06
1.892931095426320098e-06
1.335830575044383295e-07
1.070685812010196969e-06
1.544020960864145309e-06
3.461271116975694895e-04
3.794195208683959208e-06
1.628363399674981338e-08
2.071827935878900462e-07
3.575825644475116860e-07
6.956363449717173353e-07
2.497227796993684024e-06
1.106869149225531146e-05
1.987948962778318673e-06
6.240926495593157597e-07
2.207234572892957658e-08
2.042616209507741587e-08
8.059727463205490494e-08
6.515672339446609840e-06
1.405916373187210411e-05
2.286310092358689872e-07
2.664406792973750271e-06
3.905417997884796932e-06
6.116309236858796794e-08
4.416502861204207875e-07
2.771679703528207028e-07
1.051636354532092810e-04
2.991001508689805632e-07
1.167150642800152127e-07
1.422021568942000158e-06
2.246471950684281182e-07
2.771708640381120858e-09
1.812135087675414979e-05
4.240376802044920623e-05
1.409864864854171174e-07
1.004241880764311645e-07
2.307064903561695246e-07
4.778786387760192156e-05
1.552325375087093562e-05
5.127386376261711121e-02
1.244891791429836303e-06
1.384197548759402707e-05
2.615818459617003100e-07
2.719527947192545980e-05
3.128413227386772633e-04
2.911189221777021885e-04
9.884384053293615580e-05
4.164903366472572088e-04
2.021382385919423541e-07
1.353442075924249366e-05
3.021727898158133030e-04
1.758333496582054067e-06
1.320582396147074178e-05
7.124503554223338142e-06
4.007439929409883916e-05
2.157593262381851673e-04
6.796788075007498264e-04
1.459477516618790105e-06
7.044849189696833491e-05
1.454290375113487244e-02
2.004622365348041058e-04
2.100561745464801788e-02
1.811220386116474401e-06
2.110144805556046776e-06
7.929576531751081347e-05
1.053587880051054526e-06
3.822487778961658478e-03
1.138070274464553222e-05
7.387302466668188572e-04
6.409972440451383591e-03
8.613254613010212779e-05
4.007031020591966808e-05
1.348828547634184361e-03
3.340951632708311081e-03
1.347450870525790378e-05
8.541756687918677926e-05
5.518663328984985128e-06
6.069606752134859562e-05
5.549487468670122325e-05
9.324271377408877015e-05
1.002158114715712145e-05
1.245614384970394894e-05
5.281393168843351305e-05
3.046945785172283649e-04
2.435034366499166936e-05
4.853451100643724203e-04
9.486013441346585751e-04
3.235978147131390870e-05
3.057062713196501136e-06
1.858484029071405530e-05
8.712184353498741984e-05
2.026747824857011437e-04
2.799096000671852380e-05
3.144643560517579317e-04
5.959057598374783993e-04
3.851380897685885429e-04
1.680482295341789722e-03
8.930466137826442719e-03
1.627007848583161831e-03
3.265428170561790466e-02
4.222553798172157258e-06
3.535090218065306544e-05
3.432133325986796990e-06
8.810367435216903687e-04
1.544454135000705719e-03
1.375678402837365866e-04
4.861384149990044534e-05
4.152454202994704247e-04
3.393586375750601292e-04
2.493050669727381319e-05
2.861980192392366007e-06
1.053882897394942120e-05
4.205456036743271397e-07
1.139372307079611346e-05
1.115289796871365979e-05
2.651495924510527402e-05
1.033359353641571943e-06
1.859984040493145585e-04
4.896217433270066977e-06
3.348407062730984762e-06
6.330405449261888862e-05
8.149535801749152597e-07
1.052575462381355464e-04
2.921999282534670783e-07
4.518324203672818840e-05
2.983086742460727692e-04
3.428983036428689957e-04
4.746409103972837329e-06
2.159361656595137902e-06
1.085427174984943122e-05
8.246944635175168514e-04
2.327186230104416609e-04
9.463399663900418091e-08
2.015028148889541626e-04
8.871507452568039298e-05
2.328904520254582167e-04
2.195923298131674528e-05
3.079868838540278375e-05
1.088887074729427695e-05
1.318197511136531830e-02
3.415308128751348704e-06
6.882489833515137434e-05
9.096928988583385944e-05
9.746069736138451844e-06
6.015733561071101576e-06
1.741914957165136002e-06
2.155094762201770209e-06
5.072886324342107400e-06
2.809803390846354887e-06
6.638931182578744483e-08
4.012618228443898261e-05
1.566794671816751361e-04
9.172780119115486741e-05
1.467392285121604800e-04
4.739554424304515123e-05
2.304667141288518906e-04
1.302377204410731792e-04
5.754078529207617976e-07
4.966962592334311921e-07
1.520316686764999758e-06
5.393831997935194522e-06
2.462742850184440613e-04
1.117703050113050267e-06
7.896955480646283831e-07
2.309367630459746579e-07
1.257376993635261897e-06
1.100593927105819603e-08
3.714170304647268495e-07
8.097328532130632084e-07
5.085778684588149190e-05
1.967261778190732002e-03
1.693162485025823116e-04
2.810726800817064941e-05
1.111232486437074840e-04
1.159330786322243512e-04
1.275729118788149208e-06
6.345654401229694486e-05
3.612872433222946711e-06
1.951748563442379236e-04
7.344704044953687117e-06
4.962715684087015688e-05
3.082778130192309618e-05
2.294738578711985610e-06
3.786605589084501844e-07
1.327632617176277563e-05
5.766249614680418745e-06
5.430198143585585058e-06
1.599504321347922087e-05
1.228041510330513120e-04
1.513341317149752285e-06
2.981239413202274591e-05
2.988353080581873655e-04
1.519883971923263744e-05
3.136456427910161437e-07
1.673412498348625377e-06
2.177648275392130017e-05
9.005363244796171784e-05
1.216792225022800267e-05
7.088121492415666580e-05
3.636644578364212066e-06
1.689668579274439253e-06
6.925936759216710925e-06
6.144158396637067199e-05
2.269965807499829680e-05
9.826467248785775155e-07
4.482390068005770445e-06
5.587960913544520736e-06
3.370417107362300158e-04
1.664468618400860578e-05
3.794851727434433997e-05
3.596522219595499337e-06
1.384623146805097349e-06
1.281577510781062301e-06
8.120427423818910029e-07
5.282956649921288772e-08
3.582273393476498313e-07
8.639085535833146423e-08
6.812787887611193582e-06
4.867233656113967299e-05
1.873112159955780953e-05
2.064679938484914601e-05
5.947372992523014545e-04
5.703583028093817120e-08
4.968012035533320159e-06
4.471530701266601682e-07
2.879336761907325126e-06
9.977534646168351173e-04
1.730262651108205318e-03
1.185929286293685436e-03
1.236091884493362159e-05
1.920901922858320177e-06
3.895596091751940548e-05
3.308092345832847059e-05
1.402969701302936301e-05
1.435270769434282556e-05
4.723949678009375930e-05
4.844464128836989403e-04
3.732503319042734802e-05
2.281141860294155777e-05
2.396011950622778386e-05
3.115513754892162979e-05
1.735162222757935524e-04
4.972987808287143707e-03
3.375652595423161983e-04
2.325460314750671387e-03
2.752859436441212893e-04
9.616778697818517685e-05
2.718078612815588713e-04
3.901603849953971803e-05
4.218663889332674444e-07
4.381168423606141005e-07
3.081900558754568920e-06
1.034484921547118574e-05
1.327289965047384612e-06
2.678591215499181999e-07
2.188492800314634223e-07
3.706117297497257823e-07
2.600904508653911762e-06
8.821040182738215663e-07
8.064964276854880154e-06
2.864783255063230172e-07
1.235780615616022260e-07
1.538814217383333016e-06
3.003435438131418778e-07
4.599300882546231151e-05
7.430359801219310611e-06
1.756006469122439739e-07
1.167426617598721350e-07
3.992086874404776609e-07
6.506026011265930720e-07
9.748849151947069913e-06
6.815984306740574539e-06
2.189656925111194141e-06
1.555214112158864737e-04
2.343391679460182786e-05
5.065934601589106023e-06
2.722365479712607339e-06
2.309699084435123950e-06
2.533078441047109663e-05
1.338436391051800456e-06
4.546064519672654569e-05
1.431799682904966176e-05
1.108075707634270657e-06
6.591700980607129168e-07
2.095039089908823371e-04
1.872965658549219370e-04
2.370798711126553826e-06
2.289413008838891983e-03
5.452283403428737074e-06
1.315488475484016817e-06
7.937105256132781506e-04
4.019448596181973699e-08
1.441301151317020413e-06
9.350223990622907877e-05
8.162000085576437414e-06
6.933307190593041014e-07
2.160493579594913172e-07
5.460367538034915924e-05
1.219751993630779907e-06
5.556353833526372910e-03
6.348339411488268524e-06
4.818410161533392966e-06
1.893306733109056950e-03
1.118702857638709247e-05
6.244105316000059247e-05
1.156234880909323692e-03
6.908237992320209742e-06
2.095196023583412170e-02
3.557373565854504704e-05
2.176574889745097607e-05
3.826090960501460359e-06
1.212271527037955821e-04
1.323007862083613873e-03
4.637029178411467001e-06
1.082553353626281023e-05
9.135534128290601075e-06
7.065279987727990374e-06
1.708811760181561112e-04
4.403401399031281471e-04
8.847596473060548306e-05
2.325481182197108865e-05
7.478956104023382068e-05
5.999222770333290100e-02
1.322365831583738327e-03
9.236801270162686706e-05
3.501727405819110572e-05
3.100154935964383185e-05
9.471346129430457950e-05
3.837822005152702332e-04
1.799172896426171064e-04
2.805965770846796659e-08
3.333131968975067139e-02
6.293657150990839000e-08
1.118166255764663219e-05
9.606287931092083454e-04
4.496071051107719541e-05
5.283205837258719839e-07
9.760119610291440040e-07
7.695759450143668801e-06
4.606838047038763762e-05
2.135701943188905716e-03
1.256586443787455210e-07
4.218567482894286513e-05
2.613500555526115932e-06
7.680890121264383197e-05
6.011100485920906067e-04
2.029124516411684453e-06
3.993434802396222949e-05
1.408213421427717549e-07
2.690592282306170091e-06
7.427624950651079416e-06
2.180274022975936532e-04
1.534961047582328320e-03
2.740448508120607585e-06
2.026903445084826672e-07
7.342595927184447646e-05
1.638385219848714769e-05
1.050944547387189232e-06
8.017804066184908152e-05
2.153470813937019557e-05
5.470450105349300429e-06
8.168908767402172089e-03
1.147094182670116425e-03
1.656856284171226434e-06
2.808007195653772214e-07
1.135358900228311541e-07
7.949819701025262475e-05
1.004680143523728475e-06
2.538856278988532722e-05
2.119669807143509388e-05
7.698307308601215482e-05
1.436936713616887573e-06
8.568275533527014431e-10
4.032091965200379491e-06
1.246681677002925426e-05
9.431106445845216513e-05
1.797819859348237514e-04
1.552985850139521062e-05
1.028030994348227978e-03
9.035867378770490177e-07
4.704731964011443779e-06
3.561673111107666045e-06
6.145596387341356603e-08
1.767445610312279314e-06
4.049143462907522917e-04
7.357993308687582612e-05
1.826570951379835606e-05
1.498456731496844441e-05
5.861376735083467793e-07
6.212612788658589125e-05
1.866081031039357185e-03
5.537203978747129440e-04
3.854060560115613043e-05
2.273014688398689032e-04
1.667349579292931594e-06
6.187267899804282933e-06
1.741248161124531180e-05
5.089521891932236031e-06
1.625264485483057797e-05
1.003463125925918575e-06
1.695276478130836040e-05
5.578576747211627662e-05
5.372615851229056716e-05
2.842996455729007721e-02
1.985549170058220625e-05
3.258240394643507898e-05
3.025938349310308695e-05
1.509473440819419920e-05
1.147666989709250629e-04
2.960680660635262029e-07
4.156889190198853612e-05
5.285060979076661170e-05
3.850603752653114498e-05
1.878182871450917446e-07
8.125676686177030206e-06
3.148380756101687439e-07
4.998036729375598952e-06
2.363268285989761353e-04
6.845226744189858437e-04
6.529238817165605724e-06
2.873287030524807051e-07
1.438703737221658230e-03
2.142927087334101088e-06
3.609164878071169369e-07
3.022752480319468305e-06
8.384160901186987758e-05
3.821663540293229744e-06
4.247881224728189409e-05
7.396307637463905849e-07
4.935395554639399052e-04
1.998736115638166666e-05
5.184472538530826569e-04
1.426363098744332092e-07
7.256235694512724876e-04
8.787606202531605959e-05
6.254350068957137410e-07
1.252254548944620183e-07
3.221607767045497894e-03
6.253810624912148342e-06
2.387399217695929110e-05
2.682043414097279310e-04
5.694605079042958096e-06
2.183057631555129774e-06
7.331120741582708433e-06
2.092771464958786964e-04
4.085067303094547242e-06
3.732886398211121559e-06
3.882301825797185302e-06
7.374874548986554146e-04
1.371953999296238180e-07
1.590517422300763428e-05
1.886903874037670903e-06
2.265539706058916636e-06
2.545403049225569703e-06
1.749252442095894367e-05
2.100859006759492331e-07
4.724736209027469158e-04
1.534213197373901494e-06
7.475775055354461074e-05
5.063135404270724393e-07
1.878132170531898737e-04
4.602369330086730770e-08
3.936549717309389962e-07
2.626356661039608298e-07
7.455682293766585644e-07
5.541620339499786496e-06
7.158834341680631042e-05
2.971034291476826183e-06
5.099491772853070870e-06
1.824384526116773486e-05
2.237418357253773138e-06
2.448374516461626627e-07
8.426379645243287086e-05
3.205137792974710464e-03
1.397998374841336044e-07
4.790803359355777502e-06
5.532926414161920547e-03
5.500549013959243894e-05
2.672035407158546150e-06
3.270652843639254570e-03
7.856272077333414927e-07
6.432719237636774778e-05
1.409986793987627607e-06
4.511206554980162764e-07
3.068720616283826530e-06
1.000622170977294445e-03
1.292839897359954193e-05
1.909542363137006760e-03
3.667342243716120720e-04
1.176917430711910129e-05
8.772697583481203765e-06
4.853092468692921102e-05
8.348193659912794828e-05
2.427810250082984567e-04
7.166498107835650444e-05
2.861753500837949105e-06
2.557478437665849924e-04
7.798744263709522784e-06
8.209938183426856995e-03
4.278876986063551158e-06
3.473793981356720906e-07
1.186499957839259878e-05
6.701890379190444946e-02
1.400605589151382446e-02
3.439462976530194283e-03
2.470353792887181044e-04
8.290319965453818440e-05
1.336075831204652786e-03
1.253644313692348078e-05
1.904732357616012450e-06
1.974320002773310989e-05
4.158802767051383853e-06
3.001757420406647725e-07
1.154810433945385739e-06
6.897109560668468475e-04
3.561885080216597999e-07
2.769880325104168151e-07
3.535152936819940805e-04
3.044788900297135115e-05
1.150352763943374157e-03
2.625376801006495953e-04
1.120227352657821029e-05
5.198882604418031406e-07
7.214138349809218198e-06
3.800222883000969887e-03
3.295265514680068009e-06
7.707806304097175598e-03
6.724701961502432823e-04
1.201113519755381276e-07
1.930528960656374693e-04
2.085636424453696236e-06
6.514796405099332333e-04
4.492344487516675144e-06
1.377359330945182592e-05
3.575290611479431391e-05
1.025727615342475474e-04
3.212536739738425240e-06
9.940114250639453530e-05
9.997283341363072395e-04
1.718298881314694881e-05
1.169149754787213169e-06
3.678682332974858582e-05
1.991581655147456331e-07
8.859391869009414222e-07
1.467259806986476178e-07
8.177941708709113300e-06
2.072762139141559601e-02
9.768057680048514158e-06
2.597911043267231435e-05
1.576147070636579883e-07
2.942178298326325603e-06
6.781910997233353555e-06
7.767984243400860578e-06
1.448976263418444432e-06
1.857971983554307371e-05
4.949021331412950531e-06
2.664593739609699696e-05
2.997260889969766140e-04
1.757563836690678727e-06
8.773545232543256134e-07
4.407246763094008202e-07
4.440854245331138372e-04
5.920198746025562286e-04
1.214501921253940964e-08
1.020430645439773798e-04
3.759249409540643683e-07
8.006350253708660603e-05
1.031625943141989410e-04
1.114221476018428802e-02
2.906644880340536474e-08
1.197463348034943920e-06
3.341217052366118878e-06
6.313700851023895666e-06
3.604888831887365086e-07
1.574475618326687254e-06
1.465330910832562950e-06
1.765230422279273625e-06
6.870105280540883541e-04
4.802470243703282904e-07
6.372992065735161304e-04
5.740622873418033123e-04
3.092928818659856915e-05
5.728323344555974472e-07
1.865587000793311745e-05
1.159936891781399027e-05
2.891639014706015587e-04
3.522933911881409585e-05
6.965600732655730098e-06
3.937347792088985443e-04
7.001621997915208340e-05
9.338496056443545967e-06
1.394543680532933649e-08
1.496267759648617357e-05
6.992946168793423567e-07
2.920851613907871069e-07
8.600625278631923720e-07
1.721585140330716968e-04
5.768061964772641659e-04
3.918858783436007798e-05
1.123185269534587860e-02
5.830315430443988589e-08
2.015530640164797660e-07
2.707771091081667691e-05
1.510319293629436288e-06
4.123790859011933208e-06
7.026387294217784074e-08
1.339162167823815253e-07
2.194441003666725010e-05
3.110530542471678928e-06
1.394467521458864212e-02
5.268293316476047039e-04
1.215742486238013953e-05
1.144025304711249191e-06
2.096207346767187119e-03
3.453917543083662167e-07
1.804313214961439371e-04
1.461258216295391321e-04
5.843432973051676527e-07
1.717513811172466376e-07
2.880206011468544602e-05
1.693660669843666255e-05
7.145734707592055202e-05
2.802629524012445472e-07
3.456239355728030205e-03
1.591446675774932373e-06
4.135797644266858697e-05
6.634159944951534271e-06
5.516658802662277594e-06
6.902435870870249346e-06
1.446886453777551651e-03
1.219483891645722906e-07
3.600754425860941410e-04
1.664638330112211406e-05
4.301449280319502577e-06
2.395428164163604379e-04
1.793612167239189148e-02
1.097700514947064221e-04
5.734855585615150630e-05
7.342837488977238536e-05
6.003299972690001596e-07
5.506899833562783897e-05
3.182104535426333314e-07
5.666404831572435796e-05
1.475122388683303143e-07
1.455850565434957389e-06
1.200568391368506127e-07
3.228485002182424068e-05
7.720261346548795700e-04
5.629468887491384521e-06
1.128898293245583773e-05
8.372738193429540843e-06
5.661238446919014677e-06
1.002479734779626597e-06
1.288400962948799133e-04
1.068659798875160050e-06
9.620672244636807591e-06
6.061842941562645137e-05
3.496092858767951839e-06
4.591976903611794114e-05
5.356861493055475876e-06
3.418022824916988611e-04
7.498935156036168337e-05
7.005265215411782265e-04
1.436129241483286023e-05
9.380250958201941103e-06
2.139634489140007645e-05
1.786747998266946524e-05
1.784118830983061343e-05
6.367019267372597824e-08
2.053579919447656721e-06
1.503724092799529899e-06
4.964755930814135354e-07
2.988817686855327338e-05
7.604911661474034190e-05
2.140479482477530837e-04
2.837867359630763531e-04
2.666495311132166535e-05
8.262374467449262738e-05
3.659504000097513199e-04
4.600647298502735794e-05
1.367804361507296562e-04
1.822401303797960281e-03
5.140664987266063690e-03
4.397818993311375380e-04
5.286914110183715820e-02
3.217390622012317181e-04
1.469919607188785449e-05
3.949715392081998289e-05
8.592714380029065069e-07
8.932142009143717587e-06
9.395143365509284195e-07
3.518582047945528757e-07
3.552967682480812073e-04
2.085804771922994405e-05
3.717558574862778187e-04
9.720779416966252029e-07
6.894327234476804733e-03
3.883481622324325144e-05
8.844381795825029258e-07
1.785885251592844725e-04
8.343540685018524528e-06
2.040172148554120213e-05
6.891480666126881260e-07
4.671185888582840562e-05
4.811265625903615728e-06
4.811716962649370544e-07
2.734299232542980462e-05
1.342630366707453504e-05
2.667902890607365407e-06
4.078715676314459415e-07
1.075116779247764498e-05
3.015133261214941740e-04
1.009866027743555605e-04
5.151608206688251812e-08
1.749242437654174864e-05
7.925977115519344807e-06
8.882635302143171430e-05
2.973018354168743826e-06
2.241544734715716913e-06
9.682905329100321978e-06
1.086024713004007936e-05
3.807619464168965351e-07
3.764013672480359674e-05
1.192862413290640689e-07
8.330152013513725251e-06
8.242950571002438664e-05
6.180521450005471706e-04
2.931960352725582197e-06
1.134994818130508065e-04
2.019442152231931686e-03
4.490539140533655882e-05
3.715117827596259303e-06
3.815471427515149117e-05
2.537565014790743589e-04
9.019213612191379070e-04
6.757768460374791175e-07
5.022412005928345025e-05
3.314635250717401505e-05
2.129598557949066162e-01
3.025030891876667738e-04
8.310528755828272551e-06
2.124206872622380615e-07
1.067281846189871430e-04
4.418274784256936982e-06
1.278471927435020916e-06
2.715485170483589172e-03
3.396748070372268558e-06
9.026319276017602533e-06
4.124301995034329593e-06
8.833719039103016257e-05
7.655627268832176924e-05
1.749662806105334312e-05
5.467075325782388973e-08
5.082361167296767235e-05
4.088923901690577623e-07
1.068006781679287087e-06
6.153276626719161868e-05
4.763441625982522964e-03
1.122624053095933050e-05
8.583422328456435935e-08
2.823952818289399147e-04
5.669342954206513241e-06
1.835170166941679781e-07
2.414488335489295423e-05
3.615624154917895794e-05
5.645597411785274744e-06
1.481384060753043741e-06
1.110413722926750779e-04
9.695813787402585149e-06
2.323017497474211268e-06
3.447535564191639423e-04
1.498680445365607738e-03
4.453329165698960423e-05
8.146886248141527176e-04
4.839578195969806984e-07
2.502714050933718681e-03
5.425339963949227240e-07
5.221439059823751450e-04
8.349754352821037173e-05
1.532761757516709622e-07
1.323659787885844707e-03
2.465773432049900293e-04
9.761733963387086987e-06
5.102439715187756519e-08
5.269022221909835935e-05
2.734393092396203429e-05
4.886829759925603867e-03
2.850534219760447741e-04
2.329307608306407928e-05
1.750944829836953431e-05
1.622684249014128000e-05
4.302776505937799811e-05
7.764829788357019424e-04
1.007460286928107962e-05
6.738581578247249126e-04
2.117581898346543312e-04
6.939337282574342680e-08
5.448436695587588474e-06
1.672839932143688202e-02
3.457030653953552246e-02
4.151622306380886585e-06
1.280319975194288418e-05
7.452199497492983937e-07
1.260255885426886380e-06
3.938235749956220388e-05
1.053525047609582543e-04
1.568092920933850110e-05
3.773045318666845560e-05
1.604382305231411010e-05
1.842833444243296981e-04
2.384902302310365485e-07
2.336631150683388114e-04
5.721869911212706938e-07
2.043486529146321118e-05
1.277086347784006648e-08
2.340844048376311548e-06
1.610420622455421835e-05
8.015063031052704901e-06
7.255512173287570477e-05
3.787438345170812681e-06
3.463757457211613655e-05
1.324318645856692456e-06
1.488962425355566666e-05
1.410248955835413653e-06
9.928128719138840097e-08
1.618085480004083365e-05
9.135691470874007791e-06
4.911395444651134312e-05
5.102464001538464800e-06
7.124564405103228637e-08
1.030091334541793913e-05
1.916530436574248597e-06
1.130205305344134104e-06
2.409533590252976865e-05
1.768595325302158017e-06
1.785079803084954619e-06
4.905504283669870347e-06
4.278819687897339463e-06
1.765008491929620504e-04
4.938276950269937515e-03
1.774210886651417241e-06
1.060626163962297142e-05
1.173129887320101261e-03
2.939026569947600365e-03
3.320192490718909539e-06
1.047396108333487064e-05
1.378615706926211715e-05
2.429321284580510110e-05
4.741403245134279132e-05
4.580602762871421874e-06
2.180121009587310255e-05
1.745864040003652917e-07
5.482049658667165204e-08
3.006829956575529650e-06
1.068227356881834567e-05
1.780419552233070135e-06
5.373635940486565232e-05
1.510750053057563491e-06
1.461729993934568483e-06
9.819428669288754463e-05
2.679042154341004789e-06
5.768644768977537751e-05
4.307233211875427514e-06
8.611201337771490216e-06
4.506240145474293968e-07
1.375272313453024253e-05
1.889422310341615230e-05
3.089716983595280908e-06
3.653218755061971024e-06
3.117532105534337461e-05
2.020334068220108747e-05
5.436597857624292374e-04
6.418854354706127197e-06
7.058686605887487531e-06
9.091303581953980029e-06
1.202947032652446069e-06
7.785167355223165941e-08
1.239560674548556563e-06
7.695836643506481778e-07
8.564910785935353488e-06
4.699812507169554010e-06
9.588526381776318885e-07
3.718565153576491866e-07
3.431486845784093020e-07
5.123587470734491944e-06
2.505819793441332877e-05
1.583522134751547128e-05
2.264612121507525444e-03
