1.604314456926658750e-05
3.227630804758518934e-05
5.109574203743250109e-07
1.659069198467477690e-06
3.636962446762481704e-06
9.576080628903582692e-06
7.768781870254315436e-06
2.926803717855364084e-04
1.029324135743081570e-03
1.957625354407355189e-04
1.476380191434145672e-07
1.846688428486231714e-05
1.341383267572382465e-05
7.886596904427278787e-07
2.548821430536918342e-05
2.885348919789976208e-07
5.655149237782097771e-08
3.972882768721319735e-05
2.819720975821837783e-06
1.730245458020363003e-06
1.039901587063241095e-08
9.548714297125115991e-05
4.005035443697124720e-04
2.170902371290139854e-05
1.647663011681288481e-04
9.053754297383420635e-07
1.021602002992949565e-07
3.888078481395496055e-07
3.276441020716447383e-06
6.513921107398346066e-05
2.629462187542230822e-06
9.241929546988103539e-06
2.389733921859260590e-08
4.387204342037875904e-07
1.995992136016866425e-07
1.663111106608994305e-07
8.760450214140291791e-07
2.629843265822273679e-06
1.008059030027652625e-06
2.579023146154213464e-07
1.499410359429020900e-06
6.346215286612277851e-07
1.562337814675629488e-07
2.742057631621719338e-06
1.788162990123964846e-06
3.809733925663749687e-06
2.551694706198759377e-06
6.788674227209412493e-07
2.390861482126638293e-05
1.407690746191292419e-07
5.505369699676521122e-05
1.917851932375924662e-06
1.589363705534196924e-06
2.803566871989460196e-07
1.797677526838015183e-07
7.939050874483655207e-07
4.586391071370599093e-07
2.693181500035279896e-08
6.587528787349583581e-06
5.345165163817000575e-07
9.154586422255306388e-08
6.810972536186454818e-06
3.984267095802351832e-06
1.078796321962727234e-05
2.077833642033510841e-06
1.147938519352464937e-06
4.083186126990767661e-07
7.075361168062954675e-07
1.451442415145720588e-07
3.217806352040497586e-06
9.817678119361517020e-07
1.210604409607185517e-06
2.114747530868044123e-06
3.617326740368298488e-07
1.191235332953510806e-05
9.475737670072703622e-07
7.048284260235959664e-06
3.445379479671828449e-05
1.460762888427780126e-07
4.608839674347109394e-07
9.643509883972001262e-07
3.617876927819452249e-06
9.560450052958913147e-06
3.981608642789069563e-06
3.253044633311219513e-05
4.554817223834106699e-06
1.163977776741376147e-05
2.291738346684724092e-04
1.387732772855088115e-04
2.065127156674861908e-02
8.308271048917958979e-07
5.082900997877004556e-07
3.425343720664386638e-06
3.129183460259810090e-05
5.270713927529868670e-07
8.565789499925813288e-08
6.521056639030575752e-04
1.518245653642225079e-06
1.086790888393807109e-07
2.229112578788772225e-05
9.418446325071272440e-07
2.684518278783798451e-07
1.567840286043065134e-06
2.238697197753936052e-05
9.416835382580757141e-06
7.633993277522677090e-07
3.471631771390093490e-06
7.293075759662315249e-05
2.984410093631595373e-05
1.647591489017941058e-05
3.007363602591794915e-07
1.247338730081537506e-07
2.571769073256291449e-06
1.082884409697726369e-05
8.508183668709534686e-07
8.222608812502585351e-06
6.642782750532205682e-07
2.884533314500004053e-04
6.049923939599466394e-08
1.055151965800860125e-08
2.865169879129325636e-09
1.437238381640781881e-07
2.069894890155410394e-06
4.619970894736979972e-08
1.515624262538040057e-06
1.147506694110234093e-07
5.620475803880253807e-06
4.041279680677689612e-06
4.337832990586321102e-07
2.356829281779937446e-05
3.814484080066904426e-05
9.938868970493786037e-06
1.268524327315390110e-03
3.574189577193465084e-06
1.442009397578658536e-05
1.868925210146699101e-07
6.587440282146417303e-08
5.058073426766895864e-08
1.093775135814212263e-04
3.829132424471026752e-07
4.093013103556586429e-06
3.880889565266443242e-08
1.365763040439560427e-07
8.088461100896893186e-08
2.607157875900156796e-05
2.324803972442168742e-05
6.380511877068784088e-06
9.244653398354785168e-08
8.648736184113658965e-06
1.651125203352421522e-04
7.009984256001189351e-05
4.761055856943130493e-02
1.155913050752133131e-04
1.150496229529380798e-01
1.997121609747409821e-03
3.249097848311066628e-03
2.052341878879815340e-04
6.932429387234151363e-04
1.903268275782465935e-03
1.531940652057528496e-04
8.132437942549586296e-04
7.330803327931789681e-06
3.715607454068958759e-04
3.559220203896984458e-06
1.090179102902766317e-05
3.531878974172286689e-06
5.999949644319713116e-05
1.790208784768765327e-06
1.908534795802552253e-05
5.538361438084393740e-05
1.782477367669343948e-03
6.722898106090724468e-04
3.457480925135314465e-04
2.122382720699533820e-04
1.502605414316349197e-06
1.178945694846333936e-05
2.694629947654902935e-04
1.806847103580366820e-05
8.366904512513428926e-05
1.853634166764095426e-04
2.172785025322809815e-05
3.344748914241790771e-02
4.000445187557488680e-04
2.122191508533433080e-04
2.569232019595801830e-04
7.978691719472408295e-03
3.199808270437642932e-05
8.398763020522892475e-04
1.525547122582793236e-03
2.651373506523668766e-04
7.416980806738138199e-03
5.651395185850560665e-04
3.094972926191985607e-04
3.405608294997364283e-04
1.634900108911097050e-03
1.597881491761654615e-04
6.312891491688787937e-04
1.584644778631627560e-04
1.845643564593046904e-04
6.530662649311125278e-04
2.353337826207280159e-03
1.228408422321081161e-03
3.530389163643121719e-03
6.656681746244430542e-02
1.004552990198135376e-01
3.815735544776543975e-05
1.057545250660041347e-05
4.705107305198907852e-03
6.673685275018215179e-03
9.102891453949268907e-06
3.297124203527346253e-05
8.420902304351329803e-04
5.281514604575932026e-04
1.122637604566989467e-05
2.467035483277868479e-05
1.168335165857570246e-05
1.070211874321103096e-03
7.953210151754319668e-04
3.028648097824770957e-05
3.193543758243322372e-03
4.300365162634989247e-06
1.550125125504564494e-05
5.357074085623025894e-03
5.114869054523296654e-05
7.326837021537357941e-07
2.017478891502832994e-06
1.276165712624788284e-03
4.588313458953052759e-06
4.323568195104598999e-03
2.385948598384857178e-01
3.561584890121594071e-05
8.488943421980366111e-05
1.116403582273051143e-04
2.755307286861352623e-05
1.061914736055769026e-04
9.472701663071347866e-07
1.134727517637657002e-05
1.819240278564393520e-04
3.087355071329511702e-05
1.837427703321736772e-06
5.382317249313928187e-05
4.035304300487041473e-05
9.353292989544570446e-04
1.682118745520710945e-04
3.415854052946087904e-06
1.954182953340932727e-04
1.590332685736939311e-04
3.326334990561008453e-05
1.485271604906301945e-05
1.029923951136879623e-04
4.352430096332682297e-06
3.794751316308975220e-02
1.348474324913695455e-04
4.512072191573679447e-04
1.207952736876904964e-03
3.923196800315054134e-06
1.406234969181241468e-05
1.989776501432061195e-03
1.187163361464627087e-04
4.329313524067401886e-03
3.679286237456835806e-06
3.007021177836577408e-06
5.603806494036689401e-05
1.330511731794103980e-04
3.624424862209707499e-04
4.410136118531227112e-02
1.124092494137585163e-03
2.579959575086832047e-03
6.638299964834004641e-05
1.925307486771998811e-07
3.772399577428586781e-05
1.695326886874681804e-06
7.450732937286375090e-07
9.598225915397051722e-06
7.359618621194385923e-07
2.993443217746971641e-07
3.724137741301092319e-06
7.827145054761786014e-06
2.527052674849983305e-05
2.704439684748649597e-04
7.704069503233768046e-06
3.839889250230044127e-04
8.008391014300286770e-04
1.161816879175603390e-03
2.307342831045389175e-03
2.683265483938157558e-04
1.514519826741889119e-04
1.985526760108768940e-04
4.619156243279576302e-06
7.623447800142457709e-06
4.629981776815839112e-05
1.552005869598360732e-06
1.442411739844828844e-04
4.262630682205781341e-05
4.763386982631345745e-07
4.630597686627879739e-06
1.779224164783954620e-02
1.113274038289091550e-06
4.437931238499004394e-06
2.932913193944841623e-04
5.701617666886704683e-08
1.654927473282441497e-06
6.462840929088997655e-07
6.770545155632134993e-07
1.201825625685160048e-07
6.963117584746214561e-07
1.144370216366041859e-07
1.285399662265263032e-06
1.296971419151304872e-07
1.473350494052283466e-05
1.869529478426557034e-05
2.441938931951881386e-06
8.228464132287172106e-09
3.704253686009906232e-05
2.794653664750512689e-05
5.347666046873200685e-06
2.464686019720829790e-07
8.149409040925092995e-07
2.063722206457896391e-07
1.638826745420374209e-07
4.519580265593958757e-09
2.014417219697861583e-07
9.518342380943067838e-07
4.607609298545867205e-07
6.456147730204975232e-06
6.729026154062012210e-07
5.484530873900439474e-08
1.451954574349656468e-07
4.968974849361984525e-07
6.764633440070610959e-07
2.123599697370082140e-04
7.023461512289941311e-04
1.662783790379762650e-03
2.216352848336100578e-03
1.853354115155525506e-05
1.606870682735461742e-06
3.809298214036971331e-04
1.134718877437990159e-05
1.506544882431626320e-03
3.643575610112748109e-06
5.333489389158785343e-05
2.202055620728060603e-04
1.121509740187320858e-05
6.998344360908959061e-06
4.469685336516704410e-06
1.181996026389242616e-06
8.449559913970006164e-07
9.626312902355493861e-08
1.024319572024978697e-04
9.840174470809870400e-07
1.223570143338292837e-05
5.113113275001524016e-07
1.125413405134167988e-06
4.361704213806660846e-06
2.225262733190902509e-06
8.286103548016399145e-05
1.796621014364063740e-03
2.343027736060321331e-04
1.469207229092717171e-03
3.941909526474773884e-04
2.958904718980193138e-03
1.171048643300309777e-04
3.992961137555539608e-05
1.688704651314765215e-04
4.697332769865170121e-06
1.758760390657698736e-06
1.895829996101383585e-06
7.371749575213470962e-07
9.788621682673692703e-04
1.210195932799251750e-06
2.782259070954751223e-05
5.425964627647772431e-05
1.459985833207610995e-05
2.632927817103336565e-06
2.273889695061370730e-04
2.782138471957296133e-04
2.848667463695164770e-05
1.673351507633924484e-04
1.963156537385657430e-04
1.101497218769509345e-05
9.966117795556783676e-05
6.723403657815651968e-06
3.298551746411249042e-05
7.702457369305193424e-04
1.691818965809943620e-06
1.074218062058207579e-06
1.249955516868794803e-06
1.072094455594196916e-04
7.700342684984207153e-04
1.797628556232666597e-06
1.136439732363214716e-05
1.381948004564037547e-05
1.532322858111001551e-05
4.917024398309877142e-06
2.278395004395861179e-05
1.042728490574518219e-05
3.520544851198792458e-05
1.074379360943567008e-05
1.575359056005254388e-05
1.284499649045756087e-05
9.490715342508337926e-07
1.663202397139684763e-06
7.545342668890953064e-05
1.765410786447318969e-07
3.755943907890468836e-05
3.635180415585637093e-03
7.369116701738676056e-06
3.344370327340584481e-07
5.303414241097925697e-08
7.610332977492362261e-05
3.128222670056857169e-05
3.112241683993488550e-04
3.496483623166568577e-05
5.365901074583234731e-07
6.351906631607562304e-05
2.358443634875584394e-05
1.195380491481046192e-06
3.420576453208923340e-03
7.213988055809750222e-07
3.975043073296546936e-04
1.322139542025979608e-05
2.618608050397597253e-07
2.721002942962513771e-07
3.085976004513213411e-06
1.154420897364616394e-05
4.688648186856880784e-05
1.142419478128431365e-05
1.217049998558650259e-06
2.021072432398796082e-04
9.060915181180462241e-05
2.117169970006216317e-05
2.404487167950719595e-05
1.890191924758255482e-06
5.389824764279183000e-06
1.403836449753725901e-05
6.131784175522625446e-06
1.188878668472170830e-04
2.535486128181219101e-04
6.516785333587904461e-07
2.202620407842914574e-06
8.475584763800725341e-06
6.834595183136116248e-07
1.870463893283158541e-05
1.723423483781516552e-03
1.221701495524030179e-06
3.090704296937474282e-07
2.022422995651140809e-05
2.863178815459832549e-05
9.614142618374899030e-05
1.815905079638469033e-06
2.511229013180127367e-06
8.390468337893253192e-07
1.513680672360351309e-05
1.548507952975342050e-06
8.830312435748055577e-05
3.577838924684328958e-06
3.800464014602766838e-07
4.637268648366443813e-05
5.154049176780972630e-06
2.127523657691199332e-06
3.273647166679438669e-07
6.146556188468821347e-06
2.395724095549667254e-06
8.112026989692822099e-05
1.292735942115541548e-05
1.044406758410332259e-06
8.350100415555061772e-07
8.293562814287724905e-07
5.780023002444067970e-06
1.026024506245448720e-06
2.374993637204170227e-04
6.344276243908097968e-06
4.413305987327476032e-07
1.116392522817477584e-04
4.425146926223533228e-06
2.380166677085071569e-07
2.358518941036891192e-06
9.508584298600908369e-06
8.524659788236021996e-04
3.378794417585595511e-07
9.630393833504058421e-07
1.798866105673369020e-05
7.608506535916603752e-08
1.231111491506453604e-05
1.794352897377393674e-07
7.464452096428431105e-07
7.212223408714635298e-06
4.518746663961792365e-06
1.414799680787837133e-05
1.666232310526538640e-05
1.863423108261486050e-06
7.166724572016391903e-06
1.533311547063931357e-06
5.727905545427347533e-07
2.555962964834179729e-05
7.967433361955045257e-07
1.115988998208194971e-04
6.206901889527216554e-05
6.034590569470310584e-06
2.185237917728954926e-06
4.072709634783677757e-05
3.825810563284903765e-05
1.668951881583780050e-05
1.241737322743574623e-06
5.780044830316910520e-06
2.690549081307835877e-07
1.977412239284603857e-06
3.541548949215211906e-06
1.737694401526823640e-05
1.969992581507540308e-06
5.433304067992139608e-06
1.179636086590107880e-07
1.092890826726033993e-07
1.189746285490400624e-06
6.932443284313194454e-06
2.305789621459553018e-06
5.750137574977998156e-07
1.764551484484400135e-06
9.174873703159391880e-04
1.651930069783702493e-04
1.166749570984393358e-04
2.924723503383575007e-06
5.534599949896801263e-06
5.888882242288673297e-06
4.251838845448219217e-07
4.010642555840604473e-07
1.038818754750536755e-05
1.299460564041510224e-06
9.824106683709032950e-08
8.111751412798184901e-06
2.778390444291289896e-05
5.205494062465731986e-07
5.694379979104269296e-06
1.469959897804073989e-05
4.007260940852575004e-06
4.078930260220658965e-08
9.292140816796745639e-07
2.798355467348301318e-07
1.159176317742094398e-04
3.495810320600867271e-03
1.054641387554511311e-07
9.082088581635616720e-06
3.583006764529272914e-05
7.307817668333882466e-06
1.709759658297116403e-06
5.914285429753363132e-05
1.267326410925306845e-06
9.981284847526694648e-07
3.561216033176606288e-08
4.136500414460897446e-03
8.661280759270084673e-08
1.053957362273649778e-06
1.019083778373897076e-03
3.713310206876485609e-06
7.918181381683098152e-07
4.899846999251167290e-07
6.840092100901529193e-05
4.207803613098803908e-06
3.591813140246813418e-07
3.920622111763805151e-05
2.444435667712241411e-04
7.151646173042536248e-07
2.240604590042494237e-05
1.476302145420049783e-06
1.171813778455543797e-06
8.291723133879713714e-06
1.104354396375128999e-06
2.681635805856785737e-06
8.947225182964757551e-07
3.918156380677828565e-06
2.345049506402574480e-05
1.179136717155415681e-07
5.676191676684538834e-07
1.149663034993864130e-06
7.213774892989022192e-07
1.259371765627292916e-05
2.684862693058676086e-06
4.935011929774191231e-06
4.056880134157836437e-04
1.446045189368305728e-06
7.881559577072039247e-05
5.869180313311517239e-06
1.247631371370516717e-05
1.738298351483535953e-06
5.492121090355794877e-06
2.230438403785228729e-04
1.219406044583593030e-06
1.307564616581657901e-06
8.845509000821039081e-05
2.857188883353956044e-05
1.144905112937522063e-07
2.472134772688150406e-03
3.549622124410234392e-05
1.724828393889765721e-06
9.563244702803785913e-07
5.039458983446820639e-08
3.548200402292422950e-05
2.321036845387425274e-06
2.484617652953602374e-06
3.196637635483057238e-06
5.903099236093112268e-07
4.970467489329166710e-05
3.350769702592515387e-06
2.444778328936081380e-05
1.487152303525363095e-07
7.527635716542135924e-06
6.781728188798297197e-06
5.302380304783582687e-05
1.919133683259133250e-05
2.289954409206984565e-06
7.848706445656716824e-05
1.788786612451076508e-02
8.492688152728078421e-08
1.207983768836129457e-05
4.975290357833728194e-05
1.142181417890242301e-06
1.347463239653734490e-05
6.155310984468087554e-05
1.803974328140611760e-06
1.459767227061092854e-03
2.221411268692463636e-04
1.065361546352505684e-03
5.868609605386154726e-06
1.126958864006155636e-06
1.126423285313649103e-05
8.626704470771073829e-07
3.973089405917562544e-06
2.803180620958301006e-08
3.048508006031624973e-06
5.538979053199000191e-07
1.749309149090549909e-06
5.317587783792987466e-05
4.721889581560390070e-07
4.155359874857822433e-06
6.531229701067786664e-06
9.837523151645655162e-08
1.459551458538044244e-05
1.251632625098864082e-06
3.999493128503672779e-05
1.055900065694004297e-04
2.338078047614544630e-05
3.883151748595992103e-06
2.742444621617323719e-06
1.178914317279122770e-05
5.139848326507490128e-06
9.504704394203145057e-06
2.576616498117800802e-05
3.355673641181056155e-07
9.091677384276408702e-07
2.642359504534397274e-05
1.953457967829308473e-06
7.409988029394298792e-05
1.646967717761071981e-07
9.655261237639933825e-05
2.631381448736647144e-06
1.604960198164917529e-05
1.909372940644971095e-06
9.812786629481706768e-06
3.412456499063409865e-05
2.340960600122343749e-05
8.276871085399761796e-06
6.244840733415912837e-07
4.382652605272596702e-06
2.944236257462762296e-05
9.366276208311319351e-05
3.790123446378856897e-05
9.707253667556869914e-08
3.173277036694344133e-06
4.242648719809949398e-05
1.182053610682487488e-02
4.906616140942787752e-06
1.257284839084604755e-05
1.967245043488219380e-04
5.116818101669196039e-06
1.278622075915336609e-04
6.233902240637689829e-06
4.652366897062165663e-06
2.627385526920988923e-07
6.208703780430369079e-06
2.156208211090415716e-06
6.755727099516661838e-06
9.158441116596804932e-07
7.538602631029789336e-07
5.943373253103345633e-06
7.907262329354125541e-07
2.315957999599049799e-06
1.808453760077100014e-07
1.519147986073221546e-06
6.818804195063421503e-06
4.932097363052889705e-05
2.016423792383648106e-07
8.462406526632548776e-07
3.828607987088616937e-06
2.737851900747045875e-07
4.982571866207763378e-08
9.206404502037912607e-05
4.575933853629976511e-04
7.617513620061799884e-05
4.673529929277719930e-06
2.514438892831094563e-05
2.326388843357563019e-02
3.702129761222749949e-04
8.971414331426785793e-07
3.509857151584583335e-07
2.114052949764300138e-05
4.124751171730167698e-07
1.012312895909417421e-05
5.832463330079917796e-07
6.908616342116147280e-06
6.417371332645416260e-04
3.768737369682639837e-04
3.608370207075495273e-06
3.696251724250032566e-06
9.414288797415792942e-07
1.883371396615984850e-07
5.062930767962825485e-07
2.695578150451183319e-04
3.077526145034426008e-08
7.605115115438820794e-07
5.715500719816191122e-06
7.878635983615822624e-07
3.469550516456365585e-03
8.669314411235973239e-06
2.899680794143932872e-06
2.851929252756235655e-07
2.987720336022903211e-06
5.973936936243262608e-07
1.456993486499413848e-04
3.028285922482609749e-03
2.726691832322103437e-07
5.746157967223552987e-07
1.390829129377380013e-04
1.914634594868402928e-05
3.502532536003855057e-06
1.202841076519689523e-06
5.037921946495771408e-04
4.262282800482353196e-06
2.876300413845456205e-06
6.216347173904068768e-06
1.022389551508240402e-05
4.322691893321461976e-06
1.600766554474830627e-03
1.688323754933662713e-05
3.580760676413774490e-06
5.828084340464556590e-06
4.760951014759484679e-06
2.454992795719590504e-07
2.513975196052342653e-04
1.623061325517483056e-05
8.867012365953996778e-05
2.410512184724211693e-03
1.726166146909235977e-06
2.454928562656277791e-06
2.052564013865776360e-05
4.165948155332444003e-07
4.838653694605454803e-05
1.456074460293166339e-05
1.275506065212539397e-06
1.436766297047142871e-06
2.044192115135956556e-06
1.467311267333570868e-05
2.617030113469809294e-04
6.983700018281524535e-07
2.105892235704232007e-06
3.605401616368908435e-06
1.692282967269420624e-05
1.013778955893940292e-06
1.003830334411759395e-06
1.358953304588794708e-04
1.587402766745071858e-05
8.268721103377174586e-06
2.763662791949172970e-07
3.466871276032179594e-04
2.177216401832993142e-06
2.805779149639420211e-05
5.651871560985455289e-06
3.822541202680440620e-06
7.876352583480183966e-07
8.175833499990403652e-05
1.523607352282851934e-05
4.158150801458759815e-08
9.475720617047045380e-07
4.629272552847396582e-06
1.093086848413804546e-05
4.837737378693418577e-06
8.105368465294304769e-07
7.486741651518968865e-06
2.953554712803452276e-06
1.305682962993159890e-04
2.872109234886011109e-06
9.173288162855897099e-06
3.823328825092175975e-06
1.984994742088019848e-04
6.958543963264673948e-05
2.211231767432764173e-04
4.105552943656221032e-05
5.227323345025070012e-05
1.629166217753663659e-04
3.062382347707170993e-07
1.426450944563839585e-05
1.302767486777156591e-06
4.453801011550240219e-06
5.750922582592465915e-07
1.036300432133430149e-07
3.279345037299208343e-06
7.428581739077344537e-05
1.329622591583756730e-05
1.683909795247018337e-05
8.924800931708887219e-05
6.157394818728789687e-05
6.100138616460526464e-09
1.667589094722643495e-04
2.879978410419425927e-06
1.229379813594277948e-05
1.231574202620322467e-07
1.300245203310623765e-04
1.421646084054373205e-05
2.096774949222890427e-07
3.166446549585089087e-05
7.297534239114611410e-07
5.576600869972025976e-07
2.694486738619161770e-06
1.631368320431647589e-07
2.341978870390448719e-05
5.889918247703462839e-05
2.477608859408064745e-06
3.347655365359969437e-06
1.284544941881904379e-05
1.976375415324582718e-06
3.358228423167020082e-05
3.237449277548876125e-07
8.948415597842540592e-06
2.084060179186053574e-05
4.151036705479782540e-07
1.480497985539841466e-06
3.168503462802618742e-05
1.116127386922016740e-04
1.425168884452432394e-04
8.283172064693644643e-06
1.120442811952671036e-05
1.472767507948447019e-05
1.142403107223799452e-05
9.268091162084601820e-06
1.004626574285794050e-05
1.523255832580616698e-05
1.280944161408115178e-06
1.616075496713165194e-05
3.326198623199161375e-07
2.296194736572942929e-07
7.371672268163820263e-07
8.789245475782081485e-05
2.936814553322619759e-06
4.237913526594638824e-05
3.142555669910507277e-06
3.196633042534813285e-05
4.168567829765379429e-05
9.376646126213472598e-09
6.232695795915788040e-06
1.306536258198320866e-03
1.298407710237370338e-06
4.585118222166784108e-05
4.192110736767062917e-06
3.341588580951793119e-06
8.399655598623212427e-06
3.447919993959658314e-07
3.089178353548049927e-04
7.733421512057248037e-07
5.844946713295939844e-07
5.410994344856590033e-05
2.193769660152611323e-06
2.504648182366508991e-05
1.206097522299387492e-06
3.828792614513076842e-05
1.603148848516866565e-05
3.063428266614209861e-07
1.400723158440086991e-05
1.729698487906716764e-05
6.302563178905984387e-06
7.435360771523846779e-08
5.172132514417171478e-03
1.699107087915763259e-05
1.093555511033628136e-06
7.037091563688591123e-05
1.068346682586707175e-04
2.236964246549177915e-05
3.386656317161396146e-05
7.367167427219101228e-07
9.734097830005339347e-07
1.140878885053098202e-05
3.761887273867614567e-05
2.197887806687504053e-05
7.640471721970243379e-08
1.589022809639573097e-03
2.969159686472266912e-05
1.039763674270943739e-06
2.092040404022554867e-06
1.895874447654932737e-05
2.988803316839039326e-06
1.943774404935538769e-04
3.474488767096772790e-05
1.737038983264937997e-04
1.536404624857823364e-06
1.129885458794888109e-05
2.458321396261453629e-04
4.189589235465973616e-04
5.428762051451485604e-06
3.094990461249835789e-05
2.214241931142169051e-06
2.215328640886582434e-05
8.915964713196444791e-07
1.957731728907674551e-05
4.985944542568176985e-05
4.450561391422525048e-06
8.124665328068658710e-06
4.279548647900810465e-06
3.954532530769938603e-06
3.522574843373149633e-06
2.509485231712460518e-03
1.902833537315018475e-05
7.618635663675377145e-06
3.044383731776179047e-07
4.342487955000251532e-04
2.330443521714187227e-06
2.176218004024121910e-06
7.064768396958243102e-07
4.056284069520188496e-06
9.221218419952492695e-07
1.447063766590872547e-07
6.642853236371593084e-07
3.050135273952037096e-05
2.492621433702879585e-07
3.715764933076570742e-06
4.455347152543254197e-06
7.996430895218509249e-08
5.070604061074845959e-07
2.398643573542358354e-06
1.564690137456636876e-06
6.272764585446566343e-05
2.072451752610504627e-05
1.445989164494676515e-05
2.987679363286588341e-05
2.558383194184443710e-08
2.061379746010061353e-05
3.951049166062148288e-06
4.982624432159354910e-06
4.426102577781421132e-07
3.720482766311761225e-07
1.339262089459225535e-04
2.137209776265081018e-06
5.966318212813348509e-07
6.617948656639782712e-06
1.644405642764468212e-06
1.877296199381817132e-05
7.738591193628963083e-06
1.410089794262603391e-06
2.598880428195116110e-06
3.351573241161531769e-07
4.094943903965031495e-07
2.100081110256724060e-05
1.063076865648326930e-06
2.072313094458877458e-07
5.261123988020699471e-06
6.597541073460888583e-07
2.719355620683927555e-07
1.317892213137383806e-07
1.745297950606072845e-08
5.904934710088127758e-07
2.438251840430893935e-07
4.175040260179230245e-07
3.353493411850649863e-06
1.522711227153195068e-05
4.379851088742725551e-05
2.666141881491057575e-06
1.335269644187064841e-05
1.201245959236985072e-05
1.249085585186548997e-06
1.941460368470870890e-06
8.419512596447020769e-06
9.613808288122527301e-06
8.470622560707852244e-06
2.038879174506291747e-04
2.471990774211008102e-05
3.156126695103012025e-05
9.855849202722311020e-05
1.737717502692248672e-05
1.123506226576864719e-04
2.083209801639895886e-05
8.614229045633692294e-06
2.702146559840912232e-07
1.029808458952174988e-06
2.066207542839038069e-07
3.395563180674798787e-05
1.192614654428325593e-04
2.394207740508136339e-06
5.817178134748246521e-06
1.827513870011898689e-06
1.822619424274307676e-06
1.312232925556600094e-04
3.664996256702579558e-05
4.291585832834243774e-02
