5.205833986110519618e-06
3.711847239173948765e-05
1.019579303829232231e-05
6.597954893550195266e-07
5.185825102671515197e-06
1.719037027214653790e-05
5.596246410277672112e-06
2.305560656168381684e-06
3.527420062710007187e-07
3.092175120400497690e-07
1.866955699370009825e-06
1.330375198449473828e-06
5.744409463659394532e-07
3.323006922073545866e-06
8.558700756111647934e-06
2.036210844380548224e-06
7.089310827268491266e-08
5.285526754050806630e-07
1.991415246038741316e-07
9.982692290577688254e-07
4.012552778931421926e-08
4.465172409595652425e-08
2.054931513839619583e-07
3.524408839439274743e-06
3.440681894062436186e-06
3.253331215091748163e-06
1.540494736218533944e-06
3.196366151314578019e-06
1.065162723534740508e-05
3.146782319163321517e-07
1.494868342888366897e-06
5.851784226251766086e-05
1.403138867317466065e-07
1.418345800630049780e-05
3.100691901636309922e-05
2.742272044997662306e-06
3.098486558883450925e-05
1.869590050773695111e-05
1.606087753316387534e-04
7.488732535421149805e-06
3.074833102800766937e-06
1.137562321673613042e-06
1.225536038873542566e-06
2.616289975776453502e-06
9.401310308021493256e-06
2.345767279621213675e-05
1.976832390937488526e-05
3.963808921980671585e-05
7.089256996550830081e-06
2.262068221625668230e-07
2.885201411118032411e-06
1.090230034606065601e-05
1.867386572484974749e-06
4.972503120370674878e-06
2.759181825240375474e-06
4.225124212098307908e-05
6.097524419601541013e-06
6.443936939604100189e-08
3.176252903358545154e-06
8.725924999453127384e-06
1.598752419340598863e-06
1.829138568609778304e-06
7.383340562228113413e-05
6.341444077406777069e-06
2.812556522258091718e-05
1.105679530155612156e-05
4.033057120977900922e-05
1.430914949196449015e-06
6.026813480275450274e-06
9.895559742290060967e-06
7.874672292018658482e-08
4.085822808974626241e-07
4.183715191174997017e-06
1.312637032242491841e-04
4.351755342213436961e-05
1.101533416658639908e-04
6.994280283834086731e-06
2.605067311378661543e-05
3.588560139178298414e-05
3.619822791733895428e-06
4.738579946206300519e-07
7.673429536225739866e-07
1.476761610774701694e-07
2.044305119852651842e-06
3.387455535630579107e-06
2.090945940835808869e-07
2.539018396419123746e-06
2.204066913691349328e-05
7.660126429982483387e-04
7.759983418509364128e-06
2.225655953225214034e-05
2.881031377910403535e-07
4.988643468095688149e-06
3.506445978018746246e-08
1.917571808007778600e-06
1.915337293212360237e-07
9.613225120119750500e-05
5.070218776381807402e-06
3.472208902621787274e-07
1.590956628660933347e-07
8.266089821518107783e-07
6.017991690896451473e-04
3.677649260680482257e-07
5.069334292784333229e-06
7.043656751193339005e-07
2.144132395187625661e-06
7.914628440630622208e-06
1.274372771149501204e-04
4.076079676451627165e-06
9.358907846035435796e-06
1.299667928833514452e-07
2.347829877180629410e-06
3.417108246139832772e-06
1.395572144247125834e-05
7.744587264824076556e-07
7.891674727034114767e-07
2.179857119699590839e-06
6.095457501942291856e-05
1.159692965302383527e-05
4.436053586687194183e-07
4.921161078641489439e-08
1.091658987206756137e-06
7.404631219287693966e-07
1.819244204170900048e-07
1.040174197441956494e-06
1.895290370157454163e-05
2.867584953492041677e-06
4.230165728813517489e-08
1.251135444135798025e-07
1.203991018883243669e-06
3.334953362355008721e-06
8.036637154873460531e-06
1.042278017848730087e-05
8.317577453453850467e-07
1.243865767719398718e-06
1.764007606652739923e-08
1.858634504969813861e-06
1.924133584907394834e-06
4.367916517367120832e-07
1.197804806452040793e-07
6.345354677250725217e-07
1.032102616704833054e-07
3.854200159025822359e-08
2.769912121891593415e-08
1.727478661450732034e-06
3.238730243992904434e-07
2.293501211170223542e-08
1.737013690217281692e-06
1.012435859593097121e-06
9.808398317545652390e-04
2.723712952956702793e-07
1.902696443721652031e-03
1.367664754070574418e-05
5.662912371917627752e-05
1.306371559621766210e-04
4.158099181950092316e-04
5.347584374248981476e-03
9.101827163249254227e-05
7.194907811935991049e-05
2.307177346665412188e-04
1.737177080940455198e-05
7.832013070583343506e-03
9.086758643388748169e-02
5.952510400675237179e-04
1.742432825267314911e-02
3.135565435513854027e-03
1.734489691443741322e-03
6.685028783977031708e-04
1.988039817661046982e-03
2.523249895602930337e-05
5.149455391801893711e-04
1.288982184632914141e-05
2.601501182653009892e-04
7.059710333123803139e-04
1.040703068611037452e-06
1.293788373004645109e-04
1.802382757887244225e-05
3.465230975052691065e-06
2.522090449929237366e-03
6.644708628300577402e-05
1.825016079237684608e-04
5.280831828713417053e-05
2.397882781224325299e-04
2.183918841183185577e-04
1.812986556615214795e-05
7.457563770003616810e-04
5.819894067826680839e-05
2.303298242622986436e-05
9.242092346539720893e-05
3.788628646361758001e-06
5.959741538390517235e-04
3.191524592693895102e-05
1.845507795223966241e-04
3.780859406106173992e-04
3.448423012741841376e-05
1.104509792639873922e-04
3.909451606887159869e-06
7.070065476000308990e-04
1.795183052308857441e-04
1.049262209562584758e-04
7.656000525457784534e-05
2.446141443215310574e-04
7.142638060031458735e-05
1.448273833375424147e-04
5.254836287349462509e-04
2.549731580074876547e-04
2.830157754942774773e-04
1.032429572660475969e-04
1.021484099328517914e-02
2.291040029376745224e-03
4.915355239063501358e-04
1.066810684278607368e-03
2.810006029903888702e-03
1.225515006808564067e-04
1.305988524109125137e-03
4.800554364919662476e-03
1.608986966311931610e-02
8.797384216450154781e-04
6.031218217685818672e-04
8.364797104150056839e-04
1.834569382481276989e-03
1.994086778722703457e-04
2.024430868914350867e-04
4.686150714405812323e-05
6.404585747077362612e-06
2.618592770886607468e-05
2.163538010790944099e-05
2.325879613636061549e-04
7.463497604476287961e-05
6.574693252332508564e-04
2.106250576616730541e-05
1.508000859757885337e-04
7.466680108336731791e-05
8.910371252568438649e-05
1.194553729146718979e-02
9.316609066445380449e-06
4.934482421958819032e-05
7.843860075809061527e-04
1.198648195713758469e-02
4.223013456794433296e-05
1.389764365740120411e-03
7.627873215824365616e-03
3.886396880261600018e-04
3.475328849162906408e-04
4.292519952286966145e-05
2.009585477935615927e-05
2.829136559739708900e-03
9.147644042968750000e-03
4.791950414073653519e-05
1.347266425000270829e-05
8.009474186110310256e-06
2.040172368288040161e-02
4.074699972989037633e-06
1.483862142777070403e-04
6.612258148379623890e-04
1.516957563580945134e-04
7.923363591544330120e-05
3.726553113665431738e-04
2.850551936717238277e-06
3.475547146081225947e-06
2.237670196336694062e-05
2.942366279512498295e-07
1.445042107661720365e-05
2.562253212090581656e-04
3.222240484319627285e-04
1.940341098816134036e-05
5.886462076887255535e-06
6.624243269470753148e-06
1.544890255900099874e-05
3.316383526907884516e-06
1.339579284831415862e-05
2.801081109282677062e-07
9.138710083789192140e-06
1.133297610067529604e-05
1.046178113028872758e-06
8.592157428211066872e-06
3.708551332692877622e-07
1.481485833210172132e-05
6.246037855817121454e-07
1.297679546041763388e-06
6.178526291478192434e-06
9.848195986705832183e-06
6.490161467809230089e-05
1.910145074361935258e-04
2.497056630090810359e-05
1.472524400014663115e-05
7.785884918121155351e-06
2.080467282894460368e-07
1.391495516145369038e-06
6.058176040824037045e-07
4.730263390229083598e-05
8.048186828091274947e-08
7.182848639786243439e-05
1.202519257503809058e-07
9.430880709260236472e-06
1.789952657418325543e-04
9.363403660245239735e-05
3.089584424742497504e-05
4.357515024366875878e-07
5.654757728734693956e-07
1.545814939163392410e-06
3.216301411157473922e-05
2.381318836341961287e-06
1.313499637944914866e-06
3.092406586802098900e-06
2.199744130848557688e-06
1.212524580296303611e-06
1.236641793411763501e-07
3.006967745022848248e-05
2.276999111927580088e-06
1.034945380524732172e-04
8.843863383845018689e-07
7.265908834597212262e-07
1.424972924723988399e-05
2.568840864114463329e-05
2.501002927601803094e-05
1.138658603849762585e-06
2.878687837437610142e-06
6.736367595294723287e-06
6.169594144012080505e-06
1.520212933314724069e-08
1.578402589075267315e-05
3.537127213348867372e-06
5.073319698567502201e-06
3.249834605867363280e-07
8.318232175952289253e-06
3.226559215363522526e-07
3.197838623236748390e-06
3.557051286406931467e-06
1.205482840305194259e-05
1.610581057320814580e-05
4.880979304289212450e-06
2.968471198983024806e-05
5.526255117729306221e-04
1.317896362706960645e-06
3.714177054803258216e-08
2.823482645908370614e-06
4.711276233138050884e-06
8.021736866794526577e-04
5.651873652823269367e-05
1.850007356551941484e-05
4.744080943055450916e-04
2.144188511010725051e-05
9.416241482540499419e-06
4.883474503003526479e-06
1.053564756148261949e-05
1.827563391998410225e-05
2.068244839392718859e-06
3.535913037922000512e-06
4.573086300752038369e-07
1.402044063070206903e-06
2.114649362283671508e-07
4.856689628240928869e-08
2.005241555025349953e-07
1.528810571471694857e-05
2.116833684340235777e-06
3.046027450182009488e-05
4.052758981742954347e-07
6.151830166345462203e-05
4.327092392486520112e-05
1.895033534538015374e-07
8.709144458407536149e-05
2.398619290033821017e-05
1.927994617290096357e-06
5.726862218580208719e-05
3.955444753955816850e-06
1.196060111396946013e-06
6.633054994154008455e-08
1.040114739225828089e-06
1.189698423331719823e-06
1.872094941290924908e-07
3.894062047038460150e-06
1.514739125241248985e-07
4.294399218451872002e-07
4.970900590706150979e-06
2.630508106449269690e-06
2.552649857534561306e-05
7.653339707758277655e-05
2.209830654464894906e-06
3.489010396151570603e-06
2.402596919637289830e-06
6.899250729475170374e-05
7.631718290213029832e-06
3.486415607767412439e-06
2.502637244106153958e-07
2.645805245265364647e-03
4.664673178922384977e-05
1.069836616807151586e-05
5.595515176537446678e-06
3.296562226751120761e-06
6.020690307195764035e-06
7.423333272527088411e-07
7.754550315439701080e-04
2.753268927335739136e-05
1.635228727536741644e-06
5.139036147738806903e-07
1.999756932491436601e-05
6.822081559221260250e-06
1.701816072454676032e-04
4.845552030019462109e-04
2.949510962935164571e-05
1.274067699341685511e-06
1.312433687417069450e-05
6.149067530714091845e-07
1.934216743393335491e-05
1.260826247744262218e-04
4.196017926005879417e-06
1.040288861986482516e-05
1.841714401962235570e-05
1.261632769455900416e-05
3.520809332258068025e-05
6.301102694123983383e-04
1.575779606355354190e-05
8.763176992943044752e-06
2.098027151077985764e-03
3.326210935483686626e-05
1.378103042952716351e-04
1.362883206456899643e-02
1.548516479488171171e-06
2.950961468741297722e-03
2.409296939731575549e-06
7.116756751202046871e-05
2.973916025439393707e-06
1.301708471146412194e-05
3.697381820529699326e-03
1.408522669225931168e-02
7.817654477548785508e-06
1.499305246397852898e-03
1.411995181115344167e-04
2.226846263511106372e-04
7.665892917430028319e-05
1.806235522963106632e-04
4.037397616230009589e-07
3.264219558332115412e-04
8.287116140127182007e-02
2.600990235805511475e-03
3.789421680266968906e-05
1.632633393455762416e-05
2.671686445410159649e-07
7.633617315150331706e-06
6.087025758461095393e-05
1.758199323376175016e-05
2.864019563730835216e-07
9.318165481090545654e-02
2.718679752433672547e-06
4.320845164329512045e-06
1.618832815438508987e-03
1.500974758528172970e-04
1.445786474505439401e-04
1.361835311399772763e-04
3.068387013627216220e-05
1.733162571326829493e-05
2.964055631309747696e-03
1.010232949738565367e-06
2.689812390599399805e-05
5.294540096656419337e-05
8.304425136884674430e-05
3.974809660576283932e-04
1.276858711207751185e-05
3.369344995007850230e-05
8.059916581260040402e-06
2.083988365484401584e-04
1.192780095152556896e-03
1.220044650835916400e-04
7.953391759656369686e-04
2.654061245266348124e-04
3.843934973701834679e-05
5.381359642342431471e-06
1.622367271920666099e-04
6.326779953269578982e-07
4.642763542506145313e-07
5.851181413163430989e-05
1.090000750991748646e-06
9.730138117447495461e-06
1.233085989952087402e-03
6.526559009216725826e-04
2.585077018011361361e-04
2.012040027921102592e-07
3.471226198598742485e-03
2.098148115692310967e-06
3.608550832723267376e-05
1.158387603936716914e-04
7.236388773890212178e-05
5.321604703567572869e-07
3.147995073504716856e-07
2.184825825679581612e-05
5.214591283220215701e-07
1.058001580531708896e-04
1.658234577917028219e-05
6.779231625841930509e-05
3.711327372002415359e-05
4.388218803796917200e-05
1.413648424204438925e-04
4.570795681502204388e-06
8.455500619675149210e-07
6.222207048267591745e-06
7.708503981120884418e-04
2.233715167676564306e-05
6.445449344028020278e-06
1.530937151983380318e-04
1.051439312504953705e-06
6.493538967333734035e-05
3.087671357207000256e-04
1.950766659319924656e-07
1.646634773351252079e-04
5.879268883290933445e-06
1.672192229307256639e-05
1.037628976519044954e-06
6.782099808333441615e-05
5.169636278878897429e-05
9.746046998770907521e-05
4.811946382687892765e-06
9.058550887175442767e-08
1.402439283992862329e-05
4.281026122043840587e-05
4.206800367683172226e-04
2.385277184657752514e-04
1.007003447739407420e-05
7.449795026332139969e-03
2.565823495388031006e-03
3.078308363910764456e-04
1.555149765408714302e-06
4.332555399741977453e-04
3.429445314395707101e-06
6.913401193742174655e-06
7.900552532191795763e-07
1.775292548700235784e-05
2.826089075824711472e-05
3.711487863711226964e-07
1.334354397840797901e-03
6.394268712028861046e-05
5.117276486998889595e-06
1.437631112821691204e-06
2.363612176850438118e-03
1.799474034669401590e-06
1.830590576901158784e-06
1.543299913464579731e-05
1.835810980992391706e-04
5.227387373452074826e-05
1.513519883155822754e-02
4.888637704425491393e-06
5.194098048377782106e-05
4.670856287702918053e-04
1.046063029207289219e-03
2.171976660747532151e-07
3.233934694435447454e-04
5.493390062838443555e-07
4.217783280182629824e-04
2.393782779108732939e-06
9.759357571601867676e-02
2.832072993896872504e-07
7.353577530011534691e-05
2.845495939254760742e-03
6.254224899748805910e-06
3.357100979428651044e-07
2.454571404086891562e-05
1.393219805322587490e-03
6.531935650855302811e-05
9.405637229065177962e-07
1.761964267643634230e-05
5.272113485261797905e-04
9.654445420892443508e-06
7.747033669147640467e-05
7.743672085780417547e-07
8.193875692086294293e-05
9.459842112846672535e-04
6.487596806437068153e-07
8.109236659947782755e-06
7.920862844912335277e-05
2.289012263645417988e-05
3.209947608411312103e-04
3.602948766001645708e-07
2.027391383307985961e-05
1.375579995510634035e-05
1.257897565665189177e-05
4.524597898125648499e-06
4.936213713335746434e-07
3.229756548535078764e-04
8.664953202242031693e-05
1.510362653789343312e-05
1.137876552093075588e-05
5.345873432816006243e-05
2.828979813784826547e-05
3.199551485977281118e-07
2.176955786126200110e-05
1.912351581268012524e-03
1.640385562495794147e-05
2.672445953066926450e-05
3.216299926862120628e-03
4.070654540555551648e-05
1.814888605622400064e-06
1.008688006550073624e-02
1.903903466882184148e-04
1.799533310986589640e-05
4.433150934346485883e-06
2.299058251082897186e-04
2.501761628082022071e-05
1.287517225136980414e-04
3.266833800807944499e-06
2.394265757175162435e-04
7.477750386897241697e-06
1.717292070679832250e-05
5.105789000481308904e-07
5.732510180678218603e-05
7.240205377456732094e-07
4.836579319089651108e-04
1.558719959575682878e-04
3.029518438779632561e-06
9.971194231184199452e-05
5.424838946055388078e-06
5.790215218439698219e-04
7.063148915767669678e-02
8.270885155070573092e-05
3.673721585073508322e-05
2.041339175775647163e-03
8.292399434139952064e-05
9.720700472826138139e-05
5.496385856531560421e-04
9.951073479896876961e-06
1.653877459466457367e-02
1.931503298692405224e-03
2.075864758808165789e-04
1.261366924154572189e-05
6.904499514348572120e-06
2.561942892498336732e-06
4.790589082404039800e-05
7.801299943821504712e-06
2.042859023276832886e-06
2.344710537727223709e-06
2.331223413420957513e-06
6.751397307880324661e-08
7.476067548850551248e-05
1.495228480052901432e-05
1.716948281682562083e-05
3.024279430974274874e-04
1.273233920073835179e-05
1.030454877763986588e-02
3.826359461527317762e-04
1.316907728323712945e-04
3.581819328246638179e-05
1.408466778229922056e-05
8.980191341834142804e-05
2.316209702257765457e-06
4.368402005638927221e-04
7.115938842616742477e-06
3.042980679310858250e-04
1.983478723559528589e-04
8.399009675486013293e-05
2.949596591861336492e-06
9.761663932295050472e-06
1.031460124067962170e-05
1.991558965528383851e-04
7.515613106079399586e-05
2.858824154827743769e-05
4.541020462056621909e-05
4.241204005666077137e-04
1.064670286723412573e-04
1.894396518764551729e-06
1.417221594601869583e-02
7.075606845319271088e-04
2.279352192999795079e-04
4.531204467639327049e-06
3.079010057263076305e-04
4.636343362562911352e-07
3.797791941906325519e-05
2.143868641724111512e-06
2.000750828301534057e-05
2.943213985417969525e-05
8.630366210127249360e-05
2.829634398221969604e-02
2.048307578661479056e-06
7.627831564605003223e-06
7.433705468429252505e-05
2.034695717156864703e-05
9.521913852950092405e-06
7.213585195131599903e-05
1.139754385803826153e-04
1.983353740797610953e-06
1.012636312225367874e-05
4.125464693061076105e-05
1.555623457534238696e-04
7.437466592818964273e-06
1.213165433000540361e-06
2.138323907274752855e-05
7.875914889154955745e-07
2.506537930457852781e-05
1.739015351631678641e-05
5.152357971383025870e-06
1.146651775343343616e-04
2.605757035780698061e-04
4.146488208789378405e-05
4.753047600388526917e-03
6.099065649323165417e-04
5.902527391299372539e-06
1.957881750058731996e-06
7.418843597406521440e-05
9.305912681156769395e-05
6.064595654606819153e-04
3.140583885397063568e-06
8.774140951572917402e-06
3.209557849913835526e-03
1.272213878110051155e-03
8.951136805990245193e-06
2.796856961140292697e-06
1.769000300555489957e-05
4.673059447668492794e-05
6.526097877213032916e-06
3.309758540126495063e-05
3.662576546048512682e-06
1.777965342625975609e-03
5.015031547372927889e-06
5.647320722346194088e-05
6.388057954609394073e-05
3.645553078968077898e-06
7.318048301385715604e-05
7.718920187471667305e-07
4.452722350833937526e-05
3.129924380118609406e-06
1.093785840566852130e-06
6.613726873183622956e-05
1.008003710012417287e-05
2.212791703641414642e-03
7.921006181277334690e-05
9.475727711105719209e-05
1.210565187648171559e-06
1.353611696686130017e-05
1.833484759572456824e-07
4.875712911598384380e-04
8.568117627874016762e-04
9.697852874523960054e-06
6.520838360302150249e-05
8.320676715811714530e-05
7.973353785928338766e-05
2.001311986532527953e-05
1.121995319408597425e-05
4.572358375298790634e-05
6.589796157641103491e-06
9.483651410846505314e-06
8.867729661687917542e-07
4.771081512444652617e-05
3.661813025246374309e-05
1.327480655163526535e-03
1.134508347604423761e-04
5.683347117155790329e-04
6.009652679495047778e-06
1.090912246581865475e-05
1.654918560234364122e-05
1.070604193955659866e-04
1.199594116769731045e-03
7.734877726761624217e-06
9.106802754104137421e-03
8.106001769192516804e-05
2.106002357322722673e-04
1.640288610360585153e-05
1.832153939176350832e-04
4.299006832297891378e-06
3.662120798253454268e-05
4.244708179612644017e-05
4.772571628564037383e-05
8.364334644284099340e-05
2.488350946805439889e-05
2.059320286207366735e-05
1.612376877346832771e-06
2.077409362755133770e-06
6.662776740995468572e-06
7.892096618888899684e-05
3.347358415339840576e-06
1.409347419212281238e-06
7.836697041057050228e-04
7.725648174528032541e-05
8.148847427946748212e-07
5.519942351384088397e-05
2.283009234815835953e-04
2.507098542992025614e-06
1.419518866896396503e-05
5.002578254789113998e-04
1.928269557538442314e-05
2.238833621959201992e-05
3.409647615626454353e-04
5.833538598380982876e-04
2.401885694780503400e-07
3.484862099867314100e-05
7.694787200307473540e-05
2.233308293853042414e-07
2.689763789476273814e-07
1.314472901867702603e-04
2.180818701162934303e-04
1.451101968996226788e-03
1.166079800896113738e-05
1.158954473794437945e-04
2.562519803177565336e-04
1.987998075492214411e-05
1.654341234825551510e-03
1.603440032340586185e-04
8.569902856834232807e-04
4.381340113468468189e-05
2.315805468242615461e-04
2.878112718462944031e-03
9.930355008691549301e-05
5.534010124392807484e-04
5.598490702141134534e-07
2.960804977192310616e-06
2.779715032374951988e-05
4.544845796772278845e-05
2.764576038316590711e-06
2.347967587411403656e-03
2.876202925108373165e-04
4.145787097513675690e-04
9.089263156056404114e-03
9.603438957128673792e-05
1.037354380173383106e-07
8.128125773509964347e-05
3.703974289237521589e-05
5.278205571812577546e-05
9.358698775940865744e-07
3.132896090392023325e-04
1.958568172995001078e-04
5.373544354370096698e-06
2.870410215109586716e-03
1.921142211358528584e-05
2.017659717239439487e-04
3.975874733441742137e-06
1.347774086752906442e-04
5.234811033005826175e-05
8.614918624516576529e-05
6.134963041404262185e-05
2.302717120983288623e-06
7.667010493150883121e-08
5.627793725579977036e-04
3.250837908126413822e-04
4.992850335838738829e-06
1.963982067536562681e-04
2.491407030902337283e-05
7.078531893967010546e-07
5.657093788613565266e-05
9.098989153244474437e-07
4.240908659994602203e-03
1.870685140602290630e-03
7.298633863683789968e-05
7.655586955479520839e-07
3.508299123495817184e-04
1.665541931288316846e-04
7.365368219325318933e-05
5.279955439618788660e-05
7.003504379099467769e-06
4.012612407677806914e-05
4.998287186026573181e-04
3.238520491777308052e-07
4.116610216442495584e-05
3.536432341206818819e-04
8.461644029011949897e-05
2.684879291336983442e-04
3.682654350996017456e-04
1.261395809706300497e-04
3.192450094502419233e-04
2.994370879605412483e-05
2.059955004369840026e-04
9.356534064863808453e-06
1.937695014930795878e-05
1.889002451207488775e-04
1.607169451744994149e-06
4.405776417115703225e-05
2.023368142545223236e-05
8.560913556721061468e-06
4.890561058346065693e-07
7.322359306272119284e-05
2.756780304480344057e-04
3.878229472320526838e-05
1.278144191019237041e-03
2.356559125473722816e-04
9.480410517426207662e-05
9.455957297177519649e-07
1.329703536612214521e-05
3.987760464951861650e-06
2.841376954165752977e-05
8.909389180189464241e-06
4.258286935510113835e-05
1.688783186182263307e-06
1.495058654654712882e-07
3.825856000185012817e-02
8.217124559450894594e-05
2.116984069289173931e-05
4.930162103846669197e-04
1.849230466177687049e-04
1.112205791287124157e-05
3.469521878287196159e-03
6.610923446714878082e-05
2.804764881148003042e-05
3.073882835451513529e-04
1.108671312977094203e-06
9.112684347201138735e-05
4.311620216412848094e-08
3.808346227742731571e-04
3.676155954599380493e-02
1.818800228647887707e-05
1.217484714288730174e-05
2.236311229353304952e-05
3.619169001467525959e-05
6.537089357152581215e-04
2.040955405391287059e-05
6.005298564559780061e-05
6.129421763034770265e-06
7.694339728914201260e-06
5.362806259654462337e-04
5.527344183064997196e-04
4.185712168691679835e-05
6.433860398828983307e-04
1.586944904374831822e-06
4.506367622525431216e-05
7.661054041818715632e-06
3.320540781714953482e-05
1.283266698010265827e-03
9.323893027612939477e-05
2.817469612637069076e-05
6.642142693635832984e-07
1.081696362234652042e-03
3.160967316944152117e-04
1.983250956982374191e-03
1.918307134474162012e-06
2.629506161611061543e-05
1.742612766975071281e-05
2.561775734648108482e-03
2.820001645886804909e-05
5.252982191450428218e-06
6.572737220267299563e-06
2.794189822452608496e-05
7.876121088656873326e-08
1.731743282107345294e-07
7.375574568868614733e-07
5.942414645687676966e-05
6.662872692686505616e-06
3.017363815160933882e-05
2.334164264539140277e-06
1.087170312530361116e-05
2.047950147243682295e-06
2.337463456569821574e-06
3.156425955239683390e-04
1.156775324488990009e-04
9.173245052807033062e-05
5.063908247393555939e-06
7.362762062257388607e-07
3.444807248342840467e-07
1.211239577969536185e-06
7.087303856678772718e-06
5.590322325588203967e-05
1.387754946335917339e-05
6.931929965503513813e-05
3.994211965618887916e-06
6.594441947527229786e-05
1.182244523079134524e-05
1.283622812479734421e-03
1.737708225846290588e-04
1.240273036273720209e-06
1.609985338291153312e-05
1.292300003115087748e-04
1.796923315851017833e-04
3.538687451509758830e-05
4.386415639601182193e-06
2.141779259545728564e-04
4.564522896544076502e-06
4.049567792208108585e-07
5.070683528174413368e-06
1.757197651386377402e-06
3.404469453016645275e-07
1.556568918203993235e-07
2.101189693348715082e-06
4.428903594089206308e-06
6.255691914702765644e-06
7.967143756104633212e-05
7.079557917677448131e-07
1.078756122296908870e-05
1.286255009472370148e-02
1.241090285475365818e-05
1.237810101883951575e-05
1.369232677461695857e-06
2.901647349062841386e-06
1.258062525266723242e-06
1.104290276998654008e-04
1.306871126871556044e-04
9.803132343222387135e-06
9.848496119957417250e-06
3.127403260805294849e-06
1.488307898398488760e-04
4.738944335258565843e-05
2.097946126013994217e-04
3.741000546142458916e-05
6.547927000610798132e-07
1.776444987626746297e-04
4.829619683732744306e-06
3.743001343536889181e-06
7.959214372021961026e-07
2.294529622304253280e-06
1.400835317326709628e-04
1.532344526822271291e-07
9.550925028634082992e-08
1.256639166058448609e-06
3.872175966534996405e-06
1.674245868343859911e-05
1.358305307803675532e-04
1.169806811958551407e-02
