3.706084680743515491e-05
2.504423900973051786e-05
6.157135358080267906e-04
1.932040759129449725e-04
8.860801463015377522e-04
3.200937862857244909e-05
2.006467402679845691e-04
1.398027507093502209e-07
4.539769449252162303e-08
8.722702204977395013e-07
3.693651962066724082e-08
1.860746152715364587e-07
1.325341116853451240e-07
1.945751364473835565e-06
6.332636530714808032e-07
1.021107252086039807e-07
1.107226044183562408e-08
8.812087060050544096e-08
4.047037549526066869e-08
2.970798185231160460e-08
4.495866079423649353e-08
8.663013204568414949e-07
5.728466476284665987e-06
2.798128946324140998e-07
3.556305728125153109e-06
2.079594196402467787e-06
2.814561776176560670e-05
2.617904101498425007e-05
1.031492774927755818e-05
9.732014405017253011e-06
2.619066435727290809e-06
2.249805402243509889e-05
1.000411430140957236e-05
2.397726784693077207e-04
2.499097585678100586e-02
3.029050094482954592e-05
1.417068324371939525e-05
9.633395166019909084e-06
1.839440119510982186e-05
1.588553857345686993e-07
1.481765139033086598e-06
3.478862424799444852e-07
1.168535277429327834e-06
1.395193152120555169e-07
4.553820929231733317e-07
1.096674168366007507e-06
3.340422836117795669e-06
6.163931629998842254e-06
1.172410748040420003e-06
4.491936124395579100e-06
1.603052223799750209e-04
1.142592282121768221e-06
3.264536189817590639e-06
8.772502042120322585e-06
2.728207164182094857e-06
1.416065174453251529e-06
5.794850608253909741e-07
6.479062619746400742e-08
1.441907079424709082e-04
4.864511282676176052e-08
3.864891914417967200e-05
1.840221443671907764e-06
3.622514213930116966e-06
4.078203375001976383e-08
4.740644726553000510e-06
1.233327493537217379e-04
6.384955668181646615e-06
1.168492985925695393e-06
2.815616539919574279e-07
2.605501549624023028e-06
2.120978706443565898e-06
1.327222071267897263e-05
1.516047450422775000e-05
4.878483377979137003e-05
1.231838105013594031e-04
3.907602149411104620e-05
3.741854743566364050e-05
3.360509872436523438e-04
3.342860843986272812e-03
1.714936502139607910e-06
2.702627398321055807e-06
8.585851674069999717e-08
6.535834273790896987e-08
1.333808199888153467e-06
8.392666131840087473e-06
9.688411850561351457e-09
2.173251374415485770e-07
4.586902946357440669e-07
4.382226507004816085e-06
2.254287636560547980e-07
1.403151230761068291e-07
1.659308246360069461e-08
8.981927521745092236e-07
9.944045586962602101e-08
8.246069569395331200e-07
2.874732096813659155e-08
1.911612343974411488e-06
8.900029206415638328e-05
6.013199822518799920e-07
5.699835128325503320e-06
1.296386035392060876e-04
2.779381702566752210e-07
2.910684315793332644e-07
5.761660941061563790e-05
5.367411404222366400e-07
1.399682925118383992e-09
2.580780460448295344e-07
7.543458938598632812e-01
9.004315870697610080e-06
2.686840307433158159e-04
1.779131889634300023e-05
1.244365121237933636e-03
2.436406612105201930e-05
2.113026130245998502e-04
1.573799750076432247e-06
3.065923228859901428e-04
8.595871804573107511e-06
2.393399772699922323e-04
1.284698810195550323e-04
1.866415914264507592e-05
1.388298755955474917e-06
1.624548872314335313e-06
1.970439825527137145e-06
1.168114494021210703e-07
3.141977686027530581e-06
1.102507885661907494e-04
2.919418038800358772e-04
2.781327737011451973e-07
8.023041004889819305e-07
7.043242362669843715e-07
3.465651388978585601e-06
9.618366675567813218e-06
1.020326235448010266e-04
5.769267772848252207e-06
5.747381237597437575e-07
6.256248980207601562e-06
8.331432468366983812e-07
5.139886343386024237e-05
1.487773147346160840e-06
4.612433031070395373e-07
7.148100849008187652e-07
8.958359671851212624e-07
8.723226301299291663e-07
2.284251934270287165e-07
1.311950327362865210e-04
1.248820240107306745e-06
1.295261540690262336e-06
1.090976526029407978e-03
1.159296807600185275e-04
6.837947294116020203e-04
1.635881344554945827e-04
1.917484496516408399e-06
1.705250696204529959e-08
1.368468133478017990e-06
2.019262410613009706e-07
8.933789104048628360e-07
2.271837502121343277e-06
1.098101620300440118e-06
1.265354512725025415e-06
4.342965951309452066e-07
1.671215954957006034e-06
2.342977677471935749e-05
2.637622628753888421e-06
1.208697767651756294e-06
1.574001544213388115e-05
4.230824742990080267e-06
3.936933353543281555e-06
4.365495698266386171e-08
7.283330774043861311e-07
1.296470031775243115e-06
2.749565510384854861e-06
2.570689332515030401e-07
4.534583979420858668e-07
5.757593044108944014e-06
1.268726350645010825e-07
1.923638592415954918e-06
9.184887517221795861e-08
1.806681808602661476e-07
2.451355248922482133e-05
1.129603901972586755e-06
4.298864553220482776e-08
1.325822813669219613e-05
1.249233491762424819e-06
2.001821997055230895e-07
8.780047551226743963e-07
5.753369623562321067e-05
9.213312779365878669e-08
6.577992735401494429e-06
7.183425054790859576e-07
4.932149408887198661e-07
2.896744319969002390e-07
1.637564673728775233e-05
2.771098934317706153e-06
2.330652705495595001e-06
1.260002449043895467e-07
2.875055770346079953e-06
1.324234972344129346e-06
2.205994633186492138e-06
1.061120087797462475e-06
4.121694473724346608e-06
1.583974039931490552e-06
1.440530650143045932e-05
7.249752343341242522e-06
1.490987633587792516e-04
1.785383210517466068e-05
1.344048769169603474e-06
2.691537520149722695e-05
4.336253596193273552e-07
4.387797162053175271e-06
1.963912291103042662e-05
1.091228227778628934e-06
1.131504632212454453e-06
7.373518656095257029e-06
9.971814506570808589e-06
4.132959475100506097e-06
1.264888851437717676e-06
8.332422112289350480e-06
1.497032280894927680e-05
3.255091314713354222e-06
9.299938938056584448e-06
1.003665275334242324e-07
1.118474210670683533e-05
3.623541999786539236e-07
5.208334914641454816e-05
6.136752290331060067e-06
5.581507593888090923e-07
7.191355689428746700e-05
1.868892468337435275e-06
9.126601412390300538e-07
5.628304643323644996e-05
7.272684001691231970e-07
1.761185194482095540e-05
4.326981979829724878e-06
1.325882749370066449e-06
4.938565325574018061e-05
4.346963123680325225e-06
1.019057094708841760e-06
1.850547960202675313e-05
1.146460590462083928e-06
2.197492904087994248e-06
1.190878720080945641e-05
6.409964043996296823e-06
1.555672042741207406e-06
4.176534105226892279e-07
4.672957629736629315e-07
1.110646917368285358e-05
4.849921992899908219e-07
3.717638901434838772e-05
3.134132566628977656e-05
3.798743637162260711e-05
2.185619450756348670e-06
6.310006574494764209e-05
3.711244573878502706e-07
5.596460596279939637e-06
2.372428980379481800e-06
4.992075446352828294e-06
9.090599633054807782e-06
6.515704740195360500e-07
1.820784382289275527e-05
5.300201451063912828e-07
1.388697342008526903e-06
8.939348816738856840e-08
6.410838437886923202e-08
9.224637324223294854e-06
1.645886950427666306e-04
3.466380178451800020e-07
1.063224459585399018e-07
1.028322799356828909e-06
5.702624505943276745e-08
1.128415192397369538e-06
7.348019153141649440e-07
1.951282513346086489e-07
3.239458919779281132e-06
2.424940248602069914e-06
1.250308514499920420e-06
1.326954901514909579e-07
1.488706260488470434e-07
1.198113466216454981e-07
2.961077996133099077e-07
5.236826837062835693e-06
2.701427774809417315e-07
1.575422970745421480e-06
3.795299789999262430e-07
8.741406531953543890e-07
1.919175787179483450e-07
5.899701136513613164e-07
7.863267455832101405e-06
2.870874560301217571e-08
1.370473370343461283e-07
8.748698832050649798e-08
7.593151281071186531e-07
1.852250441913838586e-08
3.681194016280642245e-07
2.456076231283077504e-08
1.635651045717168017e-07
4.270844328857492656e-06
9.264349500881507993e-05
2.679484794043673901e-07
3.719626207043802424e-08
8.348683522285682557e-09
3.683299382828408852e-06
4.359324157121591270e-05
5.084997246740385890e-05
1.815222276491113007e-05
9.516083810012787580e-05
7.015392384346341714e-06
3.823744464170886204e-06
3.018795105163007975e-04
2.842060166585724801e-05
3.037360511370934546e-05
6.323105772025883198e-04
1.348146497548441403e-06
2.197433133233062108e-07
1.945191115737543441e-06
2.969066372315865010e-05
3.801044670126429992e-07
6.794896023620822234e-08
5.908448201807914302e-06
2.247185329906642437e-05
4.540077043202472851e-06
4.427811290952377021e-06
2.381934791628737003e-06
1.712489211058709770e-05
3.335579208396666218e-07
1.187690585879863647e-07
8.868134500517044216e-06
8.694129064679145813e-06
4.216521629132330418e-04
1.597131995367817581e-05
1.651137863518670201e-04
5.636337846226524562e-06
6.849385044915834442e-06
5.079744823888177052e-06
2.816121741489041597e-05
1.438623655758419773e-07
2.530775233822168957e-08
4.567469602534401929e-07
3.986870069638825953e-05
1.040703864418901503e-05
1.813655330806795973e-06
6.352307195811590645e-07
2.841197328962152824e-06
5.144608508089731913e-07
1.997274921450298280e-06
5.872005931450985372e-05
1.681821959209628403e-05
8.366399015358183533e-06
2.232989390904549509e-05
1.212691586260916665e-06
2.711059323701192625e-07
8.500095646013505757e-06
5.403372824730467983e-07
2.484889982667937147e-08
1.710652668407419696e-07
3.365163081525679445e-07
3.331204823098232737e-07
1.481940444136853330e-06
7.234906661324203014e-05
3.965208634326700121e-06
8.414860985794803128e-07
2.815112020471133292e-05
4.975900992576498538e-06
2.249395691933386843e-07
6.234301508811768144e-06
1.441049221284629311e-06
3.811150008914410137e-07
1.387789723139576381e-07
6.014160192080453271e-08
2.657789899274121126e-08
6.143866215779780759e-08
3.329902575899268413e-09
2.563303125313609598e-09
4.885550186628506708e-09
6.230018279040905327e-09
2.341304536912502954e-07
1.103565949733820162e-08
5.577689421443210449e-08
8.305879539705074421e-09
1.003709186875312298e-07
9.379791521268998622e-08
9.335813189181862981e-08
6.825746368122054264e-08
7.300671001075897948e-08
2.532828773382789223e-07
1.334698573884907091e-08
2.612419666547793895e-05
5.375682576413964853e-06
4.773180961592515814e-08
3.002217283665231662e-07
1.357647033728426322e-05
1.154753408627584577e-05
2.975762254209257662e-05
1.755000848788768053e-04
9.539530765323434025e-06
1.047288969857618213e-05
5.268156746751628816e-05
1.596538932062685490e-04
2.869022864615544677e-05
2.092945578624494374e-05
2.462431075400672853e-05
2.185482799177407287e-07
9.950561974392257980e-08
4.070269369549350813e-06
3.207783156540244818e-04
5.843409235239960253e-05
5.896396934986114502e-03
1.976334971232063253e-07
1.013819201034493744e-05
3.177063945258851163e-07
4.105349362362176180e-04
1.546890416648238897e-04
2.616261838284117403e-07
5.153201709617860615e-05
9.938992207025876269e-08
3.144683068967424333e-05
3.366345708855078556e-06
5.123163759890303481e-07
2.336915954947471619e-02
1.672853613854385912e-06
1.181783227366395295e-04
3.177786766173085198e-06
1.074496822184300981e-06
4.967806944478070363e-06
3.567517126157326857e-07
1.916146402436424978e-06
4.208320169709622860e-04
3.004414429597090930e-05
8.611071971245110035e-04
3.867841951432637870e-05
2.339744241908192635e-05
2.135736849595559761e-06
3.276794359408086166e-06
7.227089326988789253e-08
3.390007768757641315e-04
4.106647338630864397e-06
1.828637687140144408e-05
5.474430508911609650e-06
2.125058526871725917e-04
8.183138788808719255e-07
1.962179567271959968e-06
1.702924419078044593e-05
1.948286990227643400e-05
1.326905021414859220e-06
1.216554737766273320e-04
3.285942966613220051e-07
2.748640099525800906e-06
6.768757884856313467e-05
1.676123429206199944e-05
7.154654895202838816e-07
5.048267212259816006e-06
6.769502761017065495e-06
6.667218599432089832e-07
2.306782880623359233e-05
3.571008022618116229e-08
6.778957395425777577e-09
2.679357385204639286e-05
1.056420302347760298e-07
1.780690035957377404e-05
7.717111429883516394e-07
6.766611022612778470e-06
2.141624281648546457e-05
4.777586468662775587e-07
1.139549794970662333e-06
2.381512604188174009e-04
1.792861468175033224e-07
2.364605506954831071e-07
3.012664606671933143e-08
1.971202934214488778e-08
1.983235051739029586e-06
1.222599621542030945e-07
5.728933274440350942e-07
2.950586349470540881e-05
1.235752097272779793e-05
2.336869613372982712e-07
6.050342562957666814e-05
4.369955058791674674e-05
4.724799964606063440e-07
1.493400958452184568e-08
7.963824941725761164e-07
9.433527026203591959e-08
2.202381438110023737e-06
8.207789505831897259e-07
3.863242881152473274e-08
2.171981395804323256e-05
1.084507516679877881e-06
5.114259238325757906e-07
4.271650595910614356e-06
1.625239383429288864e-05
6.290317833190783858e-05
3.548185759427724406e-06
2.741798016359098256e-05
1.939611820489517413e-06
1.254478092960198410e-06
9.601196779840392992e-07
1.115883605962153524e-06
6.010791366861667484e-07
3.034443579963408411e-06
4.322797394706867635e-05
2.902396545323426835e-07
1.363442247992452394e-08
6.665607088507385924e-06
3.661209848360158503e-05
1.195694276248104870e-04
1.209715446748305112e-05
1.030686507874634117e-05
2.925939952547196299e-06
6.869209414617216680e-07
8.737022290006279945e-05
1.313127313551376574e-07
2.774321927745404537e-08
2.247754309792071581e-04
5.597554419978223450e-08
1.031003534990304615e-06
1.432084536645561457e-05
1.041480300045805052e-05
2.039597893599420786e-05
1.001372584141790867e-05
1.610857907508034259e-05
4.990235902369022369e-05
1.275344516216136981e-06
1.309869844590139110e-06
1.608255161045235582e-06
6.085163477109745145e-06
9.919391231960617006e-06
3.795625502789334860e-07
8.678087510816112626e-07
4.551995047563650587e-08
2.204428994900808902e-07
2.778514840429124888e-07
1.196759740196284838e-06
7.558764082205016166e-06
7.989853401113578002e-08
1.080948734966113989e-07
2.096552407238050364e-06
3.916146852134261280e-06
3.375193680099641824e-09
1.476505713071674109e-05
4.061037998326355591e-06
7.052336150081828237e-05
8.276477274193894118e-06
1.115191116696223617e-04
1.495282867836067453e-05
1.227552274940535426e-05
7.005483439570525661e-06
7.563223825002296508e-09
3.792669303948059678e-05
2.970948571601184085e-06
1.729163500385766383e-06
3.969654471802641638e-08
8.629289368400350213e-05
2.348368610682882718e-09
8.821879191600601189e-07
1.159722101874649525e-03
1.512061317043844610e-06
7.051755092106759548e-04
1.665405648054729681e-06
3.168981638737022877e-04
2.983950707857729867e-06
6.002032932883594185e-07
8.935152436606585979e-05
5.359171700547449291e-05
8.625356144875695463e-07
7.855067960917949677e-03
9.124267990046064369e-07
5.358877785965887597e-08
1.571942084410693496e-05
8.617405455879634246e-07
1.473839716936709010e-07
1.369491019431734458e-05
3.407222948226262815e-06
2.365817090321797878e-05
6.576826194759632926e-08
2.872699951694812626e-05
1.869249786068394314e-07
5.569126642512856051e-06
7.371739485506623168e-08
9.399092846251733135e-07
3.306320422780117951e-06
2.204541488026734442e-06
1.737477219876382151e-07
2.781723378575406969e-05
2.198556649091187865e-05
1.149090866903179631e-08
8.714353683103581716e-09
1.503507792222080752e-05
5.791016883449628949e-05
4.482519386783678783e-07
1.871284098342584912e-06
7.895274757174775004e-05
3.616663207139936276e-06
1.175655597762670368e-06
1.646857272135093808e-04
1.996698699713306269e-07
6.330080395855475217e-06
4.897331564279738814e-06
2.870131368126749294e-07
1.918830776048707776e-06
6.310737177273040288e-08
6.475875125033780932e-08
3.904681943822652102e-05
1.101737871067598462e-05
1.281767345062689856e-05
3.407453519344016968e-08
3.422269685415813001e-07
3.373789240868063644e-06
6.462111741711851209e-06
2.106246029143221676e-06
2.069261427095625550e-06
9.413665793545078486e-06
5.420482693807571195e-07
1.885362144093960524e-04
2.095016418024897575e-03
3.905381333879631711e-07
4.688261469709686935e-06
2.664090061443857849e-05
1.141556481343286578e-06
8.638660423457622528e-03
9.442533337278291583e-05
1.874087138276081532e-05
1.236316165886819363e-04
6.312955520115792751e-05
7.552981173830630723e-07
2.967827867905725725e-06
1.042238366721903731e-07
1.400572324783411204e-09
1.966737763723358512e-04
1.225868231813365128e-06
8.515149474419558828e-09
1.483524247305467725e-04
7.937476311781210825e-07
1.584424239808868151e-06
2.834646329574752599e-05
1.457007954286382301e-07
3.264590588969440432e-07
2.932949655587435700e-06
4.157651801506290212e-06
3.154165096930228174e-05
2.289509400725364685e-03
7.972215098561719060e-05
5.281436824589036405e-05
1.479536990700580645e-06
4.346045170677825809e-05
2.817752147166174836e-07
8.633672223368193954e-06
7.038709668449882884e-07
2.100642268487717956e-05
2.058981226582545787e-05
2.963574161185533740e-06
6.053274432815669570e-07
5.051902917330153286e-06
2.139146272384095937e-05
3.546325160641572438e-06
1.441141421310021542e-06
1.101288830795965623e-06
1.373642021462728735e-06
7.140218076528981328e-05
4.615696070686681196e-06
2.221589420514646918e-05
4.983492195606231689e-03
4.607732932981889462e-07
4.068317593919346109e-06
1.878363491414347664e-07
2.726354182414070237e-07
1.946219072124222293e-06
1.322226762567879632e-05
9.539812850789530785e-08
8.050357109823380597e-07
1.672294445143052144e-07
1.406488627253565937e-05
1.042275223881006241e-03
2.147001623598043807e-06
1.738901147518845391e-07
2.752221917035058141e-05
1.790438659554638434e-07
2.218782583440770395e-06
8.853345434545190074e-08
9.147962742872550734e-08
1.516543989055207931e-06
9.168676911031070631e-07
6.745754490111721680e-06
3.062363930439460091e-06
6.346668897094787098e-07
2.015454356296686456e-06
1.311905816692160442e-05
3.638203054379118839e-07
4.224595159030286595e-06
3.582182017680679564e-08
5.511908085509276134e-08
7.520784492953680456e-06
2.893010560001130216e-06
4.710223038273397833e-07
1.941096707014366984e-05
7.970842489157803357e-06
1.504501269664615393e-04
4.415630610310472548e-05
7.444923976436257362e-04
4.749475920107215643e-05
6.111789389251498505e-06
2.409172168427176075e-07
2.592395048850448802e-06
1.403073656547348946e-05
5.855959281325340271e-02
3.506075074710679473e-08
1.207948685078008566e-06
1.435616559319896623e-05
1.223128606397949625e-06
2.361134221473548678e-08
4.057449132233159617e-06
9.711807251733262092e-07
1.042054464051034302e-05
2.118403244821820408e-06
2.913085154432337731e-06
4.570092642097733915e-05
5.326414225237385835e-07
2.874584197343210690e-06
5.149092430656310171e-06
1.676615065662190318e-04
5.479437277244869620e-07
2.762887106655398384e-06
2.407709018825698877e-07
1.782051526788563933e-06
2.361966471653431654e-05
8.930233889259397984e-04
8.201409400498960167e-06
8.377017366001382470e-06
2.563340046890516533e-07
2.051377201439663622e-08
3.962980554206296802e-05
8.988025001599453390e-06
6.707792863380745985e-07
4.446497314347652718e-06
2.987663901876658201e-04
1.162590024250675924e-07
6.800523806305136532e-06
9.463704486734059174e-08
1.990152522921562195e-04
9.209952622768469155e-07
4.740825261251302436e-06
1.409841934219002724e-05
1.747810301822028123e-06
1.112556091698024829e-07
3.465577538008801639e-05
4.010149723399081267e-07
7.394803560600848868e-07
8.690813956491183490e-06
5.224973875783689437e-08
2.666815089469309896e-05
2.625738852657377720e-04
1.728598908812273294e-05
3.709220618475228548e-05
3.308632585685700178e-06
9.437454764338326640e-07
3.217094899810035713e-06
9.220560173162084538e-07
1.460176008549751714e-06
1.631968480069190264e-04
1.058981943060643971e-04
2.890987218506779755e-07
3.896312045981176198e-05
5.060980470261711162e-07
1.203092438117892016e-06
2.654772742971545085e-06
3.538019939242076362e-07
4.163448608096587122e-08
1.499423945006128633e-07
7.922782288005691953e-07
8.987891320089147484e-09
5.025632617616793141e-06
5.492527270689606667e-04
2.549070586610469036e-06
2.398558171989861876e-05
2.544722747188643552e-06
5.727223833673633635e-05
1.199601570078812074e-06
1.451612934033619240e-05
4.262708534952253103e-05
2.011208198382519186e-05
1.326723797490103607e-08
2.055748382190358825e-06
7.268541139637818560e-06
8.806836376606952399e-06
8.045728527861228940e-09
9.872947885014582425e-06
4.809385791304521263e-05
4.164625977409741608e-07
5.636181867885170504e-06
1.256821633432991803e-06
5.513646101462654769e-05
5.273280834217075608e-08
1.116799239753163420e-06
1.168774269899586216e-05
1.080377933249110356e-05
3.364272997714579105e-04
6.718593681398488116e-07
1.495926990173757076e-04
9.341198019683361053e-03
9.267115819966420531e-05
3.156130333081819117e-05
8.913049782677262556e-07
4.643345050681091379e-07
1.557286282150016632e-07
3.854607348330318928e-05
7.407621887978166342e-05
2.166214108001440763e-05
9.705104275781195611e-07
3.732498953468166292e-05
1.902006624732166529e-05
1.997475919779390097e-05
8.505796431563794613e-04
1.366556148241215851e-06
2.865141546237737202e-08
8.009291718735767063e-08
7.607758016092702746e-05
9.829540204009390436e-07
7.008964985288912430e-06
7.382631883956491947e-04
2.211970240750815719e-05
6.082558456910192035e-08
3.348832615301944315e-05
4.977968046659952961e-07
3.540782699928968213e-06
2.695550028875004500e-05
2.094343290082179010e-05
1.445680481992894784e-07
6.698517972836270928e-05
2.604819542284531053e-07
4.533877017820486799e-06
4.362632211041272967e-08
5.815059921587817371e-06
8.502563559886766598e-07
1.111417759602773003e-06
1.484121980865893420e-07
1.913669075293000787e-05
1.164434870588593185e-04
5.766137746832100675e-06
2.796457465592538938e-06
5.311926724971272051e-05
2.211713035649154335e-05
1.040437382471282035e-06
3.919227674487046897e-05
3.782196245083468966e-06
1.860315205703955144e-05
2.465721081534866244e-05
5.159990450920304283e-06
1.492325554863782600e-05
1.031532747219898738e-06
1.193325260828714818e-05
1.249322139074138249e-07
6.329400434879062232e-07
1.624346054995839950e-06
5.152614448888925835e-06
2.064425279968418181e-05
2.107936961692757905e-05
1.920301571090021753e-07
5.540812821891449858e-07
8.450722089037299156e-05
5.700952101506118197e-07
3.027429613666754449e-07
3.219610107407788746e-07
1.970029046560739516e-07
1.771952895524009364e-08
3.510858732624910772e-05
1.661091118876356632e-06
2.719795233474542329e-08
8.644032618576602545e-07
1.750084237528426456e-07
1.794221498130355030e-05
4.894172889180481434e-07
2.859354935935698450e-06
3.409451528568752110e-05
1.119609714805847034e-05
4.276858453522436321e-05
2.391813950453069992e-06
7.113072797437780537e-07
4.276599611330311745e-06
8.474638889310881495e-06
2.781145121844019741e-05
3.445818563818647817e-08
1.751776679270733439e-08
4.483624652493745089e-04
5.402417627919930965e-06
7.985877203964264481e-08
4.637965503206942230e-06
8.852400242176372558e-06
2.042517553491052240e-05
2.441152464598417282e-04
1.260817441561812302e-07
1.180760250463208649e-06
6.497848971775965765e-06
1.040336610458325595e-05
9.874793249764479697e-06
9.882909601799383381e-09
4.255204985383898020e-04
5.766385584138333797e-06
4.610016731021460146e-06
5.120917194290086627e-05
3.930480943381553516e-06
3.919208495517523261e-07
5.290914486977271736e-05
4.287155206839088351e-06
3.163487417623400688e-04
4.848483285968541168e-07
5.391770514506788459e-07
9.941229109244886786e-06
1.569207059219479561e-03
2.457666050759144127e-05
1.276096440960827749e-06
4.899707710137590766e-05
1.025353703880682588e-04
1.862206545411027037e-06
2.180162118747830391e-05
2.112582878908142447e-04
3.021947350134723820e-06
1.075211446732282639e-02
2.078292709484230727e-05
1.446328042220557109e-06
4.108134089619852602e-05
9.381250492879189551e-06
3.594455506572558079e-07
1.073321072908584028e-06
1.287797431359649636e-06
6.327958544716238976e-05
1.978030923055484891e-06
6.977602993174514268e-07
4.182293764642963652e-07
6.218693329174129758e-07
6.837587385177812394e-09
2.817527722243085009e-08
2.212617857821896905e-07
1.483496544096851721e-05
1.108402543081865588e-07
3.457858497313281987e-07
1.061409534486301709e-06
3.405473592010821449e-07
8.912577698083623545e-08
6.950872943889407907e-08
2.238716518832006841e-07
1.796956041744124377e-07
2.791311430883069988e-07
1.684574044702458195e-06
2.444359051878564060e-05
2.506109467503847554e-06
5.701670033886330202e-07
5.231400791672058403e-06
4.791349894617269456e-08
1.961288944585248828e-06
2.468001639499561861e-06
2.852311881724745035e-04
9.370100087835453451e-06
2.724898695305455476e-05
7.257188826770288870e-06
3.201829167664982378e-05
1.337572257398278452e-06
7.927777687655179761e-07
3.863512120005907491e-06
1.280578345586036448e-07
4.531118946715650964e-08
5.565715355260181241e-07
1.857575407484546304e-04
1.009956207553841523e-07
1.022457851718172606e-07
1.654067773415590636e-06
3.269630255431366095e-08
1.968032137256159331e-08
1.693559248394649330e-08
2.030766665939154336e-09
1.219074329128488898e-05
6.056857415615013451e-08
1.983812126127304509e-06
2.115303203709117952e-07
4.587821968016214669e-05
9.391890838742256165e-03
1.100129884434863925e-04
7.337281480431556702e-03
5.497028905665501952e-05
2.112970651069190353e-05
1.846747763920575380e-04
3.306215148768387735e-05
1.570193562656641006e-03
1.027019789034966379e-05
2.315671281394315884e-06
1.819554313442495186e-06
3.361177959959604777e-06
2.819283306598663330e-02
5.181097731110639870e-05
8.337354665854945779e-05
1.378605361423979048e-06
1.136115315603092313e-06
8.601120498497039080e-06
1.841486482589971274e-05
6.099124050251703011e-08
5.450181106425588951e-06
3.133158024866133928e-04
1.632985657806784729e-07
1.246076226379955187e-05
1.538925516797462478e-06
2.241113321588272811e-07
4.191481639281846583e-05
8.964526386989746243e-06
5.271297777653671801e-05
