1.178915009964841205e-22
1.098010050836880307e-23
4.531450491930339296e-21
2.668351594194018220e-25
1.209914592967385427e-22
2.696768336152342118e-25
7.089657506675681541e-26
5.523250648671985648e-23
4.750937490797303594e-18
3.816808195514514922e-22
1.593714184362999998e-20
8.432045863486010435e-23
5.528091874264349262e-18
2.107808413074498720e-23
2.816890947203513859e-24
7.900253132209245951e-25
6.258603610941061081e-19
1.446790779470147221e-23
1.716186620830941708e-24
2.864769203238002206e-23
2.601088816907714993e-23
1.345443452393688171e-23
5.677181077107761682e-24
4.620231980875114342e-26
2.815293361875478370e-22
3.374402693636450054e-23
2.937917152199297604e-27
1.087670199502734966e-25
1.462756693103096323e-23
6.335052245892185664e-29
4.085960821591898909e-21
8.137218250946157836e-23
2.798210977972452333e-18
1.500307728209638890e-18
1.518450983688285116e-17
2.851669231118705137e-19
2.049522079683785739e-16
3.805024096901450311e-19
1.170542256267498190e-25
3.311125151397635822e-19
1.126895754826139992e-22
1.021703462899648555e-21
1.276343717674807898e-18
8.460250793766927594e-20
1.246860420146868382e-22
1.790773728653063221e-21
5.569846907916737604e-21
3.496784681206265295e-23
2.838546204571007420e-20
2.355490296350120340e-21
1.593306894846545666e-20
1.882165344086481346e-19
7.217301614487156060e-28
6.830419170218195393e-27
4.035984299679162159e-22
8.679787844211855279e-30
4.136573579127136679e-27
9.018582657312428423e-26
1.389180898650580905e-22
7.902156160535478490e-24
4.169605588789311039e-27
4.364247233428478215e-26
3.983286087736555325e-25
1.567977991592984156e-26
1.084645072005607937e-26
5.469924538947563624e-25
2.125700882810178577e-24
4.236217291289232745e-21
5.023613262876587406e-21
1.021625233141399597e-22
5.432559254703252026e-24
3.494561014843079340e-21
8.667930656934744774e-25
9.567133806284238557e-21
8.901611610288860755e-28
4.776498709431339013e-21
8.766769642990872573e-23
6.907122513430429144e-24
3.450476892617334559e-21
1.575596909464171326e-21
3.372077093822535061e-21
7.037394056685540768e-23
2.087517705212751119e-21
1.872529385914883596e-23
1.184587604980587537e-27
1.355040689990396308e-21
1.736636766947965338e-22
2.603034147899990009e-23
3.945844067047688354e-23
2.187337740778717114e-24
4.390404989354306697e-22
2.142551228515970265e-18
3.310880016342326376e-22
6.452711558316859159e-21
3.418665981950988631e-21
7.808131355925642960e-23
1.296689136031693129e-20
1.314170481755830556e-24
1.962554583767670162e-27
2.520002751093133455e-24
9.231268614469281274e-23
2.554278070253182261e-28
5.285468029434688703e-21
3.615994422417915281e-24
2.342073990629176411e-24
2.805112919547125807e-27
1.329011444649401431e-18
5.243363070670506829e-26
6.111818634097679038e-22
4.769292025222886603e-27
6.540305742376732149e-24
3.683252466538787182e-23
6.385815588098620495e-20
2.596269141642227793e-17
5.782399739076592847e-24
3.679721811089096075e-26
1.202730626030154925e-23
8.289962295689353886e-22
1.246594605576245110e-21
2.932928342228859845e-16
1.033920633780340508e-21
7.016232292651215961e-19
2.949299498873651100e-22
5.786035740579822647e-18
3.138274802839010544e-25
3.396582279079740158e-20
1.202014478378872660e-24
5.662454306184733745e-23
6.891230121633846640e-23
5.156237719465596396e-22
1.806641356528109027e-24
6.390767420290290539e-26
1.049607660825821146e-25
1.923342357358594494e-25
1.765777073190527820e-28
1.515941253570990015e-22
1.308924058176018728e-21
3.874768015031637278e-23
9.603967369090577700e-26
7.240553852005822999e-19
2.439043283019578590e-17
1.081234182273215166e-16
3.068074890115442776e-21
1.498010907383291474e-15
1.660173602742821699e-21
1.304888226655031080e-25
2.153597191620850258e-18
6.549397127651132744e-23
1.483396292055117831e-23
5.582206832484322790e-28
5.745462068312953609e-16
9.789962626740872200e-24
5.489097389096985075e-23
6.362935498515159492e-27
3.732482430803991075e-26
4.111828075643682841e-26
1.016157051294799280e-21
5.189289602999163602e-22
3.325067017079565887e-23
8.168446414284598898e-22
5.515348987521380419e-14
7.122913647005209228e-20
7.380733888593197149e-21
4.974589757638778664e-19
1.055056716542559154e-22
1.134216097259874715e-19
2.020090974231350378e-21
5.340344738486942945e-16
2.033385815883273808e-24
3.665840570866567965e-24
1.300788639790113922e-24
3.580763493649405042e-21
7.524117448674559991e-23
4.613316242826079674e-16
4.718633729927685947e-22
1.270402208581810212e-19
1.511679054536660492e-15
1.146742643231723010e-24
9.108728381401878698e-24
5.347060592547854717e-20
1.931559222674734974e-21
6.259120295901319118e-22
2.787661736825410433e-19
9.019525094644753993e-23
1.516922328324377178e-25
3.215475930722656427e-20
1.113739447991277654e-18
2.363242085366928926e-19
9.940088864969084910e-21
2.944023812093401137e-17
1.195135752175903110e-20
1.522718015557655223e-20
6.040273380834785643e-28
5.492954350943664063e-22
6.996641553818663191e-19
1.699113107044017044e-24
1.246104249637559729e-22
7.028538461935710734e-24
1.995947488627298385e-28
7.336852852416874543e-15
1.805155331909289893e-22
4.941200547589590346e-22
8.034703164443533972e-27
3.104497721447425926e-23
3.082800624869671705e-27
4.199097510813817694e-22
1.950496650697628603e-24
1.387822899254146222e-25
4.222322143843376041e-23
2.018375660238592031e-26
1.258767165682493522e-26
1.884721130230878465e-21
1.694295075894877539e-27
2.910672072679726618e-22
8.559262762125876470e-19
1.264475745297173730e-25
2.523538217411055052e-20
1.365436505878171196e-25
1.715473096142169303e-24
5.223572059057777652e-21
2.623934517761551168e-20
3.490347576219661839e-23
3.188849106881037154e-26
2.093216538965694839e-16
1.959876271689919847e-12
3.518006112407541613e-22
2.235329185731330193e-21
3.923629428412302573e-23
3.033307984714171187e-25
9.013708507646197384e-24
7.484583526637227941e-23
6.278424280134509449e-20
1.287702311430380321e-21
1.026134318811552630e-26
4.861283221607367393e-26
2.726829427012188810e-18
2.795640464227250514e-25
1.775547615087917625e-24
9.667130041821994717e-23
2.132218618216537760e-20
6.233042075651947420e-18
1.011645775870032870e-24
4.759786405389368961e-27
2.654941668780075718e-23
7.685837286903714601e-25
2.485464180297586731e-22
1.722846973453722711e-21
3.968804968099413212e-23
1.382748716156026028e-19
1.487498013774859743e-24
2.599821799008846938e-21
1.838225643233603062e-22
2.158371904298705079e-21
1.268212373118078948e-21
1.358004484587522342e-23
1.270623308749277129e-22
2.247754424040028343e-20
1.028750114396829045e-23
3.485851889475243501e-22
1.795685315488488559e-21
6.477654286024562951e-26
3.179424401097874976e-18
1.590797085282753255e-22
1.431874479981474504e-21
4.125273468776405190e-20
1.533604271279472762e-24
4.580442767868849893e-21
2.481488510970038875e-27
2.102250079173712948e-17
4.319404478658539586e-22
2.703594272572395183e-20
7.682188715286924226e-21
1.375852077119349846e-17
1.546439571450258788e-14
2.971029842546458494e-19
1.295018974364417604e-19
2.104407752041226722e-25
2.271419962620484841e-16
1.577924566627327136e-21
2.216419546122683880e-21
1.762427073010309248e-19
8.435258893952975616e-24
2.749619174129551993e-27
8.595119361469430971e-20
9.588717267843026144e-23
3.318860663374070440e-21
1.077360717341288371e-22
3.722338993528553421e-29
6.061021747330610370e-21
1.394419723922153645e-24
4.844072174851998103e-24
5.119269062651516345e-24
2.523150779421508425e-22
3.146965213475834755e-18
9.905915127994795190e-27
1.044616174016395272e-22
4.887620294491637795e-23
1.653284840178099384e-21
1.761280079540864101e-24
9.205528398676281748e-23
5.606258606843626275e-20
9.056243098794809120e-23
1.243603624686623498e-19
3.618181703360708823e-20
2.921327374698727868e-23
1.050862122228445572e-24
3.696225454614260331e-14
7.679259655813176884e-21
1.538463421741667155e-22
4.607202141464297033e-21
1.915223918612028891e-24
1.445427148339858812e-17
1.531235597722690319e-18
9.152186728670504239e-26
1.298369076524772680e-17
6.901091671810014509e-24
3.612901059878352721e-19
4.073576025460241317e-27
1.048417297132759096e-21
2.667791749470344183e-25
5.828935890275810583e-22
5.225927100422852942e-20
3.510900810679779751e-22
2.022134086110549348e-21
1.278780751737225253e-25
2.871538497551794230e-25
7.565924311977790743e-19
2.784963473667262456e-18
1.204898438238611452e-15
6.094401090181378439e-23
2.017875878254987136e-18
1.133644567155388858e-20
4.760838661783804340e-20
1.434620695381343548e-19
3.440551835982852778e-22
1.017768310244727804e-26
2.681641644304803337e-22
2.778824006682748906e-22
8.568013686771833946e-20
2.144307288921415752e-27
1.725991309913061246e-21
2.201326821564889014e-15
5.912408879048070864e-19
9.395186337509517406e-23
3.419670473251486375e-21
1.384756593695421934e-16
2.470099086354119001e-19
1.161127447882718296e-25
1.829365371611455898e-19
2.912589625327406001e-17
3.570416339834593235e-18
1.753081757055686480e-17
7.536538203728961590e-20
3.251995859641102155e-16
3.142490993542535428e-18
1.603278339973242425e-24
1.867105099318275652e-19
1.034044525079703064e-18
4.470831470638064471e-17
5.233595889296892647e-17
1.412517524685131669e-21
5.289539813883077477e-22
4.629626995753706109e-22
3.606881985034404183e-27
1.167122727554760183e-17
2.764700947855042988e-20
1.512570060405278111e-19
1.052823386141035037e-18
3.398547201590368518e-23
9.892813360386662640e-19
9.186510066656670462e-24
5.306759953246455571e-22
8.697968631312814292e-26
6.225196455566484281e-27
1.847862262311605029e-17
1.928591994954949418e-21
4.397011024170597802e-21
1.169150312672250164e-17
6.137016332701891543e-18
7.490831364171146246e-25
2.309524721932761721e-22
1.708567081504994166e-20
4.433855333629048770e-25
3.820852231780562548e-25
6.003972134458593743e-22
1.223098415068673482e-22
2.382979978438959368e-24
7.913569873428759221e-21
5.417651475164791186e-19
1.585002518484396113e-19
1.830179262000348742e-22
1.761088688316849913e-20
2.177509358197679504e-28
1.005368665285643624e-21
6.511914102603501108e-20
6.183877677799116964e-25
7.101597532773783758e-25
7.004001385240918086e-22
1.932125586939360210e-22
2.437751822472811799e-16
4.771342765041912414e-22
6.212255647243949249e-23
6.625960259465629611e-25
2.714691003483473835e-22
1.547026159769042941e-22
3.764012338369059831e-25
1.068174432454360798e-28
1.173371932325991110e-18
6.057370116511229548e-21
6.594599574803825665e-15
8.904328134475418952e-28
1.729959085055091106e-14
4.476166069560813758e-20
2.976412269532862769e-23
2.790060283502926453e-12
1.459566963615119107e-25
8.939008354983999908e-28
2.487565573674847310e-18
6.227800624697872419e-22
1.951346056677325327e-23
4.122037347077389427e-33
9.694943510291659898e-22
4.543630312859876352e-16
9.052183509642976996e-27
8.361958057794717446e-31
1.526794565988088981e-21
7.313438827963208658e-22
1.207060367994550971e-23
2.920596382105158973e-20
4.904699264356127329e-20
1.542742258290367345e-29
3.620628425568264742e-26
8.657134385471980529e-23
1.728636150451452795e-18
1.963877680136612859e-22
6.751346409825022959e-15
4.895129976673215329e-27
3.681135479413536074e-21
7.288330276762846752e-26
1.478622957826497907e-22
1.065397180229982173e-24
1.913276584652611714e-29
7.449320094110589707e-08
4.208778667347795176e-17
5.740071829485149016e-24
2.481736431898186124e-18
1.065181485172092584e-17
2.003924030440758374e-24
5.599301178670269902e-24
3.458253440506970049e-20
5.920056680799006451e-20
3.340590537516867046e-23
3.721222982125916641e-26
2.286711929515992108e-24
9.023930093939508123e-23
8.167578137174327476e-21
8.521259720979265102e-23
6.335008603911964999e-20
4.063251163176629955e-29
1.445801488926069685e-18
1.588329957511554370e-21
4.976868908703338434e-26
2.628052843236299555e-19
4.363014288735580498e-19
4.882056164439768532e-20
6.666800699623729178e-19
8.299228823861931649e-23
1.335376167293438662e-22
4.212749158986338018e-23
3.304174404409141015e-18
1.892930065783093310e-19
2.072563063297552316e-19
1.956916266637963309e-21
7.993055750674318041e-22
4.142817428599400543e-24
1.480976650538839967e-30
5.718190386738223317e-18
1.409286004896269917e-24
3.528350483373515290e-17
2.736962376995163111e-23
3.706593914091190656e-23
4.766089966203808951e-20
1.182992838690137687e-28
4.137113964254652627e-25
3.093259066255344599e-21
3.276444634864069801e-20
1.453104417093950296e-27
1.909332580731815350e-21
2.157213754505902806e-19
4.810264357467393811e-24
1.015541351038072798e-20
2.721852694856763519e-17
1.148315915866659587e-21
4.785103528454842908e-22
3.482045347673321714e-25
2.570578004233436659e-24
7.849581699367337451e-31
9.705394543681787089e-26
1.400292509864636264e-26
4.160111793793258312e-16
4.976228464581863769e-24
1.904708199367230677e-26
1.300332914845167743e-23
2.099609930623475650e-20
7.863039230372646266e-23
3.608603598102198319e-19
2.435227801291782938e-20
9.586976124345281087e-20
5.126736972182972098e-23
2.238288688925131824e-22
4.640362067387443309e-21
1.844348513367220780e-24
3.348144543327518620e-22
5.816635358657512010e-28
3.995990890524563622e-19
5.419453711269589052e-25
2.311502713533561313e-19
3.957293313517801605e-19
1.588652711431227771e-19
1.103852559804782478e-22
8.695967218423850078e-21
3.293015637943481439e-24
8.481379280745262048e-21
3.402182954217449051e-21
4.882187727446933104e-27
1.942915500183228374e-23
4.477049432215947902e-22
8.193818705351403345e-22
2.849409716565180441e-25
5.222954096979063720e-21
5.045988740784216889e-21
9.230619090886164791e-19
3.214924046157718703e-20
3.036839123341166741e-25
3.862788461677372378e-21
5.284625811580212256e-27
5.844543976602151434e-22
7.716123560810016370e-18
1.755114020913516215e-19
1.199030659190157821e-28
2.145573757723895358e-14
3.777731230400995876e-27
1.909314191792468970e-25
2.403840710198720115e-14
1.681999503345889049e-22
2.857711268505522159e-20
1.173308200644733313e-20
9.609745724734223677e-21
8.384937569283236025e-28
3.904748052674378300e-12
6.509721589304095417e-22
3.745984913320482557e-14
1.119233685017431433e-18
3.451466757056142921e-27
3.303259998651125908e-22
8.380170016948991159e-21
1.795435981799897164e-24
3.135534497269499055e-25
1.453050901444095212e-32
2.149422245774536491e-23
1.480986755863165512e-24
2.019525863694652786e-16
5.661183419711986486e-22
1.338533251745005569e-22
9.008778441300332985e-27
8.384487673564319219e-21
1.955745612200744708e-20
4.616320956418448294e-26
3.824694936544101477e-21
1.559864111927997468e-19
6.062161140156788149e-19
8.091181630137953202e-25
6.257158872146577594e-23
4.680346556481578841e-20
2.485653349815208912e-11
8.802270590011997826e-20
6.787159068714053185e-16
8.976057507842776051e-26
1.355897942954451506e-15
7.465681662041663486e-22
2.190003979175168602e-29
1.113579482978865329e-23
1.272728620733130966e-22
1.760339757341840654e-24
4.122373829015119062e-15
2.677912899492037902e-20
4.882160430394422128e-23
2.981834646959862334e-22
9.589741524842365105e-23
7.769233022911228533e-17
2.612040242164406832e-20
3.703290025780605739e-21
3.126528062081487100e-18
3.609129606909262308e-25
3.746139195725557889e-23
1.654837984869267065e-20
2.006059082480739043e-23
3.053957485842705483e-21
5.926139440471594257e-26
1.123981134662401815e-21
2.320167624320510345e-20
5.057085602961750170e-22
7.465808572998019310e-26
9.747110938333877414e-16
1.419206497773199768e-25
2.474127197443310823e-18
5.238374465373497185e-15
3.874341777707328261e-22
1.667601061579315758e-12
2.041659951041740659e-20
5.814981768063258276e-17
1.233531320435198694e-25
1.043502075226282499e-20
1.159332907455261051e-21
6.888575131371234803e-23
1.825931530015659473e-23
4.231446345731433830e-24
5.427264477105393771e-21
3.988070377665426960e-20
9.564469703100449607e-21
1.432227761130901145e-16
1.232028446733520171e-22
2.171369555226360975e-22
1.190321077360169572e-29
1.476469935535096304e-22
2.699715925531635807e-15
6.981943168256706769e-21
8.892795088189444867e-26
1.657967422384056843e-18
2.762741369908601937e-19
3.072169970845626142e-16
3.750288857132071108e-14
3.527456248941885699e-28
6.326455376102927140e-29
5.456979208233370379e-26
5.471635311179480488e-14
2.684732716875821349e-22
1.440674461930752630e-20
1.836747239220871963e-14
4.340234445524209029e-21
5.819262223101439202e-25
1.192744423851677883e-28
6.782362287725076227e-26
2.265029574145315480e-20
6.215517656112367340e-26
6.533185779669046754e-28
1.149398722299569607e-28
8.086389067582540696e-20
2.528720011194623933e-22
9.978336931109132228e-23
2.670998457977615930e-18
4.878330782067725512e-21
2.271613455223033082e-21
3.718636573766401247e-28
2.641518487347481882e-21
4.458720109161255774e-14
1.508575629131174779e-28
1.441446483495546432e-24
1.841582409206209305e-20
2.963357892404872018e-10
1.428220223833001107e-20
3.330335030204631804e-23
3.705643743656700944e-17
3.444302051143989522e-25
1.039838489062110872e-20
8.112901312789500032e-27
1.077521493504659655e-21
3.650301191169628243e-21
3.211101437751958024e-19
4.758006214420663777e-20
5.424074803232110373e-22
2.031392265768167158e-25
2.537190156673249403e-25
1.131047914734439925e-21
3.554090553965621158e-21
7.381430181404355907e-23
3.001761147208000256e-22
2.730551676760779212e-21
2.216701094492507349e-19
9.293077375335800916e-13
3.229603658597179294e-18
3.599425481198766661e-16
6.907013650625508644e-25
7.531790205854172005e-29
1.180626874984752293e-19
1.508304373935569989e-29
7.688799459602819500e-25
7.550316448212961971e-29
1.297761638501817960e-22
1.497296336749474148e-23
3.242236928357989344e-15
2.606134213485327541e-23
4.429573182854203803e-20
4.045349119567120776e-18
4.271790419714274445e-20
6.751260953498672074e-25
1.501750744788237647e-18
1.194660421197562930e-22
2.069977275700078811e-21
7.085162598037775615e-28
4.168251178555920715e-28
1.514322163894678201e-23
1.143054829433379577e-27
1.795981654558522815e-19
2.071942705640727408e-30
8.073523097103716636e-23
1.011726190378558837e-25
1.289048322704853587e-22
7.173497397163537794e-27
3.092956730125869334e-18
7.858580134152455700e-21
3.114693795852844072e-19
6.004575017461104375e-27
1.870305771300973023e-19
4.425316756991250274e-20
5.637885316713280873e-30
2.699887541475392575e-25
5.603163145839392518e-26
2.705971654276357940e-17
1.633324314828047547e-15
3.350804036017507315e-06
1.929543147646221697e-19
9.999939203262329102e-01
1.730454571318831379e-21
5.554661018937129080e-19
2.363395113780251236e-19
3.567154404688929145e-30
1.010697868773405724e-22
1.326163746143716922e-20
4.548619866314796215e-18
1.065372725541920321e-24
1.041593178248231660e-20
8.367084006105771910e-26
3.988557773995211178e-27
5.986538797546970619e-24
6.359511195074038987e-28
7.238182738779939745e-18
5.387385242608302548e-16
1.544689443327251573e-24
1.136204065509600852e-26
1.635459501874365110e-19
4.998724739182187935e-21
1.028245439686080817e-20
1.150994791601997458e-30
2.619997132413331893e-25
5.782058397700726267e-20
1.747875695362003517e-14
4.149212337905369933e-29
3.534194927991508707e-18
9.195362149126579517e-28
1.086192999679810290e-27
4.916739548640497212e-22
4.595126435432016554e-21
1.803016042108526378e-21
9.718238863123649498e-21
4.981758221755282017e-23
4.443235875868258127e-25
2.743864720589229711e-21
9.692744426399380666e-18
4.203468604866865425e-24
3.122692482681986475e-24
8.012801449710040859e-16
1.012769843495404921e-23
2.362511299760600800e-27
2.250684257544095888e-24
2.256300213548627637e-22
1.109459407482547844e-13
2.378058499004045067e-16
4.528704963155002157e-20
7.941972379918731863e-20
3.277765937088807785e-15
9.675900636809287187e-25
2.007934350160375694e-16
3.618934502858605316e-16
3.033187579142698764e-13
1.685708992177554009e-18
1.067786722742291666e-22
8.125747000703195542e-29
1.562409704727321683e-23
2.353781396437470925e-23
4.265932977924980803e-25
2.431850254829667001e-19
3.269196968986464513e-24
1.162853840319276119e-14
1.121334500014498079e-21
4.523049962637738675e-24
1.749703332764301343e-22
7.558096603335178783e-29
2.254814992179536636e-19
8.736982838404786599e-32
2.264263402424956939e-14
3.831520863270631739e-18
8.693788901110307337e-26
1.090916920295744493e-15
1.349767514559566625e-22
1.514049709173612146e-13
4.064155225889878714e-19
7.075028654098590293e-22
5.050547523779278424e-23
7.126980256526059753e-23
3.952118023889438043e-27
1.295973437393727229e-18
5.261631516768894290e-13
4.872233071548274550e-20
1.094869281906751465e-15
1.003181458883272278e-28
6.369785991050079222e-19
8.648184285185705017e-24
7.799302910316904173e-27
1.537354598853288501e-22
1.382323232193881497e-24
6.536684362088525371e-18
1.316336969713557664e-18
9.883453811755625132e-20
1.357146203922641881e-21
2.476020972525788427e-21
9.053401621814203035e-25
5.743926203868058880e-24
1.909238419488604177e-13
1.104151443424552615e-22
7.336687126819923635e-22
3.491357949267068911e-24
5.628247690030256285e-26
4.683352230333559518e-14
3.068577428830612797e-14
4.340809367351934102e-23
3.137074072054261215e-20
2.936318029455313549e-25
1.532756777403165849e-12
1.919560458010353851e-17
4.450875228816965345e-15
4.007983902729395807e-22
2.100035670144999037e-19
2.283609694563165218e-23
2.651413231528364003e-20
9.184727714327414108e-23
5.607764421940354292e-17
1.085768971679688076e-15
4.711472811891326273e-08
8.248254903827462962e-16
1.994252840731391495e-18
9.282816178118314636e-25
2.056970193151440092e-24
4.811163264468893154e-24
2.296846654335028960e-22
3.069801918188009334e-17
2.257628084808813165e-20
9.564491191671507827e-24
1.888611030373009278e-25
3.271775394176664027e-19
4.028238009717060561e-19
3.630841179084627334e-23
6.060724560077330821e-20
1.653666312604265503e-25
1.214577162289670183e-20
1.436718839005084303e-18
1.464193694749821401e-20
1.980356077193529919e-19
8.886580690037890573e-28
7.472527349014428389e-20
2.862352548012874233e-32
4.937701508975005684e-20
3.909450127805681264e-16
2.698311052260114959e-26
2.300350447098745028e-25
3.822732925482416016e-25
8.087808199320951984e-20
5.904478078130065573e-18
2.864789398077175864e-24
1.485574607524303776e-18
3.249953852629632311e-21
1.680355769654898131e-24
2.334285752701985989e-14
3.637312338487165455e-17
3.073518838155034704e-23
1.383064893178397444e-27
1.975292439374998275e-20
5.472997684654510489e-23
6.748699642046277042e-21
9.830646392433654398e-23
2.570527418527889361e-25
1.716519886955267064e-32
9.374453810742860862e-24
1.522718015557655223e-20
4.577088369559483049e-29
7.729780017108933197e-29
1.141000998019162398e-23
1.031669925265323576e-23
3.414293042752283588e-25
1.240645792316612640e-28
1.878009981276688471e-22
1.275162729942280920e-23
1.098300266453023875e-21
7.812250749707383633e-21
1.459035528928085700e-21
6.334802743401227248e-24
9.607697644924587987e-20
5.194228957738452720e-19
2.317662939197158250e-21
4.357370978253408179e-21
9.743968542259310169e-20
6.795075501332777287e-34
3.664803437991181564e-18
3.772108496725433598e-23
1.293865103447828559e-24
1.622072990483178292e-23
6.579630061760431044e-28
4.450216347457516911e-21
3.769965319418129153e-23
4.827143630033625905e-22
2.603752562370816817e-28
9.328770080549719606e-21
1.054578691123823679e-28
1.472824640846506217e-22
2.681567183723959525e-24
7.884180387088207294e-24
3.544297884697233947e-12
6.923795088662275229e-24
2.436703718452298000e-29
3.171226361014804005e-24
5.178538271709574633e-27
2.658914687843130822e-23
8.208464608565315265e-21
4.270337417011660364e-10
4.735401378675829268e-23
8.092083733573043371e-16
1.562925584923238650e-19
2.556199377965702967e-27
1.090949153869854460e-17
3.169087443556387753e-23
1.605246430835228231e-27
1.089552002540236402e-24
5.983310439759136026e-27
2.567250652876088585e-28
2.634039221374434568e-23
7.471326321539092606e-21
1.465185280285909730e-24
4.571969917692637105e-16
1.655718460293488101e-24
1.476798020892311550e-20
1.056550440443813244e-23
2.134273681756988870e-16
1.157340080725604489e-21
2.536386393813186419e-18
2.646546833634425922e-17
5.619239319551873658e-18
2.409867576641384752e-22
1.107421063617414730e-21
4.451037032293553509e-26
1.813635594529024823e-25
1.061623864075563267e-17
2.804410283073230999e-17
3.529627236648990888e-18
1.730738510757613009e-21
4.944576114957467265e-22
6.897328016431205061e-24
9.164236812753018629e-19
3.156083797285852177e-22
1.603773079020332440e-25
2.730394005553930878e-22
5.535456263257908867e-18
8.609400505774289599e-26
1.657815634741653362e-18
7.948403476230706341e-26
6.337443960152433926e-22
2.639705596634862612e-21
3.864893600741704099e-15
3.036137307320380079e-22
2.576069164206273854e-06
2.642926843877016576e-23
5.271353856336219195e-21
3.441446164435658218e-21
8.992029803338360286e-18
1.756373691348107975e-26
3.800383325072098564e-26
3.551989886794777263e-21
5.419351868990985818e-17
1.067314289723372906e-22
1.463050582842061402e-18
5.752791249171533462e-22
3.469585388282968985e-23
8.567914395509634142e-28
8.584375965522986390e-19
1.006234761984373015e-23
7.097732449604085519e-23
7.107860433272210235e-17
1.589290578876606190e-25
2.936902779636054632e-16
1.248130281100438854e-23
2.492767719689342722e-28
2.354082082173001184e-27
5.018762109097389239e-23
8.902052648246125432e-28
3.341557207670124874e-24
1.328805271497309723e-23
6.051721782499703909e-25
1.925026217445605610e-22
8.118806430666110040e-29
2.277269019933615978e-22
4.699533924353783436e-24
