1.914564506932947552e-09
5.550735693304886809e-08
2.183939074029694893e-08
3.514627167078288039e-08
3.938328774211186101e-08
1.242376423959967724e-08
4.149632104599731974e-08
4.260798505129059777e-06
6.583388312719762325e-06
7.939829083625227213e-05
1.168926019090577029e-06
4.481632913666544482e-07
1.508811237727059051e-06
3.350898225562559674e-07
2.412272692708938848e-07
1.828231461331597529e-06
1.357926976197632030e-06
7.170804110501194373e-06
1.259382224816363305e-05
8.578572874284873251e-08
4.471237673442374216e-07
3.772724012378603220e-04
2.654057228937745094e-03
9.898065924644470215e-01
6.719062803313136101e-04
4.963223432241647970e-07
6.265599949983879924e-07
1.515352892056398559e-07
2.361839364084517001e-07
1.947327632478845771e-07
2.201686157832227764e-07
6.413624760170932859e-06
1.158781174126488622e-06
2.081401788700532052e-07
3.577399638743372634e-07
1.205744183607748710e-06
1.297444214287679642e-06
1.295533934353443328e-06
2.408682121313177049e-05
1.077950764738488942e-05
1.270994835067540407e-04
1.005201374937314540e-05
1.904026576085016131e-04
6.441189907491207123e-04
8.964608241512905806e-06
1.848985994001850486e-05
6.057075097487540916e-06
1.594966306583955884e-06
2.473416861903388053e-05
2.258873792015947402e-06
3.963029939768603072e-06
6.979695967856969219e-07
3.060459448533947580e-06
1.487250642639992293e-06
4.146141509409062564e-05
2.844525397449615411e-06
1.268069081561407074e-05
4.520933032381435623e-07
4.616054866346530616e-06
1.119585795095190406e-05
2.534521991037763655e-05
4.673417424783110619e-04
8.117147808661684394e-05
1.812701957533136010e-04
3.940436272387159988e-06
3.137846988465753384e-06
1.930458893184550107e-05
3.492373798508197069e-05
5.659139787894673645e-06
1.864821719266274158e-08
1.725448051104194747e-08
4.176253582954814192e-07
1.444820529883372728e-08
7.314693295512597615e-09
3.210240961948329641e-08
3.811953253052280388e-10
4.106304984929920465e-08
1.634726572774525266e-06
2.709927393595989997e-08
7.541764546203921782e-09
3.395496969460509717e-05
4.768942744703963399e-06
8.270659236586652696e-06
4.290143351681763306e-06
2.052788855507969856e-03
1.972643804037943482e-05
1.636556248740816955e-06
6.603670772165060043e-05
3.106835065409541130e-04
7.036553142825141549e-05
1.929103518705233000e-06
1.687011535977944732e-05
4.644866464786900906e-07
4.655695229303091764e-04
9.458333806833252311e-06
2.152057732018874958e-06
2.038140701188240200e-05
1.451063553759013303e-06
1.608276818387821550e-07
7.384880973404506221e-06
9.307305504080432002e-07
1.688420866230444517e-06
1.037327933772758115e-06
3.162701744940932258e-08
3.256701802456518635e-06
1.016956321109319106e-05
4.950299512529454660e-07
6.447002931508905021e-08
2.139737809159214521e-08
2.202988440558328875e-07
1.290955875532517894e-08
1.277360297535778955e-07
3.492669975457829423e-07
2.617376537727977848e-07
5.688106625711952802e-07
4.015183776573394425e-07
9.047929694361300790e-08
1.673408256408492889e-08
5.776885103614404215e-08
7.271658120089341537e-08
2.073475116048939526e-07
9.296384106960431382e-09
8.117080341207838501e-10
2.413212563112665521e-08
2.014833455632469850e-07
2.508579655113862827e-07
2.209846030609696754e-07
4.895467100141104311e-06
2.160283202101709321e-06
1.460041130485478789e-05
2.758152504611643963e-06
1.675844760029576719e-05
6.777148882974870503e-06
4.471141892281593755e-06
2.389269866398535669e-07
8.072896162047982216e-05
1.426521976100048050e-06
7.883379993245398509e-08
9.790607873583212495e-05
5.593942091763892677e-07
3.325736130932455126e-08
3.046625351998955011e-07
9.263077771493044565e-08
3.608771592666926153e-08
6.441309960791841149e-05
8.424176911603353801e-08
3.246049163863062859e-05
1.464051280208877870e-07
3.886331256808261969e-09
8.394082762208654458e-09
1.505228937048741500e-07
8.758141234466165770e-07
4.561799382685194360e-09
7.132599399994887790e-09
3.173835638747846133e-10
1.877763544655408623e-08
1.733130972070284770e-07
9.999488348455543019e-09
1.169564445291371158e-09
3.162929544942016946e-07
9.490249475163636816e-09
4.750320581337064141e-09
4.012085241811291780e-08
3.502742274008596723e-08
4.229088190754737298e-08
5.028710781118661544e-09
2.410918114037485793e-07
2.545547204135800712e-06
4.171295842070321669e-08
1.069395125341543462e-06
2.603974991188806598e-08
1.246209961891509010e-07
9.483473490945470985e-07
1.447378110697172815e-07
3.064499543015131167e-09
2.424343836793241280e-09
2.943579602288082242e-08
3.292838002266762487e-08
1.798591000579108368e-07
6.389536455486677369e-09
7.290628190048664692e-08
4.645170065487036481e-06
5.342194953072976205e-08
1.915653200512679177e-07
6.831624688174997573e-08
8.270362172879686113e-09
2.595753301193326479e-08
1.668423799117135786e-08
6.696205900880158879e-08
1.770946198575984454e-07
2.170157387126891990e-08
2.931886911028414033e-07
5.875134156951844489e-09
1.016752015914335061e-08
1.357383538902467990e-09
2.714194913266965159e-08
7.589253669948448078e-09
1.864583332178426645e-08
3.290978156655910425e-09
1.544765382277546450e-08
3.215650412613513254e-09
6.713800182467366540e-09
2.821917810535978788e-08
2.828691769707347703e-08
1.544487537863403759e-09
6.221122816896240693e-07
8.080452289505046792e-07
3.974740536705212435e-08
1.398454969603335485e-07
1.174408481574573671e-07
1.740470025879403693e-07
6.908172878183904686e-08
2.763345605671929661e-07
4.557444910346930556e-08
2.890061345794947556e-08
1.011003405437804759e-07
1.598073822606238537e-06
2.138198880174968508e-07
1.088791705683433975e-07
2.830483580851250736e-08
2.086398964706859260e-08
7.012466340938772191e-08
9.094350161831243895e-08
1.464312937571321527e-08
2.143246646824081836e-08
4.465572089884517482e-08
9.050021149148435029e-11
1.622833423198244418e-07
4.841197664973151404e-08
2.481169225632129383e-08
6.563208643228790606e-08
1.578260793166919029e-07
3.535895132245059358e-08
1.165606944297792325e-09
3.440035101220928482e-08
4.665646002877110732e-08
2.563295140589616494e-07
6.064429847185692779e-09
9.776335474498409894e-08
2.378306263040030899e-08
8.616004798511767149e-09
5.644010769856322440e-08
2.002551546809172578e-08
1.295685336799579090e-07
2.883969507649908337e-09
1.424128104332567091e-08
4.417109167320631968e-08
1.492840073780143939e-09
9.005541556916796253e-08
1.197738974667572620e-08
1.695622309227928781e-08
1.232745944435009733e-06
1.233994351146350255e-09
9.197914430103537597e-09
9.020578950469371193e-09
8.670506090879825933e-09
6.388525264355848776e-09
1.370900264419105952e-07
4.491109706350471242e-09
1.038149388676856688e-08
2.304644475259465253e-09
3.948736448933232168e-09
6.909351979444977587e-10
2.796737730292875312e-09
1.703301322208972124e-08
3.394410796886404569e-08
2.859352434825268574e-07
1.416013446942088194e-06
1.202855060000729281e-07
3.176263305704196682e-07
5.818166641802235972e-07
3.246931612466141814e-07
2.290992426878801780e-07
1.491268562858749647e-06
6.680234321265743347e-08
3.981237171046814183e-07
1.105730461858911440e-06
2.994465475580909697e-08
4.295768718520776019e-08
1.416709665136295371e-07
4.512021405389532447e-07
5.496051471709506586e-07
6.744996312590956222e-07
1.099979396457229086e-08
2.580810871677385876e-07
8.091922154562780634e-08
7.067913543323811609e-07
9.818442094911006279e-07
1.255284860235406086e-05
1.428623932042683009e-06
6.175582143441715743e-07
1.392296411495408393e-07
8.879140267481488991e-08
6.893063982715830207e-06
5.842398422828409821e-07
8.929611681196547579e-07
6.660018669890632736e-08
1.636343995414790697e-06
1.606697878742124885e-05
1.420531043549999595e-04
1.115146908148290095e-08
1.098965043411226361e-07
7.822728242956600297e-09
1.072349178343756648e-07
1.752696832113542769e-08
2.467238324754816858e-08
2.230366362709901296e-07
9.650839274399913847e-07
5.112972800702664244e-08
1.297747900252943509e-07
1.841729755369669874e-07
4.939641939927241765e-07
6.246575878776639001e-08
5.613454163722053636e-07
3.988145635958062485e-07
2.305839643668150529e-06
9.124443067776155658e-08
6.050302658877626527e-08
1.784601799670326727e-08
1.417891013488770113e-07
1.756015333143068347e-09
5.753202572122972924e-07
1.618728049379569711e-07
1.617535971831784991e-08
2.181615954555127246e-08
3.417373051206595846e-09
1.111125769170939748e-08
6.640881338171311654e-07
8.606039614278415684e-08
4.810720710679561307e-08
1.601890744495904073e-07
6.722362400068959687e-08
3.283230398665182292e-08
8.947631968680980208e-09
1.168050175692769699e-06
3.732218146978993900e-06
7.740359109220662504e-08
1.437257139969005948e-07
1.008747307906787682e-08
5.259833457671447832e-08
3.745873016214318341e-07
4.278400922430591891e-08
1.797425142058273195e-07
1.287052100451546721e-07
1.691357880417854176e-07
3.361716949257242959e-07
2.756578680873644771e-07
2.575543334160101949e-08
1.342614086752291769e-05
8.290966206914163195e-07
1.599571817223477410e-07
8.252351690885006974e-09
5.826381865858820674e-08
1.010506025522772688e-07
5.471328677231213078e-06
3.353397914906963706e-07
3.747876007764716633e-06
3.821612040155741852e-07
2.665356930720008677e-07
2.295515173500461970e-07
3.755298223495628918e-07
1.558380660071634338e-07
5.546780244003457483e-07
5.494767901836894453e-05
1.131156864175864030e-06
1.612135775985734654e-07
5.204527298019456794e-08
1.548251162830638350e-07
8.860501452545577195e-07
4.472109438324878283e-08
1.168277435681375209e-06
3.990706431977741886e-07
1.397903588440385647e-06
1.058908765116939321e-06
3.918738457286963239e-06
4.358555543149122968e-06
5.537155516321945470e-07
3.061408278881572187e-06
1.998283778448239900e-06
5.777295655207126401e-07
5.104726596982800402e-07
5.745504836340842303e-07
9.833379408519249409e-07
1.375005285808583722e-05
1.263998342437844258e-06
4.166834969510091469e-06
3.163235533065744676e-06
8.069916930253384635e-07
4.067138661412172951e-07
2.635730389499713056e-08
1.154789424617774785e-05
9.046337900997514225e-09
7.090279474653016223e-09
6.091966042731655762e-08
1.276664960414564121e-07
3.050597996434589732e-08
8.726788536250751349e-08
7.046920824649305359e-09
4.781803397690964630e-08
2.554471052462758962e-07
3.101073886568883609e-08
1.183558473449863868e-09
7.927782874617150810e-09
4.433783618029707441e-10
5.688708615281257153e-09
5.283983917081513937e-09
8.443689836212797672e-08
1.847724462322730687e-08
9.757572527746560809e-09
3.107119184164730541e-08
1.309900028445554199e-07
9.185693983226883574e-09
5.541077996440435527e-08
1.328190002425344574e-09
2.892746842064752855e-08
3.956856620135340563e-09
7.531303225505325827e-08
6.294235532777747721e-08
8.712281562850421324e-09
1.930281001705225208e-08
3.564442963011060783e-08
9.666309352951429901e-08
6.643876560019634780e-09
2.593640324732859881e-08
2.547838606759000868e-09
2.133721750396944117e-07
2.498053763844154673e-09
2.780311092465126421e-07
1.011047288557165302e-06
1.596746734833232040e-08
9.281129642602081731e-09
1.123156057047935974e-08
7.832477777469648572e-09
1.187550058290298693e-08
1.831730500612138712e-08
3.319900372389383847e-07
5.965946847652503493e-09
1.657205928040639265e-08
3.682609417410276365e-08
2.100670215554600873e-08
6.209524627820428577e-08
3.120404912237972894e-08
9.768017505962234281e-09
3.242531079195032362e-07
5.199327901550532260e-08
1.088964083351129375e-07
2.381832509001924336e-09
3.053136055086724809e-08
3.155499871354550123e-05
1.275704075709427343e-08
4.027302047404646146e-09
1.624447691028763074e-06
2.891336521315679420e-07
1.430416585179727917e-08
1.242466485251725317e-08
2.328163262177440629e-08
1.479384650338033680e-07
2.414850541754276492e-07
7.980883083291701041e-07
3.235492940234507842e-08
3.195839610725670354e-07
2.147884430314661586e-07
1.410646177646412980e-08
8.662993877806002274e-07
9.516229226846917300e-08
5.663897084673408244e-08
3.130812054052967142e-09
1.427862684977299068e-06
1.293867057938768994e-08
4.616014948055635614e-08
1.344051980822769110e-08
2.194473935901442019e-08
1.537556926223260234e-07
2.472255111740651046e-08
9.818494106639263919e-08
9.298937619917069242e-09
1.577855002210526436e-08
2.856694658603942116e-09
1.542395366982418636e-08
5.739617225941628931e-09
1.366259727575425131e-08
2.057474413064142027e-09
2.894324113711377322e-09
1.853390472206228878e-07
2.901233031593619671e-09
1.435721430631531348e-09
1.200348265228967648e-08
2.321804259963755612e-08
9.633281479182187468e-06
1.813713538467709441e-06
2.009149966397671960e-07
1.288937141907808837e-06
3.757055111464069341e-08
3.606616116869076905e-09
1.144230239447097119e-07
5.504312561299684603e-09
2.097978457626936688e-09
2.215240080261082767e-08
2.580509850247381110e-08
8.491317515790797188e-08
5.611157689600076992e-07
1.000591851152421441e-06
3.622315958295985183e-08
6.656167617080654964e-09
2.629995776715077227e-08
4.327537084236610099e-08
1.651004026825830806e-07
7.058748963117977837e-08
1.411243566451503284e-08
1.557166129373399599e-08
8.860572275892764083e-10
1.244233249764192806e-08
3.960923038448527222e-07
2.081684691290774936e-08
8.779147151471988764e-07
5.556378823712293524e-07
1.377874667696232791e-07
1.669614313470901834e-08
5.756396603828761727e-07
2.292632572675756819e-08
6.052642831377852417e-09
1.451518016892805463e-09
9.433676950720837340e-08
2.218855797764263116e-06
2.364046849834267050e-06
2.808547527877180983e-08
4.516743867810646407e-09
8.154353858813578881e-10
5.976119865636064787e-08
2.178497382487876166e-08
7.045939831584746571e-09
1.562372453633997793e-08
2.377139907139280695e-07
9.477135520796764467e-09
3.080827370993688419e-09
6.880620073701493311e-09
1.992668074990433524e-08
4.779639795060575125e-09
1.916080663022512454e-07
1.983695696594622859e-08
5.425934146430222427e-10
1.648382230712286400e-08
8.941114515437220689e-09
7.306201865731054568e-09
3.543862092669769481e-08
7.850515792995338415e-09
5.010751991108008951e-08
1.145875838659549117e-09
2.597317028119050519e-09
9.453269278481002402e-09
6.976335509278897007e-09
4.997224412051082254e-09
1.099617108479833405e-07
3.327683728571173560e-08
1.951376615849653717e-09
1.146645445260219276e-09
1.752660061526967183e-08
9.821434332479839213e-08
4.121661234535167750e-08
8.397017836614395492e-08
2.567195878100392292e-08
5.002298131273619219e-09
1.065597371052717790e-05
6.208660607853744295e-08
7.334252316582023923e-09
1.177153929887708728e-08
3.193251529864937766e-08
5.286970861106965458e-08
4.047242896376701538e-07
7.664329615408860263e-09
3.308558405024086824e-08
3.153407135414454388e-08
1.653514374311271240e-07
9.272171919150196118e-10
1.325785632388942759e-07
1.594610310462485359e-08
1.884530753670787817e-08
5.727514107434217294e-08
1.184599113912554458e-06
6.405855401681037620e-08
2.142757296041963855e-07
6.358708048992411932e-08
1.034770846786159382e-08
2.869512982783817279e-08
3.734497600049735411e-09
1.290719442437193720e-08
5.881539166807669972e-08
8.060390399577954668e-08
1.247472170007313252e-08
5.055262874975596787e-09
5.139954017963077604e-10
3.407156867751837126e-08
8.614192692490973968e-10
7.429755921606329139e-09
2.875364302212801704e-08
1.414946049216325719e-09
3.908865437551867217e-06
2.638747442773592411e-09
8.383922889265704725e-09
2.099743142025545239e-06
1.074928422895027325e-05
6.742674258930492215e-07
2.606270754768047482e-08
1.516216663333125325e-08
2.807528654003021984e-09
4.424493660337702750e-09
2.953060906918381079e-08
6.764405036108200875e-09
1.831353380055134039e-08
7.014379121983438381e-08
8.637004356160105090e-08
5.439939343432342866e-08
5.753090093207902100e-08
4.769312944574721769e-09
1.186264952934834582e-07
7.483463093649334041e-08
1.043075280904304236e-05
2.367101181732778059e-08
2.167463577507078298e-07
2.572076311935234116e-07
1.633944646250995447e-09
5.734881725061313773e-08
1.522042794022127055e-07
2.712951641115068924e-07
4.754426630171337820e-09
2.958048250789602207e-09
4.456354840698395492e-09
9.747322060604801663e-09
2.337640081506719980e-09
2.542202448552188798e-09
1.227140833393036701e-09
4.843275647203881817e-08
4.886049609353904088e-08
2.636721241344730515e-08
3.045057042072585318e-07
1.161129081772571681e-09
5.288077087328701964e-09
1.238113782164873555e-06
1.940116902687805123e-07
1.881372924117385992e-07
1.489817069710852593e-08
9.604041117938777461e-09
4.978542378353267850e-08
5.011581265534914564e-07
1.847753452466349700e-07
4.663163721829732822e-08
1.285511501691871672e-07
2.256636655317834084e-08
8.867707124160517651e-10
1.206115598506585229e-06
3.913145807388218600e-09
6.714776645821984857e-08
4.737616450256609824e-07
5.139851921853733074e-08
5.829791760447733395e-09
8.673499252154215355e-09
1.780491487579638488e-08
4.379538121046522292e-10
2.389736835084477207e-07
4.710075174330086156e-08
3.356439037816016935e-08
1.696785933980038408e-09
1.551328399074236586e-09
4.559514366064831847e-08
2.639780660729229567e-08
5.053903517904245746e-09
1.260243465139865293e-07
1.731742216293241654e-08
2.506478757879904151e-08
3.603276610419925419e-08
4.123304364611612982e-08
9.790854704760931781e-08
5.745052433780983847e-08
3.085209598907567852e-08
2.274023280790515855e-08
4.338946701931689631e-10
2.591993286671367969e-08
5.608843821391928941e-06
4.718086898947149166e-08
3.838626412289158907e-07
3.919736002444551559e-08
7.198642748562633642e-08
6.463427126845999737e-08
1.465106258535797679e-08
1.758479015734337736e-07
1.037778640800013363e-09
1.244019109947203106e-09
1.413583916587413114e-09
2.781118391137482604e-10
1.550915698089738726e-07
4.433762867961377196e-08
1.390744963636336706e-09
1.097056490095837944e-08
1.724727383134450065e-08
1.433904905923100159e-08
1.241564064002886880e-06
3.132718973120063310e-08
1.254194899047433864e-07
2.092260160679870751e-07
6.036240307594198384e-08
5.209740905343096529e-08
1.728999521333207667e-08
2.336762037202788633e-07
7.457099968632974196e-07
6.505333089990017470e-07
2.855257896783314209e-08
2.045854330390284304e-07
2.749952265901356441e-08
8.948511549533577636e-07
3.141956694818759388e-09
7.066130791599789518e-08
3.589411790017038584e-07
1.753147182981251717e-09
2.288751632661956137e-09
1.703353369464366551e-08
7.727168238602644124e-09
1.680698119344015140e-06
4.787114349369403499e-08
4.917745144439322758e-08
7.701613213839664240e-08
4.537227482614980545e-08
1.938145572921712301e-07
3.456014141534069495e-09
1.293447660088986595e-08
6.905959537562011974e-08
1.586865073477383703e-05
2.861107439855459234e-08
3.166430451173596339e-09
2.374260219539792161e-07
8.135560669586539007e-09
8.686670867064094637e-07
8.009831020672208979e-08
3.866302389354814295e-09
2.875168263472005492e-07
1.788690195958508866e-09
3.075919039474683814e-07
1.242712488469521759e-09
1.886451173049863428e-08
5.809728236272349022e-07
1.889811152011589002e-08
2.131302245800270612e-08
2.343650429281751713e-08
1.323133691499833731e-08
5.589537863670557272e-07
2.891818784434008194e-09
1.099283153394026158e-08
2.550365474363047724e-10
2.617169947427555599e-08
5.765038224581076065e-09
2.459538563925889321e-07
8.199841516898231930e-08
6.724308665440048571e-09
7.267882295991512365e-09
9.988532667648541974e-08
1.455948805961782000e-09
2.083649919271124418e-09
7.389960643422455178e-08
6.296108523429211346e-08
1.540369787278450531e-08
7.618753627980368037e-09
2.890882555561802292e-08
4.526033947627183807e-08
1.784029990403723787e-08
7.740163177061276656e-09
3.642877999254778842e-09
6.242097327913143090e-08
7.533228796319235698e-08
1.053311837750925406e-08
9.669185629945786786e-08
5.570271710553242883e-08
8.753945479611502378e-08
1.020091744408091472e-07
5.941852521118562436e-08
6.618139423153479584e-07
1.248696435141027905e-07
3.943236848158448993e-08
8.896974179606331745e-08
5.925498669512307970e-08
6.559679377460270189e-08
5.549906756385780682e-09
5.977941253121343834e-09
8.722939703886822826e-09
1.782747816037044686e-08
1.078003037946473341e-07
2.624598671729927446e-08
1.055924858661683174e-08
9.907914773066295311e-07
6.353280355142487679e-07
5.267453673241107026e-08
8.337998735896690050e-08
1.480400690923033835e-09
1.429875879921382875e-07
2.838310422248468967e-07
7.437185534087120686e-09
6.838821065002775867e-08
1.010017935954010682e-08
1.618020384341889439e-08
1.852011344283255312e-08
7.442332305984677987e-10
1.848119168812445423e-08
6.387208983937853191e-09
1.716395203743559250e-08
1.733285337479628652e-08
6.434465738003325441e-10
2.147585433931453736e-07
5.874812103456861223e-08
3.715012653060512093e-08
8.739510448663168063e-09
1.556071396180414013e-07
1.259675741493992973e-08
2.794002584849408777e-09
5.177741346784614507e-09
5.255198054499032878e-09
2.439224289219055208e-08
3.499789968941513507e-08
1.786566201644745888e-07
5.228991462047360983e-09
1.873916355421556545e-09
1.565447860230051447e-08
1.225054830911176396e-07
2.106933072454353351e-09
1.188482130487500399e-07
1.875010369190022175e-09
1.749350353463796637e-08
7.500256629100476857e-07
1.703381030893069692e-06
9.792791466622929875e-09
1.970771634773882397e-08
3.793389424799897824e-08
6.791735618350003278e-09
2.094021667176093615e-08
1.827651097130456037e-08
4.557557886641916411e-08
2.189188608170411499e-09
1.658444546137616271e-07
7.483048847234385903e-08
2.688941158623947558e-08
8.890324920685088728e-08
7.408222302274225513e-08
6.959659515359817306e-08
2.756247283741686260e-07
1.284625454900378827e-07
2.084033781102334615e-07
7.324037198941368842e-08
9.798046107789559755e-08
6.916712980142847300e-09
3.595245914311817614e-07
4.096237304906935606e-08
4.819305399195172868e-09
1.749593110389469075e-07
2.249973249490722083e-06
1.912280822580214590e-08
3.359744127351405041e-08
1.374044273916297243e-07
1.197261489949141833e-08
1.010878136753490253e-07
3.676508653072119159e-09
3.147727341001882451e-07
5.610114612863981165e-07
5.266017311100767984e-08
5.767174826587506686e-08
4.581491097610523866e-08
7.445928318361438869e-09
8.492730216858035419e-07
4.086512017664745144e-09
2.187953995758107339e-08
1.062803391960187582e-07
5.964012839143606470e-09
2.312501123924448621e-08
1.928805204443051480e-08
2.528109916966059245e-07
1.212492661828434848e-09
1.031791008188065462e-08
6.774428129574516788e-08
1.099555224648440799e-09
9.674032241946406430e-09
4.363086247849423671e-07
5.794494217781220868e-09
6.063342272710769976e-09
1.272023695264579146e-07
8.174154686457768548e-08
9.179267124181933468e-09
2.534085474792391324e-08
1.780849856913846452e-06
8.028752063182764687e-08
1.696222398095414974e-06
6.012531805765775061e-09
2.737801594321354060e-07
1.199721211264659360e-08
1.876310129489411338e-08
9.361682540287574739e-10
7.768885978975959006e-09
1.181141406902952440e-08
2.104149965376223008e-09
5.289913396211431973e-09
8.842911958240051717e-10
5.370494804424197355e-08
3.271210147204328678e-08
5.765305033378353983e-08
1.348669343315123115e-06
1.048613196275027803e-08
1.212918334658752428e-07
7.133078838705841918e-08
8.680439123054384254e-08
5.950483128458472493e-08
3.515183877311756078e-08
1.100038105050771264e-08
1.610594608791870996e-07
8.396805029065035342e-09
7.706796978368402051e-09
4.491131164741091197e-07
3.197013143108051736e-07
1.398235763190314174e-04
4.437538052570744185e-07
1.862978243893920194e-10
6.011514130932482658e-08
1.155174178535389728e-08
9.156744695815177693e-09
2.019131528641082696e-08
2.604780036108422792e-08
7.357833897714272098e-09
1.813030259256720456e-08
5.438494543597016673e-09
5.560312210661777499e-09
1.564680651711114479e-08
2.015941547028887726e-08
1.593451037784632263e-09
4.861777469500339066e-08
2.760127131296030711e-07
5.142941006397450110e-08
5.466420205380018160e-08
1.473839716936709010e-08
9.644945464515330968e-08
7.089857034792146351e-10
4.291901056774349854e-09
8.597405454224826826e-09
8.347558200227922498e-09
2.264246390382140817e-08
7.922061513454536907e-07
2.020117761958317715e-08
7.333342821880250995e-09
2.647342789430240373e-09
1.216213085797335225e-08
1.960334294892618345e-08
1.579429920184338698e-08
1.615867795123904216e-08
2.605644588982158893e-08
8.996524411486461759e-05
7.529694556751564960e-08
6.118292095180777324e-09
3.039203733123940765e-08
2.611366234361867100e-08
1.392867403637865209e-07
2.038748014854263602e-08
1.443523888156050816e-05
2.521143642297829501e-06
1.075302620279217081e-07
4.169349381299980450e-07
7.356602083063989994e-08
4.786527618705349596e-09
1.544709249401421403e-08
1.999211995951100107e-08
3.227238698499945713e-09
6.584244260920968372e-09
4.440225964685851068e-09
4.693974542391288196e-09
2.891616013300790655e-08
2.815557920143874071e-08
1.735233041699757450e-07
2.020117761958317715e-08
2.719330183253987343e-08
1.546800518781310529e-07
1.033593761690099200e-07
2.975746724587224890e-07
5.917465628613172157e-09
1.044597865984542295e-06
1.484439238197410305e-08
3.961848733524675481e-07
4.332961793807044160e-07
8.946254581587709254e-08
2.314981273343619250e-08
1.921688763673046196e-08
1.167950358649250120e-07
7.148673830670304596e-08
6.860076240400303504e-08
1.517513510407297872e-07
1.121512553936554468e-07
5.782436346635222435e-06
8.230193088820669800e-06
2.340102582820691168e-07
6.049221497050893959e-07
2.256795232824515551e-05
3.295166379757574759e-06
6.755673894076608121e-06
4.908316259388811886e-05
4.544411694951122627e-06
8.481904842483345419e-06
3.047822792723309249e-05
2.300142341482569464e-06
1.266964755330945991e-08
