9.348264029540587217e-08
2.724219427818752592e-07
1.523942501080455258e-07
1.967210465636526351e-07
8.661283459332480561e-07
1.698756619816776947e-07
2.475610116903226299e-08
1.115129543904913589e-05
4.848449680139310658e-05
1.251098979082598817e-06
7.154604827519506216e-05
2.504268650227459148e-06
5.311691711540333927e-05
1.074816245818510652e-04
8.063570567173883319e-05
7.873988361097872257e-04
1.522283884696662426e-03
4.065085377078503370e-04
4.395508207380771637e-03
3.143491630908101797e-05
5.882005207240581512e-04
6.523872725665569305e-03
7.949163913726806641e-01
8.841396868228912354e-02
5.103335250169038773e-03
8.333955747730215080e-07
8.576204209020943381e-07
2.493105739631573670e-07
5.748297127183832345e-08
1.884295215859310701e-06
6.189526970956649166e-07
9.896826895783306099e-07
2.814763178093926399e-08
1.646427705281894305e-08
8.078336577455047518e-08
2.940277454399620183e-06
1.377211265207733959e-05
2.413417632851633243e-06
8.883167197382135782e-07
4.848597571253776550e-03
1.510234233137452975e-05
5.357168902264675125e-06
9.205918468069285154e-05
4.466055906959809363e-05
2.113186155838775449e-06
1.977789736429258483e-07
6.490210125775774941e-06
2.955238642243784852e-06
3.638402574779320275e-07
1.114875999519426841e-06
1.779355079634115100e-05
1.032752265928138513e-07
2.411729704832055177e-09
3.406128490368587336e-09
5.449176110339237766e-10
3.904344794136704877e-07
2.455922931687837263e-08
7.827340553490103048e-09
8.156061426234373357e-07
2.107577302012941800e-06
3.866348308179112792e-08
4.561497490840338287e-08
1.084175210053217597e-06
4.884137094762763809e-09
1.004827026918064803e-06
6.776491368043480179e-09
7.532706902679819905e-09
2.088775907793660735e-08
1.018094479832143406e-07
2.874262072793953848e-08
1.228424739707634217e-08
4.787244733961415477e-07
2.417089035589015111e-06
1.259296914213337004e-05
1.304241436628217343e-06
1.125924526945709658e-07
1.067977973434608430e-05
6.511124297503556591e-07
2.101278262500727578e-09
5.396153568426598213e-08
2.348726382479071617e-03
5.429643715615384281e-05
8.313287049531936646e-03
1.429344993084669113e-04
9.532661060802638531e-04
4.054875462315976620e-04
7.489932468160986900e-04
6.649455463048070669e-05
4.376862489152699709e-04
1.540854718768969178e-04
1.664755545789375901e-04
3.955899272114038467e-03
5.294392467476427555e-04
3.663482610136270523e-03
1.122409244999289513e-03
1.606951555004343390e-04
5.735869519412517548e-03
4.153137922457972309e-07
2.569700700405519456e-05
4.287689516786485910e-04
3.678092753034434281e-06
1.614819353790153400e-07
5.194230539018462878e-07
8.849762707541231066e-06
9.352129382023122162e-07
6.577868771273642778e-05
2.064416548819281161e-07
2.468118154297371802e-08
2.291219436401092935e-09
3.365811807043428416e-08
1.922032089041181280e-09
7.217942243897823573e-09
2.964224279367044801e-07
1.006101424394501009e-08
1.780432690168254339e-09
1.440665275964647662e-08
2.249982422597440745e-09
1.426718410080241028e-09
1.761197836458450183e-07
2.451030695738154463e-06
9.281028212626551976e-08
7.771650984977895860e-07
1.009618770808629051e-07
2.458422159179463051e-07
3.083959654759382829e-06
8.367930348640584270e-09
5.809481251617398812e-08
3.197348632966168225e-05
2.084441257466096431e-05
9.766466973815113306e-06
3.067619900321005844e-07
7.231620111269876361e-05
6.480880256276577711e-05
9.131551632890477777e-05
6.375971679517533630e-06
1.771756360540166497e-04
7.492275017284555361e-06
3.519581696309614927e-06
5.018444062443450093e-05
1.630716042200219817e-07
1.650622216686770116e-08
1.173414830191177316e-06
2.765632871160050854e-06
2.897356523590133293e-07
3.294620910310186446e-05
7.962048442777813761e-08
3.983160695497645065e-06
4.358301453066815156e-08
3.609754273270482372e-09
5.974840178168960847e-09
1.274821102015266661e-06
1.859764608980185585e-07
3.252488056659785798e-09
2.634301887738388359e-09
1.229396806579075019e-09
4.105746853610980907e-09
1.607898703070986812e-08
3.893856614922697190e-08
5.919620793548574511e-09
8.655771921439736616e-08
5.260944249130261596e-07
4.179913304369620164e-08
5.792243484847858781e-08
8.643942095432066708e-08
9.394735229761863593e-07
5.125039947984078026e-08
1.484067553292334196e-07
1.145068154073669575e-06
1.755260257141344482e-07
4.186509805492732994e-09
7.273738589219647110e-08
1.780559166775219637e-08
2.918623209779980243e-08
2.975689881168364082e-07
1.585221554023519275e-08
1.993466192118376057e-08
1.135950569164378976e-07
6.824618736800402985e-08
7.433643389731514617e-08
1.275431600333831739e-06
2.974290964630199596e-07
1.205930999503834755e-07
5.028684313401754480e-08
8.055178000176965725e-07
6.979183453381665458e-09
2.598397275122010797e-09
2.206320885989043745e-07
1.914429361704605981e-07
4.520615703995645163e-08
1.295197336048659054e-07
4.857890978371415258e-09
9.863739336424259818e-08
1.246859824277635198e-06
7.698822912516334327e-08
1.213839873059896490e-08
5.118585590935254004e-07
1.476612254691644921e-07
5.858810709469253197e-06
1.233022857149990159e-07
1.448592684027971700e-06
2.356227213340389426e-08
6.124514673189196401e-09
4.920831386812096753e-08
1.315303848059556913e-07
1.049703701738735617e-08
7.973473839228972793e-05
2.921332907135365531e-06
2.366599716197015368e-08
4.631757747119991109e-06
1.733540813120271196e-07
9.573755050951149315e-07
6.512319572493652231e-08
8.305654546347795986e-07
2.772991933852608781e-07
8.022943802643567324e-06
3.697691113302425947e-07
8.198966128247775487e-08
1.637888829009170877e-07
1.001975959979972686e-07
8.573665155608978239e-08
1.556003184077781043e-07
1.338852325716288760e-05
3.631738110243531992e-08
1.316769839831977151e-07
1.401653548782633152e-06
1.376350500237322194e-08
5.740878705751129019e-08
1.058776547324669082e-06
1.579339503621213225e-08
5.243686018729931675e-08
3.811431614764160258e-09
8.003004836609761696e-08
2.285525795286957873e-07
1.253340968787597376e-07
8.913684013123202021e-09
3.973885611685545882e-07
5.988763263076180010e-08
3.011287219578662189e-08
3.500917102883249754e-07
9.553205018164590001e-07
1.534592541929669096e-08
2.547985467060698284e-08
6.388431472714728443e-08
1.846868258326139767e-08
1.430207277053341386e-07
2.223686834668114898e-07
4.397539044020959409e-08
3.178594809583046299e-08
1.028190439456011518e-07
3.463487701083067805e-07
2.973657231564175163e-08
1.260858937257580692e-07
2.069216122890793486e-07
4.333153214020057931e-08
4.797377162191196476e-09
2.893948636284449094e-09
5.468039034894900396e-07
3.022859829115986940e-08
5.753306275835257111e-09
1.504305302546526946e-08
4.006072806816973753e-09
2.919852359895003246e-09
2.016802058690814192e-09
2.891252215420081484e-08
2.898609864132595249e-06
1.086313901055291353e-07
5.880607645281088480e-08
2.203872327299905010e-06
3.873229843520675786e-07
3.678193934320006520e-06
1.126084612224076409e-07
4.999661200599803124e-07
6.325750291580334306e-06
1.089927877728769090e-06
5.934051046097010840e-07
9.997696679420187138e-07
4.839164375880500302e-07
5.607073489954927936e-06
2.986007757499464788e-06
6.452403056300681783e-08
2.188794496760237962e-05
3.477204472801531665e-06
1.564527110531344078e-06
1.007642111972018029e-07
2.334492137379129417e-07
1.907518907273697550e-07
2.844867140083806589e-06
9.407470315636601299e-06
1.644814619794487953e-04
6.100387395235884469e-07
1.128072540268476587e-06
4.277268601526884595e-07
2.117411526114665321e-07
2.274550524816731922e-06
1.731331940391100943e-05
1.074480707757174969e-03
6.746318348405111465e-08
2.924640284618362784e-05
8.381500151699583512e-07
1.246699810053542024e-07
9.275737511416082270e-08
5.764237798189242312e-08
1.903876665210191277e-07
2.002399668299403857e-07
3.571430262638841668e-09
4.413336185393745836e-08
7.678299880353733897e-06
4.573028888898988953e-07
4.742067176266573370e-06
8.037930143700577901e-08
6.528427434204786550e-07
4.384978092275559902e-05
3.610296989791095257e-04
6.212090738699771464e-06
4.333163872161094332e-07
1.016981514112558216e-05
1.205795342684723437e-05
3.987231167457139236e-08
2.959078244657575851e-07
9.611935638531576842e-06
4.005524800732018775e-08
4.018762354007776594e-07
2.452033243116602534e-08
3.161053712119610282e-07
1.356629155679911491e-07
2.973810531159415405e-08
1.483623890408125590e-08
9.770118936103244778e-08
8.272396989639219100e-09
6.869801616460335936e-09
2.736539727266062982e-06
2.487274514351156540e-06
2.406910226682157372e-08
1.489696144219010421e-10
2.182560856454074383e-04
4.559553344734013081e-04
1.014999924109361018e-07
1.139992218668339774e-05
1.891670819986757124e-09
1.459193921249379855e-08
4.431982688402058557e-06
3.229161293916149589e-08
6.736985938005091157e-07
6.963159194128820673e-06
2.529796816475027299e-08
2.886221928122267855e-08
4.336239669555652654e-07
2.221926109768901370e-08
1.525368276134031476e-08
4.220119720343973313e-08
3.507369967792328680e-07
2.876356930414658564e-08
2.498466074030147865e-07
5.110693450660619419e-07
1.058464036418627074e-07
2.252720037176914047e-07
4.560903835226781666e-05
9.869254427030682564e-06
3.258135166106512770e-07
1.272406446872764718e-08
1.580608341100742109e-06
1.427216034244338516e-06
4.338009773618978215e-07
3.226237367925932631e-06
4.787694197148084641e-04
1.442526172468205914e-05
1.070096641342388466e-05
5.755239180871285498e-05
8.233627886511385441e-05
5.806640838272869587e-04
6.788362225051969290e-05
1.487753524997970089e-05
7.589605520479381084e-04
2.276776285725645721e-05
5.027984734624624252e-04
9.091506944969296455e-04
7.897241739556193352e-04
5.266587322694249451e-05
6.458800635300576687e-04
4.633777588605880737e-02
1.060390877682948485e-05
7.275734096765518188e-03
1.344446263829013333e-05
5.747636896558105946e-05
2.557147308834828436e-05
1.639977753598031995e-08
1.038561435962037649e-06
7.735876715742051601e-05
1.412099300068803132e-05
1.193578646052628756e-05
1.686613337881226471e-08
3.826028478215448558e-05
5.960057691822839843e-08
7.748464092571794026e-09
5.183084795135073364e-06
1.370461086480645463e-05
2.806409611366689205e-07
9.003651513239674387e-08
1.815953831751926373e-09
4.807351849933638732e-09
1.904843571765013621e-08
2.545399890863109249e-09
7.835491699914598485e-10
6.885323955430067144e-08
1.421310855675983476e-07
3.094976008810590429e-08
4.927149799272001474e-09
9.801587452784588095e-08
1.332409516052734944e-09
5.892576737664967368e-08
6.115835731179686263e-07
7.412886304791754810e-08
4.508175663886504481e-07
9.519261823243141407e-08
5.096213673283500611e-09
3.847065777051739133e-09
2.835362700182031404e-08
1.499476240951480577e-07
2.279466476684532950e-10
2.068077709083127047e-09
7.105428245779421559e-09
1.101835511718718408e-08
4.885699622647621254e-10
3.037811113770771954e-09
4.770650097185580307e-09
4.327245903823495610e-07
5.164251248856999155e-08
5.030257810290095222e-08
7.972082016749482136e-07
1.912087554956087843e-08
1.594459831721906085e-06
1.795455517594746198e-08
3.502247736264507694e-08
1.410919825417522588e-09
2.627964867940590921e-08
2.469488435963285156e-08
3.524392999665337811e-09
6.619492864956555422e-08
5.755270926499633788e-09
1.163865803732733184e-08
1.846508901337529096e-08
4.712013446095397740e-09
7.221736950668855570e-07
1.468681176675090683e-09
9.715694027079280204e-09
1.780512661753164139e-07
9.382292720516716145e-10
9.253542287979144021e-08
1.565511411172337830e-05
3.243642865413676191e-08
6.706376787235512893e-09
4.076129656027660531e-08
1.148732131639462750e-08
5.984820194981921304e-09
3.861476827182741545e-08
7.627535936194362876e-09
2.306477426827768795e-06
8.829353248529514531e-08
5.697214078281831462e-08
1.843018537783791544e-08
4.917838580809075211e-08
1.614102629332592187e-08
1.212093820868176408e-07
6.919985935383010656e-07
4.503453165938253733e-09
1.964900242512612749e-09
1.029979546096626564e-09
3.690104932729809661e-08
6.794274476362716086e-09
1.792847825754506630e-08
8.666802386869676411e-09
1.325891618719765574e-09
2.726171146605338436e-07
3.324389430403584811e-09
8.749299951205102843e-09
7.472508656292120577e-08
4.673864850701647811e-09
6.455055934218023594e-10
9.629004260602869181e-09
1.031762897341081953e-09
1.136664184997471239e-08
5.755402820994959256e-09
3.277665916456840023e-09
7.095978560300864046e-08
1.191954090984381764e-09
7.031383253419676294e-10
9.465694894572607154e-10
1.348579203863664588e-08
3.141712667797946779e-08
1.030230578180635348e-06
3.291046990483437185e-09
4.723501115222461522e-05
5.701461081031311551e-09
1.400281779417866801e-09
4.692189179422712186e-07
4.923232488351914071e-09
1.387216652659617466e-08
1.977025121391307039e-08
8.745645985186456528e-09
2.924256747860454198e-08
1.357027628046125756e-07
1.948475443214192637e-07
2.177138025416525124e-09
1.609036126559715285e-09
1.085498269048912334e-08
2.181835379033714162e-09
3.734205833438863920e-09
9.637731501754842611e-09
2.120244646519608978e-09
9.597077577083723554e-10
4.825842503386468252e-10
5.049345386254344703e-09
7.158590165090572555e-09
2.416395261661818950e-08
9.695271074861011584e-08
5.985325657320572645e-08
7.979102711885843746e-09
4.076044035628001438e-08
3.524038305613430566e-08
9.803948763931202848e-09
1.729232756986220920e-09
2.167606649727815693e-10
2.735889914617928298e-08
7.185117567587440135e-08
1.059037035844312413e-08
4.651961660329106962e-08
1.336132871010420331e-09
4.250767737801197654e-09
1.389159565157171983e-09
8.402876616742105398e-09
2.749882765940014906e-09
9.249332966199119710e-10
3.363955336510571215e-09
1.224709000879897758e-09
5.364410249342199677e-09
7.433919591015580863e-10
3.397746795030798239e-08
3.701508433096023509e-07
8.013437735598927247e-08
1.357050294359396503e-08
3.749178745238168631e-09
4.193998481838434600e-09
6.468468871645427498e-09
1.591300757830538259e-09
1.693661738633167602e-10
2.000459353723726963e-08
2.489620065659892134e-09
7.705575733041314379e-09
5.710004025161197205e-09
4.678023302062683797e-08
7.691769998707798095e-10
1.584220310490991324e-09
3.013942162510829803e-08
3.976603490940533447e-09
8.089342529160603590e-09
2.662970954858678851e-09
6.248092176974751055e-07
2.821148470388834539e-08
2.173309532338407735e-08
7.321979911267817442e-09
3.004067827827583415e-10
2.015168831803748617e-08
7.088555662448925432e-07
1.879038968866098003e-08
8.557616837379100616e-09
1.510287228612128274e-09
6.830816801084438339e-08
5.715419248986108869e-09
1.380638803283318339e-08
1.967864449170519947e-08
2.550236644083270221e-08
2.796929798876135465e-09
2.941340326856334286e-08
8.767404580112270196e-10
7.494147524766958668e-08
3.665370940098000574e-08
6.813455133425350141e-09
1.253580617088800864e-08
5.456677332205117636e-09
5.806409575370707898e-09
2.772148377516714390e-07
1.184697318024063861e-08
3.033763906756803408e-09
1.441126951107207788e-08
6.203437319385329829e-09
5.702646355132401368e-09
6.175458810986356184e-09
1.006120609048366532e-08
6.560914478370705183e-09
1.663146242947277642e-08
4.273486564621009620e-10
1.282806749713927275e-08
2.982026015008187869e-10
4.215554016973044327e-10
1.083942535728965595e-08
7.251598876933940119e-09
2.228539983661903534e-07
2.087922723603696795e-09
7.287687120438590682e-10
5.212740461502107792e-07
1.991110366361681372e-06
3.224207034691062290e-08
3.495162275157781551e-07
2.889767642955121119e-07
7.121384815178544159e-09
1.024342943800604644e-09
7.165252280394440731e-10
7.171381266601883908e-09
5.047641415956150013e-09
1.246711001101630245e-08
2.086698458469982143e-07
3.369742884729021171e-08
4.457045932326764159e-08
3.069746901118719506e-09
2.258147979716795817e-08
1.893956325105250471e-09
1.807725595881493064e-07
2.693263034814208368e-08
7.256469647387575606e-09
8.938677353853563545e-09
1.249784720158686468e-08
2.142171595664876804e-08
8.427627484763888788e-09
2.687960520830756650e-09
4.242513451657714540e-09
6.202996449822251179e-10
1.707559427188698464e-08
1.128408122497148725e-08
4.334438363784443027e-10
3.499739942292023898e-10
1.671611404852058058e-09
2.303326196440025342e-09
1.668325033676865132e-08
1.828477103060777154e-08
2.153375788793709944e-08
6.254799345128958521e-09
4.536331033033746962e-10
9.938978706713896827e-08
1.053181186705387518e-08
4.533144348783935129e-08
4.033374967349345752e-09
2.990292236049185703e-09
3.024732908585292535e-09
1.006121195246123534e-07
8.916251204027503263e-07
1.029366885063609516e-07
7.780709410099007073e-08
5.925099078041284884e-09
1.071986166500948912e-09
1.762371404367968353e-08
1.854172509974105765e-10
1.037298247297258058e-08
5.392099922119086841e-08
2.801158194287722836e-09
5.211626685763803835e-09
3.728114261747350611e-09
8.739998236251267372e-08
1.686885964247153424e-09
1.588005638097911287e-08
6.454172307712724432e-09
8.594015810103883268e-08
3.369490464422142395e-09
3.878760646003343027e-10
2.010831394727574661e-07
1.000891458602382045e-08
9.075353801790697617e-09
6.632835614084342524e-09
1.199852164290859946e-07
8.587146105298870680e-09
6.982018962986558108e-09
6.743539415765553713e-08
1.202625696805625921e-07
5.684044346310201945e-09
2.348199634738534769e-09
3.740202458857311285e-08
7.428621717764372079e-09
5.588040039583574980e-07
2.724297303302591899e-07
2.274590515938257340e-09
2.606698501494975062e-08
2.293704071121283050e-08
9.204912387872354884e-10
7.779689212839002721e-07
6.407281372133866171e-09
1.130864468734671391e-08
1.103208302488667414e-09
9.160984193457011315e-10
4.406846276783227268e-10
2.354801909021375650e-09
3.776991608361868202e-09
4.502553352381255536e-08
8.221397451713130522e-10
1.879175215435680002e-08
2.138962607034500252e-08
4.295536815135392317e-09
4.728537206233340839e-08
5.170531949261203408e-07
6.103198391116393395e-09
4.358891914080231800e-08
3.265556003384517680e-08
1.431911869076429866e-07
6.281873652369540650e-07
6.760677351280719449e-09
8.699579439053195529e-07
2.316647567113250261e-07
1.021354734120905050e-08
1.101827251659415197e-08
9.993420535536756688e-10
8.585856647869150038e-08
9.406715406612420338e-10
4.527369590334728855e-09
1.574823604855168924e-09
3.772405499091746606e-09
6.378699346498706291e-09
7.367878396280502784e-08
1.182480513506334319e-08
3.733440507858176716e-07
5.410383252524297859e-09
4.701754718894335383e-08
1.513768332905840452e-09
2.272088739374567012e-09
1.145658430345974921e-07
4.953319532319255813e-08
8.043984145444937894e-09
9.818901389735401608e-07
1.494731947104810388e-07
4.389364149925967240e-10
1.049621722870597296e-08
7.000218374741962180e-06
5.153415472136657627e-09
2.021716625222325092e-07
8.488385816463051015e-08
1.641782598760244127e-09
1.678913463365461212e-06
2.279750610512110143e-09
4.979451517783672898e-09
4.280308552040423820e-09
2.936361376271179324e-09
1.077867977983260062e-06
3.871386322629177812e-09
1.287154649531885298e-08
1.486788203663991226e-08
3.300961060048734907e-09
4.320458515394420829e-07
5.980312689501943169e-09
3.154583261277821293e-10
8.776928517306714639e-09
2.825740530454368127e-09
2.240794910735033341e-10
1.403729577020840225e-08
4.986731916289954825e-09
1.369543811691187329e-09
2.003744441481103422e-07
1.825016360257336601e-09
5.133676594937242044e-09
8.680024876639436116e-08
1.052381515265210510e-09
1.391116333238073821e-09
6.342098402001283830e-09
6.385890150006900967e-10
6.135317587308009024e-09
1.011733896660871324e-08
9.338538831116238725e-09
1.366793234147678504e-09
1.098213786576707207e-07
5.538803193871899566e-09
6.048868517183336735e-09
4.993089497418168321e-09
1.410182761674150242e-07
1.902044566293170647e-08
2.763059647747923009e-08
1.346602562790621960e-08
8.221495484406204923e-09
3.780378676765394630e-09
5.180890161327056376e-10
7.712693594896791183e-09
1.815667260984810127e-08
2.724110048646366522e-09
1.798650117734723608e-08
3.270990145409768957e-09
4.779077045213853125e-08
1.154493656230215493e-08
2.326347825487573573e-08
1.071479704961575408e-08
3.440031037804658354e-10
1.414023453882862214e-09
1.063027887937550986e-08
6.828745569009697647e-08
1.140796790366493951e-09
1.050691835757788795e-07
2.850941038801124705e-09
1.371068378830386791e-06
7.158334369705698919e-08
3.275048010564773904e-09
1.240948410696773863e-08
8.344202484522611485e-08
7.492460696312264190e-08
7.677523061744295774e-10
1.326675880264360785e-09
1.145946271208231337e-08
1.275849315085508806e-09
1.358490120395572376e-08
8.842566501243709354e-08
2.770710549881982843e-09
4.437823619696246169e-08
2.178913831585305161e-07
1.578978192640079214e-08
5.952318637980624771e-09
2.030129664376545406e-08
8.408884699662166895e-10
2.546089561406006396e-09
4.127858499458625374e-09
3.809657922460019108e-09
1.099681501415261664e-08
4.851936186156535769e-09
2.054050355582148768e-06
2.451558678284726511e-10
1.480902622752466868e-10
6.033201316313352436e-08
7.301005133797389135e-09
5.043106487967463636e-10
2.262058842461556196e-07
4.492548999479595295e-09
1.430495055743108423e-09
1.385566683609340544e-08
4.452323878467723262e-07
3.680606264211405687e-09
3.741635001830445617e-09
1.541933514204174571e-08
3.566229977991497435e-09
1.494605186280750786e-07
2.205125859688905621e-09
5.944379566358293232e-08
5.280820225550542091e-09
8.832818920723184419e-09
7.339502872127923183e-08
1.176619601750417132e-08
1.240408220581912246e-09
2.356393480340557289e-08
1.527671322776313900e-08
7.223193421168616624e-08
8.741910306753197801e-09
2.474675220298649947e-08
1.115165218834590632e-06
3.892651534442848060e-09
1.638405144888110954e-08
3.322627284418899762e-09
4.157760713496827520e-08
1.144418892984333525e-09
2.647293406710105046e-08
1.292932694241244462e-07
2.202340354529042088e-08
7.396168371087696869e-07
2.928310038896597689e-07
7.294240766952952981e-09
2.664456033585338446e-08
1.363010593280478133e-09
2.057255699128290871e-08
5.451855713545228355e-07
5.610113706921993071e-09
4.744172610315899874e-09
4.533818653840171464e-08
4.027988254051706463e-08
1.478984813729766756e-06
4.327839864259885871e-09
4.421287336242585297e-09
1.178602326845634707e-09
4.323533531191969814e-09
1.411203154333406928e-08
5.838223238185946684e-10
3.394198699879780179e-07
5.405855318940666621e-09
3.924716107661652131e-09
1.215476146398941637e-07
3.523882075029405314e-09
1.638433211326173478e-08
2.731546189238542865e-08
6.120232143302928307e-08
5.698914118390518979e-10
1.942227214613012620e-07
1.291456328544882126e-07
1.078043609936685243e-08
7.282717096046553706e-09
1.695185005701205228e-07
3.708313434103160944e-09
6.871085922455222317e-09
3.405608461903852913e-09
1.802479232537734788e-08
8.245417859598092036e-08
6.273880526208586161e-09
2.957306719508778770e-07
8.638988968634464527e-10
1.785309855506511667e-08
1.161009399730517089e-09
2.874085192061670568e-09
3.803374966082628816e-07
2.189063375013233781e-09
4.942944276109528801e-09
1.717704520842744387e-07
1.875991628708106873e-08
1.697554274926460494e-08
2.021869477397686410e-10
8.795027817143363791e-09
3.136872761544395871e-09
2.237753960798727348e-06
1.496255741528784711e-08
2.574736424065804385e-09
2.179872060636967035e-09
1.597171035427891184e-07
3.096161105275996306e-09
1.708207442163711676e-08
3.941838500054473116e-08
9.164458560917410068e-07
8.666434951010160148e-06
7.270693491712165724e-10
4.718059898323190282e-08
6.910687133654391801e-09
1.645231684221926116e-08
3.586880836792261107e-08
3.280274540884420276e-07
1.893356795790168690e-07
1.925905479538414511e-07
6.410004194101759367e-10
4.094454109093703664e-09
1.602237342801515751e-09
3.776660317811320056e-09
2.798694331840323457e-10
3.346018351280122261e-09
1.215811806787314708e-08
1.552874273613724654e-08
5.660467095047749808e-10
1.959065271117665930e-10
1.052200881979103997e-09
1.075411704132278601e-10
9.510466858486665842e-10
1.457771681145914044e-09
2.851143854343263229e-08
6.269729624364117626e-09
7.677789959359415661e-09
4.291390853783383363e-10
2.377670282882604624e-09
3.051626729089207402e-09
8.879067259215389640e-09
2.219338313125263085e-08
3.030260486980296264e-08
2.585793523746104938e-10
9.816695722975055105e-08
2.284073552516474592e-08
3.238679013861656131e-08
9.197769657021126477e-08
4.467454672862913867e-08
1.029496417004338582e-07
2.724440264501026832e-07
3.404920123628585316e-09
6.955121278906517546e-08
5.775009412900544703e-07
7.687784204790659714e-07
1.813811252304731170e-07
1.762552770401271118e-08
1.588623010917444844e-09
2.239852925356444757e-08
1.842963837095368262e-10
1.767433310817523306e-09
6.427461896052477641e-10
1.630464097068795581e-09
1.241364344650719431e-09
6.225852278163301889e-09
1.397069127051508985e-10
8.195115697162691504e-09
4.802940822834500523e-10
2.146167332739423728e-08
1.134794302970476565e-07
8.334917538377339952e-07
2.784578043701912975e-07
5.818404869017967940e-09
1.022439505504735280e-06
1.249334147246372595e-08
4.394799191231868463e-07
3.758503225981257856e-06
1.303973249378032051e-07
1.997716907453650492e-07
1.687008932549360907e-08
5.796487201337185979e-08
3.746873176169174258e-07
3.805428150371881202e-07
8.807487716921968968e-08
3.780669288744320511e-08
1.453765730019540570e-08
1.508293166807561647e-06
1.715124926704447716e-05
4.925317398374318145e-07
2.931165852260164684e-07
2.036963842044769990e-08
2.491740147547716333e-08
6.490911808043620113e-09
4.724954123958013952e-06
2.698774608234089101e-07
3.219647126684321847e-08
1.246834724355494473e-08
2.178945912589824729e-08
