2.412627352875758906e-18
4.867600149259638682e-19
8.059786155536000085e-15
5.800449595398106434e-20
1.293739015764068363e-17
6.682814963740627852e-23
4.455316314277109027e-23
1.100409701253684692e-17
2.428077541544865214e-15
2.750329421419667188e-18
1.003590006237731203e-11
2.036882627575077468e-17
1.151459163477655534e-13
3.638368464598697262e-20
4.982784532569764940e-19
6.217927379658784649e-25
1.166018694223397087e-14
8.776367219770486727e-13
7.096101362931127105e-21
3.780346908160035334e-20
3.038518278858954346e-22
1.421407131330662488e-20
4.374033336158809840e-21
9.178489780942160853e-20
7.157550413439189437e-19
2.102348027697996883e-19
1.288521131379515454e-20
8.140385220771500249e-19
2.417581550821840663e-20
3.262790298253584484e-22
2.687653326021064866e-18
3.051688676064534533e-12
1.305277609088550950e-12
1.595479094502962221e-15
9.713006093869935853e-11
4.186153073287384386e-21
1.435559286882649812e-19
8.380386505624932772e-19
6.122821287350467205e-22
7.359588864464960170e-18
3.359796165239292698e-13
4.364884750895716032e-20
4.899923265670913930e-19
5.412329666522263500e-20
2.468569858237435283e-25
7.406781192159381111e-21
3.220285095442004808e-14
1.652019602523370836e-15
1.758776750816506879e-19
9.590849506131016037e-17
2.412135365038002577e-14
2.926174580419882432e-11
5.196725658327266530e-23
3.413657096380424609e-20
5.692299219975007274e-19
3.361971823491977350e-23
6.286185048597229985e-25
1.214906615216150720e-23
6.856240795717056630e-22
3.632040008376760665e-15
1.131636367104411349e-22
4.147824013220476216e-23
8.208847452228949885e-23
2.328719173697625408e-28
1.469697192321426653e-20
8.399356729751100059e-21
6.537726403874931007e-23
4.562850361888854384e-23
9.369199502340529169e-20
2.828426438182942466e-18
2.259568748268884168e-22
2.656496116831830179e-12
3.099052157820700105e-21
6.450318744524593459e-19
2.838524077022615971e-24
3.637061858504161595e-21
3.664111501408780957e-18
3.165076591481624719e-19
1.045522346774687805e-16
2.145115902005190927e-17
2.367870280835351936e-16
3.694832588693391199e-20
7.534173604550402191e-18
1.599554553824006884e-17
1.281667083743332657e-21
1.202573248095103672e-14
1.654667612804944991e-16
1.889963704082635006e-16
9.454766218529099710e-18
2.549957535841760117e-15
1.324923724857317506e-18
2.990660195575534310e-20
3.630955951788062970e-17
7.166268483505192072e-18
3.200827128693061905e-16
4.256960622294847196e-21
2.231748543810612613e-19
5.755554755392702992e-19
7.997605016891808668e-17
4.568609512997752681e-18
2.293696929133272940e-16
2.624510151457357113e-20
6.163142749631317667e-17
1.305403302001659910e-14
2.390175768535660863e-17
1.160863617295693933e-18
3.770622391250678940e-14
1.681136426406704844e-22
6.148956271253788221e-18
1.903619662677979266e-21
2.857900938435041154e-21
2.136028760493479382e-16
7.201318607600901514e-18
3.714113411384753905e-17
1.480675510793010562e-21
2.861077635104671558e-19
2.867312238360945077e-22
1.528817839782065200e-16
2.996261525090655915e-16
3.512950448319309297e-18
1.436012055523305103e-14
1.027844951145225318e-17
1.587219200967324838e-20
4.574962590974404955e-16
8.869699380866994280e-20
3.386548836743413355e-20
1.018399050028116103e-19
9.938931296787650839e-21
1.492512895104822003e-18
7.385773266755326261e-18
1.559939178568586655e-18
6.188721841828932766e-19
4.843927274104136721e-19
4.105820158247809864e-17
5.510486879225509677e-23
6.617898063051002450e-15
3.380462170377609684e-17
7.270007200991164764e-21
3.908018035181047035e-20
1.698053586629555411e-09
1.521758292710728711e-07
1.115274983476410853e-09
2.472544738396642572e-12
5.554749438196893152e-10
2.239138215121005970e-11
7.725521185598625460e-21
3.843485668939693293e-19
6.007936038883910404e-18
5.188876851021050865e-17
2.074834942314910483e-21
1.203190463927583664e-10
4.373183130727820167e-13
5.029221773611895679e-21
2.601812717582581384e-27
2.527368936064227872e-19
1.544679755129259327e-25
1.005867903778936696e-16
2.568278673202413422e-17
4.616838795600539806e-19
1.152666575062648649e-15
1.023041235059807263e-10
1.906878786603180873e-18
8.230776086734503671e-13
2.358790716298051377e-17
5.050584197607217786e-20
1.150043350420949033e-17
8.539189673598628716e-19
1.117679218490610915e-13
1.116299775147211361e-22
9.840136916674193536e-27
2.040293487443894271e-20
1.742733561627130001e-13
1.372976301001747990e-17
4.000178854267131317e-18
5.516544021588742908e-08
2.267554316007453028e-16
6.312763840574399355e-17
2.026586038406382233e-21
1.651956903284686541e-22
8.014821788725364876e-19
3.333581543725044330e-16
2.742204704809155032e-22
1.054885409268967438e-15
5.443936669412796864e-17
1.110574285805989675e-22
2.482976428546881748e-22
4.002815841436465013e-20
2.346661799287929010e-20
3.942291746874298891e-20
3.369977759511076627e-19
2.214177030401484211e-20
4.653723813090045001e-19
1.197885057386165723e-21
1.975143497387382755e-22
8.112198233605188884e-21
4.892556733601021216e-22
4.131253894132284082e-18
1.571448259418919775e-18
1.650438062052210214e-23
1.090896886712933167e-10
1.817950024703250528e-22
3.805972705042986709e-20
9.822670180377919486e-25
1.054002842296959085e-18
3.290118201142411239e-26
2.996240349266974558e-15
3.941062737429804088e-18
9.648778794565209838e-20
1.953889307293454891e-12
1.265116191883838724e-23
7.235295404623871010e-26
2.466402009068661779e-20
7.666237840498272257e-24
7.650389921524082493e-20
1.031186616063332353e-18
5.499480297445413510e-24
1.037298384775787595e-17
8.506436835243545037e-22
1.161238876181631710e-20
4.875024859572188105e-15
1.530326655476465253e-19
1.161302602046775825e-17
6.501909515536909841e-24
2.242299856902718602e-08
1.070761308073997498e-01
4.203275639873271796e-13
5.194142574274467072e-14
3.113657049032100734e-17
4.399440220985118763e-19
4.242811504046671591e-19
5.715587083914396428e-17
4.787379284881322417e-21
7.491146344497687417e-21
4.927812500128448882e-20
5.103645814418577146e-22
1.662927502366073895e-06
3.539189832271016022e-20
5.448702402352338658e-14
1.599225865335802813e-16
1.378764032048993240e-19
4.398365920164565519e-19
3.483268060777169841e-21
1.216157275295288112e-25
8.032245355712059340e-17
1.210504347904483552e-20
7.213698391171717138e-16
4.358839169867154834e-15
4.197135834623586500e-22
9.323509761412001814e-16
2.008905330497592900e-14
5.517961304893348462e-13
1.160215078578694797e-14
1.874882944201262231e-17
8.316724100743437534e-19
2.416237175617563793e-11
3.852137231616495133e-16
3.529805028996968463e-13
3.262250781654391562e-17
7.249328687341362085e-19
2.947008147394594452e-16
4.460205425771147022e-19
4.733821260742843151e-04
1.390924879523229861e-19
5.717574567315789839e-16
5.293349309223871479e-13
1.001069083051375988e-21
3.389888720638263987e-17
5.945075016919614196e-20
5.720216780715631222e-15
5.845798944266737858e-16
4.930031670615563802e-20
7.124285603599310852e-20
5.201224108526691925e-13
2.014940214678517805e-08
6.864977044369489825e-16
1.825462558077781822e-14
1.288570972242596042e-19
1.617458371286437796e-14
2.910335817826736893e-13
7.281220183493946578e-21
5.261658215247391746e-14
8.782180533942435079e-16
9.417568403983427294e-21
7.490186621116669838e-18
4.875239989397178446e-18
1.260612242102499871e-15
4.690793912241608936e-20
4.770793095021542014e-27
2.256082775715244862e-20
1.308951624131490771e-21
2.057232594132862033e-17
3.222525512364783270e-23
4.535391180368541919e-18
2.385478348803315128e-15
1.418876475644133069e-21
1.899154780838313839e-18
1.863243312924518076e-21
1.529166302022812351e-18
5.276516303463859712e-20
1.541347880711151082e-18
1.243331952724066941e-17
9.263033203223272624e-23
3.410671971018348729e-15
5.581268834303545752e-17
2.600935998773155579e-22
2.468140794818933311e-22
9.248105617898003117e-14
1.636387748448135633e-17
2.654475835434598910e-19
1.935642699935005296e-20
1.468713109763839094e-17
1.404856743767281604e-14
7.884798360116563026e-16
1.606394604659496490e-20
7.502240609346191857e-14
6.540455711145701905e-20
1.586356225406233286e-17
6.028148891046317642e-22
7.549216297579985276e-19
7.439260148105591642e-21
2.255099014155433762e-15
7.041051536738139849e-18
8.505216848853193024e-19
5.479876674411490853e-17
1.561360274860952757e-20
1.073087512030751912e-17
1.745413878804103619e-14
5.532532914328917861e-14
2.659746121264072727e-12
5.000100603299955076e-16
5.700732247371220751e-11
3.669036700212044194e-17
8.281275689182783810e-17
2.579766065211649279e-14
1.388318764285320292e-16
1.135482329831934405e-19
7.638521172203653660e-20
8.114018287016903919e-15
1.228236961200255191e-18
1.490287980603545225e-26
1.431489068991556590e-14
3.480337198991101388e-11
2.546682821764380267e-14
2.629273813519216108e-17
3.248101657429836031e-13
1.938383671238816386e-13
2.092131155817522625e-12
1.388512000138761215e-20
4.769777770019117629e-18
1.159492813584571055e-16
9.351855024160152431e-18
9.928957477164587764e-15
1.472388901882677736e-15
6.047717326929102910e-10
8.469860564533262393e-19
3.047899639935783322e-21
6.946266399270791003e-17
1.597798118511311786e-17
8.000378652747372477e-14
3.680137583561560177e-10
8.975846147002658308e-16
6.199117951165075787e-19
3.076790376857618317e-20
4.368792472470658010e-23
1.601290058158481942e-15
2.102780035697599773e-20
4.233927644652036790e-15
8.601147259237652164e-18
8.364198064049387175e-18
1.673810965047498045e-13
3.948038551868268373e-21
1.255986518456542322e-20
1.295915948341154794e-19
2.767941575831916421e-23
1.879694871975701176e-10
1.166370128193212896e-14
1.381144792268770394e-17
1.615050002507509644e-15
2.665528974331292801e-17
1.183604822125171226e-20
1.022045139383627673e-20
8.517471450364411112e-12
1.272402337765311968e-20
3.800571189276633413e-15
7.618000197676111362e-14
8.931157995650889256e-19
5.388165652878058179e-20
7.646188748741108093e-20
8.598432088507783604e-16
1.094258062932012762e-14
1.248627546462019173e-16
3.033508086682295788e-19
1.881677995159348923e-22
7.472967015163811677e-13
4.605307016914198231e-16
2.397065007860146390e-21
8.688493835459889541e-20
3.223792997689763767e-15
3.162617112639765082e-10
6.069387071920562260e-13
1.289217959353912314e-22
1.419472627296539450e-20
2.330883604258163748e-24
5.573181075864308524e-18
1.529102753872252964e-17
6.268925521408854207e-23
5.827931034077840367e-27
1.422736953412312191e-19
3.157656358609983727e-10
4.854110769071532175e-15
1.039145328975378928e-22
1.676845329257048434e-07
2.068191971849042687e-11
3.255984723078179867e-17
8.324321970576420426e-05
1.643456089500462509e-18
6.308618650368001830e-26
2.027216525809027808e-17
7.589556760834170746e-11
1.479988820298622221e-14
9.482251678093215413e-26
1.004760222911944487e-15
3.366295809032577527e-16
1.567967097275971634e-21
5.528584150126394882e-19
4.036972850191694606e-13
1.235260393453903828e-20
1.946054267208845402e-18
1.213933473989177057e-16
2.509520394698076633e-18
1.705724699742838029e-27
1.992322262574003817e-21
5.545539995590539480e-21
2.459135698621838645e-16
6.602440558796558723e-15
7.838536135278129091e-13
4.457452155102264269e-18
8.796388353579768393e-18
3.701443283468821625e-23
3.209400444623716076e-22
7.943818671439506485e-13
1.589258585636518820e-23
5.266769798062398422e-10
3.840600140392780304e-03
3.095458637651041484e-22
1.917976804184008829e-16
3.486814037501062558e-08
3.552011778000441508e-20
2.485347268699894530e-13
3.736536769013629189e-14
4.021682363893790482e-15
2.464447116324909016e-19
4.964448245396192727e-15
1.465661294102249468e-19
8.847313132421554503e-16
1.786954068603349016e-15
3.773034148161396109e-17
5.523054276835963339e-14
3.341760731857741951e-28
2.137951816451322262e-13
1.621363336110089970e-17
2.115211875295327009e-18
2.435460470448513881e-12
4.987076862583705861e-10
7.465137524217032778e-19
3.571917650546652112e-09
8.135130685177227852e-21
4.622167737124887113e-16
1.937950833697000294e-17
7.328363041186544691e-15
7.738810643470508260e-17
6.964444652761154347e-16
9.085104196726589976e-11
4.276036176618230877e-13
8.273436188324889059e-19
2.342166731089346456e-25
1.287434921041011315e-13
3.624039199854792561e-16
9.197129656968172640e-06
3.165858503342686075e-21
3.707173800315255594e-19
1.407193206066432767e-17
3.565496724165356618e-25
1.638805874131228523e-24
9.006758826170940813e-14
2.778112712135309997e-19
6.303897079034940971e-28
3.102011269379145730e-12
7.711588698611649556e-15
2.548271531649501458e-18
3.269280361023214204e-15
2.730585829536081970e-15
5.675164227447737630e-10
2.665547751331197754e-18
2.157499788391844815e-17
7.089097469588275766e-20
2.928221635673263381e-27
1.371941447972243002e-22
6.465036342446797741e-23
2.468993300971500457e-18
5.028706562874897319e-20
1.721904076412704623e-21
2.796621920394885352e-21
8.178798764635426870e-18
7.792067840029122394e-18
3.823342823030618023e-15
5.362889512994851212e-17
7.464725181299119994e-15
3.893825761369350890e-18
4.640309197621604099e-17
6.319459288606587327e-18
1.210679800667224292e-20
2.286188595720480506e-20
4.472088128210831915e-23
6.493240581054473203e-22
1.602455641668352863e-17
1.470909114995033740e-12
2.817018469078273746e-14
9.507840647877009027e-15
3.837761814069751143e-13
9.668770672988102888e-08
5.928593701708436542e-18
2.351740179481229091e-15
6.882424860056579607e-13
7.935222527555265553e-23
8.835803509767920161e-18
1.982645519775608515e-16
6.751062486697209033e-19
1.665894320043546650e-19
3.896764855237933034e-12
6.719693936712819979e-18
4.091090553080078100e-18
6.107141431021395617e-16
6.713746301313410572e-19
2.166841458289423813e-20
5.534823539174428199e-29
6.464433030714162340e-19
1.997907221606975980e-11
1.257294546253007184e-10
1.471744242194264486e-21
2.858881547837012482e-14
1.061369176457427897e-20
1.947094819060406483e-17
4.635409833753101339e-09
3.206903160721513019e-15
1.084221301037169723e-18
5.316576664568770677e-22
1.354508501209766584e-17
3.210878651630964468e-24
2.165096930184517987e-06
8.886294691906339397e-20
2.922838707175579032e-11
1.110869683458408363e-13
4.843666259846785028e-20
4.304101435377916837e-21
1.248404379750197267e-15
1.744236983599356035e-20
5.379634418799793300e-23
1.209199198555008131e-26
9.210947288353581825e-17
1.230388186554867122e-20
7.005696427841859655e-15
7.254573396126892580e-22
3.008380448983496817e-15
6.096279109250332755e-21
7.851298604099349473e-17
1.081226260984874206e-19
8.429363736408258995e-22
3.569743924714648879e-17
3.465478814353964605e-15
4.377482947371373221e-16
3.938128055712830800e-20
4.966876670011762476e-21
1.997233379273573192e-18
1.798005314412876032e-06
2.506398138080873084e-13
5.697935612919424742e-12
1.462371150904077123e-20
4.113029450876515777e-18
3.263457009510840889e-14
1.141070047960829479e-20
1.752250043493376662e-16
5.500509669087666562e-16
1.833460973853166085e-21
6.389944573470529576e-09
8.542530560966959952e-15
2.624977338155942176e-15
8.005113831620320032e-17
1.048147857588504152e-20
1.233593963792907595e-19
4.535935563762416979e-22
3.439514298375634382e-11
6.723497467255961696e-23
7.772452674553080934e-16
3.228246647193808136e-23
9.920300184400887615e-20
5.653190201392856820e-21
3.172953556189567306e-22
4.976003719498361496e-19
3.853257103432581058e-22
1.983901510817709032e-16
1.817712852473027255e-16
3.864000063675370467e-23
1.078511932539605311e-11
2.309929002418179178e-19
1.325047690114381643e-14
3.476381825748831034e-04
4.834190671734479167e-15
1.229886503750776683e-08
1.451170455503414392e-13
1.678282254445323219e-18
2.120560218340941747e-18
2.284589207367921076e-16
1.828717029426431074e-22
6.648720744968639185e-14
4.750642250250789739e-24
3.370098195221021081e-24
1.496148069553656995e-20
1.258345200770821098e-14
1.331023084040787105e-14
2.270710702800826652e-11
4.442165189020349375e-15
2.152691486752747571e-16
1.993944715953215492e-18
1.427281276902525387e-19
3.371463451164657607e-15
1.057872116937082253e-21
2.138218327220446794e-19
1.529254624232717700e-17
1.961623571911097486e-11
3.269807384922995830e-13
1.450721487383788144e-10
3.613180594472776809e-28
1.004040135168830055e-22
5.952586204622507821e-20
3.527100125211291015e-05
1.591587150163896122e-17
1.286070000494632382e-10
5.152384372091232709e-18
9.278214320162384413e-21
6.207651223912355247e-22
1.339874769667762697e-21
3.512049584008753694e-20
1.588336164920440213e-17
3.956962398863618129e-22
7.705117481300814001e-23
6.875393419630640395e-20
7.108304559116235266e-14
1.084778105064930149e-21
4.435869125914983391e-21
4.704796859920728179e-17
7.454974317922111719e-20
2.559523253065076887e-11
2.744529534694826529e-21
1.342066445497204497e-14
4.257978245216816190e-16
1.680183865125400203e-19
8.939698380703870600e-15
4.077759756650287809e-15
8.829241991043090820e-01
2.147943455044210026e-11
1.760095818516217627e-15
2.261508967442493351e-22
1.170375436837947234e-24
3.077054968671119302e-16
1.986696333789908264e-23
2.132329318246952083e-19
2.110257650724369285e-16
1.577027282457860239e-18
3.121905674512842621e-13
9.583236466645322991e-18
1.546975167800129455e-23
1.314110335213884161e-20
5.883707908990982898e-20
2.458451931275167611e-15
6.812296082505095444e-19
2.977529920857719097e-16
7.251548323117571566e-17
6.163761779936244528e-22
4.851518298210066860e-08
4.006192946826026002e-12
1.425779427102858796e-19
1.380797989355159301e-23
5.684348414857110124e-22
3.709056773582155992e-18
1.671558827028915641e-20
6.175576265723813743e-22
1.035396578137297500e-25
1.480387431412198332e-21
3.275365358035144167e-19
1.207538275593833532e-06
3.471182105864008730e-22
2.457107749544879140e-18
1.155381276762845744e-10
1.153271488724127991e-11
2.763136607145037431e-19
6.830949109311312828e-13
2.463164399077216911e-15
3.179842540897520531e-18
7.833611888569405045e-26
1.149408835319188986e-22
2.679200206577843879e-24
3.054058816751614352e-27
1.116355543163277675e-14
9.291800909398329350e-24
3.271872215667363359e-17
3.919620664988781074e-19
7.095489120030867153e-18
6.092738802481896723e-23
1.095145358704030514e-03
2.297207757351316104e-09
1.508367642756840848e-14
1.076196232427437322e-22
9.525400329087860317e-17
1.883384706537082249e-17
7.674265875982314758e-21
1.377572695511521399e-16
4.329193440229727949e-15
3.323146574270904180e-15
1.059361626198906947e-11
2.638285423461894652e-10
2.013318226090632379e-05
9.024924656841903925e-05
1.132860190204698636e-12
2.565273956170926800e-16
4.705907701279404831e-14
6.945665563061931186e-22
2.716292706665434577e-21
2.574889169785692198e-18
6.964934406994416349e-09
1.107602863860445821e-17
4.141065962257176381e-19
7.622748518132886671e-19
7.122269490276284488e-29
6.313218624475181010e-18
1.230879234166794201e-23
1.588811378197118457e-14
4.657523433593269147e-08
8.512830197704435164e-15
4.253016166307448335e-21
6.349227393842582501e-11
8.137032037363363413e-19
1.616865257185997317e-19
1.475337256075459327e-27
1.761825754731383142e-11
2.320962299319929453e-18
2.739635992024536115e-12
2.909220410841938912e-24
4.265434938588441582e-07
1.947999356569869704e-19
2.462430392088861856e-16
1.825796034949115840e-15
1.611574823245609825e-20
2.141555433422120958e-13
6.277591505551505318e-22
4.917252434446635705e-23
1.976936994167147361e-15
1.104063089185632336e-18
2.041270655288548769e-16
2.334113106211511881e-17
4.285370231939836195e-16
6.721099765627513989e-08
3.358537817308241659e-22
2.876753459780984034e-24
1.319166465075887178e-15
2.837593725224204274e-16
3.916612034693400801e-10
1.726572129712167225e-08
3.992278335914363709e-20
6.153121900887015272e-10
4.106813494960878663e-14
4.229279455265318441e-22
1.625986783437838312e-06
5.449824890414040057e-14
1.318946444032673138e-13
6.864393468447333664e-18
2.004062815055358269e-19
4.251510767092233650e-27
1.102417620152111226e-18
8.844107642111789010e-16
7.843887984756836103e-21
6.448644136042291919e-12
1.785428381915736678e-22
5.989191720345843351e-08
2.268957108447224556e-15
1.648160017489867812e-16
2.213410828509712827e-18
5.754385328801706149e-21
8.055200062528911076e-09
7.180631854456715983e-19
3.905016754401913204e-08
6.260557393680810101e-13
9.537644752823237765e-19
2.183387159959693236e-08
4.487599579707371916e-18
6.241365468895310187e-08
3.363309793429775096e-13
6.265176772561956153e-14
3.697299913364272027e-20
1.391240816195110815e-15
1.181012599644143427e-18
5.445907193626399467e-14
1.049520026441541631e-09
2.679014044908407907e-18
1.796351687394898665e-15
4.644150366780931860e-25
1.030243666527881630e-13
9.919193062927709342e-22
1.880204238313682108e-25
2.831631297767490887e-19
4.152007639212563605e-21
3.141794279164916714e-15
5.500371208846943638e-13
9.027664032990045939e-12
2.974237609670860039e-16
6.002245879606029465e-21
8.019248659030944077e-21
3.908677789267740502e-18
5.785554327286668297e-13
1.021819571107993583e-19
8.235305230037725866e-19
1.002890400989603069e-17
1.266539828298222218e-17
5.622140340083570109e-12
5.280165193966013248e-11
6.441350059412502571e-17
1.299952465653321686e-17
2.860939559644471021e-24
6.768414821667345649e-12
2.851830760880772961e-16
3.959738209186373058e-16
2.669172870365711398e-16
3.460705233124770908e-14
1.348372951054700442e-18
3.241743361267007528e-18
8.768556538381441692e-16
4.149852933076764172e-14
9.079691665192513028e-09
3.994735423475503922e-03
1.298952553185255335e-15
2.420545534842499791e-11
2.649323994636492398e-21
1.457604425689012268e-19
6.740251494585082384e-20
2.867665968582856595e-27
4.045407672043088709e-12
1.860629150751691441e-10
1.973161397744320521e-16
6.816301179279463648e-26
5.004640701855578300e-09
1.508755414440093867e-15
1.211224354505541977e-21
4.786873008341174483e-19
6.360037150543258945e-19
3.050426773642360855e-19
3.647535629113830835e-15
3.446136876295718965e-13
2.199198863043149398e-15
1.189319895978089098e-22
3.292913088471377536e-14
4.918871781766151759e-28
2.806588084189960610e-17
5.375718260830786526e-22
9.195902579071255643e-21
9.249442235888770403e-15
5.697603102062697287e-18
3.579332006805322538e-16
1.379035071425176347e-15
5.975961041433428098e-17
1.661246120659575116e-15
9.343786316724398065e-20
1.955125915627683829e-17
1.913151581600658346e-11
2.326218411727244529e-18
8.731697039413833757e-18
8.678820992171847573e-20
1.056354574681090221e-16
1.337303971649276161e-17
1.464406145750397990e-16
8.935015505251442391e-10
8.657901276600991135e-25
3.248931871503249376e-28
8.691719490406396575e-14
4.781266528530725424e-13
1.074693610175172339e-24
1.642351273470124301e-20
1.191095274776943298e-22
1.495712966694950742e-22
2.623653552012837859e-24
8.043545782893696307e-28
4.822378204135580821e-25
2.827046907716357154e-17
8.269590935849859741e-18
2.304180624079776862e-09
3.171689641985044752e-18
7.036060494358117390e-17
6.383590084509940717e-19
3.987877718899710263e-21
6.512265007715392282e-15
4.011390286780269765e-13
1.880103467659030581e-14
1.176310530465990669e-24
7.384180072955714991e-11
1.350809498402939703e-16
5.345207766395366697e-15
6.924107419153599507e-14
2.816832177066074893e-24
5.368286978141290078e-12
1.919269435191342382e-19
1.544491621988189491e-17
4.918814164468807089e-21
1.042695796272274207e-21
2.448832054701117584e-21
3.984181758923295569e-14
6.219325766734593115e-18
8.322156305013914124e-14
1.840353203164113438e-09
1.242568873315030853e-13
1.103090066291328552e-19
7.031783546661154304e-20
2.789690480849621032e-25
4.496427102179678670e-13
2.063419313885761497e-12
6.877543423655652077e-09
7.534626641032139827e-20
5.968380917118669762e-15
3.194844753775876802e-19
2.916846644757072521e-22
4.213672334026107892e-16
6.160497486132214465e-21
2.000677998451139816e-20
8.635686431284048187e-21
2.370222078117618241e-22
5.885472857155403904e-23
8.479116115881786672e-17
2.462176811600277600e-16
5.939714251689150442e-16
9.722004017803653753e-13
7.054028889025148735e-20
2.423642338066698789e-17
1.151645206356673285e-18
1.490165476467585331e-15
3.685280211336870509e-17
2.101550363784831892e-15
7.026411465599910824e-15
1.861443310655194663e-16
3.374417548051378434e-18
3.675777031064269293e-16
1.158652067209972158e-17
8.471866921032081619e-26
2.391922922749534219e-13
4.376289695212642883e-12
5.921441315797151828e-14
2.734125573605212790e-18
2.268175892606949875e-17
5.225816594262894686e-20
8.110065353658657550e-13
6.325243866027747218e-19
1.179960471545312508e-23
2.917550677240344583e-20
1.486558704299058113e-17
1.047615662991760746e-21
1.840874068443189640e-15
3.020767873505973930e-21
2.708214916398813467e-19
4.600379113101084974e-21
8.969338419338683120e-17
1.833420753811467828e-19
1.206655753094310057e-07
2.711328972231618879e-17
4.286518649797635416e-14
9.853614563627481773e-21
5.971908385827510296e-16
6.679754761606615868e-16
1.288297224571165505e-24
1.091988946369613217e-15
4.546731643528117983e-13
8.318224192784302450e-17
1.456424905807093828e-13
6.418948436781402730e-19
1.344104776642109246e-19
2.956691299104971129e-24
2.579778071903676608e-16
8.709356241027536166e-15
5.473488671681920047e-23
4.816900677873099765e-17
6.256590253330107011e-18
1.161286088213026816e-15
6.459211691987182258e-14
4.722550014114437556e-22
1.591867506422265750e-23
9.349424974315624774e-19
2.875175225210953617e-23
9.368877677383457756e-20
7.913442532850865804e-19
3.052758027102476710e-17
1.002343034898761417e-18
1.634049792290605782e-23
3.511580740622498052e-20
3.408205136038390533e-20
