1.029668326048991271e-18
1.891645577076420634e-20
1.067767361616518695e-14
4.923610337798354972e-23
3.656743344866025114e-21
1.128797793131936478e-23
7.776325949369008234e-32
3.828181045412905205e-24
2.480366000418338896e-18
6.611468003510642928e-19
5.286693934188069210e-13
1.678167469503815044e-23
2.757543677132048419e-18
8.763642547875478548e-21
8.839634491343699526e-26
6.448428611581360824e-23
4.153956021140166781e-19
3.763766783639748807e-20
6.181344921533769122e-22
1.716989897321796458e-28
2.533914510371932304e-24
4.815104602292511879e-28
1.197812069198424288e-19
7.768846708885650956e-19
2.217177395428973039e-18
5.367453816205580014e-15
5.383906965193117201e-20
9.646748841643216424e-19
3.668139176160199657e-16
3.196911097798061148e-21
8.581104466200339166e-20
3.615724459746748332e-15
1.174182233284169227e-20
8.947711142978306831e-14
5.881921723093581564e-15
2.106477099856411532e-22
5.510495261093508704e-18
1.831164000373221561e-16
6.707500765749940808e-13
7.171637331582710176e-21
2.604994136864318723e-15
3.509702135903207699e-20
6.123548281365879715e-19
1.752276407710515030e-22
1.492185357431645147e-20
2.414530695465243423e-18
1.502988982466441245e-19
1.186158128343317820e-19
1.118187921928011267e-20
4.744508605436514870e-12
4.065996586595293713e-15
2.164855053518624475e-21
1.204993547879033106e-19
5.274972323804632147e-16
5.733676086684616832e-20
2.854100216256351408e-14
5.669595075098794344e-22
7.668932015059768233e-21
1.327584103143410554e-17
4.838463423557785078e-16
6.195198581206898443e-23
1.245985465411075799e-16
5.100424773759530510e-16
7.828022562536881295e-25
9.778610737066060257e-19
5.810972258198091240e-17
1.935352863603184958e-20
1.296728922292123345e-14
4.425629276166430465e-18
2.924382243012206984e-17
8.573974334079648579e-27
4.653014627244156376e-13
2.303666451523973234e-22
5.609576618919858268e-21
3.858903782413927544e-21
3.000228295805847204e-23
1.434004342427414973e-18
2.094263484923390955e-17
5.747699558782685047e-17
5.939890011025705709e-16
3.839349507382986731e-19
9.984287363345133171e-15
1.632874691707107610e-18
2.299966759653077877e-17
3.913862260079190243e-20
2.585660059271823602e-14
2.284274216990660883e-15
2.465666342973960035e-12
6.498330892216585414e-17
4.869815183430100530e-15
2.553017272957126826e-14
1.630745435150124131e-26
5.764158984726903016e-20
6.042261630311205820e-20
6.960289371859609677e-25
2.796122901974599739e-25
6.044751573201961145e-20
9.414616438871425963e-13
1.634949814421915448e-11
6.600907754422680185e-12
1.063636974855822551e-14
2.076896993398962650e-16
8.005483889727063596e-14
3.034032400317521194e-11
7.689512002451327896e-17
5.928051782286889061e-23
2.140604232358231185e-22
3.373264612405542258e-28
2.180783726605959904e-23
6.668615854833748191e-14
4.252235353045638025e-20
3.430779965674091159e-13
4.407322065218570104e-15
5.771378203522959565e-19
6.972587658593503992e-19
3.012071990621198469e-17
2.006843361681822531e-21
5.656728385683695701e-19
3.819403272792938273e-15
9.803646020049467682e-17
3.209067329901747756e-14
7.767898036120629202e-19
4.323802827855862703e-25
2.421963346246384260e-20
2.816799896877833249e-22
2.653609945354317815e-21
1.012451197332237187e-21
3.680498839080738772e-25
1.659957207152466902e-24
6.580306317335382973e-15
8.646452703944308688e-22
1.202249034984885758e-17
3.563693442330765574e-20
8.528405306362468618e-19
9.661475370733045256e-20
1.848883409022983499e-20
5.963970665543680999e-19
3.040633213683674430e-17
7.676586809071819307e-17
1.564529128472713637e-07
1.099473411159124225e-05
3.005537225347909569e-12
9.571602191393857595e-12
2.747042610745653590e-12
2.035923513110660110e-11
3.541069076417463490e-13
1.989407919806576529e-17
4.224255547480907345e-17
3.562639104997308414e-17
1.041925963994654253e-16
1.043804365857825545e-11
8.892451219821850827e-10
2.218531076501416069e-18
8.244107641426156582e-24
3.589481767279386548e-19
5.359102499361334459e-24
1.978223533794336726e-24
1.705403761896832392e-20
7.668466014097707895e-13
3.126555772632007627e-17
7.912873267153306810e-16
1.013571808957983464e-21
2.323327200419412434e-16
8.316365828140625504e-19
2.582638404559242099e-18
4.627230876567099693e-14
1.170674283763038261e-15
3.797119953533045766e-14
1.584689482321333077e-19
1.889880973170898666e-25
1.060875844647631564e-17
1.098379320265724282e-16
1.766326249708072282e-07
2.872515578422325118e-18
9.841876560956214909e-15
9.992682365408398879e-20
1.340577975674818196e-15
7.463148005951332487e-16
1.281964755672752374e-20
6.757427950532246541e-09
2.560145498375909767e-11
1.660191988156717140e-16
1.841752255262243954e-13
5.740413327371019192e-21
1.288657406154259298e-20
1.404899010711349594e-13
8.785179229099062315e-18
1.209777141843259718e-22
2.660800768590909067e-18
5.197514443030896991e-15
2.860997680084742534e-12
4.400123161978357857e-19
6.887554707578553200e-16
4.205252613804022743e-24
1.910576614813537928e-17
3.161671616101008889e-26
2.659615149641636478e-13
1.205744915320494117e-16
3.408931245519847237e-19
4.555512325872534962e-13
2.432890557718343559e-27
1.641402196808319074e-22
2.495886287144395598e-24
5.989580404782991188e-17
3.551999314077025106e-25
6.189457800453990188e-12
7.731744411376695325e-11
7.828728769120808146e-20
3.472005669080679979e-11
1.043666768178711514e-19
7.760534920985212928e-16
1.799566220841362816e-23
3.248307771288587456e-21
6.346939391778335309e-20
3.161596422924763922e-20
4.727914142052195601e-23
2.631328033852430297e-17
3.699556424325955789e-26
6.269035409732951493e-24
1.035487459843959619e-23
3.090120889221954030e-23
8.760739014678446709e-20
6.940126926470163770e-21
1.477850064546260000e-09
2.135415161319542676e-05
2.261047514785763900e-16
1.614657796474428851e-18
2.348908177338127068e-12
8.259791710834888321e-22
2.375362866280245010e-20
5.468973573670204893e-16
1.483081347227317395e-22
2.254727540447979027e-22
3.911196802387148237e-17
5.551254585777059143e-19
1.599699706034130031e-09
1.284115977020708213e-16
4.137169800537757181e-15
4.326423178857473051e-19
4.667658853164825555e-26
1.162415321488983358e-22
2.458239539418004820e-18
3.136876505134831753e-18
2.429467217679448510e-13
2.399943580235959588e-22
1.504909749334287783e-13
1.896621922015118145e-11
3.255470625832876347e-33
5.162643906153424983e-20
1.589164834458095836e-17
7.008675522126691835e-17
2.111888719458221431e-10
1.275542944803310626e-16
1.759819180141876257e-22
7.667798842244055941e-19
4.513437294059404782e-16
1.274388185158550114e-19
1.228686140952386799e-17
1.321885885528870791e-14
5.316779017050521361e-09
2.941141253094776346e-17
1.199292819364927709e-05
5.151123996991885661e-17
7.627743655056941267e-19
2.100977048210993838e-17
4.818528900190849145e-18
1.658044660373753982e-18
2.625899071716364609e-20
9.817684664707921650e-16
5.088759707325185203e-18
1.933894670845285268e-17
1.761556553303537270e-17
2.223929235212196431e-10
7.585308769986198740e-11
7.477820601831247096e-17
5.679827735161484020e-17
6.201902447902082416e-19
2.912772651498149128e-23
4.541565359858214287e-19
4.983926563725463013e-24
5.434302993126759282e-17
8.673062341693012390e-18
3.389484394754848067e-17
4.653575701868417624e-12
2.872447282262792347e-27
1.073181900245279210e-22
1.839815915821047152e-26
2.118122923176510209e-27
6.017571086722645303e-23
2.498144007055138134e-24
9.739321669375773138e-22
6.348140409156251505e-23
2.437655867195310175e-20
3.534484788621759539e-16
1.198451841703445771e-19
4.436713431751155680e-20
2.394954845883716608e-18
1.733727589293384463e-20
2.969353832453758277e-20
8.814373922584267869e-20
2.307625700231066800e-21
1.446959217050630011e-21
8.108581883977638010e-18
3.177691354316999814e-19
2.740585676762601439e-26
2.918950098815722381e-20
1.125247098643100495e-22
1.568524261484020160e-14
3.331872115817693630e-25
1.802035448843788287e-27
2.623087433115508583e-19
3.334749655098867213e-15
3.610975021520811280e-19
2.701961647044032189e-13
3.115596375916935868e-21
4.394938839941131548e-12
1.913375385585989926e-19
8.579566427248873380e-20
1.603598143530411105e-16
1.080182798491532703e-18
7.677406710494981868e-17
6.358843821829709922e-26
8.261126273913385987e-27
3.970517190694195418e-24
1.153961139596851167e-26
1.920361178042054425e-24
1.182218325246864569e-20
4.274196411527673880e-17
1.912454985595811293e-20
1.006647947762777331e-20
5.584198561336961575e-07
3.739338699793037790e-12
3.571708900862446967e-13
7.986897176696130020e-24
1.928225660572339264e-21
2.235575954044257809e-23
6.624450083870197136e-25
1.188443637392070512e-14
3.834621653194363333e-19
2.795690138775341121e-29
1.897482762615852227e-15
1.841643022158063835e-17
1.636123133370179919e-18
2.232100232895854031e-22
2.506512352400527548e-19
3.176284048676408620e-20
2.027831074475245251e-19
6.686957942885712822e-25
1.656663058118617845e-22
1.903773136993350531e-18
2.495499904650740157e-21
1.672461641562521945e-14
1.179169283917202993e-12
1.094137540985640200e-11
5.480147288810709563e-23
2.920981094343619790e-25
3.208642643381144150e-19
1.396985399226858614e-19
1.384002602023467598e-16
2.663198641109608411e-17
6.597762137748522105e-19
6.405677373984626432e-21
1.713470065338931526e-20
4.437176469363486966e-17
3.862753135249102682e-18
5.451938632581964864e-22
1.235588842318224200e-20
2.372671207238403603e-22
1.649528008786908009e-18
7.940662300570352269e-16
2.914888835878543082e-20
1.377716356104406546e-19
1.149415371443511026e-16
1.732611089336893942e-19
5.334724293717084398e-14
6.949736463986106113e-23
3.127686218336637908e-19
4.257569604759325194e-15
8.869981048386368873e-23
2.622142851824903413e-22
7.148706826919385294e-25
8.233671114058112046e-17
4.810954336235867179e-21
1.370068744869709643e-13
4.700476852949237732e-21
9.463563933027078966e-25
3.168094921838042432e-18
6.411003156971503494e-22
1.391162523407471909e-26
9.253794416903216106e-18
1.330038979986843378e-15
7.014643530984588423e-16
3.337069390350194675e-13
2.977356279103531966e-16
6.399881492813452866e-12
1.513891314012475592e-14
7.142168353306460938e-24
4.237731200563329631e-25
2.903809149447269915e-15
2.399877538329723810e-16
1.006590352081454059e-20
8.963418782710538926e-23
1.696711946026484307e-16
3.304497238112969436e-15
2.534346204531112660e-19
2.536345986363380630e-21
2.450582597003231806e-24
9.439875426119423508e-25
1.230143049056608984e-12
1.525539153810858538e-20
3.158923556796360738e-18
1.936337479246930116e-10
1.094879846347342263e-20
3.371942308705300206e-11
3.535379164532059804e-06
7.514025039928162036e-16
1.390050284917965294e-16
2.372495474666699781e-25
4.331628111753360599e-10
4.778550847595855041e-18
2.873283987852356253e-17
1.721369048651277388e-15
3.871132061263958575e-18
5.437100761480385958e-14
6.298945393057309161e-11
1.176262646312986604e-12
1.075990886254009775e-20
1.267814037993314215e-18
7.116296331351755718e-19
4.360245562196952192e-16
5.725894772812936359e-20
7.354359783422592052e-26
6.848798218768565156e-18
3.133143542427956508e-19
2.146718701123208300e-24
9.906638779596691518e-20
1.261629062804031295e-14
2.677662638582649398e-18
4.753986120694456811e-26
6.061874931528941739e-16
3.290765663438444122e-12
9.407691688449394617e-27
8.022006679526000474e-18
9.440099000930786133e-01
2.676275373977336715e-17
2.152616880005191918e-22
1.231275151281074898e-11
4.103248851805574304e-09
4.109192156783708013e-21
1.412932482941346192e-15
2.433991525582594739e-15
3.399734935812818241e-20
2.721757672483896490e-20
3.222153485561881041e-23
1.844055767085293263e-23
4.847156096637883493e-12
6.576622648621805842e-21
3.325076586404108325e-19
2.592973231962947267e-11
8.899436363622031942e-15
5.411520623971322053e-12
2.058433956115513889e-22
2.506943933885127090e-18
1.279378481505872529e-23
1.034701884685318343e-15
1.673611586738843471e-05
7.157945230622970118e-21
3.762742697852256360e-15
8.268364630665582526e-15
2.082186068953687964e-18
1.363719426164243626e-18
3.978233758042404311e-13
1.680293535832939780e-16
4.310861997230963638e-12
1.815792711008524523e-22
3.789643448892851030e-19
7.868761188575240956e-27
3.256835478338190656e-19
1.034474087879648507e-13
4.314324305305692551e-20
4.787392754224129021e-06
2.290101274272178435e-16
1.050852592788710502e-21
3.273753281663601349e-25
1.306652421488975827e-14
7.704472910347037740e-13
2.367791842376602668e-34
2.821838771784570154e-18
4.777397771249525249e-05
1.877692739071790129e-07
2.872178609856189391e-16
1.051738843305846480e-21
1.001814466487340032e-18
5.900457506708348590e-24
7.000900024368693375e-17
8.494946791089055121e-15
8.276681162665026161e-26
2.035898605763566143e-20
1.039427814930604654e-07
3.045131977616711854e-20
2.802076333550257425e-13
6.857897691552251160e-25
6.256596480342033507e-29
1.984237550490757194e-26
7.137798374387188827e-20
2.500621172077924884e-18
8.717448026181995302e-17
1.063004337331641125e-10
1.447338961258815872e-15
1.618554914899735132e-26
1.342413714447199979e-17
2.460371572631441872e-16
2.717291753308044133e-16
4.303940789376594915e-25
4.130155012481775967e-14
2.976325089165676729e-11
3.655845308766965135e-24
5.986357520804119758e-10
4.679939751641264676e-20
4.503273428087945212e-16
8.859390234062624724e-17
3.353296877889442927e-23
4.524007482004495939e-22
4.632204151107564513e-17
8.087617201580757321e-23
7.466300644409784582e-07
9.128911387661958285e-24
3.092651833572410192e-26
1.494803747448258946e-08
5.186652810508079540e-18
1.035730487189148059e-19
3.354674401190962769e-18
2.029428208243647591e-16
1.662783892991100093e-24
3.666572429905575218e-16
2.470410765423989567e-20
2.295606467504068826e-13
5.311760155843968487e-17
4.496342000948061468e-07
1.793056547683136159e-08
2.313139235710082176e-09
1.479299678209737226e-24
1.196058704793753293e-19
2.045799883394327362e-14
5.099169720779173076e-05
1.901809599242844309e-22
1.904682764766013121e-24
6.182230024984040036e-18
4.104780392217830708e-18
8.054478985901683541e-14
3.541948737073846026e-16
8.159609152662206200e-22
5.521619483846330834e-28
4.908229027560589508e-17
3.447876201228550894e-20
6.317000725846344967e-16
8.950519969630477135e-08
8.461798162734091610e-22
2.228590006340367162e-19
1.637887890895319126e-21
2.955810693676472913e-23
9.379960697053491003e-11
2.758729256100741106e-28
2.903900897521793922e-09
3.821252028079439190e-16
3.010341177066418487e-22
1.717348139627789126e-23
1.445648410551038376e-14
1.569319825503837631e-26
5.180898705924377734e-14
2.669826790224760771e-05
1.468769517140435710e-22
1.178867978231746324e-27
1.313716337455897790e-15
3.096709900226451984e-13
6.886917182936846331e-18
1.883811466193985318e-12
3.061109892032839902e-21
1.187306596730220241e-21
2.822872333959955162e-18
4.065336867142832489e-08
3.993162341043264563e-14
1.078856194659453714e-19
1.891936389222869843e-18
9.522443654706350775e-18
5.838098901924216485e-18
9.764841019110903630e-11
4.232879326711897178e-20
2.808227440084105141e-22
3.391834188188080937e-27
8.832060662444575880e-24
5.513672903180122375e-02
2.778656641953097216e-22
1.048220312147815262e-17
2.755432814471543723e-31
1.908060433828198676e-13
8.484673929916925016e-24
2.409410582801346574e-29
1.030124652245945072e-09
3.760027229337367281e-17
4.690490521543942909e-25
1.552993192418107397e-15
7.867910351799077387e-22
5.057408734928812901e-18
5.317649313451479516e-21
3.603414529924301585e-15
1.132919091872963691e-09
2.473610002765312042e-18
5.581064256576784288e-12
2.198546900089581868e-11
5.461880392410023433e-10
1.052647506863290949e-18
2.611073927601473277e-14
7.960151354090203894e-19
1.115235494556464368e-13
1.475922717375510729e-10
8.331993441260860148e-18
2.274686100003305132e-20
1.004926319951764522e-18
5.800843214596022772e-27
1.156253643343133292e-24
1.308822061146797111e-11
2.639472222654148936e-05
1.439934890073990559e-11
4.088787309050503364e-28
4.461037155877069091e-18
2.063979610413894151e-20
4.108446043102359450e-18
2.012555795059518447e-20
1.296523208793587401e-07
1.105760050212284872e-19
8.391469433363436229e-21
9.337698489720797405e-17
2.933978407448911696e-11
2.867154116292195288e-16
4.440313006170981680e-08
8.020017310152810443e-18
1.382568045848174033e-15
1.130358664873442981e-21
1.106154156279232699e-16
2.194341420258221604e-18
1.946111225014085269e-26
1.776075800604793847e-26
3.544904557940451852e-26
5.885446603864478149e-22
1.072853089045154384e-17
7.074523529927018162e-14
7.706121215294842733e-20
4.304468438714574619e-24
2.405717565803246194e-15
3.846765633938922114e-20
4.063409155051316002e-14
2.613239630591124296e-04
1.209311395190511632e-14
1.134127882583448998e-16
4.882741978653751058e-23
5.506300727468925807e-15
2.914511514073847565e-12
1.377394357471718240e-21
9.490362090180070392e-23
1.146125295364841534e-12
3.666125090630306541e-16
4.793712230110936823e-30
1.474909568664569142e-25
9.368643376859364977e-22
4.012662528289887160e-25
3.557399147427356498e-16
3.711579199467825362e-22
1.516938898821007889e-20
9.404218865657209295e-18
7.234730371246478973e-20
9.717843852069412750e-20
4.773384294033461081e-15
1.231895684447153802e-18
1.932900020595873514e-12
3.684494725921146074e-14
9.904543658284113879e-16
5.704790034965470126e-20
3.870358295193226306e-21
3.229878984711831436e-06
9.831150338257543808e-10
5.155361052979835321e-28
1.333724290033550967e-20
2.345447201139162470e-16
1.277870829570381859e-16
1.179717808901317722e-13
2.267682747378080461e-15
6.176005585522109911e-26
1.255248722785691369e-26
2.156196193105491871e-18
8.571116733024908285e-11
1.337276643587070879e-14
1.917729392911830569e-20
5.880562096299835062e-12
1.661151376271092694e-20
2.144113540048535653e-19
1.330662112017541571e-24
3.473569001877230278e-11
5.125157357106357543e-23
6.423276039230778224e-27
3.727716919865731171e-12
8.438179288578540010e-20
3.802633027943289215e-19
1.427328258176378985e-20
1.168952618121437124e-21
9.665535147330061374e-19
1.716527344797300764e-14
3.950849369882547535e-11
2.961766091770112283e-18
1.894772026389546227e-06
7.990877473001035788e-27
1.058492704344888760e-21
3.747027854400524936e-16
7.898293398342474831e-27
7.773902371442306669e-15
7.152607092763066388e-14
1.262856744582283920e-18
1.320650996195068747e-14
1.207447980940067295e-16
6.135843786184147497e-13
4.142449187491403784e-13
1.495615924795856699e-05
7.316761951869921177e-08
2.782467559566460265e-20
4.266458633205607838e-17
2.244830870184310719e-23
6.965652369542706270e-18
3.556053423832406229e-17
1.250218830202334385e-15
3.821626955963884975e-18
9.703278762082656606e-14
1.149104571668045242e-23
1.471068059880553062e-15
8.393267258726031950e-20
2.797531779971485042e-17
7.729848387621958944e-28
2.470607341988505953e-21
4.921277650282718241e-06
4.129997803166765569e-14
8.629880143828927430e-10
2.701891953173132105e-15
2.712081210280674603e-17
3.226437731976535606e-28
4.150043973830673805e-19
1.117097300079583633e-11
4.205637577925770597e-24
5.776033429327753765e-09
3.020995469343461055e-21
7.999819331416802015e-07
1.385292209685662270e-15
6.992956289985502449e-14
4.757053250656214405e-18
1.617160431417708036e-18
2.343392712137685324e-14
3.097956565707423818e-24
7.805752716083199684e-16
2.891975547925085266e-11
1.577381315760032935e-17
4.532124746699965970e-15
4.477657356005693146e-08
2.024129648614536592e-11
4.244584555796598879e-13
1.469700161443266183e-29
6.041805554402042909e-26
1.883822958737013664e-11
1.812700073337470552e-21
2.212532051017526702e-13
4.969634628132230808e-15
2.075321543275687012e-23
2.071824721882787484e-16
2.334726146307087181e-16
5.498634859067708103e-13
2.224760366899399782e-18
1.885478662089212776e-09
8.354850426819170430e-17
2.388751186213943137e-25
7.702221927905155016e-25
3.414002993585791022e-21
2.053147936563405780e-15
1.669167758070754545e-20
3.023575487204333001e-11
1.211032756721745502e-15
2.754475043854629824e-17
5.009460728178094513e-12
6.590188006770892023e-20
1.228449786339069760e-09
2.891216139794466607e-25
2.524388407888270115e-27
4.270189283942670997e-16
8.880109589881612919e-07
7.217293781335015626e-17
2.725139248866559208e-16
1.457984463279743707e-22
1.335029224964755335e-17
7.885742652155287643e-26
7.196532540576669695e-18
1.358507836753399217e-16
3.655084590027668501e-13
1.373608680580044780e-17
5.392409524414059838e-15
1.339552956827594789e-19
7.224883037713236414e-28
2.524557770610682227e-15
1.436418003756056423e-19
3.385009957686637945e-19
3.751317199821338088e-24
3.967438683730764490e-19
4.074381365740164032e-15
1.562032746849564226e-19
8.542304525592773711e-20
6.775806044717613830e-13
7.527097518655452092e-26
7.827331838239359740e-11
5.578110401967956156e-14
8.503804437957258729e-21
5.745019576316074493e-19
5.710401272004066843e-22
1.136519755395729372e-14
4.592036736267834531e-25
7.178969976712469492e-22
3.171374734325845815e-16
5.759874348310045633e-12
9.351336278518505113e-20
2.720782710241564928e-08
3.309423227287307968e-19
2.466227058456251647e-15
2.727159623616085687e-14
2.206041062842171627e-18
2.270882626094570395e-14
1.698521077978701348e-21
6.367902376718204095e-17
6.053307405025701304e-14
1.806677998403773849e-16
1.766970359091957210e-14
2.969054297429255754e-16
4.057333610066809560e-16
5.881698946584826584e-22
7.858691613542103413e-17
1.697950775720437249e-21
1.718413852441522479e-18
3.610313794018651704e-19
2.554102904551994550e-22
5.117167142769554959e-23
3.923763327690202524e-25
1.392919491517838053e-27
4.989066410975191712e-15
1.544144027459904908e-15
3.533354511753294958e-11
4.936428693954281908e-26
1.418746582438568101e-19
4.565403824164640176e-16
2.754761287827483756e-23
1.316131752193694382e-11
5.415701554035013809e-16
1.442193275395325093e-20
4.768037071817576352e-21
5.687321707331660647e-12
3.509801123573136155e-17
8.506066510871601594e-12
6.505177371836787883e-24
2.425889436289732128e-23
8.460733389838660497e-22
7.004965562593715415e-23
2.550807533404329808e-14
4.971233202866187639e-09
1.720108363935157446e-23
6.401028511796339696e-16
7.137551183769574870e-13
9.043348340572743010e-21
1.511513535082165520e-22
1.933000116371839796e-19
1.734039821454924635e-11
2.470621207617540449e-10
2.192758610156101385e-19
1.243589714481400682e-20
9.681304925655730034e-24
4.507085291460715296e-25
4.217668991834955250e-10
3.592897535042993695e-09
1.768081856901167984e-15
5.971773830502764826e-28
3.641184691467013542e-19
1.370978390492424981e-13
6.378443987124095193e-20
8.052587612203364830e-22
8.747836350176844113e-23
4.562029244902779043e-15
3.464407292679323780e-21
6.600508278656255869e-26
2.648132411265863263e-26
6.361269569113264533e-26
4.018250265858114290e-08
2.219600731852627099e-23
3.353828215040266514e-04
2.024276808630075602e-18
4.606463010350541154e-23
2.049861236969822281e-15
1.438526988171413989e-22
1.894492548948356614e-11
8.158388943288517967e-16
6.780056976624782613e-21
2.831412353399105758e-19
1.537242376535897267e-17
1.474934244233684455e-22
2.272197896502348158e-08
3.966657294284949007e-24
4.782736638913979987e-14
1.488030972052068276e-19
2.870158121930893678e-27
8.335526825965441661e-17
1.321641265391553954e-18
1.685595975433055007e-24
1.296212533949785682e-17
1.083876738361411185e-11
4.591530606244675905e-13
3.692086238515912555e-06
5.776475650281077782e-16
2.094651221137139308e-13
9.635945407893936978e-17
3.301057860830643349e-15
3.601154346416994319e-26
9.833722307121895768e-17
1.013859309006992504e-11
2.124322419361224235e-11
5.023781196050572156e-17
8.845358137314200937e-21
7.153624822460804648e-23
1.115455394211480895e-23
2.264346072840608959e-15
1.602610996527147979e-19
1.950470452626966213e-22
1.291936523040160267e-11
2.133735757932839510e-18
3.086020812417806071e-16
1.674612609829399494e-22
3.414793949705576300e-23
4.826757428226730647e-16
2.908218472098430781e-17
1.110247533308159890e-21
5.475480705764139042e-18
4.778069867919049598e-21
1.047216652551574046e-18
1.804916494041464148e-10
8.409280419902596948e-15
1.060241727990048413e-15
2.283287655217681138e-17
2.172047151245205089e-25
2.432847369359311391e-17
1.104358592014841392e-15
2.418893068364372235e-24
5.876269895753027245e-15
1.905991552678156496e-16
3.214253082445273080e-12
3.017494290075923984e-21
1.407071542015492995e-20
3.866300344209671487e-21
2.200958997507543834e-15
5.454723879557246795e-23
4.927253218572575083e-24
1.804605148759552551e-23
3.985853145882872711e-20
6.212622789420126350e-21
1.788948970160475802e-17
5.478347502655447825e-24
6.128478794804578606e-19
3.557589448691976708e-23
3.828341578607117681e-24
1.093205815348881065e-21
1.195757688598966417e-19
8.159934679072974045e-26
4.745796142124548978e-26
5.927952587958438176e-26
1.810979796157301677e-20
1.998315496950915063e-16
3.536277266932163765e-24
3.324296142202983915e-23
3.295824258867385068e-22
3.494842127004376658e-22
1.563131532177121540e-24
9.415434819224730337e-22
8.925766846008574898e-19
9.613287111118761933e-18
4.673257756461776754e-24
2.881555719014643517e-20
4.426121834352327734e-24
1.308160071632861145e-23
4.799805369240690844e-15
1.342419504711487850e-16
2.215897211499395780e-06
1.071509388908465829e-21
9.355379548485069407e-25
1.764022626863741611e-19
1.731026495626577906e-18
5.954416422507138090e-21
1.277087138805714419e-15
7.480617687793955639e-13
1.050420059094114844e-13
6.706173719231477495e-16
2.710268650763417781e-19
1.407245630788422908e-13
