2.919590567571073159e-13
2.483032192129776966e-14
1.241024318900108003e-12
7.582489018988832624e-15
9.750376250345542742e-16
1.071374834572460868e-17
4.803346165483560833e-17
3.473690925832537135e-14
8.138704293836340753e-11
2.617248865549592907e-13
1.071447286449256353e-08
1.222463360465823878e-14
5.720474788306617597e-11
1.458392055123797215e-13
7.059866090642903484e-16
2.096377575927597242e-14
7.661151574245295137e-11
4.252279778294010271e-11
2.042715455268548190e-15
2.470620406595422890e-15
5.856877076425640039e-16
7.374504313955275447e-15
3.344217874086570508e-14
3.269462337581602318e-13
6.842383430682996703e-12
2.559822796441291182e-12
1.102614021780852754e-15
5.664647353617602299e-14
5.422616023743886959e-13
1.816411035624991300e-17
1.899418021142091489e-14
2.225669787359052521e-10
2.448856742387484076e-11
5.172041614431854839e-11
2.611521936202176875e-11
1.328612597679490817e-14
4.020446627527041183e-14
9.084779803436582313e-12
9.414336497870490206e-12
8.929815979545618898e-13
4.818014043284080117e-11
4.642366677708176237e-14
1.353539134073267203e-13
1.510052066028277906e-12
4.516149387677394645e-17
1.666232581597204554e-12
9.787021453683264482e-13
1.296528239011095120e-15
3.161747393846253695e-13
8.854575961336763612e-10
1.412057536870348073e-11
5.943884967551937848e-11
2.089076998955212428e-14
1.042526398542520383e-09
4.702187944571889489e-11
3.118085615213032034e-15
1.077959444796550148e-12
7.591055910217362618e-15
2.765409971329513272e-13
4.605743304103571134e-12
5.600054382888519644e-13
1.041939695192822633e-17
1.807762618798777060e-14
4.872350035403877431e-16
3.648696741877927030e-14
3.034539308201245067e-13
2.990959801878190216e-13
3.068405807216123549e-10
7.135778079536692076e-11
7.868493183404989821e-12
8.469108686307773130e-16
1.531101851207083975e-12
3.868945276965776638e-16
9.414013114243755670e-16
5.647342780863362773e-18
4.051207137226349453e-14
1.278508462293492798e-11
2.300169332346974072e-13
1.898367700287496157e-14
4.330794889373379419e-10
1.188467943849524922e-12
5.204502126032566067e-14
1.255276022016360571e-10
9.982229452754065591e-12
5.931273436020863331e-17
3.543835147210017134e-12
5.105800331139942472e-12
3.590899496155874893e-12
1.996105917275586838e-13
3.874932601351244177e-13
1.112164830716078079e-12
2.696210733789308062e-14
5.341819001025704949e-12
1.301798295896827717e-12
3.707889572636402509e-13
3.188584802687717892e-15
7.444111516444196219e-13
3.095002485092694655e-14
5.595868278300553111e-13
4.479056557073202161e-13
7.245053168514203890e-11
4.534845654754563198e-17
1.841426181458868938e-13
3.282703156613081541e-13
8.089523110621846258e-14
1.082426473790704200e-15
2.033453971612281252e-13
4.962269316005107593e-18
8.584091926589886706e-15
6.562095051371175103e-12
1.475920758222185047e-13
7.431952731180857530e-13
5.221293536417093151e-11
7.469986434971431777e-12
6.777949512412617672e-14
1.039753092652029309e-11
3.289470746573736060e-14
4.751032206540273251e-11
1.744948369825083390e-12
2.514574648764672515e-13
2.085973537999108451e-12
7.629340410299223496e-13
4.583177751771587601e-16
5.075472264692848512e-10
4.477010853920970410e-15
3.669165462454916649e-14
1.171415124189695289e-13
1.747997656856751806e-18
6.881217312946314932e-15
1.730563283820762965e-12
6.706089015936752065e-15
2.807821893556754905e-14
1.633833249280449373e-16
1.253364951972826824e-13
1.061365656007760144e-14
2.538890972458851536e-11
3.221093503686864312e-14
1.374000334056476387e-16
1.603711195959089952e-13
2.222541262142385676e-08
3.496501221889047883e-08
7.819343394999123120e-09
1.574586683261713915e-09
5.812155270956687048e-11
1.621323561518117629e-11
1.219772113175698891e-12
4.809810319125751299e-13
1.186177231335102181e-14
7.123249566085942779e-16
3.084685676734696480e-16
4.081050497539706612e-10
1.386634947489473468e-12
1.284590516641495594e-14
3.487862887521188520e-19
5.610204988559189948e-15
1.392562386943355148e-18
5.480989943048956980e-14
9.538403290679838692e-15
3.622593896948980707e-15
8.534887380173827864e-11
9.203259682122322261e-11
3.617075606046626923e-12
3.507847068373592947e-10
1.701452970485559102e-13
6.973898048672280692e-14
5.132054503587113459e-12
3.197266670168508185e-13
1.866770488190283572e-10
7.766744943038007831e-15
4.173071906602325827e-19
1.626414828849277803e-16
1.513452210777366247e-11
3.927929758795051240e-13
6.796192675096520298e-17
1.046044847963223390e-11
7.964562711605671641e-14
5.712659891573407256e-14
2.873423483590857195e-16
1.254229319449346684e-15
3.155509187280358674e-11
3.026042957876562411e-13
2.128282088325467170e-14
2.940116412050025607e-13
3.842913942793402260e-14
1.752452669656227651e-16
6.100937084089347318e-14
5.043808795103521536e-14
7.288744938551208752e-14
5.160932572346641455e-16
4.893658178337090270e-13
3.809883723608631367e-13
2.975719578515376162e-14
6.224625926509526639e-18
3.702025523308495993e-16
2.985892511974536090e-13
2.003587827061319854e-15
6.626555641014997278e-12
9.920442288827158173e-13
1.573623368062755526e-16
7.760656700606105574e-12
7.538841241810229077e-14
1.729947904220187349e-14
2.529312208895267977e-14
6.543618038137128615e-17
4.541374028846627709e-16
9.968530341464276745e-12
3.698980843847010647e-10
1.458784129734422286e-13
3.573564111292171219e-09
1.453151767210995871e-14
2.232811671489041798e-15
1.309251732670038779e-15
9.927444517502113973e-17
2.408925652268995021e-13
1.755454462348815525e-11
3.322400444123491548e-16
7.974607085792229100e-11
6.925924539083009457e-18
3.910597804509651637e-15
1.054737243724734874e-12
2.632612959010613429e-14
1.082775145586079013e-12
3.275711723373038496e-16
2.761446848964510536e-09
1.217758153870818205e-06
2.679704982216923881e-12
2.037769432361447031e-11
1.451723832292250993e-12
3.254996738554546531e-16
9.748293608086481231e-16
1.081633019912528471e-13
5.852762529181057549e-14
4.491362556662773647e-15
2.082784899409828583e-12
5.336354323920780574e-14
1.091530421604147705e-07
6.037009000342541398e-13
2.808506378848552032e-11
5.346466325217846816e-12
2.229090528696811568e-13
6.462377291280296809e-13
2.300883686053370458e-14
2.514538641394084735e-15
1.933887891405333681e-13
3.060972916107962405e-12
9.964761221031848137e-13
7.969042786770685893e-11
7.806242407005831076e-17
2.092016745383271092e-13
2.366149984278642648e-11
1.089052350904118338e-13
4.859439517446162426e-09
2.818635624381171656e-13
9.768799878692813817e-17
1.728985471504199123e-13
1.646167924196362264e-11
4.004831882786774599e-11
2.476907567938724242e-13
2.680176145987899980e-15
1.723735217062927205e-11
2.612127365537314505e-13
2.666707530352141475e-07
8.207105513854257017e-15
1.105997346657894287e-14
1.016033351203260438e-11
6.337561497728877447e-14
1.484446415886842702e-14
5.935028401897468608e-14
3.991254212982325855e-13
1.471879736147929663e-11
3.432289310623462542e-15
3.303928311493287140e-13
1.098019719592002730e-08
8.949874086283671204e-08
4.064801880504509413e-12
1.327131182726759562e-10
2.252009342895711086e-13
2.007861238384478497e-11
1.373708369278858754e-10
4.675554529724431155e-15
8.135304929712816602e-11
2.381220437844278059e-12
1.243023018500030719e-13
1.779472944864191053e-12
1.345472926137441594e-16
7.507406155071727483e-13
7.176351649736090969e-16
3.643393902699553323e-16
7.147777310897822367e-15
2.195021643830799563e-13
3.635056123295343777e-13
1.358709202954741166e-14
5.979611944484375385e-11
6.464790924809449280e-10
1.188918484062301273e-13
4.089764009222729424e-13
6.608697167661452612e-15
5.526105967138331132e-14
1.043297596209878664e-14
5.541354762474571399e-15
4.598949259609907969e-12
1.674456128867597964e-15
1.343373589451912764e-11
3.861147512829177231e-11
1.299269343507528443e-14
8.517667772272793925e-14
2.694351630694313826e-09
4.740360187716063933e-11
2.519052437618355539e-14
4.500109018876121553e-15
2.348616364323402594e-13
1.981516757317350330e-13
3.214859476720344222e-13
1.711077243435332740e-12
9.634842565702655959e-14
5.519267531341968264e-15
9.052046628542018136e-14
5.242940796831087967e-18
4.782852004801396023e-16
3.355080969991153239e-13
2.745656479952174323e-11
1.968652888276190005e-12
2.011693329279085063e-12
2.562428486627479907e-14
1.283154197578880557e-16
1.168397035684345074e-15
2.471164820081611646e-13
1.300543978066670547e-10
2.826381351184181767e-10
8.953130120961660943e-13
8.936002160453426768e-09
8.959893916214711762e-13
9.005322258292397519e-15
5.477833559474308556e-14
1.651327523665904870e-16
3.233883912948641061e-15
1.392943242304808815e-13
5.871250534361660556e-12
5.490804683215382009e-14
9.249116917334381873e-19
2.077030908376187313e-10
3.599186226832529201e-10
3.218534379983983840e-13
2.154634130347495707e-15
3.059345832223669959e-11
1.841664321045044517e-10
2.456204510614679037e-12
1.414079577310165328e-14
6.638797584584965605e-13
4.393286949511132633e-13
3.516404832246133871e-12
2.948451595721768292e-12
5.196398866758045187e-10
3.295803185920931355e-09
1.436709015408129623e-15
1.588484296424536209e-16
2.613127474278796603e-14
1.572647719515207765e-13
2.344464032633108985e-12
8.734760961401355495e-13
7.362921985434520145e-15
2.139269799717249954e-15
4.303655621863137408e-17
4.937879786456140715e-15
1.639185613416457854e-13
7.104761250891281077e-14
3.547796550897736045e-13
2.504467843167704731e-15
7.832840279164976494e-12
3.702262940663558766e-10
3.719873259248884789e-14
4.467814617212630471e-15
2.479482615861013095e-14
2.423584370572860053e-14
8.560814279690021067e-10
3.460301706628698959e-13
1.794616863969034082e-12
1.339276467504646462e-09
5.438777466587607634e-12
9.028161654682162474e-15
1.411362719131847160e-15
2.856455306662897264e-13
3.347338682277434252e-14
1.101283734344926657e-11
5.920361423328301953e-11
9.698553715841340579e-16
1.339712540936784796e-14
2.041728982063450992e-12
2.575011601516075110e-13
7.583107752839879367e-12
7.417451527123863908e-13
3.507520608594244527e-13
2.413937851149759728e-14
3.948972659290062026e-12
6.528397072068370388e-13
4.098175156503247769e-16
5.782954139426504936e-14
8.317888423630054925e-16
1.085700063185868203e-07
1.265006766004717065e-08
3.495822287381692220e-15
1.441282294521121360e-14
3.171136878540706192e-18
3.833807999797239630e-13
9.204825622425097387e-14
5.289108244903122352e-16
3.508185939689792142e-19
1.381904868313910129e-10
7.037963314360240474e-07
1.199749882774270304e-10
9.099867652348448896e-16
1.224539913913247346e-11
1.074125974424085684e-15
9.647461865838757866e-13
1.051810500030114781e-06
4.225248352151406150e-13
1.026185577205607192e-16
3.761473418980795791e-15
6.408971877508440329e-12
1.193745406344315363e-12
1.429583827195385652e-17
8.470499475443649118e-12
6.800089767807718927e-15
2.495903493038016500e-15
6.535869528966412045e-14
4.214672231009353176e-13
7.039435359493598221e-14
4.680015428741145928e-15
1.680010568595041720e-14
6.376139199959496295e-11
8.305288845762774772e-19
1.956979627380415164e-16
4.718325204286152874e-14
6.122463213492634893e-12
1.066120268992891266e-16
3.305633197725477146e-11
1.483489719955599639e-10
1.212962694822284824e-16
3.525426399908140337e-18
4.802867901564783493e-14
2.854630594406604160e-13
8.400760936049333594e-17
4.388827148926743860e-11
3.207052756692974071e-08
2.763597191649864613e-16
1.003116101468137789e-12
5.671310318068611966e-13
5.870329721456568617e-13
2.275830653759251115e-14
2.953263935484562452e-12
2.446718348758647466e-11
2.019165406706366350e-13
7.589224387816173589e-13
3.826947464381887304e-17
1.266062517953255029e-14
3.011941585029376256e-09
3.834383982201372554e-14
3.697326889096075320e-08
1.886436473601810888e-16
3.518719170203521429e-12
1.016158836762703910e-12
1.104563044592484899e-15
4.618910505807538591e-13
1.178664647475411658e-18
3.037715912146410346e-11
5.710625750054987293e-09
1.194565388447366150e-12
1.406712745420646282e-12
4.892365679243226850e-11
4.492610342073197639e-16
9.747797707904126696e-11
3.033547024688942884e-11
3.756457089831855001e-10
1.932050981874600115e-14
3.374529710433718174e-15
2.405034645489522414e-15
3.127765407784366403e-11
1.048312200664213573e-14
1.652651349104417022e-08
4.802776422006480028e-14
3.440098954397147191e-13
1.111780277758024627e-13
9.670747871529308629e-21
9.539189099026874267e-18
4.358661292948231430e-15
2.274353231787595853e-12
2.190181528957692428e-18
1.951208326042650626e-14
1.983069819466720674e-10
3.263445286574850890e-12
1.230904527610432453e-11
8.737489762744229949e-14
7.327908245480241334e-12
1.159623595471627119e-14
6.855216313141364098e-18
1.412035310725812121e-12
3.709100161790223812e-20
4.219948583467466241e-17
4.720506212481379027e-13
3.308649944191825731e-14
2.556180432795353286e-14
5.212911807946085663e-16
2.571486148745649042e-18
1.016139898800069198e-15
1.682338553947275439e-14
1.281746063452882112e-11
7.941158286506322384e-10
3.172654018773995825e-15
3.077385893855699717e-13
2.069359257789258472e-14
9.117650346746400403e-14
1.395806213666528350e-11
1.990638556770285561e-13
1.440867894239589034e-17
5.202073580928834318e-13
2.565673801885326455e-12
5.297365194070757788e-13
5.977195127737644498e-11
1.604865546012135269e-12
6.120314324786768623e-12
1.219427447907150963e-09
1.915296712529557417e-15
6.350484509998546856e-14
8.093309009082894079e-13
4.759739016769667930e-15
3.339541310154459097e-09
2.534279803021030272e-15
1.029989747755514064e-16
3.503293033273180423e-14
4.359474153198261703e-12
3.940894987186811804e-14
2.179058582879589423e-12
8.197633110523794286e-13
3.699075201674090858e-16
2.998638230083949807e-12
4.948774443337733734e-17
8.770602652344652861e-17
2.194162629365337125e-10
1.307861631494322552e-11
7.294122581326736854e-15
4.102232334206312725e-13
1.694850785512336932e-18
2.263228412866706910e-15
3.085782671052861303e-11
3.748024460237253663e-11
1.033040908132894231e-13
2.053329459694469317e-18
4.383426943904006334e-13
1.888011210421152588e-18
5.570046646141690871e-09
2.207172378893007547e-12
2.282537527042993730e-11
1.059014258664864316e-13
1.424831012831778465e-17
1.632936056100849857e-16
2.580056275292008650e-07
2.286226763459353606e-12
1.815558874157939171e-17
8.784096284241107891e-17
1.671322742237467494e-15
3.019396641858131027e-16
7.073280849922980451e-11
1.040375734882501273e-15
2.655600184198192437e-10
1.273236073864869589e-13
7.655964891998406907e-15
9.652053936377684440e-15
1.976102454955865062e-15
2.224097425326809763e-12
6.227599325114852036e-09
5.914997224659712671e-12
2.817449905309957724e-15
3.596375897890855163e-16
2.690009351472575153e-15
5.851050133287571953e-08
2.667892795571447095e-09
2.050091829630673601e-08
1.384099977725177340e-17
1.136297978453215674e-12
1.801751803309770139e-11
2.764638459839836165e-14
1.310654601342775560e-13
4.549617518660731275e-13
1.687441038069887982e-15
1.878022004575541359e-08
7.673549295983406182e-12
9.654927551894232352e-11
6.380960077814398779e-14
5.338684884782569538e-18
5.263041533870310305e-17
3.432067176233045101e-15
7.856283623652871029e-09
4.902721989914456471e-16
1.185398872394216596e-07
5.317587643259404567e-18
3.710271971385167844e-14
2.434470522714267046e-15
2.069149702499852248e-18
1.371062416160792607e-13
5.068555370877324273e-14
1.621222246890857005e-14
2.781719353559669594e-13
3.893267828046183873e-17
8.731331604394654278e-07
5.349523450083604192e-13
2.447101901540196800e-14
1.200651210397918334e-11
3.244181399214562944e-12
2.198408211029345694e-08
4.242488557792967185e-06
2.057803356696457503e-14
9.041847674230718557e-14
7.361087850377145969e-10
6.827553794682902910e-14
1.018312495958129116e-12
8.200021607909779853e-14
8.931856041458421935e-14
1.910079016044250529e-16
1.907605323703265299e-10
2.114070366248527177e-13
2.009778655347529974e-13
1.541372932067908152e-11
2.051870779951059376e-07
2.082374799938085941e-13
5.727273623957443612e-16
6.096194512736352600e-13
1.635162058686234158e-15
9.068802132861097931e-12
1.247344318016708510e-15
5.566711536175716901e-09
1.845601622918469076e-11
1.942836863610963860e-11
1.894704691314446333e-20
3.996643987980164070e-11
1.579408126636469567e-13
1.493914351158309728e-05
1.958952367114570429e-15
1.945986367922827864e-14
1.674410827004479962e-12
3.172118535132653497e-17
7.490430937182393500e-16
5.708073554256393512e-18
1.815677458770554773e-16
6.998278960322753747e-15
1.640710548007223452e-15
6.506508995322325684e-16
1.028157559904065849e-14
2.499867673977362870e-11
3.453495288677742303e-14
7.913739887737466366e-15
4.625007321568119778e-11
9.308995089531146849e-14
1.501957885921001434e-04
6.652114935028462724e-18
7.428368586914757543e-09
1.382726181817228728e-12
3.307967094690056342e-11
1.021956061442175212e-10
3.672528047730244660e-13
5.042592832182890561e-08
1.328373322451170679e-08
3.114891233835237472e-09
4.193598248746222012e-17
1.008562047577634158e-17
3.678753807655199548e-13
8.097189849183981143e-19
2.541874479997097147e-12
5.656700829319641355e-14
1.098396547327684658e-12
3.885454986723123338e-14
2.657850881656459441e-13
3.403304796080486045e-16
1.619507886086932191e-13
3.965432040890781717e-13
4.076077669834532458e-11
7.261370866575023175e-13
3.747913708985334269e-13
2.229416805788093925e-14
9.441312986133761770e-15
1.551814930280670524e-04
2.612042582228468746e-09
4.079318085514998908e-16
7.042631723023357049e-14
5.465168807550256982e-16
2.198240287715202967e-12
6.975311712779930229e-13
4.327861057403696934e-15
4.019152805875933921e-17
4.371226349094391173e-14
2.886077065267916852e-13
5.111099312671285588e-07
9.561901678702567492e-15
3.365715692260629055e-12
2.241242955114408630e-11
1.813574290743247275e-11
1.711908511193614506e-17
4.195504800796483235e-16
1.270426541744029691e-10
1.519293181930295167e-13
3.385256747435983447e-15
8.874940170787437577e-16
2.131758735057472445e-15
1.049998512650378162e-19
6.152102265122305624e-12
2.655951744850255838e-16
5.723426832297817679e-13
1.129416960616528437e-14
9.892070886377557493e-15
8.014874562848445759e-16
5.792426538420158977e-10
6.716144025468995249e-13
2.062712386964246636e-13
3.713678645254796034e-17
1.364742703341328273e-14
1.099563287643157139e-10
3.885230438288806223e-15
5.508521563153331857e-14
4.858590960110653612e-11
3.066179254940237797e-12
1.359046875037961399e-09
5.313739226409097682e-09
1.270548910525803876e-08
9.996651411056518555e-01
3.216546224250188546e-13
6.952640189849981604e-16
4.473363953566567019e-12
1.983449671679908067e-16
2.278178967902218938e-15
2.364522118413533297e-14
5.985092421667559393e-10
1.208613209513487163e-10
3.187631480340472978e-18
3.623258987219164784e-14
4.372626437646176387e-18
2.229165116385267709e-11
3.417873067941545466e-18
5.044524300501507241e-07
1.834540297451781043e-10
4.739186563015375283e-18
4.703820019174307157e-15
2.801787968298441456e-10
8.706512751423603480e-14
1.843441213548080611e-15
8.937517112046013167e-17
5.839920103056783773e-09
3.052053203046132526e-16
9.156764235740411095e-09
1.228378822675308036e-18
1.846071850941655157e-09
1.293577112695390094e-14
6.179103236025884627e-12
1.082387564993458895e-11
3.181572746312991574e-16
5.266958744143401816e-13
2.590883880864130323e-14
6.073910905485258027e-13
1.157895224742754720e-14
1.606149414856705704e-11
7.841565938249139833e-13
3.295172745776397960e-10
4.388484020623195647e-11
2.187636294337380605e-09
6.730498776669140765e-19
4.220942141120476653e-19
1.934824384042244105e-10
6.952425255239615826e-17
1.619882716852316662e-08
3.928051839352519892e-08
7.415039922679077244e-15
7.031850102201531172e-11
1.421875421223073310e-12
1.409241636135359085e-17
1.489761092265950992e-11
2.506167220417410135e-07
4.844206813459095429e-09
1.563988368287737860e-16
1.825025997296766955e-14
4.275510305212653110e-17
4.987954680231920443e-15
3.905220331140712986e-13
2.220452120782479000e-12
1.723506060091750669e-10
4.569844394390620845e-14
1.100987745417114638e-07
1.426465418225345005e-13
4.014937271534790852e-10
3.177339699159088208e-16
2.302569111219200330e-18
5.561978433377134934e-09
1.837081054905384883e-15
3.858019112512600657e-11
6.371468457000428742e-12
1.191054362342097717e-13
3.065295350879182479e-09
2.163851119363043377e-15
4.236453896022673860e-11
1.350514860533336137e-12
1.304794380180274160e-11
3.437814337131812892e-14
2.118979362634998420e-13
1.612667925631264265e-13
7.525609909547759102e-14
2.806196164328866871e-09
2.025900030144713732e-14
1.320989151398777040e-10
1.131982877523645889e-15
1.114619681275019758e-12
4.185292283370115746e-15
3.941460363150258329e-17
4.446689197412645456e-11
2.343573240005035837e-17
1.351487018881624737e-15
6.244435524216385147e-11
6.179877031116387531e-13
9.497960008547287614e-14
1.527755244361272968e-13
1.188194595312635089e-18
8.984936059053261204e-12
6.054048728261138268e-14
4.372233301862087085e-15
6.063069883259280743e-15
4.894920840187166888e-12
3.469143211232684717e-17
2.891317629760692398e-09
5.324048493737798537e-12
5.940603369468389072e-13
1.136190187073227165e-11
3.780101367556812364e-15
1.130179061448188804e-08
5.476760538136726808e-13
9.972006331793181744e-09
3.151406913204368720e-11
5.041486325629840337e-12
1.027730231782176054e-14
9.933468977929571508e-13
4.634373614031961353e-12
1.192812862371717131e-11
5.698541016840863449e-08
1.926748205427486482e-10
1.555024164989760038e-11
1.601897359605839594e-14
2.518356834309735606e-17
7.496630688960702945e-17
1.242457573185761638e-15
4.257651641223755753e-19
5.692611312890782926e-11
1.526247119139345632e-12
1.252538295304361782e-09
6.944091415738022900e-20
1.308955305256986890e-10
6.347297687447905901e-11
2.288104617437791812e-18
7.092272515801800736e-12
3.303491513543047042e-14
6.718447141933897582e-14
5.378336664918492716e-12
9.248297657207804612e-13
1.444827729679687423e-10
1.754012004372563615e-15
1.109015006564573191e-12
1.475328734866915699e-18
2.472364447433819494e-15
1.007765968956113125e-17
2.705654981744604060e-13
1.662609889763189130e-07
1.191020209973664423e-13
9.493766883750254237e-12
1.168250278738014458e-07
3.279061321515702732e-13
2.496160743381548031e-11
1.129865210452215413e-14
2.006644430154781722e-14
3.956738581223362416e-08
7.170537601186577348e-12
8.803630047182764429e-11
8.195905197192713404e-15
7.252937806552159361e-14
1.138266998018666598e-13
6.041547470636565720e-13
1.319534217135431842e-13
1.484264870421902626e-18
1.610227334395533579e-17
2.982067717760550352e-13
3.386044699835166760e-15
5.119612303402494306e-18
1.552382083557651837e-13
1.271588222087963183e-13
9.118666489821574024e-16
1.958628334660598297e-14
1.202664610524632399e-17
7.765523283300050715e-17
3.330385826057907783e-14
3.777724593106816797e-14
2.598429804656632314e-11
7.038215796162185559e-17
1.113389437069900456e-12
8.413178140265209493e-12
1.855822488955674587e-13
6.230274976481986471e-12
1.390513051924280319e-11
5.555536211593976523e-15
2.373957693214670554e-18
2.544240595980795661e-09
1.506986132019869085e-14
8.724583691133505625e-14
4.906413274795295987e-14
9.400058246437741072e-15
2.093881031018859917e-13
3.600193263625893481e-15
7.696161958593850105e-13
1.583167682372857779e-15
2.843276151629978155e-15
3.872089886782458228e-16
1.575493750217982214e-13
7.250198840813917855e-14
3.005836465147515568e-12
2.883369688788661733e-06
3.291392494924466616e-13
1.792796054840561926e-13
3.068136294071682757e-14
2.810440284154954761e-15
1.575438189091807068e-15
3.589659014480162114e-09
5.978387118688033297e-09
1.877399187919979139e-15
4.422149712385303744e-12
1.585666277101327459e-12
1.278307713282707866e-16
4.049209752221560876e-12
1.857731362405606879e-13
8.840711569388891300e-16
1.267004672700485987e-14
2.424007124716834674e-16
3.213173163294885367e-17
5.965935753228512883e-13
2.928454137171576654e-12
1.284509131005417970e-11
7.823378750382303792e-11
3.459424044970071943e-13
3.656373909698661107e-14
4.568175698826948405e-12
1.438359209515738257e-08
3.804668247120446267e-10
2.434744766910412750e-11
1.771078834804373781e-12
1.503056568097349555e-10
1.019280141103116508e-16
5.053250786563046049e-12
8.183447951400080189e-13
1.002383421992169318e-16
8.102828275013962411e-08
4.367645356495586384e-09
2.314945124481937455e-09
2.748315084625391203e-13
6.818453442104192158e-15
1.834354540551468016e-14
8.082633954492601802e-13
3.234167880744208065e-15
2.467587605127778867e-15
3.575013684609454345e-14
2.724141170886568153e-13
3.399956898356463423e-16
2.018258823954788284e-11
4.247648943122846014e-16
2.996372952274867218e-13
7.476273072848371726e-12
2.581772516857105265e-14
1.387536326070623605e-13
3.128330661184008932e-08
1.873611162050980994e-11
5.458655446058391369e-13
8.626672781068128737e-14
6.018384033322499160e-13
6.133197519731653502e-14
2.975295209714845838e-17
2.317941659061651186e-16
1.903299431038271705e-13
2.268544391643674898e-15
3.876895634087823908e-15
4.486210732870983542e-14
8.181029096353265029e-13
1.387487994370653274e-14
2.304519422513529037e-11
4.061334263143721868e-14
2.000965783633534964e-17
4.307045646241396131e-14
6.696097669400824515e-14
2.904191198638272908e-08
4.388205944449996565e-12
3.416520627640021266e-16
3.195764526918247485e-18
3.321812009488001038e-12
8.411416636995572294e-15
1.956390128024509956e-12
8.660056721211673025e-14
4.752613775617364755e-13
4.644497026556893005e-12
1.075614423070648303e-15
7.306010831042986098e-12
3.145851566982264813e-15
