7.974634272161704174e-14
5.033415700840711271e-14
1.680674371375145970e-12
5.889933347829239411e-19
4.368640916018773389e-17
6.930653199772730095e-17
5.588646586626083350e-23
9.980624786263760675e-19
1.848677461113723552e-13
6.138354256314537682e-14
3.297796757895099518e-11
4.162039654016098900e-17
4.416777273780203572e-12
2.601709078397070529e-16
2.755359041435507588e-19
1.009192359204399566e-17
5.250287617858395706e-12
8.412039375618393655e-14
1.054852057346669300e-14
1.116012436916996805e-19
1.028009622125669312e-18
2.968317724113050254e-19
4.971329117543213036e-15
9.599212294182993266e-14
1.444979227417653167e-12
3.462331255033035404e-10
3.415576672947777392e-14
5.647296053099687407e-14
3.363382239385259709e-09
2.800325228457080720e-15
8.643362210041059118e-15
2.011601857310196806e-10
2.546070501646810133e-15
3.092197886633840653e-10
2.199096321708893242e-10
6.997628756656617665e-16
4.010596108688924133e-13
3.490519505378042453e-13
7.943439239710414768e-10
2.142157837960252296e-16
7.831340610719994544e-12
2.397302971098632524e-14
2.080778786577551498e-15
1.076384587777939276e-16
1.091668767915551091e-15
3.377233185491469725e-14
1.015019485969088572e-15
1.566678746098542491e-14
1.058707433685215655e-15
2.584505387481783600e-10
1.619902779623205724e-12
2.638718711307601328e-14
9.863826742157952299e-14
3.073748070306359104e-12
7.659147025374651863e-14
7.880307517638129866e-12
6.628511809396572460e-15
2.410128754573868980e-16
6.555052453529469636e-14
2.220271221649999793e-13
4.288853390237623488e-17
1.163513594281892494e-13
1.891601892484162661e-12
2.601251250471634679e-17
2.899983101624522240e-15
5.158515758649229177e-13
3.128945466981426782e-14
5.034086342226018473e-11
2.928222985268402745e-12
2.565139593790899397e-11
8.758580590267566153e-20
1.524681607634192915e-07
2.273676726398488765e-18
3.783486799428310192e-16
3.271682853345634657e-19
5.029200949598468598e-15
2.036999211072355181e-14
4.861024251987021774e-15
1.606433215617375510e-11
2.267442011927300882e-09
4.883427863477951547e-12
2.447901950586306441e-11
5.096482047148298555e-13
1.606937360953963889e-09
3.001423555629460435e-15
9.684789858965814346e-09
3.540057830209164536e-11
1.946705019406635984e-10
5.366376813813146171e-15
2.636295316164188884e-13
8.961424809682261294e-13
1.018410472229152724e-20
5.535158081190695752e-16
4.846321242330344815e-16
1.901845185780642562e-18
3.037387822249110911e-19
3.515113674513645724e-16
2.399545007136794084e-10
2.628762763023928528e-10
2.147721112066847127e-09
6.152182235874548155e-11
1.605864828049460846e-13
1.348351319485630029e-09
2.987587954805803747e-09
4.827599908371893456e-13
1.577714669546891805e-17
9.617408952111113670e-18
2.627755300553850549e-21
5.809960450872816377e-17
2.466343622387068280e-11
9.081940792942874707e-14
3.509177837202059891e-09
9.975145709439914299e-11
7.115931243773312986e-14
3.003648762003874317e-13
1.055169580183035194e-11
2.288479040742063940e-17
6.490672799577823504e-13
1.668855453829110047e-08
5.232235478214164459e-11
7.385869338349948521e-08
2.264849332384022418e-12
6.050190906114956716e-17
1.142557728116277982e-13
2.599319651392425351e-15
1.353925917904345486e-16
1.467519682163409556e-11
8.672201123890722513e-21
3.316617501418017214e-20
7.014165317358392326e-14
6.394053857220190575e-17
4.015108117673676230e-15
5.769895792467687971e-17
8.343704199775814345e-12
4.893885318692225983e-14
4.745922215334055783e-14
1.304509512835717172e-15
2.827938350071640405e-13
2.580681328356870807e-11
6.086835128371603787e-06
5.702518858015537262e-03
5.962237281664783950e-08
2.411044164318809635e-08
2.928894626830214065e-11
3.051574964940684254e-11
4.129586672618756893e-10
3.062894854194073146e-14
8.392379673149985564e-13
1.567791577984645190e-13
4.215283602450022385e-15
5.093859112292875579e-09
1.325929499529365785e-08
1.954064216208931115e-13
4.446175408606481981e-19
6.253980352251969910e-14
8.439519476267240769e-18
1.270865558971810619e-19
7.639009833493217577e-15
1.147022546388321018e-10
9.889234570126248514e-11
3.102312786003313949e-13
1.655645496460682320e-14
5.422588489345514517e-10
3.120422960279332913e-14
4.760094228506428493e-13
1.960387130406360257e-10
3.025583394933306636e-10
3.697024075766108808e-10
7.785635471827673237e-15
2.104210088805036175e-19
1.356695975045707145e-14
7.997063948550486856e-12
8.856976307924924185e-08
4.592504219795567888e-15
8.457411745758924848e-13
1.105530868673182399e-13
1.434549527778994360e-12
1.052567457021993946e-13
3.371516178965624187e-15
2.315920610840294103e-08
1.028141838332885527e-07
1.710683461206286005e-13
1.176840014327495965e-10
1.587738695672715611e-15
3.122447369023270691e-14
1.733453658392392072e-11
1.332133544234637493e-14
1.271740428614628860e-16
1.598090624134289317e-14
3.802501716276829313e-11
1.493276891029182707e-10
9.952059792581180453e-14
5.090427794454503718e-14
6.944437668372558769e-18
7.960000253338581078e-14
1.706199923236414681e-20
1.570366237046982860e-08
1.027279606866104977e-12
1.849880383424096220e-13
9.264489175819790034e-11
9.325207193931603506e-19
1.564935225391315060e-17
2.450359816902824679e-18
1.000750368939642629e-14
4.918504844156152005e-18
5.218385168426209475e-10
6.846308764352215803e-08
1.598765336698754203e-13
1.279218054150987882e-06
1.561637781978889028e-13
6.534985660250347550e-12
7.585194601041040470e-17
9.591103781451314837e-18
5.088442433929434364e-16
9.325713635261639097e-17
4.645464518071279589e-17
3.514856049442738328e-14
1.928353493904308519e-21
1.619446060697162763e-19
1.137044852295555995e-16
4.500063950767627214e-18
3.318332303696506754e-16
1.037485870224706414e-15
2.209550586940167705e-08
9.658320050220936537e-05
6.475653279119746031e-15
1.324065555412040282e-14
1.131689630895493792e-09
6.082260284873331323e-18
2.585403131679608711e-17
6.344239369959758790e-12
2.570398240804019300e-16
1.766559010776012960e-17
7.683930531784954887e-15
1.152073546120452232e-15
4.107305429101870686e-08
1.672838950694810478e-12
1.141307968272053941e-12
5.343020812028850819e-14
6.455437053811736029e-20
3.302860386647069903e-17
1.356194887294770446e-13
3.937298400589475320e-15
1.619954836939996312e-09
1.108833625893863471e-17
9.724651639508863354e-11
2.889653103466116590e-07
2.941045426341270191e-24
1.450600842787044820e-13
1.146884150149407589e-11
2.788342473580840419e-12
5.908407985089070280e-08
8.721901781534591169e-13
2.185765542539516834e-17
2.599299746118164875e-15
2.097940961579003449e-13
6.222090154710908580e-15
1.640727267590569305e-12
1.264460324640337419e-12
3.782793385198601754e-07
4.618862800911949229e-13
1.846549639594741166e-05
2.536626772499194328e-16
2.037148878406003227e-12
2.510103236375016422e-12
2.153832159553035336e-14
9.687204109622843395e-14
1.411663204069885623e-15
9.071626371100205422e-13
5.804545212539924393e-13
1.298082464001176772e-13
7.828659324537329267e-14
2.269108989594315062e-08
8.435060863121179864e-07
4.437172607422643078e-14
5.641550052636057355e-13
5.903290551702300437e-13
1.155638284278971955e-16
1.773324461449080069e-13
8.900822180661272657e-19
2.146429938626980005e-14
4.753649866318446215e-14
3.920990898772461902e-15
1.384527692493975337e-08
3.375149253926666943e-20
1.054181141077994890e-16
1.461028694931040379e-19
1.930270958017812964e-17
3.944269799382733432e-17
1.203304806959717815e-19
1.461432133663249336e-16
3.631528823993092694e-15
5.235146952207103081e-16
2.805352061763244365e-10
1.481642635187477297e-13
1.280809530971541849e-14
1.192557591713589923e-14
1.480444185211066133e-14
4.801180606639897006e-17
1.726863221984524001e-15
1.651295601111705223e-15
5.149937449416570195e-15
9.779163590017958541e-12
4.332679614388323941e-12
3.733273158098893576e-19
2.166172108223132775e-13
3.154803688795206063e-14
2.534024767797404820e-09
7.319184219318435984e-20
3.120646911323811643e-19
1.358215890966260261e-14
7.398752292255006413e-13
1.968827878506829165e-12
1.571862926548917710e-14
7.811089150705843864e-14
8.246241146522836907e-13
2.107412551757836816e-14
2.349085737043211724e-16
1.446720754262262321e-14
3.632940457339251189e-16
2.263542916200022431e-14
3.565770810796434177e-17
2.907898849509740291e-18
2.901062822132448932e-18
9.573803273090374121e-20
1.167766604943571459e-17
1.328474700715677817e-14
1.881198918429055622e-13
8.087754336421389828e-15
5.469862979440645590e-14
3.388268510207126383e-07
1.366975688199545402e-08
2.867538706485817102e-10
2.417189667544295131e-17
1.597701338379643081e-17
7.257656198911268980e-20
2.211528372230695275e-19
1.249161093574285841e-13
2.597671874524995218e-17
8.157468625927543298e-23
5.609064428202525932e-12
2.335779952702260465e-13
9.629062074057413712e-15
8.564545344312793243e-18
6.059091623615911471e-14
7.356842321752307678e-14
2.779249778179972846e-14
1.207283173474822229e-17
1.018163463819782172e-17
4.215846455843472868e-15
2.361170409041248031e-15
1.461304167948984656e-12
2.692221168221209382e-10
1.435453000908637478e-08
1.292128601652290515e-14
2.787297570560733962e-18
9.823810195224227937e-15
1.717284258732923127e-16
2.340614139138830208e-13
1.291529918765171175e-14
5.615360454592653247e-15
1.858847895825689080e-15
9.933318002777052902e-15
5.503074802489307804e-15
3.474204905424931045e-14
6.537749026254942373e-17
9.061000275014264443e-15
3.043515441810054200e-17
4.709762040002590799e-14
5.926539098886907109e-14
4.671819485003954114e-17
3.380969701931692620e-15
7.238928220417752135e-15
3.606446738468882529e-14
1.463082155428452324e-10
2.207956647704721929e-17
4.597728295497758785e-15
9.267162503958509268e-14
7.734980466362142721e-16
2.817058205511411813e-17
9.778093135260103735e-21
1.913047289483181534e-14
1.715213697446707953e-18
2.201555604486316042e-10
2.153464271968219112e-16
5.897355225875371452e-18
3.903450032280951498e-14
3.028935026937602500e-16
5.957634979039407653e-19
1.149780682989376412e-13
3.116039926087665890e-10
1.492401254660213894e-12
1.305275709739817103e-08
9.994152033732106588e-11
6.114449835337154582e-09
3.442938479886886727e-13
3.928457745665414776e-17
2.369974404974921449e-18
2.572415197521493724e-11
9.994429284176931105e-09
2.049731005654181933e-15
1.235438211151865251e-15
1.258968623796263842e-12
1.134505059341428534e-10
3.307984515108462753e-14
1.346292612493644891e-17
5.384847187791193843e-17
5.575078876343688935e-17
2.152078792949652097e-10
2.730220917154492976e-16
1.895583841803050174e-14
2.500513218706146290e-08
1.640833844664124630e-12
1.839545737958303562e-10
1.882298141717910767e-01
2.709212765239499277e-08
1.688673159638831578e-11
1.985041215258333196e-20
6.105174144011016324e-09
2.103204322669288001e-14
5.284347178585724336e-15
1.310626845767159931e-12
1.964084920906810500e-14
3.349957681045290236e-12
1.241524105743962991e-10
2.054745609769703663e-11
2.690968045530717986e-18
5.733999429782810076e-13
1.193793412783633948e-14
7.219280728776311662e-11
1.055870614465742596e-14
6.990780429879099467e-21
2.050911981340891241e-15
9.840876215045507580e-15
1.159426903833362830e-16
2.994321819641443568e-15
2.279490311785092871e-11
1.221926256873969927e-14
7.830532410597085880e-20
8.115101472749852718e-12
1.130872462340448692e-08
1.396992637057218453e-19
1.861320125806642523e-12
7.536857724189758301e-01
1.608165911635289769e-14
1.747790448113307273e-17
3.098435286119638477e-08
1.307287078589070006e-07
1.419447618007706792e-18
6.818926933521707312e-12
1.074282107715873735e-09
5.026417387575554153e-16
1.920161010987402050e-14
1.876557984941682112e-17
1.728082208274741346e-15
1.312476793913219808e-10
2.322487744446569119e-17
1.892078290918752792e-12
2.325008239267845056e-07
3.345893284656398237e-10
1.246150849176785869e-09
5.214195029773951426e-18
4.445184014444363702e-15
5.831451264931434078e-18
5.835917527008405159e-09
3.525819636251981137e-07
1.498900397857026896e-15
3.554538885452984687e-10
5.931097279976427217e-10
5.099041848477536831e-12
1.992053711655922266e-13
4.419511701048151053e-10
6.048867136343449857e-12
9.119877596164283062e-12
2.977873286838712309e-15
8.515659287748264528e-15
5.176240881342721442e-19
7.732199890130367348e-14
1.715216058073565364e-08
4.306565209153713492e-14
1.213831910717999563e-05
3.497120301676481802e-11
3.891883789445260147e-17
1.545706419435784868e-17
3.603502218840759497e-11
9.032981584944366205e-10
1.778973631836316658e-26
3.650183766357173454e-10
8.329470438184216619e-05
1.677523187026963569e-08
1.411541348216027725e-12
2.468037379622770901e-15
1.844827594724499087e-13
1.634309333082004268e-19
9.483687164572873751e-14
1.261117187241478366e-12
3.410208787201844175e-20
1.102936556045299430e-16
2.585197034932207316e-05
2.508130151051418677e-13
1.335981048011802841e-10
2.386342481228192125e-16
4.275926904388407785e-19
3.946086567181356617e-19
1.186833021183525405e-13
1.584941487949020900e-13
1.257937157217448032e-11
4.893425595287048679e-11
1.862588902556971959e-11
1.780875191073590721e-18
8.513746348540185416e-14
5.595824584953001946e-12
5.743593795015655701e-11
2.110472492276916152e-19
2.259939978210834255e-11
4.048713009296989185e-08
2.761580856188705353e-17
3.488089261871607505e-10
2.092559805988436494e-11
5.641907947773194820e-12
4.279568236245645529e-14
5.127605266943532957e-17
1.796486777569457150e-18
4.687017511302918327e-14
1.663825412084580816e-18
4.335858648119028658e-06
4.197130144525700930e-18
9.274612691764797568e-20
4.678830407556233695e-07
2.341244819542565025e-12
9.503234270951603328e-16
8.029319396862799607e-14
7.600271865852714637e-13
1.202939515729408273e-16
6.838682181306565688e-13
9.394211347409434087e-14
1.728531033584612686e-11
6.143264607953724532e-13
4.550109053980122553e-07
3.678799203044036403e-06
7.838933413495396962e-08
1.649259692075711121e-18
1.017395228097679673e-16
7.689894727935797647e-12
8.033860649447888136e-05
1.216922526287813456e-19
3.960093578385235027e-20
1.859796903069463325e-13
4.652496920706794548e-13
2.773721530235917498e-10
3.626018105565287364e-12
1.877846294261187321e-14
1.128828049544857431e-18
2.492761212561939860e-15
1.267459762327222041e-15
9.342918799726263046e-12
1.897389211080735549e-06
3.824857344410088314e-17
4.318311523253057227e-14
5.500277926167253706e-17
2.788968806270336099e-17
5.777454248345748056e-08
5.508182370396756673e-21
2.785652100101287942e-07
1.714765156278009236e-15
3.140953347501860605e-17
8.860374082683195295e-19
3.067149312308004028e-11
8.605087947675854788e-18
5.211233111701574217e-10
1.028120823320932686e-04
8.242791938364366750e-18
3.766786235213637442e-21
3.940055920415019841e-11
1.329552024031954716e-10
5.819336332257840638e-12
8.731269929285190301e-08
1.045419048459792183e-16
2.104094003725436555e-15
1.140828696701706724e-13
5.559839255653287182e-10
1.346337798191488133e-11
1.138693902624082765e-13
1.993880998892375023e-14
2.727120786139014541e-11
1.865282884747077041e-12
9.751319396400504047e-08
1.663694681151850485e-15
8.267516036001331726e-17
1.451293597517148756e-23
1.377914155668383289e-17
2.326489891856908798e-03
9.869094369912010848e-18
4.790346591621030825e-11
1.259300945948820991e-22
2.042449022410242065e-11
1.276823792622818362e-18
1.413242822334053592e-21
3.151033752146759070e-06
1.507075605804153451e-12
6.119657430559583411e-19
3.050649663438598225e-11
6.739437910753848197e-18
2.737791818339246896e-13
4.536606556842566083e-17
2.574380153497202173e-10
6.719994416926056147e-06
2.055771351761048749e-12
1.903065793840141851e-07
6.339377023323322646e-08
7.977906113509902752e-10
1.240339779059389073e-15
1.594454776543408059e-11
2.427198533103852064e-15
4.502073991385913132e-10
1.297166363656288013e-06
6.736126413608989338e-13
7.252658068627372708e-17
6.583002423206493411e-15
7.923371438621694084e-22
1.639837151159485862e-14
7.073047009198418777e-11
5.769089329987764359e-03
6.833216215085258227e-10
5.102214937361702458e-19
1.552523734571487068e-12
6.160715600861399466e-12
4.211203529446393146e-14
1.301527215707553187e-15
1.163345878012478352e-04
4.338368640027789880e-12
4.156984272866287577e-14
4.453007634261678047e-15
1.104526674566841393e-07
6.183029484458160696e-14
3.590210573278795891e-09
4.257241260907651537e-12
2.405367745261788315e-11
6.246320061562709875e-16
6.115413893597460016e-14
3.283943560131370211e-15
9.503789058145009288e-21
5.537678548597017932e-21
1.233890844084631705e-19
5.853455063318732665e-16
3.093074849862980681e-15
1.343031935663319132e-11
5.104135836859688413e-14
2.919856443197836148e-20
4.655731095787318807e-12
3.817437865187732677e-17
1.289095306195031654e-11
2.502202696632593870e-04
2.852855321769376395e-12
4.134581219061850277e-11
3.185444216277535760e-16
8.996082822903747611e-14
9.120535438000842987e-09
1.654820422842585587e-15
1.327015284123382339e-15
1.220419321157351078e-10
5.365043478922082443e-12
4.721504804969455924e-23
1.408775986441749722e-20
4.008677919994154413e-16
6.210884595378642605e-19
4.747228543426629255e-13
7.259438964416837408e-17
7.299959167728911017e-16
4.504656315253456264e-15
9.313534508502072096e-14
2.329738445736739437e-16
1.431256263680069640e-12
6.115594575889504725e-12
2.590084235976064519e-08
1.993505083230928676e-10
3.515007295645800056e-12
1.438813998161174966e-15
2.460346955736412294e-16
1.212500780820846558e-02
7.642294804099947214e-06
4.031613940592042605e-19
1.301029732081807055e-13
3.067819435986773868e-13
2.228868999087918468e-12
3.922773225500074401e-14
2.186490571931543059e-10
9.064067804832745892e-17
5.873576885191768980e-19
6.281814261474560901e-13
7.521465050785991480e-08
3.554781122239170088e-11
4.327822199767241643e-16
2.887599048762012899e-10
6.874754451558764620e-16
5.105242908921749784e-15
4.195476868975148850e-20
2.095643480970466044e-07
2.077089064737197463e-17
2.899168203713487436e-20
5.300526944446160016e-12
5.649668730027800631e-17
8.548127463514840750e-18
4.966055778404809828e-13
3.991583620522092806e-18
3.176287629181456795e-13
3.426915001769614832e-12
4.238151607438567225e-09
5.302078627490366958e-14
1.319900434464216232e-02
1.314969743558584079e-18
3.108272103244380524e-16
1.285347425283162037e-13
9.487675030512850786e-20
2.861750940386098563e-11
3.215241684006997502e-10
1.839441894548060228e-16
1.622279865998166315e-09
2.095559489823095589e-11
4.362394889767529094e-10
3.834119688406190107e-09
1.465153181925415993e-04
3.376743290573358536e-03
1.275106855184372670e-16
2.221901082447106518e-14
2.831030609546412535e-17
6.417526015808916462e-13
7.592313415330856352e-14
1.322901926892328106e-10
5.207178750145889656e-14
1.364090437827591984e-11
7.448950762852106429e-20
2.783313857168678851e-10
1.579881882751780738e-18
1.012972325920187544e-13
4.317163925875707597e-19
7.099978157482089713e-13
2.341262370464392006e-05
2.633020320871870545e-12
5.432843508401674626e-08
3.615865853262567597e-12
5.448787444460242990e-14
3.352258322943969016e-20
1.265961149285292370e-16
3.174017138007911853e-07
1.237314627358049941e-16
2.205272176070138812e-05
9.685267871714758870e-17
1.385847758501768112e-02
5.329782296926988128e-13
1.119083666879794325e-12
4.110560768719531688e-14
1.859434000273541693e-14
3.602417572145383273e-14
6.961940293146297989e-19
1.292121147762354677e-14
5.301924524414580731e-11
1.686030004846572616e-12
4.719210786041649897e-11
1.170427858596667647e-04
6.222654835852381439e-09
4.978347067918775792e-09
5.186176871463131841e-21
1.484354309325634922e-18
6.807115227047688677e-08
8.115622514479444360e-17
2.384340280769947640e-09
4.431341578403635850e-12
2.545920891143778892e-18
1.425517147900234871e-14
2.877357907493660605e-09
1.658468555629927232e-13
9.643113130924918508e-13
2.050485115034916817e-08
1.944898686545570854e-09
1.825793786672210921e-18
1.125607318432305649e-18
6.298526407871136643e-17
4.216017387092228785e-14
3.404584556984668886e-14
4.464449088192878889e-10
2.261858929319959799e-11
2.206365515636243835e-13
2.808894272732231912e-08
3.476839696698572112e-16
4.319230484384206648e-08
7.013087326112895207e-20
9.987159803908613695e-22
1.263313009758348926e-08
2.567188346347393235e-07
6.856340582089837099e-13
6.756609025526313927e-14
6.136494960761799369e-17
2.055204097184404333e-11
7.105258510806030544e-21
4.622967590336979349e-14
2.081436802428560107e-12
1.786435444017797636e-09
1.065907548314891373e-13
2.336633317390202080e-11
2.830643290496390706e-16
8.274346636298322913e-21
9.384296895120769477e-09
6.515522696430532321e-15
5.749950178263098927e-15
4.198781362464479284e-17
2.516890504605101553e-13
3.721170778198806817e-13
5.240436990600061407e-14
2.746988617477463812e-12
2.864594846052614940e-12
2.671259433460876410e-18
6.420532372430898249e-07
1.490337714349365683e-10
2.785187987359993844e-14
4.856518460224102524e-16
9.153461751298749752e-19
2.061300956313072419e-11
1.296510484406427282e-18
2.298445078198225328e-16
2.541490382742769318e-15
1.708508556852450511e-09
1.167236880067479277e-13
1.932598223675086047e-07
3.691559644775077587e-12
8.052691152782287531e-11
6.562903432510980295e-12
4.110178451928458987e-13
3.342481998645785435e-13
2.999031534586414291e-15
2.898779549731500538e-10
1.856475251305056418e-10
1.873031589582404427e-14
5.025126148527903069e-11
7.835784565689632442e-14
1.030502072563166394e-12
7.911051235756291766e-14
3.998763264956295416e-10
7.177736188615849167e-14
2.759197601301388580e-12
1.898645899788692359e-13
4.655472543215334168e-16
4.937340573884596998e-18
2.788528273140545085e-20
2.438372592135002881e-22
4.861664890110084514e-11
2.991972988808377920e-13
1.273824352665542392e-07
3.876056164052910180e-19
9.416820621888088994e-13
1.623608582648761178e-12
7.629154618386803594e-18
7.540378987869189586e-09
3.466640223579592339e-13
1.987919242196420355e-14
1.501659650034355142e-14
8.063215026221648429e-12
1.152308175093874620e-12
4.815954857129156608e-10
5.952055521730645598e-16
5.107572689586784988e-18
4.808845328370262365e-16
1.584342867795279216e-17
4.676837530529637244e-14
1.799958454284933396e-06
4.801217333459094360e-17
5.287407339217564672e-13
1.633626567354440340e-08
5.301221213095552872e-17
1.929588275932105600e-15
2.219756776189484894e-15
1.275364969188785835e-08
1.020820494801455425e-08
1.061781803294746182e-14
1.069376978326186042e-14
5.373122274839530324e-20
3.686195403966599179e-17
1.494970547355478629e-07
2.276663053635274991e-06
1.124713115609882186e-13
1.438946712660089502e-21
2.053119560959672761e-15
2.875121296597171749e-08
2.038197017568424229e-17
4.854864462958465992e-18
6.831000202338691207e-14
1.290975937262572870e-10
4.677046472381901198e-16
1.856342962561077916e-19
6.029192176632867983e-20
2.384736018154949894e-20
5.084955773781985044e-06
8.408898408043385259e-17
5.747614195570349693e-04
7.607834785869523053e-15
8.745080702610933537e-15
1.296060047478730937e-11
1.107295467001208865e-16
1.630758816872912575e-07
8.195328638806176347e-13
1.495095704528972891e-17
7.256203563256121997e-16
1.874343914668244460e-13
1.054671328308993814e-17
2.987031066936651769e-08
2.924573311393949077e-19
4.912301576794064761e-13
7.013085858570411446e-13
2.668518260308452246e-19
9.349086609045098584e-12
9.058443082546503711e-15
2.956434300608554730e-16
1.711208892684126792e-13
2.952181554771726724e-11
1.911853661495932499e-11
2.293854095114511438e-06
1.242526220801565273e-10
6.014957421029976103e-10
5.523070065530100159e-13
4.098696208820751252e-12
3.109833075778329343e-19
1.674358351619331664e-12
3.993849020389461657e-07
4.805580147149157710e-07
4.882238710535169446e-11
2.327483273454234065e-15
3.157617860471251909e-16
1.693603169673938514e-17
1.274478578228155357e-10
2.481726702599821276e-15
2.958161347848447045e-15
7.571299533992714714e-07
1.929331833183667300e-10
2.200222642967375464e-12
7.327523737414934086e-16
1.614185889934967349e-18
8.547811763959245468e-12
6.379953379156587043e-15
1.203793298470461006e-16
8.365681940041523601e-15
1.371005093206087173e-15
1.743831316326771574e-13
9.888372343169749001e-10
2.052508857319779167e-11
3.005019844071199486e-12
4.609973427299740578e-13
3.876810449373981972e-19
1.812376464183085290e-11
5.092564011547479064e-14
6.596488796593073288e-19
6.312000401520467818e-12
2.321200306618087517e-12
5.317376313568322743e-12
1.234513711085884134e-17
7.543815056334197771e-17
4.398944644672429056e-16
3.118660538148354533e-11
1.088224999958533573e-17
2.678657323269244413e-18
2.190273809226828843e-16
6.066079171092308986e-13
6.560722017739939460e-13
3.433886137135626349e-14
8.220250935800051725e-17
4.390248337397470446e-14
2.131341227223814880e-16
3.721617593901834972e-17
2.292856811415939583e-17
2.370997820820563984e-13
1.188615857719093033e-17
1.736457866926177655e-19
3.253734003405514292e-20
4.349737800848907376e-15
1.972812321490713394e-12
8.522921615889124890e-19
1.528839410584489051e-19
2.549985077647435683e-17
6.528624314199808670e-18
3.355024712180378977e-18
2.470531071089267163e-17
1.845571713168661990e-15
1.877030703176935100e-13
2.373611518128317112e-18
1.117326772316423137e-15
3.757519114322529932e-19
1.107159825924362419e-17
5.262669640349049160e-12
1.424144049216868879e-11
1.286044692960786051e-08
2.264970336122735378e-16
8.082120686374796362e-20
9.468102944189520781e-15
5.506077534287324299e-15
6.878820209705585262e-16
2.789881520248727043e-11
5.134941430395834061e-11
4.767379269132732134e-10
1.011835472179700712e-12
2.229353130086284083e-16
7.026666141302095880e-12
