7.407903179768027258e-10
2.693130440878377385e-11
1.025255366715605021e-10
3.774038373483001862e-13
8.869633678779478836e-14
3.342077699655665590e-12
5.307973570227442206e-13
2.010371544529290094e-14
1.242976641752102651e-11
4.064968084360742751e-10
6.716505396298089181e-08
1.248559740839316756e-12
1.164187191093901674e-09
9.346043036706497276e-12
1.330225670283582962e-13
9.185961019619881540e-12
7.967376980388962693e-09
2.920522851335149994e-11
1.239676694630986731e-10
3.483150589787473161e-14
1.541500867924261442e-12
1.325648710812435405e-13
1.107782310327820596e-08
5.520188306462614491e-09
4.350900795202505833e-08
3.370874310348881409e-06
1.054619377938159630e-10
1.475176925058718780e-10
1.865778926912753377e-06
2.123879848034415652e-12
3.585413632656297978e-10
1.382673264771483446e-08
1.976417727395096691e-12
2.683630262456659921e-10
1.407494815142129596e-10
2.741900673522423837e-13
1.234084232373811041e-12
3.123496253309987480e-11
5.310761608257053012e-08
8.917789423579236541e-11
1.718814535145440914e-10
4.132297282133379213e-11
2.551083996826797318e-11
1.683965120125030523e-11
8.211903379518048496e-13
1.069219734972648439e-08
2.386797148812291880e-10
1.448258787201117670e-11
3.402956041953508759e-11
1.138749112783443707e-07
8.560963493664530688e-09
9.071744744293397389e-11
4.890906690063756557e-12
7.568642761135446762e-12
4.203909095834568177e-11
1.682149863846404969e-09
3.680541149631011422e-10
6.077605866489088626e-13
1.381091638621989581e-12
1.237317470703658273e-09
1.172368278845592471e-11
5.533441326671661997e-12
1.563015272765255759e-09
2.900058191095296334e-14
2.449182870400967715e-11
1.327589010946539361e-10
2.388380812567980627e-11
3.732073423634574283e-07
2.882895588918188423e-10
1.232730445499541361e-10
7.916116221730329361e-13
3.163212909385038074e-07
1.930221824389399821e-12
1.160717030303237696e-13
4.775417596623345029e-14
1.237556931932282112e-11
7.991560429902733187e-13
3.471070869967562977e-12
2.803968168763049107e-10
1.186503027383878361e-06
8.283122099328465993e-08
5.269581659916866556e-09
2.154023626133039215e-09
1.750753142459871015e-07
1.707156915831120614e-10
4.869378145144764858e-08
6.371169702923396017e-10
5.522952581382689630e-11
9.303956259934520467e-13
7.923117717467675902e-11
2.217657391057059613e-09
9.118395735739984187e-14
5.160403354631526440e-11
5.448507617300535344e-11
3.865260027194686310e-14
6.920152791729458630e-14
8.122674082823577724e-13
2.017385841712737715e-10
2.380668440160604860e-10
9.777015863576821175e-10
8.022123410000858712e-08
5.222076677330322880e-12
9.286299729183156160e-09
1.132016880234232303e-08
8.625063330214288726e-09
3.514014979607432698e-13
6.816096298489782157e-12
4.228792676815897045e-14
1.136423420644572246e-12
6.024978915775136556e-08
1.157586040911873226e-10
6.377555816783342379e-09
1.254345960433056462e-08
6.979868072409800561e-11
7.504409316183568990e-10
6.372618877037439233e-09
1.508045533067658983e-12
1.801481519514425145e-09
2.180578121624421328e-06
1.509611280425815494e-08
1.182354125717210991e-08
7.541587354609191607e-10
4.873669610244713013e-12
2.241100638400439493e-08
3.970104453521194898e-11
3.218002947447118345e-11
9.258700750525150625e-11
9.817110164611446421e-15
1.208140846479383024e-13
1.176836128546909777e-10
2.432062492748517796e-14
4.085929077718430946e-12
6.238180978723750769e-12
6.701325716562678281e-09
4.551061957847046813e-11
2.021251788164590835e-07
2.741023770805317561e-12
2.171186008759207198e-10
3.544137650024481445e-09
4.715190243587130681e-06
2.475392875567195006e-06
3.634539211816445459e-07
1.473527845519129187e-06
8.700989262422353931e-09
6.786891937338168646e-09
9.140358692150130082e-09
1.395786042301949692e-09
2.162421353091303899e-09
8.715491869870639619e-12
3.211550600110135711e-12
2.231150020293171110e-08
2.149709965593160632e-09
1.737182203642717582e-10
5.358114854445627726e-15
2.233373555537987443e-11
6.414907125461277726e-14
4.499889501817511128e-13
3.353462689828501375e-12
3.272053808456298896e-11
6.103798000367532950e-07
1.943936548190472458e-12
1.826402251658976184e-09
8.558649966516895802e-08
1.590465398271234676e-10
4.338615300358839022e-10
1.333109267420695687e-08
4.980933443476942557e-09
1.509142606437308132e-07
7.611348183667043799e-12
8.458157344393163078e-17
4.750638684519747912e-12
4.016665819395193182e-11
3.136015613858234019e-10
3.043511352229105738e-13
5.169129480009360122e-08
1.565994903196532562e-11
5.272981704051993290e-12
1.463287932663981383e-12
2.368435447763772572e-10
2.333295924472622573e-06
4.178841663815546781e-06
2.692428224815301974e-10
1.014916137243027094e-10
1.671713033843738594e-13
5.951183014267502625e-13
2.034976354092776774e-11
5.529684782984434221e-12
2.094873233215999164e-11
5.233785627112297334e-11
2.458705461449994800e-09
3.052358366062435380e-10
2.974537283151335032e-11
2.947704580424925780e-11
3.333896526902524471e-12
2.198622534033134457e-11
8.375809065958896016e-15
1.330404728605572018e-07
4.824817975701556350e-11
1.267232738015600102e-12
3.419920457936598268e-10
5.997910501598369137e-11
1.084488922276083400e-11
1.279962286266050735e-15
3.084195767701081170e-13
1.125142934008636908e-13
5.803223857014927489e-08
2.046261215582489967e-06
3.891187094762216248e-10
4.483854281716048717e-04
5.423484328304084556e-09
1.015319828212568609e-08
9.158970110112463203e-11
1.567880048881920008e-12
1.889058527659859266e-11
1.085526252220248011e-10
1.031153894909264679e-11
1.383041042801735898e-10
9.137643204213622555e-16
1.443345903949858067e-13
2.543599011972652590e-13
2.531708133066135069e-12
2.859689915424290518e-11
4.600088105571886743e-12
2.176822277988321730e-09
5.551124786506989039e-07
7.451290973126134531e-11
1.869961997746916182e-11
1.829215667825678793e-09
5.218902448465541702e-15
6.253721498983288996e-14
7.711126182030625387e-11
1.102974170330561776e-10
1.037821131116833939e-11
3.476903140398057701e-11
1.464696697262013458e-10
3.643738182290690020e-06
1.453326209377436840e-10
2.208859451683503616e-13
6.463737878270592319e-11
6.805560455458437019e-12
1.584009290921117863e-12
4.556105059200232787e-12
5.506377553357241772e-14
3.230738698789537011e-08
9.018879393307699388e-12
2.609899241168278650e-10
3.290540689704357646e-06
3.843777577586422745e-14
1.507839825221068963e-10
1.812166914305635146e-07
2.097634288489302890e-09
8.371906119464256335e-07
1.570824026408956797e-10
2.541862933243960176e-13
2.242908983540736756e-12
2.287354972096977690e-09
5.627579513500791109e-10
2.337171789434933089e-09
2.625607231632187677e-10
1.287380424486173069e-08
8.553662778076898121e-10
5.666284705512225628e-04
8.529546392918498782e-15
3.972661755113904292e-09
1.564113816243661859e-08
2.869671297464626569e-12
1.287107790140518127e-12
4.993062387159685755e-12
3.368119949609393871e-10
1.044363617808130584e-08
6.245043926433879733e-10
7.321074302346630702e-12
1.074285282953724163e-08
1.741897431202232838e-04
5.345700878484072049e-12
1.751670808403105184e-08
5.616537901431684077e-09
2.341165889624408081e-12
9.046362270392904747e-11
2.728974685117790955e-11
2.380517484523725358e-11
1.819989020601653351e-10
1.018255590956584911e-09
2.175960958084033336e-07
2.321885698573951384e-14
2.448183496206457477e-11
7.091428139149869025e-13
5.471439273874167952e-11
6.236744454213294375e-11
8.234760963399256894e-12
1.308971854518947708e-11
5.090644572547375901e-10
9.109565879406034128e-10
1.026556191163763287e-07
2.281533850734263069e-09
1.586568931788434611e-10
1.745019684307180796e-10
6.104166651310638514e-12
4.601297099414425329e-13
3.411629919541914191e-12
2.035594609539614908e-10
1.822410139462604661e-10
3.522585112492038206e-09
1.515198078116952729e-09
1.319214919595634861e-12
2.169666807327885749e-10
4.276256779234266503e-11
6.772886695927127221e-09
5.910447370242877252e-13
4.868401688729040444e-12
5.103299727249321904e-11
9.324605323990375894e-12
3.720979913079958123e-10
5.941434844114468206e-11
7.932946660682560491e-11
4.041551260325348949e-10
6.127321306587107941e-12
8.970053866352856176e-12
1.217665833615211302e-12
3.235020584746450822e-10
1.623952639029369038e-09
1.591154152880136508e-10
5.860117079092841408e-12
4.173324446438142488e-12
2.203232645696211189e-14
1.531247459558848778e-12
1.166275149372397735e-11
4.834426262090296689e-11
5.602825495221175345e-11
1.682061781527188771e-11
3.644895230081601767e-08
1.475814581652912238e-08
4.267979580863112687e-10
2.608064317895925077e-13
4.586088887120753910e-12
1.592124526394479971e-15
3.481531740418680743e-13
2.617148719963324766e-09
1.538829149825768350e-14
2.858815871019864752e-16
1.007216887671802397e-08
1.251507925070782790e-10
1.450032476903173606e-12
1.529726540751286112e-12
3.640210799460419366e-09
2.511841012964310949e-10
7.443350102942503099e-11
3.360100554999218003e-13
2.210907151800611814e-10
3.164078721251684101e-11
1.171869719318596736e-11
2.777401919562549892e-10
1.416506800744343764e-09
1.544871253145174705e-08
1.442148809226162509e-13
5.422308940419189385e-15
1.496840737295890289e-12
5.293929357386151224e-13
4.413523019275444881e-11
5.170099713473243208e-14
7.881586008839924773e-13
2.391055235750894070e-12
9.765502208963772190e-13
2.787211867555372535e-12
5.242517878145669386e-11
2.690468290864056478e-13
2.968359585908686427e-11
3.115733853645968887e-13
2.517399899648609107e-10
3.582772620247531847e-11
7.071892984406025207e-14
1.062542831498092255e-09
4.666879946726987249e-13
2.696241285793377074e-10
6.342911973433729145e-08
1.150481728114105540e-12
7.346038382628761187e-13
5.343523956646833994e-10
8.501298623397879339e-12
7.037517270325199803e-13
7.007974099437026469e-15
2.608632710884850603e-12
1.528645780920698249e-14
3.144888580663973698e-07
4.133432138231363240e-11
3.354355164399309974e-14
6.692917331463377195e-10
9.710972477539048242e-12
1.039770157994224231e-12
2.389793397894468541e-11
2.310286628670610298e-09
3.372941925761097082e-10
4.042796319936314831e-08
2.406386911957270058e-08
2.925266251452285360e-08
5.641827977020952289e-11
1.130355965078821967e-11
2.981839493203242153e-13
1.432625484909522129e-08
9.139539791647166567e-09
2.734178118288244086e-12
7.108783006692931394e-11
4.688687806064795183e-12
3.846428064946394443e-09
1.269927218938704527e-10
5.195668981855527946e-12
2.105792536871708975e-12
3.127124861140861967e-12
2.563110435005455656e-08
6.699101451519695605e-13
4.708080279802739909e-12
2.429677437021382502e-08
9.685192231545514119e-11
7.630415410631030682e-09
7.904460071586072445e-04
1.005744479698478244e-06
3.051434660505947249e-09
2.998268612010822343e-14
6.120038920087722545e-10
6.570803200590252802e-14
1.589400743721817999e-14
3.583661145611927168e-11
4.355882841922120718e-12
8.058390760234956929e-12
2.641834528915865121e-09
1.229229773525020164e-10
1.656914948126864129e-12
1.482234446292807206e-09
1.751656486526087519e-09
8.170112586469713278e-09
2.341323315779852976e-11
2.191470110915927534e-16
4.448696619419045817e-12
1.214040118435733007e-10
8.692158592286253205e-14
2.001134284321248735e-12
2.242804553187482952e-10
3.716470219679995912e-13
4.113653455416546589e-14
4.784189155948581629e-10
1.829541140807577904e-08
2.612897589536911785e-14
3.574246150786497545e-12
5.882709228899329901e-05
2.380963366732918168e-14
6.351321920651520347e-13
5.980027584229219428e-09
3.933837433578446507e-07
3.482169522346645341e-13
3.409402205001299535e-10
4.302690842505896285e-11
1.001433528116657534e-12
4.635612380066156391e-11
3.299456248582327555e-13
6.833023594643092280e-14
2.188067992392461747e-05
7.922580777183774181e-13
1.477126865268019174e-08
2.147285016462774365e-08
3.624525346523910230e-09
1.184399707199190743e-07
2.749450989688977109e-14
2.489917994008550295e-10
7.813328028192026431e-14
5.392490720623754896e-08
9.136912382246009656e-08
2.337786810923531133e-13
2.083390543416996366e-10
3.389737379677626450e-09
3.706405408282487102e-12
7.192472728512200320e-10
1.198862804585587583e-07
2.795505604780146314e-09
4.137646614221779373e-10
8.512108379266081215e-11
5.701046731053371897e-13
8.925858370565503686e-14
3.392060720849854327e-12
1.644929739086364862e-07
1.532387758351738682e-11
3.708095874799255398e-08
7.695082071546011093e-11
4.085673161960011110e-15
1.782749058239999768e-14
7.767278487058604242e-11
1.142814488874765999e-11
1.137834081861605089e-18
1.206126886733882575e-12
7.525486722670393647e-08
2.838873136568054178e-09
6.112846773903557462e-12
1.422163428688172360e-11
1.310696412515355291e-10
5.936229697904582547e-13
2.513473977561186956e-11
1.152420168182288762e-06
3.142410241524160042e-14
2.214024449886942136e-11
3.184915385645581409e-06
2.997904369195225627e-09
5.316073969918733155e-11
2.539775464591165210e-12
7.957731695817926720e-13
1.080664811109466328e-11
3.118430513815440008e-11
5.256227120220557936e-10
7.689983760883478681e-09
6.559227987146254435e-12
2.664419899989223239e-12
7.942447588504819578e-09
1.710025676615600787e-09
2.050801972686144836e-09
7.130262957844024641e-08
4.400730878339510765e-14
3.125467529230263608e-08
4.375386595256713917e-07
4.529606128112623198e-13
2.238111562746780692e-07
1.107627434215885387e-09
3.251878488708115356e-10
1.648635256090713597e-10
6.284395204746162644e-13
3.198435127860221883e-10
1.784485103087374291e-13
1.996645206212444706e-14
5.006481629266090749e-08
3.512230924932607801e-14
3.550427367469272122e-14
6.840523147921828695e-10
6.548249942284201097e-09
6.694847584295948728e-13
1.523415074644596245e-11
4.252521179637369642e-08
1.130243143000753125e-12
3.827312688997608348e-09
1.352582889441178438e-11
3.030450890229019478e-12
1.617170286571933957e-10
2.764223294704493128e-09
1.579432500875554979e-05
3.555464811455522067e-09
1.505042551394923048e-16
1.046414169236006136e-14
6.638813232484608307e-08
1.007305923849344254e-03
9.460088530200837405e-16
4.931344291993363348e-16
4.551235430194644493e-11
4.588206117123183603e-12
7.741284946405357914e-09
7.110132926868573122e-09
4.637248571248697715e-11
9.420597982257028491e-13
1.323784723332444013e-12
3.289544946659915536e-14
8.045859800631660619e-08
4.921690560877323151e-06
2.214911587472556675e-11
2.025265025129563412e-11
3.858761921105013926e-11
1.570924879911480936e-15
2.663075235886935843e-07
2.557697705973110969e-13
7.934030463729868643e-07
6.004546252574849419e-12
4.523183585493362191e-13
3.673928294836009689e-13
2.021134148932901553e-09
2.037518238981114727e-13
1.575570536260784138e-07
6.906717771926196292e-06
2.842009667967243525e-13
1.012899941872646981e-12
4.059047195581477752e-11
5.107962351758033037e-06
2.592596359818344354e-08
6.313373823729762080e-09
2.064412144920160785e-13
6.865874622313805631e-12
2.628523509962121807e-10
2.053294478887579544e-10
1.126639781467986268e-09
4.637330519585702859e-10
7.531696349493549603e-14
1.957725288548317621e-07
1.377536140712010138e-10
5.943385303908144124e-07
4.310909539496227127e-13
2.876693973091412615e-14
2.172948279686334164e-16
2.616092809572191820e-15
2.236221234852564521e-07
1.107812707670449703e-14
4.207057813232495391e-09
2.258648293962666094e-15
3.393390568540155527e-10
5.339183752777788838e-14
6.942888934802953285e-15
7.022336831141728908e-06
4.787388263594039017e-08
1.986511541200719488e-13
2.056005019013262825e-11
1.411363837215337536e-13
6.533563134958342289e-10
5.980471651755026041e-13
1.644007331528044014e-13
3.410963699934654869e-06
6.532067664544172203e-10
4.748365967088830075e-08
3.123110900560277514e-06
1.121726947439505295e-10
3.045089544016429950e-14
2.238395246934032912e-09
3.417398742461275063e-13
1.721807002530439945e-10
6.240818493097322062e-06
1.249387138885227344e-11
9.871690270779609477e-12
6.967926791112688534e-10
4.633271915546917363e-14
3.076991786366001236e-13
2.706199495605687844e-07
5.380853544920682907e-03
8.445899535303169614e-11
2.352049761553121066e-13
1.120898686368665409e-11
2.239778806867320782e-09
8.728018308090668143e-12
6.528548535111866613e-12
4.940817234455607831e-06
4.467352354708964413e-08
1.222330292538487129e-10
3.661522127162974982e-11
4.532720154770686349e-08
5.557267970454637940e-13
7.994643880238072597e-08
6.243621071544414036e-12
1.128929127958144818e-08
7.839840159441086032e-14
4.090909468817960359e-13
2.823857120359818396e-11
4.265462681278314391e-15
1.223777717371946137e-16
4.668073111217807547e-13
5.404300271183437587e-12
4.086718116691478997e-11
2.436191470778226176e-09
7.486000264123049419e-09
2.810453692686509797e-13
1.142804739728831009e-09
3.832551463689437554e-12
3.709851870148384023e-11
4.507222212851047516e-03
2.658893938356499120e-10
1.721613962502033246e-09
1.549878796266654368e-13
1.018493536036890745e-11
4.142963305753255554e-09
3.693168687535219874e-11
2.351795558297453681e-08
3.076273458191280952e-07
1.165238483480379728e-08
2.594741504486964862e-17
4.159728829021980961e-15
7.747713928751842616e-12
9.112443974032807120e-15
1.153381612439829951e-09
7.054750447016422399e-12
4.422806738901829959e-12
3.472193032768612631e-14
1.030634865645252418e-11
1.922749543674211192e-14
2.044880487162004101e-09
4.535621878076767644e-10
1.861374698819417972e-08
1.000438065723585623e-10
4.837642873095626683e-12
2.495752899050324158e-13
1.458693437916759768e-15
7.598604133818298578e-05
2.284854963363613933e-05
5.382631998110776834e-17
1.569694790815034935e-10
6.374055797064848150e-12
3.574615950463488900e-11
6.149838971403198684e-11
1.081662492907753403e-08
2.147440428604263651e-12
7.438268107191631923e-15
1.191366536673621468e-11
4.038211955048609525e-06
9.063775840978394172e-10
6.417973357625283981e-12
7.276825253477170463e-10
7.785428551843054379e-12
1.444068172332113598e-12
2.659178758267211062e-13
2.331053983652964234e-04
4.166683491291234276e-12
1.052128490667408878e-13
2.297106775628332542e-11
4.685201445558950795e-12
1.275668464498181873e-14
6.247052652952334029e-08
2.078831464608077439e-12
9.687866828200775160e-12
3.841717273189715343e-07
5.614379100515876075e-11
5.871744063190575957e-11
5.027411020819272380e-07
2.579135093428580605e-13
2.375548646682545950e-09
2.083784922390918837e-09
8.038729763500205433e-15
3.006633830793248308e-11
4.925455598936423485e-10
4.033973433070769943e-10
5.475464526227824535e-09
8.361528136546780843e-10
6.566651222783548292e-08
4.558694115530670388e-07
8.577681001042947173e-06
9.864819049835205078e-01
6.306543481882087576e-11
1.995935101223311747e-12
7.067170459951199746e-11
3.299453418814657368e-11
5.614579547813525195e-12
2.559552347847215970e-09
5.589889724433305673e-07
4.707010781146436784e-09
3.593142222559769783e-14
4.107626683236276222e-09
8.180820387435061569e-14
5.302029301712529730e-11
3.279638303418713416e-15
9.239515819103871763e-09
3.142628338537178934e-05
3.935110848285461316e-10
5.813321490855116735e-10
9.977169090902293647e-11
2.231431879551326602e-11
2.281901042430691147e-15
1.753407803065792914e-13
2.211059154433314689e-06
1.491438222922525370e-11
8.306625204568263143e-06
7.806610040480763124e-14
2.380884552621864714e-06
2.927077469294658840e-10
1.169109253851274843e-09
1.077656019976558355e-10
3.202227437208715610e-13
1.290016010679906344e-11
4.146280486918424435e-14
9.814190432555491839e-11
4.533725478372829798e-11
8.055249245408901970e-10
1.547044448102496972e-08
3.227435809094458818e-05
7.166090085775067564e-07
2.242626084836274458e-09
6.223983866271085019e-14
6.565254118346200429e-14
3.759558637739246478e-07
1.592030500485730471e-11
1.933611049054206887e-09
3.495758571503415624e-09
4.743771090461208761e-14
5.971022829821814870e-13
8.518679095459447126e-09
2.448121566578365105e-12
3.557567795908767039e-09
9.843915904639288783e-07
2.071893732136231847e-07
4.344809424348602955e-14
1.293221172510294892e-11
1.123472313986108306e-13
4.863726435488935351e-11
2.320647451981017184e-09
2.510740504391151262e-09
2.918208175106684621e-10
1.635710122037392633e-12
3.167611453136487398e-07
6.613194800803023909e-12
6.492484772024909034e-09
4.718900170250749093e-14
1.612927337941690367e-15
8.404849722865037620e-07
1.754199416836854653e-07
2.181388958355512386e-10
3.900668954504027397e-10
5.033678474042346807e-10
2.884647720691191353e-08
2.626772836245884479e-15
9.443676951548241050e-10
2.767358253663587675e-08
1.182109965469635426e-09
1.443662626509495395e-13
7.780690225445141550e-07
1.199004871083042545e-12
1.400922106320695928e-14
9.218613286066101864e-07
3.460038679181653976e-12
1.519376957581641818e-09
1.404173760773119728e-12
3.763290790104178996e-10
2.047289204484825653e-12
3.210666177366761076e-10
2.156001954745079274e-08
1.777351594893505915e-13
2.565581270312102501e-15
2.849822422490433382e-08
7.197159845873102313e-08
2.296130126311357600e-11
7.150387595390716999e-13
5.350741432639779041e-15
3.965885397860802186e-09
2.146282804260657429e-11
3.043772644952674744e-13
4.474623525440452054e-13
7.886804098689026432e-09
3.686652025325365400e-11
6.195089330418568352e-09
1.157325485445781510e-10
5.927205037892235850e-08
4.685865237497033320e-11
1.403001846644880146e-11
2.675904653415273060e-08
3.453083305404724968e-12
4.979325840537285330e-10
2.212179062155428255e-08
2.249011532562406046e-10
8.246033716963196980e-11
4.193164426791184951e-10
9.509822616882157575e-12
1.937324745071578036e-09
6.606863394154061098e-07
5.754313137096289665e-10
1.087369951024985681e-11
1.072010119562705199e-10
2.439159985101468919e-11
9.217464465305358345e-12
7.365842555036652972e-15
2.073150196096342456e-15
2.115792652190862100e-09
3.770276091330515555e-09
5.941651011198700871e-07
2.911934524752043604e-15
5.120266433067399703e-10
5.470356945203036503e-10
5.224280260647659255e-15
2.425208549539092928e-07
2.062512270348260124e-12
1.286544620837659636e-10
4.117725604935174033e-11
1.499828039541739599e-11
1.378325231726762468e-09
4.940243700235491531e-11
6.824183687755003280e-13
3.084095750050669382e-13
7.234601237309998267e-14
3.185977550572774430e-14
3.782872626256761350e-10
3.948490302718710154e-06
2.620381559306772523e-12
3.212240196059923392e-10
1.367365803162101656e-05
3.280652485782020733e-11
3.209133653259144126e-11
3.027215630946322733e-12
1.966440343892372766e-10
7.420525349743911647e-08
1.319908349284304450e-10
4.214439994904006781e-12
9.238753018907600034e-14
5.768348038809323342e-13
2.922762121215782827e-08
4.226371075333190674e-08
8.006985297015489778e-09
2.970432525913556908e-15
3.548437178856403418e-14
9.117310639794595772e-08
2.519828096181342403e-12
1.658877570899497389e-13
8.859917244308235240e-09
2.095340079222296481e-08
8.700120024364085825e-14
2.005240862679863456e-13
3.939165684721697425e-14
1.691057369005224964e-13
1.265108409143067547e-07
2.500739892941084008e-11
1.172030863472173223e-07
1.841901631216558144e-11
3.076048530475938847e-12
8.438565402002495830e-09
5.086281656269120433e-12
3.121805036698788172e-07
3.328985087591718184e-08
2.781929790425085453e-14
1.236558273311205713e-12
3.784640656423476912e-10
2.680373934957347437e-12
7.509080468537376873e-09
4.511312764327035651e-12
6.339370695052082283e-11
1.303581598222081084e-07
1.731080556677255800e-13
1.069160582289896411e-08
1.002816579775966943e-10
3.257081561923447222e-13
6.683473913193793692e-11
6.468945934479108928e-10
1.995278664512767364e-10
7.848706928825777140e-08
1.793702963936993910e-08
1.533297794287236115e-10
1.097900503149729090e-11
2.131202575528234888e-10
5.988461679665157966e-13
2.169689124545404191e-12
8.487733182960255363e-09
1.955300831468775868e-06
1.332133336973129190e-08
2.221922819345412137e-11
6.084203141298871742e-10
3.826613505231168944e-12
2.091452131480764365e-07
2.594637005248756623e-10
1.480077345406005662e-11
1.983834652108384944e-09
1.746988553819051049e-09
2.536902077299174607e-10
3.363175016257713423e-11
3.959629065602987552e-12
4.223402960690236796e-09
5.300067676405895156e-11
2.875169546889821959e-10
4.478963640947020153e-12
3.688264416101816323e-10
1.076040145875367671e-09
1.204914923391697812e-07
4.910227957566348778e-08
1.109708214208637855e-09
1.795134180193613815e-11
1.647911321289718956e-11
1.091700369215686806e-06
3.002900372806038831e-09
3.783220481681781600e-13
6.537249532811983954e-07
5.280016779352081358e-08
1.614010329831216950e-06
8.207104440494106257e-11
1.359706357922929598e-11
2.165061463443862522e-10
8.379574367722852912e-09
2.978909133255491781e-11
3.485240741840645029e-12
1.537731227074790041e-11
2.160533085771021433e-09
7.522315235986010151e-12
3.273039825280044113e-11
4.026817670543109129e-13
3.672200130783176419e-12
3.695760277672155425e-12
2.958377987027915879e-11
3.729843690847278737e-12
2.129158218622251297e-07
3.302990259773652681e-12
2.209772756488551093e-14
1.540496376295497072e-11
6.376864314372454601e-12
4.989170321323399548e-08
3.090825257410015348e-14
6.441258659263537911e-13
1.259142312984296019e-12
3.917524984964337875e-11
1.124221635923072782e-11
1.725187809449579834e-12
1.849884134763613019e-10
3.050955599270821494e-10
3.243053341064200401e-13
5.189605255945251017e-13
2.086449367227558027e-13
1.549426004165965765e-10
8.523848293862101855e-09
1.305316299493597398e-08
8.774932447330741070e-10
2.195056636455916532e-11
1.299637155706412361e-12
7.950795577471581055e-10
1.778182490141944072e-09
9.584134701146052038e-12
2.873986382212478929e-09
1.543937599990385934e-08
8.069400259103076678e-09
3.776096380025961707e-10
8.961388575645656829e-11
1.032966247260791448e-12
