1.017589834617638189e-08
7.800800858603906818e-07
3.192923259121016599e-07
3.529750074449111708e-07
1.159149974228057545e-06
2.759892083759041270e-07
3.412078513065353036e-06
4.586469003697857261e-06
1.023668028210522607e-05
2.913404023274779320e-05
4.328096636641021178e-08
1.068447303964603634e-07
1.040309616229251333e-08
7.863475843805645127e-07
9.575796156013893778e-09
1.009645878013998299e-08
1.329388377158124968e-09
1.208027242682874203e-06
8.790592431751065305e-08
1.185008841275703162e-06
3.662851577601600184e-09
4.452099133800402342e-08
2.591867769297095947e-07
1.702271219983231276e-06
6.891190764690691140e-07
1.415122596881701611e-07
3.509314439043009770e-08
3.267055959099707252e-08
1.281726667912153061e-06
4.727976829599356279e-06
1.088536976112663979e-07
8.610567903133414802e-08
1.227832342465262627e-07
1.476340383277374713e-08
1.990661679940330941e-08
3.975034701397817116e-08
1.271232434874036699e-07
7.732874962584901368e-08
7.055973583192098886e-08
5.747725140281545464e-08
4.219265292704221793e-08
7.895219056308633299e-08
1.138269212219711335e-08
4.886541660198417958e-08
3.564559278856904712e-07
2.394407943029364105e-07
2.008035515643769031e-08
5.941147307453320536e-08
2.328900094994423853e-08
1.047405930876266211e-07
3.955432816837856080e-07
2.164809302485082299e-06
5.399389920057728887e-06
5.382968538469867781e-06
1.412822143720404711e-07
6.362045041896635666e-07
5.218802243689424358e-07
2.008376441153814085e-06
1.988477833947399631e-06
6.116364374975091778e-07
2.033228520303964615e-05
1.299263999499089550e-06
1.555010840093018487e-06
3.765082965401234105e-07
1.648402871978760231e-07
7.134216843951435294e-07
1.794146555766928941e-07
1.086519318960199598e-06
1.597165919520193711e-07
5.668636617883748841e-07
3.247832935926453501e-08
6.266269792831735685e-06
4.389191587961249752e-08
5.491137500257536885e-08
2.497291973213577876e-08
1.276071657230204437e-07
1.855635929359777947e-07
3.012453930750780273e-07
6.591882311113295145e-07
1.686027417235891335e-06
2.516883235159639298e-08
1.717536779466399821e-09
2.085343986379939452e-08
6.454081358242547140e-08
2.735793600550096016e-07
2.090485295980215597e-08
9.172477888341745711e-08
1.650362901273183525e-05
1.524060394331172574e-06
1.402267389494227245e-05
1.353430789663434552e-08
3.611846821627295867e-09
6.999867352419641975e-10
1.117881467393999628e-07
4.805244202543690335e-08
1.446807562643925849e-09
7.337300189647066873e-07
3.912780854875563818e-08
4.771347206222742443e-10
1.504201385671422031e-08
5.283332029648590833e-07
2.599959543658769690e-06
3.843247782242542598e-07
8.087842395809730078e-09
2.533888846301124431e-06
2.509918886062223464e-07
8.074328405882624793e-08
3.383717739779967815e-06
2.075516079003136838e-07
4.153907084969432617e-08
2.167911407013889402e-05
1.793323644960764796e-05
1.415281894878717139e-05
6.252301318454556167e-06
1.304872421314939857e-05
3.858363299968914362e-07
2.318859344541124301e-07
1.771037887010606937e-06
5.892799492812628159e-08
7.414326574917140533e-08
3.046486085622746032e-08
7.113291644600394648e-07
2.425304899134061998e-07
5.319354272614873480e-07
1.017519139168143738e-06
6.269913797041226644e-07
7.623017381774843670e-07
5.576794137596152723e-07
7.733047091562639253e-09
1.495891524427861441e-06
1.457435701013309881e-06
8.285244490480181412e-08
2.531700602048658766e-06
1.573619812234028359e-08
1.896740009499353619e-08
1.354094525396476456e-08
1.240083702391814313e-09
7.784216604633797942e-10
1.033070518019485462e-08
8.112933436166258616e-09
1.332597765468790385e-08
2.704389823193764641e-09
1.235039515101732377e-09
1.155933682106535798e-09
2.529071423396089813e-07
2.025751513201612397e-07
8.451609687654126901e-07
3.021515837531296711e-08
3.860577280079269258e-08
2.949644226646341849e-07
4.154945543177746003e-08
1.805558614432811737e-02
9.410230632056482136e-06
9.469526819884777069e-03
5.253202747553586960e-03
1.357663702219724655e-02
1.038512073137098923e-05
3.979890607297420502e-04
1.358636836812365800e-05
9.756675717653706670e-05
1.531985821202397346e-03
5.115850945003330708e-05
3.724900670931674540e-05
1.042538424371741712e-04
3.122191264992579818e-05
2.892001248255837709e-06
5.097809207654790953e-06
1.023091226670658216e-05
8.658510523673612624e-06
2.596243284642696381e-03
2.126509643858298659e-04
2.211355022154748440e-04
1.764417625963687897e-03
1.521494414191693068e-04
1.797067234292626381e-04
1.629337475606007501e-06
7.278744014911353588e-04
1.868535582616459578e-05
7.836674194550141692e-05
2.939717523986473680e-05
6.538227171404287219e-05
2.559571476012933999e-05
5.547867840505205095e-05
4.839767484554613475e-07
2.978926022478844970e-05
2.751630963757634163e-03
3.373367508174851537e-05
5.952042101853294298e-06
1.011231688607949764e-05
6.344580015138490126e-06
8.858707151375710964e-04
4.659621481550857425e-05
3.326926380395889282e-04
3.614284651121124625e-06
3.489170048851519823e-04
1.043754491547588259e-05
3.442989327595569193e-05
4.920422270515700802e-06
2.887235268644872122e-07
8.387942943954840302e-05
2.542582806199789047e-04
2.056618723145220429e-05
7.829007226973772049e-04
1.536458730697631836e-03
1.198343001306056976e-03
4.630214789358433336e-06
1.208364392368821427e-05
9.922602772712707520e-02
1.857763081789016724e-01
8.516175148542970419e-05
2.666922114258341026e-07
9.631844477553386241e-06
1.882906304672360420e-03
3.871552962664281949e-06
3.357612740728654899e-06
3.161167478538118303e-05
4.982286554877646267e-05
6.216283964022295550e-06
6.476067937910556793e-06
3.509341506287455559e-03
2.589081020687444834e-07
9.990600347009603865e-07
5.562636256217956543e-02
5.831611360918032005e-06
6.992049748077988625e-06
3.446096889092586935e-05
1.388613509334390983e-05
3.785732042160816491e-05
4.115685896977083758e-06
8.793117594905197620e-04
2.052484524028841406e-05
6.794736254960298538e-04
3.344031865708529949e-04
7.670224277944726055e-08
1.288952080358285457e-05
4.294716927688568830e-04
5.475126272358465940e-06
1.976102794287726283e-06
5.784913446404971182e-05
7.252603154483949766e-06
1.557250243422458880e-06
2.752362888713832945e-06
3.965548530686646700e-04
1.129685435444116592e-03
2.233283885288983583e-05
5.414852421381510794e-05
4.828983801417052746e-04
4.913105294690467417e-05
1.809834130108356476e-02
3.534886054694652557e-03
1.224286039359867573e-03
2.730320440605282784e-03
5.184289420867571607e-06
3.891507731168530881e-05
4.434581787791103125e-04
4.957306373398751020e-06
2.317077814950607717e-05
4.630368053913116455e-01
1.326919347047805786e-02
2.263354323804378510e-02
2.028582821367308497e-04
9.887409396469593048e-05
8.562977882320410572e-07
2.107689389958977699e-03
1.296878472203388810e-04
4.868566524237394333e-03
5.417796637630090117e-05
4.682027793023735285e-05
7.285770698217675090e-05
3.514277750582550652e-06
5.454350612126290798e-04
1.303376109262899263e-07
8.826589237287407741e-08
2.013068005908280611e-04
1.275698657821067172e-08
9.147476731641290826e-08
6.060944542696233839e-06
2.845157780484441901e-07
5.696374927310898784e-08
2.172690619772765785e-05
7.257238365809826064e-08
2.233579834864940494e-05
3.728658839463605545e-06
1.760805171215906739e-04
1.412828336469829082e-03
7.515307970606954768e-06
5.007960226066643372e-06
2.233003669971367344e-06
8.988296826828445774e-07
5.454935489979106933e-06
7.928973921877968678e-09
4.065554719545616535e-07
1.039822677739721257e-06
4.725246753878309391e-07
1.423766349262223230e-08
1.459686238547419634e-08
8.192589302780106664e-05
6.776441097144925152e-08
1.201284671736857490e-08
3.548836048139492050e-06
2.920259056793383934e-08
1.454248490517784376e-07
9.669228262509932392e-08
1.648604808224263252e-08
3.478740211448894115e-07
8.879760002855618950e-07
7.262313829414779320e-06
5.680669445951025409e-08
1.466221277723889216e-08
2.130928749011218315e-07
7.141051128201070242e-07
8.927832340077657136e-08
8.423000252832935075e-08
3.330203313112178876e-08
1.117503325076540932e-05
3.243870949631855183e-08
1.493206980285322061e-07
1.599022780851555581e-08
7.477780883391460520e-08
5.946347858554190680e-09
1.094825230474327782e-09
1.993791576282433198e-09
2.709485746876794110e-09
3.333832410135073587e-08
4.311913670562717016e-08
2.068717108727469167e-08
1.140174887837019924e-08
1.107290336221922189e-05
6.460947332698196988e-08
4.826680992664478254e-07
2.510825197532540187e-06
2.440604589537542779e-07
2.414059126749634743e-04
2.815210900735110044e-04
5.655927907355362549e-06
1.328449172888213070e-07
2.505769147731484736e-09
1.853176989641269756e-08
9.688626596471294761e-05
7.430696200572128873e-07
1.070097823685500771e-06
3.568144456949084997e-04
1.326829305980936624e-06
1.546041801248065894e-07
3.730647080146809458e-08
4.204636497888714075e-04
2.447587030474096537e-04
2.090294799472758314e-07
3.086384458583779633e-05
5.060289254288363736e-08
1.255117894061186234e-07
7.775583732438917650e-09
1.219822252096491866e-07
7.519760856666835025e-06
6.115819815022405237e-06
7.942992378957569599e-04
3.014446974702877924e-06
3.706519748902792344e-07
3.886822810272860806e-07
1.788389636203646660e-05
1.087149392731134867e-08
6.274563929764553905e-06
2.589741598058026284e-06
2.083196335433967761e-07
1.743850503999055945e-07
7.774713594699278474e-06
3.320000985240767477e-07
7.487800246508413693e-08
1.375157589791342616e-04
2.931688847240820905e-08
3.237877990613924339e-06
1.944112227647565305e-06
7.352072088906425051e-07
3.109602175754844211e-06
3.410503950362908654e-06
1.529423002466501202e-06
1.051451818057103083e-06
7.058969003992388025e-06
2.860387758119031787e-05
3.491501729513402097e-06
1.937668093887623399e-05
3.357997002240153961e-06
7.274367362697375938e-06
2.022057117301301332e-07
8.051618465287901927e-07
5.621871423500124365e-06
4.551841925604094286e-07
1.373277314087317791e-07
5.631204658129718155e-07
1.013499471014256414e-07
1.806286127248313278e-05
1.722817586369274068e-07
2.742471671979274106e-08
1.524318520296219504e-07
7.058483930677539320e-08
6.047226008831785293e-08
3.047952361612260574e-07
8.595279723522253335e-07
5.851638888998422772e-06
5.218289879849180579e-05
8.829818511912890244e-07
8.756706847634632140e-06
2.310296167706837878e-06
2.633808504626244940e-09
5.117671175725035937e-09
1.375667011416226160e-07
2.322466934856493026e-05
1.157180093969145673e-07
3.019328289610712091e-07
8.657610123918857425e-06
1.501810764636957174e-08
1.259005330211948603e-06
6.037559433025307953e-05
1.548228425463094027e-07
1.797670506675785873e-06
3.168509465467650443e-06
1.829227471716876607e-07
5.904658792132977396e-06
4.605822994108166313e-07
2.981742545671295375e-05
7.162108431657543406e-06
8.658464503241702914e-05
1.242789130628807470e-05
2.988203050335869193e-06
1.132532702285971027e-06
3.248665052524302155e-07
1.710096876195166260e-05
2.115054712703567930e-06
6.720973033225163817e-05
1.060917838913155720e-06
8.842226151273280266e-08
3.865838607453042641e-06
9.409400831827952061e-07
1.293135283049196005e-04
1.915003231260925531e-04
1.436227816157042980e-03
6.955500566618866287e-07
9.362197062046107021e-08
2.818883103827829473e-06
5.635828159711309127e-08
8.130388778226915747e-06
2.755964032985502854e-06
1.865898298092361074e-07
3.762028791243210435e-05
1.724570029182359576e-05
1.004852128971833736e-05
3.548948143361485563e-06
5.573083763010799885e-04
8.265423821285367012e-05
7.982863792221905896e-08
3.123118474945840717e-08
4.193883341940818354e-06
1.305799232795834541e-04
1.443245992049924098e-06
1.402501993652549572e-06
1.170509713119827211e-04
9.983400559576693922e-07
2.014146157307550311e-04
5.587758096226025373e-06
2.099977609759662300e-05
1.694302795840485487e-06
1.035351579048437998e-05
2.030912185091438005e-07
1.005256126518361270e-04
9.055295231519266963e-05
6.626056574532412924e-07
1.147072694607231824e-07
2.828750211847363971e-06
1.018616330838995054e-06
2.336752368137240410e-05
4.515252658165991306e-05
3.162198481732048094e-05
4.349769255895807873e-07
5.167471954337088391e-06
5.597313474936527200e-07
8.808742131805047393e-05
4.064386710524559021e-03
6.040574589860625565e-06
1.332249303231947124e-05
1.899113897252391325e-07
6.080570528865791857e-06
1.169605752693314571e-06
4.561497917165979743e-07
6.191065722305211239e-07
4.449745905077406860e-09
2.192000920331338421e-06
1.506938929196621757e-07
1.172033194052346516e-06
7.027232786640524864e-04
1.509861467638984323e-04
2.396592208242509514e-05
7.594116482323443051e-07
1.466092799091711640e-04
3.760879053515964188e-06
9.673651675257133320e-07
8.044784408411942422e-06
6.670979200862348080e-05
5.369939572119619697e-06
3.234390760553651489e-06
2.319604936928953975e-05
8.413121754813346342e-09
2.429944470350164920e-05
4.046388858114369214e-05
5.036296784055593889e-07
1.125659036915749311e-05
2.322575528523884714e-05
6.790434781578369439e-06
3.556338924681767821e-05
3.304733763798139989e-05
3.949198799091391265e-07
2.220082784276655730e-08
9.396688227525373804e-08
5.836206582898739725e-06
1.281779113924130797e-04
1.688475822447799146e-05
1.568439765833318233e-04
9.549086098559200764e-05
1.080108162909709790e-07
3.272404428571462631e-04
8.429727131442632526e-06
5.357744612410897389e-06
1.088563521989271976e-06
8.317941535551653942e-08
2.247044176328927279e-05
6.389281679730629548e-06
3.224951683478138875e-07
1.594263039805809967e-06
1.594043368413622375e-07
2.251727419206872582e-04
2.417291170786484145e-06
1.061892817233456299e-06
5.581375148722145241e-07
3.172981678289943375e-06
1.455875690226093866e-06
8.193562389351427555e-04
4.231099865137366578e-06
1.929657287291774992e-07
7.280319550773128867e-05
9.280029189540073276e-09
6.446903571486473083e-03
7.910851707038091263e-08
1.033962576002522837e-06
8.341997272509615868e-06
2.321789179404731840e-05
1.643108134885551408e-06
7.320689746848074719e-06
1.609254468348808587e-06
1.969809915181031101e-07
5.611174458408640930e-08
1.116001953960221726e-06
8.570208933633693960e-07
4.842484031541971490e-06
1.531161251477897167e-03
2.838873797372798435e-06
2.873318408092018217e-06
4.454647751117590815e-06
2.206198405474424362e-03
6.558210543516906910e-07
5.669353413395583630e-06
3.211155217286432162e-06
4.717235242424067110e-06
3.315872731946001295e-08
2.005433998419903219e-05
1.402703304620445124e-07
1.014713707263581455e-04
1.876389887911500409e-06
3.803346089625847526e-06
1.798153061827179044e-05
7.544229447375983000e-05
4.609948973666178063e-07
1.790855822036974132e-05
1.166183756140526384e-05
3.394357690922333859e-06
6.042262157279765233e-08
1.532225297751210746e-07
1.115450345423596445e-07
6.247744863685511518e-07
7.093355088727548718e-05
9.432427759747952223e-05
8.319481821672525257e-06
1.194867991216597147e-06
6.003520411468343809e-06
9.521777428744826466e-07
1.970832954611978494e-06
1.196794300994952209e-06
9.590176887286361307e-06
3.489517439447809011e-06
1.152568620454985648e-05
1.070319171958544757e-06
9.633255103835836053e-05
7.206237029322437593e-08
5.483123823069036007e-05
7.028119171081925742e-07
4.842447197006549686e-06
1.857338356785476208e-04
2.135199572705914761e-08
2.752574255282524973e-05
6.437318916141521186e-06
1.241034937038421049e-07
5.226941084401914850e-07
1.158801489509642124e-03
2.239642753920634277e-06
3.913159503099450376e-07
9.250852031073009130e-07
7.204389021353563294e-06
1.308524844034764101e-07
1.407968520652502775e-04
1.574779048496566247e-06
2.948595647467300296e-05
1.267799689230741933e-06
1.294643084293056745e-06
2.252168314953451045e-06
6.809717660871683620e-07
7.738349268038291484e-06
3.330136905788094737e-06
1.254724907084892038e-06
6.783997378079220653e-05
1.202510702569270507e-05
1.840470395109150559e-05
3.547115557012148201e-05
3.707387577378540300e-06
2.024163222813513130e-06
5.674321437254548073e-05
6.400582606147509068e-06
3.396345604755879322e-08
5.193973606765212025e-08
7.847907545510679483e-05
3.690668393119267421e-07
8.697936948465212481e-08
1.065164269675733522e-05
1.323007552400667919e-07
1.972095560631714761e-05
1.385416362609248608e-05
4.763875404023565352e-05
2.594754187157377601e-05
1.871161430244683288e-06
3.770577313844114542e-05
4.877684477833099663e-05
1.647270664761890657e-06
4.774165063281543553e-06
1.966466243175091222e-06
1.448820785299176350e-05
3.734760127827030374e-07
7.307998836040496826e-03
1.078236664397991262e-06
6.188441403764954885e-08
1.299113500863313675e-05
6.907541774126002565e-07
1.599558231646369677e-06
1.502623035776196048e-06
2.401571691734716296e-06
9.380231858813203871e-06
5.824185336678056046e-06
3.543075581546872854e-05
5.125265829519776162e-07
2.139272055501351133e-06
7.429374448975067935e-08
1.291735429731488694e-07
1.816023541323374957e-06
5.428812528407434002e-07
6.725663297402206808e-06
5.527483040168590378e-07
5.142843519934103824e-07
4.759206717608321924e-07
8.021868325158720836e-08
1.559256475047732238e-06
3.499951048979710322e-07
3.705157723743468523e-06
2.001365970727420063e-07
5.614627298200502992e-06
1.550967681396286935e-06
3.580385237000882626e-05
6.749917247361736372e-07
1.087953842215938494e-05
2.144021891581360251e-05
5.281878756591140700e-08
4.066994006279855967e-04
7.957973866723477840e-05
1.034642900776816532e-05
5.374427473725518212e-06
1.617975212866440415e-04
2.647755650286853779e-07
1.995375214391970076e-06
4.411149063798802672e-07
6.767939453311555553e-07
4.267663484824879561e-07
1.737172897264827043e-05
3.374472498762770556e-06
3.839514829451218247e-05
3.651722124686784809e-07
6.389498594217002392e-05
9.408898768015205860e-05
4.841516556552960537e-07
5.566687111269175148e-09
7.586536980852542911e-07
2.728417515754699707e-03
9.740359382703900337e-05
7.786386049701832235e-06
2.192548890889156610e-06
1.068136043613776565e-06
4.360722668934613466e-04
1.425268294497072930e-07
7.366776344497338869e-07
2.854441845556721091e-05
3.979641405749134719e-05
3.938575446227332577e-06
7.486319191229995340e-07
2.893969940487295389e-05
6.660810868197586387e-06
4.171179625700460747e-06
9.904193575493991375e-06
3.553914939402602613e-05
5.478581783791014459e-07
1.300335554788034642e-07
1.646063901716843247e-05
4.901086754216521513e-07
9.938213042914867401e-05
4.844798240810632706e-06
3.730044113581243437e-07
2.166126932934275828e-06
1.580229536557453685e-06
6.035794740455457941e-06
2.324433353351196274e-06
7.367647185674286447e-07
7.769551189085177612e-07
2.641848695930093527e-04
3.837817530438769609e-08
3.121474634326659725e-08
2.743727818597108126e-04
9.394153494213242084e-06
5.803360636491561309e-06
1.474626769777387381e-04
6.003070893711992539e-07
9.255035138266975991e-07
8.891694136536898441e-08
2.860966219486726914e-07
3.084392403707170160e-07
1.909689672174863517e-05
7.839522027097700629e-07
5.541329755942570046e-06
1.246381316377664916e-06
2.141427557944552973e-06
2.957011020043864846e-06
2.169161462006741203e-06
4.214911939470766811e-07
8.300579793285578489e-06
3.960527465096674860e-06
1.807397529773879796e-05
3.523041377775371075e-04
5.429214525065617636e-06
2.285268055857159197e-05
3.967541317706491100e-07
2.953206212907844019e-08
6.472113454947248101e-05
4.143429032410494983e-05
8.059212319722064422e-08
1.274476630896970164e-06
2.471139396220678464e-06
8.142590104398550466e-07
2.770986156974686310e-06
4.640782935894094408e-05
8.339014129887800664e-06
2.382947457135742297e-07
9.378971299156546593e-06
1.122333287639776245e-06
2.473427593940868974e-05
7.818463018338661641e-06
4.344361514085903764e-06
1.018051420942356344e-07
7.182029366958886385e-05
8.053964847931638360e-06
4.328283248469233513e-04
1.613211861695162952e-05
4.384528801892884076e-05
4.989163699065102264e-06
5.248875822871923447e-07
6.558820132340770215e-06
1.346521344203210901e-06
4.866347444476559758e-05
5.603744170912250411e-07
5.479328706314845476e-07
1.023885687345682527e-07
7.825143484296859242e-07
6.590619886992499232e-05
2.430969107081182301e-05
2.537245336498017423e-06
9.830236667767167091e-04
1.538853211968671530e-05
2.654278978297952563e-05
1.901235123114020098e-06
8.990319315671513323e-07
1.918718771776184440e-04
4.072000228916294873e-05
2.093990333378314972e-04
6.070240051485598087e-04
3.958425622840877622e-07
3.740524698514491320e-05
8.843631076160818338e-05
4.236991202333229012e-08
1.361446265946142375e-05
4.136564257350983098e-06
1.110505218093749136e-05
2.391500686371728079e-07
9.620299579182756133e-07
2.981732677653781138e-06
3.460412699496373534e-05
7.974193181325972546e-07
1.843569741311057442e-08
2.460031510054250248e-06
9.938943321685655974e-07
3.329917944938642904e-06
8.469106433039996773e-06
6.063490154417650047e-09
2.274950020364485681e-05
2.310589941600937891e-09
6.509042691504873801e-07
2.293888610438443720e-05
1.187551923464980064e-08
2.017084312910810695e-07
6.698237484670244157e-07
2.213037305409670807e-06
2.148763478260207194e-08
2.774602023691841168e-07
5.054981447756290436e-04
3.840201770799467340e-06
3.396838366143128951e-08
1.691215402388479561e-05
2.694975992199033499e-04
4.283284215489402413e-05
2.524052433727774769e-07
1.618561441318888683e-06
8.293153950944542885e-05
2.433064310025656596e-06
1.077672706628618471e-07
1.067143330146791413e-06
9.652833341533550993e-07
1.297462440561503172e-04
4.515528271440416574e-04
5.473938244904275052e-07
1.053767135772432084e-07
2.136821194653748535e-06
7.207365342765115201e-06
1.847309931690688245e-06
1.607004014658741653e-05
2.754606830421835184e-04
2.235711144749075174e-05
1.103255362977506593e-05
6.264023340918356553e-06
2.327394895473844372e-06
3.295503120170906186e-05
1.012171378533821553e-05
7.972000275913160294e-06
3.221598308300599456e-05
2.532973120139558887e-08
3.286728770035551861e-06
3.396477404749020934e-05
3.198460660769342212e-07
1.989774318644776940e-04
1.084287123376270756e-05
1.511732170911272988e-05
2.382123966526705772e-06
6.771981861675158143e-05
2.357467337787966244e-06
8.367309334289529943e-08
1.456927662957241409e-07
2.126295385096454993e-06
2.678194277905276977e-06
5.211659868109563831e-07
3.472727621556259692e-05
1.415764472767477855e-06
6.141158519312739372e-05
9.562873160007256956e-09
1.108485889744770247e-06
3.331873017486941535e-07
9.041801973808105686e-08
2.644355390657437965e-06
1.688594929873943329e-03
9.186944953398779035e-05
1.478664853493683040e-05
3.490480958134867251e-05
4.621665084414416924e-06
4.333199831307865679e-05
9.251766641682479531e-06
7.203970199043396860e-06
3.237424152757739648e-06
2.688513450266327709e-05
3.259484856243943796e-06
3.794385338551364839e-05
4.602779881679452956e-07
4.743454155686777085e-06
2.230301721084515520e-09
3.973753791797207668e-06
7.001677658990956843e-06
3.280528289906214923e-06
1.192475792777258903e-05
3.640655776848689129e-08
1.907677360577508807e-04
4.069313872605562210e-04
1.276942784897983074e-04
6.031755219737533480e-06
1.494913846045164973e-07
4.191578000245499425e-07
1.220052763528656214e-05
6.193434091983363032e-05
4.567570783819974167e-07
8.414651347266044468e-06
1.335305768179750885e-07
3.878704319504322484e-06
1.560795510613388615e-07
7.384522859865683131e-07
7.140965863072779030e-06
4.846813681069761515e-06
9.289535228163003922e-06
9.067323958333872724e-07
2.139174171134072822e-08
2.438960791550925933e-06
4.067547934027970769e-07
2.513542938231694279e-07
2.215798485849518329e-05
2.465304078214103356e-06
8.850030042140133446e-08
1.976990688490332104e-06
2.509822024876484647e-06
4.979388563697284553e-07
8.802362572168931365e-08
3.346650601088185795e-08
2.504270035785793880e-08
2.132953937916681753e-07
2.014723321508427034e-07
4.295830876799300313e-05
1.356963252874265891e-06
9.305113962909672409e-06
6.512901109090307727e-06
8.703513287855457747e-08
3.147943971271160990e-06
5.412381597125204280e-06
6.901780125190271065e-07
2.682012791410670616e-06
1.413651716575259343e-06
5.401571456786768977e-07
2.332532886839544517e-07
5.407349021879781503e-07
3.419812401261879131e-06
5.949332262389361858e-05
6.572893198608653620e-07
1.983129550353623927e-06
8.589697841898669139e-09
7.012810783635359257e-06
2.360073449381161481e-05
2.130755092366598547e-06
4.652230927604250610e-06
4.549604909698246047e-06
1.729116689830334508e-07
8.986787065623502713e-07
1.076066564564825967e-05
8.892980645214265678e-07
5.423685070127248764e-05
1.663599618950684089e-06
7.918131359474500641e-07
4.437289291558954574e-08
7.812184321664972231e-07
9.210099960910156369e-06
1.636315971609292319e-07
1.742475797072984278e-05
2.664420719611371169e-07
1.168969561149424408e-07
1.220565195581002627e-06
7.719954737694934011e-07
6.670949915132950991e-06
5.638706852550967596e-07
7.577882001896796282e-07
1.537686330266296864e-04
4.228143168916176364e-08
2.596960868572750769e-08
3.447452854743460193e-06
1.473466909374110401e-06
1.837878649268986919e-08
1.938103196152951568e-06
2.953359796720178565e-07
6.790369155851294636e-08
1.194574679175275378e-07
3.095785530149441911e-07
3.597745308070443571e-05
4.309595624363282695e-06
7.562889692280805320e-08
5.327972374402634159e-08
2.559894873854773323e-08
8.548230653104837984e-06
5.465870955845275603e-08
2.267590843985090032e-06
2.337045316380681470e-06
1.363859354341911967e-07
3.159142067943321308e-07
1.010320094252392664e-08
7.155079195797497960e-09
1.145259798107645111e-08
2.462513464251969708e-07
6.178378253451910496e-09
2.861391692476900062e-07
1.542568556033074856e-03
