4.415696866315321767e-13
5.214372683637336081e-11
4.065288036758651913e-12
4.147253558368230175e-13
8.157510040726623224e-13
3.014244669835575152e-12
5.861120182942824997e-12
2.278051532134117707e-11
2.558816353248616338e-11
3.818599950133894083e-11
1.610797051299073246e-10
6.573153826794353449e-11
3.652718960633904999e-10
4.922557847453212787e-11
2.856543127038868590e-11
8.024747089052652882e-09
8.400159456911637790e-10
2.274756077946804567e-11
5.174080261460822783e-11
5.008180328780476032e-11
8.649597704746270210e-11
1.034444085945551706e-09
1.328128385047477877e-09
2.012798261397108490e-11
1.461654797196842992e-09
2.218470199211175498e-11
3.431955275523534965e-10
1.663146842467710940e-10
2.218766489980872336e-11
1.058059629494012555e-11
6.895613247070997431e-11
1.860363807448806028e-10
1.057989529318348332e-10
1.738393630434931225e-11
2.517511156138740880e-12
4.147780036101167411e-11
4.056351435299809793e-11
1.112765435351548149e-10
1.609583126505054196e-11
8.437039261677270474e-11
1.537229510351068029e-10
3.546667820542026561e-11
4.505484041406049300e-10
4.770915607021919413e-11
1.125903953402840330e-10
7.769674487123623408e-11
1.835909896330534252e-11
9.769861135378032913e-12
1.468120872268052768e-12
6.791435469555295867e-12
2.308917293469825438e-11
6.909759223128197902e-13
4.941570069805223397e-11
8.214758040470115930e-11
3.666376924282843675e-11
9.277552684427980978e-12
1.145032853255845140e-11
2.311451030578837162e-11
8.380491856030403142e-10
2.526343891029458888e-11
3.152025584984841089e-10
2.542691751594716720e-12
4.168883120658772867e-12
6.529590670240059680e-12
1.514912500999443523e-11
5.757323437438621738e-12
2.152959451343083863e-12
1.946741552683040055e-11
1.003930662560326148e-12
3.168828047184213403e-12
1.149943927885033190e-04
2.043835678477989859e-08
7.434561266563832760e-04
2.635509474202990532e-03
9.317736029624938965e-01
2.077417775581125170e-06
2.444016047320474172e-07
2.015149686485528946e-03
3.308316763650509529e-06
2.024292733437960123e-09
3.731743733470516133e-11
1.762405638094932669e-10
2.126837150839833157e-09
1.360212220635759195e-10
1.107921566989578110e-11
1.423700157765495078e-09
7.461854051316052505e-11
1.476481610585000936e-11
3.681569632485448551e-11
9.261640933344583715e-12
1.542138985954899510e-11
5.305414788048246066e-11
5.007569012227541805e-11
8.584136179656809418e-11
2.260298892498013856e-10
8.331813017292688528e-11
1.907533853096055054e-11
2.405299050212139633e-11
3.644913797867799232e-12
1.487343017844700022e-12
3.975654874754930290e-12
1.831384349726405958e-11
9.613660562068915283e-12
2.229923494120877869e-12
1.876797328659307595e-10
1.292174266892542889e-12
2.128250266991704720e-12
7.005405977533740725e-11
2.631324672042190116e-11
2.733587228104239486e-12
1.172703167212629793e-11
1.239751096920871376e-11
5.137998360105200391e-11
5.553342785624693079e-10
1.556495626831022605e-10
6.309455180542045127e-10
1.240775451133435681e-11
2.370579774146897023e-11
3.879744525647765840e-09
2.883039762480166246e-08
2.183762859431226389e-08
4.498437178312997275e-09
7.418284736493419018e-12
1.190444853804706327e-09
3.846469365242910499e-09
5.654402279731129966e-09
4.344436366210402412e-09
7.693371113781655168e-12
5.515535510952629394e-12
7.969259800677530592e-12
2.918064444593082563e-12
6.163446142348760759e-11
6.474864394645507559e-11
5.172649461537837112e-11
3.756084852868379897e-12
1.294203744173216819e-09
6.005642164130797767e-12
1.478880039262886470e-11
5.544597073137147447e-11
4.247777476984460066e-11
3.255753652786630425e-11
2.318497997755297746e-11
3.599312167756885117e-11
4.698252962891114048e-13
1.810742007724019942e-11
6.216900909003508779e-13
5.254963673408108438e-13
6.236580804737379413e-13
1.375157447766270358e-13
1.522381396293348566e-13
2.060096884748396917e-12
2.083220315002298761e-12
5.501652735814821504e-13
6.558807858804416302e-13
2.347374139684277328e-13
1.906750582078564626e-12
2.047437740182456167e-11
2.938719580181103908e-12
3.667258510753335088e-11
3.176327256770861140e-11
6.797704760197476048e-13
3.736264336112737894e-12
5.747415997986449199e-12
8.540087040320720746e-12
6.957052555572884600e-12
8.247566692098917684e-12
6.951167419444459483e-11
2.998670322468255378e-12
1.719835905633626538e-11
6.257828890493533081e-12
4.890710753047144976e-11
2.592792517144837383e-12
1.132625764010963820e-11
1.398072543151718250e-11
4.919192765802382628e-13
1.801399827916494445e-11
5.072173150239001060e-12
1.798118078044641521e-11
1.749096353864665332e-11
3.583266496021142444e-13
6.481452744303006774e-14
7.789836484195511446e-12
1.160976609987374175e-11
6.814113075875871672e-13
1.352128044945777319e-11
1.312223420202318636e-11
1.151381073816182266e-12
2.429567103057195254e-10
1.987948000659045533e-12
1.649045310025964994e-11
2.020856138679194558e-12
4.853252522085682585e-11
2.572839673514043524e-13
3.413952063754943644e-12
1.699292399501284301e-12
6.491072002817732667e-12
6.987383219768383835e-13
1.488912725750024535e-12
2.969466469590620328e-12
9.056862248016384065e-13
1.240922122003329520e-11
1.383443273134110640e-11
5.556684886526275235e-12
1.366460070095776302e-11
4.991182163752161394e-13
1.863743881447277317e-11
1.630890734960477317e-11
2.872475000914587184e-11
3.787814506495124078e-11
5.277717499141409974e-12
1.079109024360036528e-11
1.566287516352460329e-10
9.072600309911749150e-12
7.941541868561330375e-11
3.864636735628756981e-11
3.736221401706707468e-12
5.877893310968218543e-11
2.452859746912561256e-12
1.158335666967547084e-11
4.058477512391966968e-12
1.221112707477933768e-11
6.129597263787589512e-12
1.312796009053651680e-12
1.300533438537351816e-13
8.163211426270855497e-12
3.282284513628219713e-11
1.957060381807540494e-12
1.990277300606413391e-12
5.275832938925195670e-13
1.350781899528419316e-12
9.252066343959364225e-13
1.194236441508234048e-12
2.263963972889970755e-12
9.921021252787265432e-13
3.421663776967398540e-12
8.716817198606285899e-12
2.887843826918090606e-12
7.772931603922117461e-12
1.362337217862552574e-12
3.221425947178002680e-12
1.175980059858749982e-11
3.375800290347785726e-12
1.229617622999779059e-11
1.639254053678596001e-12
4.865092703698614685e-13
4.479294539450062729e-12
2.428249008118443797e-12
4.827280502411879226e-12
1.663037220954455275e-12
2.695995336698953082e-12
4.381316815425806421e-13
3.861476416400222433e-11
1.194509768875917644e-12
2.788720426458168866e-12
1.406950402536855105e-12
4.602411333987088682e-12
3.421814047388505031e-12
1.194252487700386833e-12
1.456163141455579790e-11
5.494553379989386421e-13
5.179703237503940905e-13
4.482727936679781200e-13
3.157005906695431463e-11
8.515630827441236783e-14
4.790737251347820802e-12
1.075430543229227709e-12
9.420628339917858085e-13
1.979355481601663413e-12
5.120454407703256550e-12
3.130824766106599100e-11
6.809533492635466700e-11
2.934531437293053102e-11
4.247861229433880226e-10
5.553728917723210756e-12
2.475708700544476670e-11
8.567283167615347139e-12
6.013562477841238874e-12
3.660996159005058814e-11
1.227047543433945620e-11
1.412548680454484007e-12
1.109444047048269155e-11
1.266778435621285226e-11
2.970925450096473242e-10
6.658823492600163263e-11
7.025004276212110099e-12
3.982925968204487077e-12
9.762745299679576050e-12
1.043718236837243296e-11
1.477758471146728425e-10
1.211390363020647953e-11
1.523126416658193705e-11
6.029205780466728726e-12
2.343699019580203213e-11
1.052596638323466394e-11
6.233562277468962520e-12
6.345630618187492189e-12
4.250912122305550156e-12
8.424668948570079863e-12
4.544039623743945100e-12
7.348326808154226342e-11
1.191922689020019632e-11
2.054414638408275096e-09
4.069308084941880566e-11
1.588563586230051783e-10
2.477183735916099749e-10
9.879845552784871643e-11
1.395723980834873146e-09
5.058548691039277401e-09
2.137377830280229318e-09
2.495522399836858085e-10
1.740890542833994914e-09
8.224321917937871262e-11
5.929310376018293027e-10
4.259196995093361693e-09
7.509660115978533668e-10
9.366873943150721971e-10
9.295221814475951305e-10
1.203069976973836219e-09
9.829294711494185321e-09
6.504851324251603728e-09
6.598732671392326665e-10
7.285222980435435147e-10
1.173607131615961308e-11
1.033343272061060247e-10
9.949514129248271388e-11
3.189323154531575888e-12
9.202976158917408611e-10
1.066535540439339513e-10
3.003136281320983869e-11
2.034842129863823068e-12
2.696028955639917513e-10
5.792521462488764428e-10
2.332344170227762525e-12
6.424792121928479816e-12
2.355758166663890485e-12
1.148156431041158498e-10
9.955089703972408444e-12
1.177740405200466967e-10
7.366084738696931922e-13
1.210205633622729593e-11
1.442743841062466004e-11
2.240249825924411908e-11
9.815547680203096093e-12
2.249137855125926677e-11
1.055123436538574211e-11
5.661731933975788778e-12
5.373626023319477696e-12
1.665707068804200830e-12
7.416458940034953429e-12
3.197576318308970045e-12
1.947829571247172709e-11
4.314783339648409211e-12
1.532766968903587212e-11
7.058285813460463132e-12
6.107645205560841006e-12
1.470873943476558310e-11
4.424975316719148566e-11
9.870484984908500792e-11
2.344843590129652711e-11
2.680577114444471221e-12
4.901113542787882693e-11
6.407434804088507629e-13
7.264219065682142595e-13
1.797891696631026548e-11
9.375282668255824348e-12
1.028264279279156312e-11
1.700920220643054037e-12
3.493153682976313235e-11
6.464273994560842951e-12
2.720018004234714404e-12
1.024886685935255670e-11
6.282201321650138226e-12
1.107961639101873175e-11
1.446935453397468763e-11
2.058398451687537545e-10
3.622167886810356840e-12
4.059236453912706821e-12
9.575254478200179165e-11
9.615843711563432095e-12
1.380343582491061483e-11
1.662775889199608059e-10
1.858019849088066167e-10
7.951302810615956673e-11
2.732192250221032737e-11
3.366046590763671631e-12
2.660255696285140914e-11
1.034174829106504490e-11
2.619357161726121319e-11
1.042146664104182108e-11
4.854830730136039385e-13
3.814630902820859149e-12
4.638691774444536620e-13
2.167033046063249202e-12
1.810571983139330765e-12
1.565001925794839988e-12
8.815801387507260500e-12
5.057513852158024292e-10
3.020252884594620824e-12
4.894700096624848840e-13
7.504139670766463155e-12
2.418329859282808414e-12
3.063715730763916234e-12
2.926648290033084798e-12
6.109649244856463213e-12
5.580632527271700560e-13
2.277681081935822860e-12
1.829607298997615317e-11
1.418973532424372408e-11
8.870902059796015315e-13
5.932643959427608138e-11
7.850487621086088552e-11
2.649022765466996221e-13
1.224767769841816900e-11
3.657804961698651880e-12
1.967285058815382293e-12
9.357257156616949345e-12
2.434371454418382541e-11
4.057968891468810568e-11
1.513289493715319622e-11
5.648346807635151734e-12
6.098228259171500909e-12
3.995256070421504546e-10
3.095350039651612040e-13
1.150448833420192329e-11
2.324254157193283987e-11
2.567984991319605115e-10
1.689878931232513537e-10
3.715068530585341477e-11
2.378919561341064082e-10
1.864195429968074080e-11
4.295044354896138117e-12
4.148801934595811036e-14
1.175531547104036179e-11
3.483539498527754574e-11
1.681348636706214705e-11
1.083477751961936519e-10
4.342579898106158076e-13
4.295478903126870307e-12
1.058190210803666709e-12
2.860217791778030261e-11
2.624788233984709507e-11
4.717626983508083072e-11
6.778533463702718365e-12
2.470484212167833871e-13
1.028397202465503035e-12
4.186364796487929141e-12
4.832353592797156150e-13
9.314273310967458031e-12
2.500725460041763881e-10
1.926910237273760096e-12
6.838943474030134695e-13
2.980822880194189395e-11
6.293982002247844321e-11
3.296707091343664686e-12
7.485603109591565385e-11
3.667398329465498819e-11
2.938945267705328490e-11
4.257933589046913880e-11
7.614727424998246619e-12
1.703700548694175865e-11
1.475155587959964265e-11
7.643841614356217118e-13
6.148038241698960960e-12
1.277121325360397464e-10
6.006348847106823818e-13
2.872029437189782541e-12
5.435959841981752305e-13
6.739676958883444868e-12
6.467406037796719076e-12
1.626159276679750576e-12
4.193613772213167223e-12
6.296668915439784797e-12
6.032494816177180752e-12
1.739033569925219069e-11
1.201073420407927639e-12
9.527527655706080623e-10
1.128467653523090863e-12
2.562999725647108207e-13
4.958751291528340488e-12
4.560963585975574830e-12
1.066870116556151160e-12
1.571020050161742176e-11
1.548652373874193078e-12
2.295540710642307580e-12
3.955412657564300050e-13
3.063493686158991203e-12
2.636167326097726971e-11
3.293266492843116566e-10
1.907483893059946922e-10
6.727110535287295079e-10
5.732154334525674244e-12
4.499050090811529401e-11
1.165273780245890123e-11
1.682971145257339263e-12
3.165593343013028971e-10
5.689974316366863683e-13
9.848646204124733572e-12
2.186731351550008640e-11
1.870109969659417004e-12
1.445964355195616946e-11
3.765402920019589317e-12
2.937264320657106964e-11
6.605702530110280080e-12
3.640432139767613151e-12
3.696632843580571759e-12
2.467331720878984669e-11
1.183414304051222388e-11
1.841412439196332684e-11
5.397238103492518757e-13
6.691591725171974758e-12
1.684268609997152666e-12
4.373276914215740163e-13
9.426816965918405344e-12
3.980412353887796684e-12
4.658706580229488026e-12
4.434243597306597451e-11
8.624684300073681698e-12
7.178801303409088064e-11
1.301584447860326677e-11
8.414102747877905131e-12
1.104197462631351101e-12
3.255491362597062732e-12
6.281542560410136034e-12
9.269438688841447060e-11
1.935784215215119453e-12
1.049596932804763849e-12
7.091536125686248582e-12
3.350213552757996816e-12
7.537013005896875395e-13
4.809173350349416065e-13
1.510040183172467465e-11
4.140207621183833453e-11
1.597025896943327083e-12
6.814005333284980925e-14
2.832576838016076515e-12
1.830276381842299571e-12
2.208252894778106601e-12
1.538060911271399434e-12
3.821622272109914675e-12
5.086104280793701804e-12
1.255884979345367469e-11
7.846515971687839652e-12
5.941293030470307102e-12
9.822639663453758274e-13
2.511284908322808374e-13
4.900503614013729248e-12
3.128132475271883095e-11
2.798069935472380365e-13
7.269042139046444362e-13
9.768296414802701833e-12
6.072215213287490698e-13
2.494719925430488594e-12
1.717235511775050405e-12
3.387836452345416305e-12
5.513187020626808543e-13
1.283744031216338399e-11
2.302168317092068150e-10
2.111608457533442618e-11
1.421193783317231674e-12
1.761934001476284095e-11
1.663040473560972732e-12
1.167739082513774562e-11
5.172287043109236038e-10
2.528724191847020464e-12
1.267538455923186702e-13
6.835930476192797478e-13
1.695711713406433674e-12
2.535475952455956694e-12
4.144195403510408937e-12
1.101385822821487892e-11
1.579266925566535917e-11
5.511930842305723388e-11
2.941984850179935052e-11
4.318577288310587736e-13
6.681749598058672746e-11
1.596797347125367139e-12
5.008922963900541703e-12
2.313695936229098749e-11
3.130717213251088538e-11
1.306805249949583025e-12
8.111154976842005482e-12
3.351525307282443578e-11
1.561627389901065754e-11
3.940737926949600123e-12
9.389809893164957622e-13
8.175485570645346645e-13
3.484946489371032463e-12
7.603773860553886266e-11
2.326146653769400885e-12
1.736682629302488401e-12
5.378760587967934548e-13
2.320031970357017137e-12
1.189642481747021918e-11
5.604006408227446556e-12
1.238874194203765100e-11
4.980258393183500942e-12
2.071723348429088674e-10
1.310055189329695224e-11
1.125924874167960610e-11
8.339301471593785209e-11
1.751094269586417340e-09
5.095500844182199174e-13
1.175101075473472534e-11
1.070441825457013607e-11
9.474999777825399150e-12
4.345581620240901444e-12
8.853559161844937186e-13
3.410483267324293521e-12
1.459644557999517644e-11
8.295417304460261931e-12
1.381395275945607182e-10
7.007112338280885311e-12
1.071119842127599142e-11
1.389554053418673440e-12
1.554909413031824172e-12
1.275267651895672927e-12
1.869070315185794584e-10
2.249039322832491195e-11
2.821488320758902546e-10
2.172532986843833669e-12
1.439791601914874875e-11
1.089050551128512012e-11
5.878812714410486251e-11
7.497316135973708384e-12
4.679108663030451254e-12
4.010047502389646468e-12
7.640205135217570387e-11
2.230110627415848867e-12
3.071966292456096426e-12
2.297148365623669086e-12
9.292393243764962563e-12
4.797073762524695084e-12
4.563132163792893436e-11
6.075537295480160083e-10
5.897396286591582992e-12
1.905726444706434819e-11
4.985238350602161361e-12
6.034005933797104149e-11
3.441517210100997204e-11
8.862839281920109613e-12
2.152552875528401799e-12
8.763661671351563598e-12
2.525573153389082393e-11
2.769231892407741924e-11
5.736207064899190300e-10
5.195636455790353381e-12
1.194323546310771533e-11
1.853366852350157856e-12
1.887746382822630409e-11
6.712966120481222987e-12
4.714934172256324274e-12
2.081430167111264495e-11
8.278614772871950578e-12
1.846299805749462841e-12
1.538788736189788953e-12
3.230549779510011321e-13
6.717474233114417714e-12
4.075768802319634787e-12
9.817587715010844818e-12
1.414422398648973456e-12
3.256021147146626049e-11
8.736303781092802367e-13
6.216856023033567880e-12
2.032119698208711966e-12
7.000557772363080744e-11
1.030081922537284811e-11
4.228157320790293383e-12
1.436234117746515437e-11
7.429991409450831252e-13
8.239150464314781708e-13
1.139227340934967359e-11
5.048083479008980134e-12
3.696646721368379573e-12
1.470828233512966321e-12
1.625996420839825873e-10
3.254752587236731109e-12
1.159089230845511409e-11
4.622847438184862767e-09
3.806474178826707577e-13
2.972828580527497877e-11
6.202490344248134946e-12
6.566697272752941572e-12
5.250487544739002033e-12
4.210428446865810415e-12
4.032972144175223095e-13
9.804858747824996001e-13
1.903225298714728009e-13
4.604220216891663497e-12
1.731519550136895180e-12
2.599282551349335613e-13
1.314622672873855258e-12
9.878724357634260933e-13
4.853305691360221275e-12
5.557352755064526306e-12
3.981611915171434646e-12
1.001453697746512717e-09
1.215231908158198593e-11
7.982643409135126156e-13
1.198144665079392546e-12
2.227398387261159129e-12
1.874485462682873305e-11
2.873148940985004174e-11
8.388719406615674501e-12
8.172468951572753326e-11
3.973140219604154311e-11
1.155750733831950594e-12
4.468403728627445837e-13
3.597100482061188487e-12
1.918502995357229679e-10
1.882559592155524930e-13
1.025871878765349798e-12
5.138870579068921529e-11
1.325825625501930727e-12
5.638046453315670448e-12
3.692037994773578191e-12
8.475616042336042710e-12
2.958377987027915879e-10
1.867137304142896248e-12
1.134296823135372279e-11
4.272452617387623164e-12
7.898244558379730051e-12
1.107824335738749610e-11
4.415448562333779137e-11
1.713098239652932619e-11
8.833154693799194490e-12
6.451959105868709798e-11
9.552297104351015200e-13
3.553186390947704609e-12
1.360674073414003260e-10
2.380059582578197830e-13
7.849858263409004167e-11
1.159564718550276652e-11
1.768872049702496785e-13
3.692577077440972744e-10
4.133492853553022428e-11
9.967072740063587233e-13
2.477582592211313717e-12
3.030299101924871508e-12
1.255348602846595440e-11
5.760175322833127609e-13
2.285920931710538895e-11
8.449140909486119178e-13
8.879417383658716467e-13
6.880999242619978418e-12
1.168322166442137267e-12
2.896753366690707487e-12
3.274836651856460890e-11
9.600151619840180395e-13
3.629436378174699662e-12
1.035396508114461156e-11
1.377216157956440146e-12
1.678723241145541056e-12
3.890535896916569314e-12
6.792006193578892237e-12
4.723467710715523182e-12
1.059800511238329079e-11
2.424214995411233531e-11
8.144703661505658943e-12
1.178733777251750325e-10
1.749599271884394458e-12
6.952048528865995003e-13
8.029204905113385138e-12
3.143803967153857570e-11
7.300447572855528477e-12
4.580089779659957117e-12
1.183768708057364449e-11
1.828795170855102015e-10
1.105293721131994644e-11
2.790445825795462298e-11
1.861552995086057649e-10
4.654585744612305120e-12
2.569811377584052536e-11
1.444492997437762938e-10
2.999968546149589521e-12
3.784129259942758949e-12
2.952968381972342904e-12
3.285434771460593595e-11
4.518095533118104967e-12
7.377562102894863472e-12
3.663881698034998635e-11
8.240753457226801526e-13
1.226200022595713701e-12
3.379113308610293132e-11
6.080912856587517012e-11
1.243229564434900070e-11
2.275687884661925509e-12
8.103191728725533949e-12
2.078552824649748665e-12
1.240945800978776603e-11
2.782137801388140375e-12
1.977748043460736405e-12
2.099235889285733236e-11
2.778432692251975311e-11
1.972166180363998933e-11
4.309037154870409836e-11
1.933239505980122175e-11
1.116068088641286593e-11
1.006259962507694006e-12
4.475944083686539399e-13
3.980915250223482360e-11
1.157736450110857795e-12
1.096338297923438176e-12
1.387093998689303831e-12
7.467089446766550509e-12
3.766302547614230889e-11
1.054624859664343717e-10
1.552585235939721309e-13
1.111718464681665797e-12
3.779817431270870998e-11
5.330669065883864022e-12
5.781981881128328560e-13
1.639766989726398894e-12
1.231948245673797349e-12
2.115498748400668205e-11
2.141433867253531020e-13
6.271015852689743042e-02
6.227344486429975401e-13
4.309519754941426584e-12
1.705476732061228518e-10
9.036522398420121505e-12
1.150669728770814526e-12
2.126237770919137127e-12
1.766287311723291342e-12
7.891467861120826655e-12
7.298679022271770123e-12
2.306179899824734036e-11
1.559615908641731608e-10
1.267863765364030115e-11
3.281702340429681897e-11
2.638310230007601120e-11
1.483611627647873910e-12
5.817545880790198076e-13
2.783703823006078437e-12
7.453027453009630765e-13
1.915080871661700712e-10
5.948813663891883152e-11
1.753064186871267083e-11
2.039786048402270069e-11
6.863893134423371123e-12
2.214918699838808180e-11
6.576627437082649408e-11
2.083503682082099573e-11
1.016996833969052716e-10
9.968858421041670859e-13
2.100461644893858448e-11
6.940472935951236266e-12
5.105484611467314693e-12
7.744366671384728118e-13
1.077695333147332679e-12
8.409754663485369264e-12
1.412687467006179531e-10
6.486480623457691053e-12
6.599987917299543483e-11
2.736733149127923426e-12
9.304724352121596098e-11
1.120397871701150905e-11
1.455562666924370419e-12
1.581024200447700423e-11
8.961908472271407078e-12
1.047729264458396869e-11
8.241607049597199364e-12
1.130501942059325415e-11
3.654578029088639823e-11
1.864062940462596352e-12
7.851157224347815600e-12
1.342668077414232997e-11
3.087044075228417839e-12
9.559975207296123045e-12
2.623805903448350740e-12
6.148108931680607014e-12
9.993141730779697696e-11
8.783995232575225742e-12
6.362770726964228629e-11
1.594134763430177237e-12
4.215820401110015325e-12
3.446632519318870713e-12
2.035887604334707390e-11
4.862944769090660202e-11
1.919547854001280029e-12
1.871596211344694893e-10
1.727874787693650660e-11
3.676268003124233408e-13
5.167529164989970170e-12
2.907048299999326346e-12
1.766257799740156287e-11
3.320308004234329147e-12
1.942841937677131092e-12
9.957101983204541540e-12
2.947690052115814474e-12
1.286879457162992679e-11
1.213160973588534031e-12
1.151649088593220682e-12
1.331398880033418664e-11
5.572613225902911527e-13
3.400226931613015147e-12
1.612095439779137607e-12
5.721365048394488895e-11
4.030646302832785466e-11
2.738411060410061992e-11
4.769969488838121663e-11
2.410520914819525018e-11
1.890922992188806551e-13
5.941375169626894603e-11
5.450175467186513245e-12
1.170680086204356485e-08
4.815637905802860885e-12
5.820409800828818536e-13
1.877598597432861283e-11
1.172630894295811910e-12
1.921431763696190842e-11
1.423759166119253905e-10
1.451144759911926485e-11
1.213912637076930423e-09
3.420495874387197155e-12
3.061519570843329596e-12
9.300141386170412972e-12
1.922271022913868421e-11
3.026030597971796077e-12
7.588610729386546794e-13
3.069701090541165911e-11
5.909255029745708043e-11
1.095454543048601792e-11
3.028525130330250725e-12
2.806827686940849276e-11
4.181279888298972125e-13
9.090164385106014322e-12
5.929360735040800634e-12
2.473357022664268712e-12
2.343542547522670105e-11
6.338242430903306968e-11
8.020710831613264702e-12
9.202632579585756645e-12
2.710867814947892640e-11
5.602424340417355708e-12
3.769455667740340132e-12
2.475604790608265660e-11
7.115622652729969300e-13
3.373626378255778491e-11
4.342361539788619496e-11
9.445607490610186119e-12
1.603585211666647137e-12
1.757748287201099657e-11
2.671471334078634463e-12
2.237614780964403138e-11
9.967975750369006960e-11
1.010838721754447889e-11
1.059480392306966223e-09
2.219940065106840166e-10
4.617116966532108790e-10
4.318317925466885754e-11
2.762301776204623138e-10
1.235704680940807876e-11
4.976664635947258830e-10
7.347106950605919451e-11
1.045496578200300064e-09
5.921923541818419068e-12
7.594453538262158077e-11
1.787262837726899534e-10
3.362666742279252219e-11
1.587235442905565730e-12
3.211457141882867461e-12
1.007382025020042704e-11
6.364746837211887609e-12
3.385222310803293055e-11
9.362446798735768461e-13
8.932074372670906204e-13
2.195185179465486414e-11
1.717944952961403260e-10
2.646399245576080972e-11
2.554445587346632074e-12
4.235520961737293533e-11
8.072051360663579089e-11
9.332322241373258720e-12
6.607593378699094799e-12
1.918666787947831409e-11
1.594962703577174068e-11
9.729836294297689037e-13
7.314273318959063630e-12
2.835236385945183457e-12
2.571790870542489671e-12
2.392081324686934352e-11
1.369421590013963907e-11
1.330186377712649914e-10
5.826055349961167806e-12
3.231095252465010503e-11
7.847448385556177186e-11
8.602886458763947530e-11
3.949154336879701077e-10
5.681459191997362268e-10
1.143027134276053403e-06
6.267925761749282287e-11
8.438277854239117914e-11
4.205256143308133687e-10
2.127670782614554668e-11
1.483039469007962907e-09
1.776855995672121935e-09
1.278095337897688921e-11
4.054827654198511766e-11
6.309539002380404327e-10
2.565805033716284100e-11
