6.735257351841994478e-10
1.020019624320411822e-08
7.034340665512672786e-09
7.973020466067737289e-09
1.240316516160078208e-09
2.534942034060350124e-08
6.962078913375080447e-08
5.104779532416614529e-08
1.346489475473333641e-09
1.511115677033103566e-08
1.193902843255045809e-08
9.115915133861562936e-08
2.473817062309535686e-08
1.528432669317680848e-08
3.061569842088829319e-08
2.593537296036174666e-08
1.157349238667393365e-08
1.970141028095895308e-08
4.689906774046903593e-08
1.752246348019070865e-08
2.362979145686949778e-08
6.857423784367711050e-08
4.124509800362829992e-08
2.171516122473349242e-08
2.423601586087897886e-08
1.824465698518906720e-07
7.643533450618633651e-08
7.807799562442596653e-08
6.999734125656686956e-08
1.103030911053792806e-07
3.129800063561560819e-08
1.866751198065230710e-08
1.425460371962117279e-08
3.181642398430994945e-07
8.153359090101730544e-07
4.743778703186762868e-08
5.805086544796722592e-08
7.825018855101006920e-08
2.689392317734018434e-07
6.111994025559397414e-06
4.184763611192465760e-07
8.725348266125365626e-07
7.482028649974381551e-07
4.309444534555950668e-07
5.301088989995150769e-08
2.905081146309385076e-06
5.774246574219432659e-07
1.021944200374491629e-07
1.614906324221010436e-07
3.693740069365958334e-08
2.774527558813133510e-07
2.716505953515024885e-08
9.278687684854958206e-08
2.318738445694634720e-08
1.286515214360406389e-07
7.987591033042917843e-08
1.306410357670984013e-08
2.329571424652954192e-09
1.703286471865794738e-07
7.278002556176943472e-08
4.086225260380160762e-07
5.715141426776426670e-08
3.707970464006393740e-08
4.888764948418611311e-08
4.055387137213983806e-08
1.111668979092428344e-08
3.142019622259795142e-08
1.740298216645896900e-07
1.911147506916677230e-08
1.067298398993443698e-05
2.977768145501613617e-02
2.017385850194841623e-05
1.148169953376054764e-02
2.297699078917503357e-02
1.396956145763397217e-01
1.386726944474503398e-04
1.029373798519372940e-02
7.771663069725036621e-01
2.714013862714637071e-05
1.061869807017501444e-05
2.019073574999197263e-09
9.715697579792959004e-09
1.870628381084316061e-07
6.484764725200875546e-09
6.581079570189274364e-10
6.953784748020552797e-08
1.124120885265256220e-08
4.047879254009956185e-10
9.767953201844647992e-08
3.954265181960181508e-08
7.689210157479919872e-09
2.049744196597202972e-08
1.117561438945813279e-07
8.430211551058164332e-07
8.823494823673172505e-09
2.512447139224605053e-09
4.588681434825048200e-08
1.487973216862670256e-10
8.131216255868878307e-10
5.941837577516650981e-10
1.062038790244912434e-09
3.600042219886745443e-08
1.095390533834006419e-08
3.958332328579672321e-08
7.960082371027965564e-07
9.197641759328689659e-08
2.349451655447865051e-08
1.976192720576364081e-08
8.903224824052813346e-08
1.501029078809779094e-09
2.643357754905650836e-09
1.666528959276547539e-08
8.920252092536884447e-09
8.673189277885740012e-09
5.453704154945171467e-09
1.045159248036497956e-08
5.760657373343747167e-08
4.636402195501432288e-07
4.824300958716776222e-07
1.853665344242472202e-05
2.527401420593378134e-06
1.086899374058702961e-06
1.335692650172859430e-05
5.098078327137045562e-05
2.402486461505759507e-05
6.504092198156286031e-08
4.375441221782239154e-06
2.506231311372175696e-08
5.253145474171105889e-09
2.692513101365534567e-09
3.242486057430937763e-09
1.015333950249441841e-08
5.093857069482510269e-08
2.964806888883231295e-08
8.000791140716501104e-09
9.039148984868461412e-09
5.214373377526726472e-09
2.116120612072336371e-09
4.952027055082908191e-08
1.437810204230061117e-09
2.795432108015916128e-09
2.195738257881885147e-09
5.521314516698794250e-10
8.195520928566679686e-10
7.260044121437658760e-09
1.274274552542919992e-08
1.629923751522710518e-09
3.590453712121188801e-09
5.783497014633098843e-10
4.182863833079863980e-09
7.740967333802473149e-08
7.428139769949382298e-10
1.444502850667106486e-10
2.250648778456820764e-09
3.253995684016075529e-10
4.729979963258301723e-09
5.384134471597690208e-09
2.113635488854015421e-09
3.294886141702590976e-09
1.316902142889375682e-09
8.762823106023276409e-11
4.187733715355079767e-09
2.310506924674271545e-10
5.450740303558632149e-09
4.005608733592680437e-09
1.360536661110245404e-08
4.632844330387797527e-09
1.179597486355987712e-08
7.497320098082127515e-09
3.455521202511135925e-09
6.260865159646300526e-09
1.001380200982282531e-09
5.131377989187058120e-09
7.172383575948515499e-09
1.921952152983408268e-09
1.338732791289487523e-09
3.646186685912766734e-10
1.255014314693880806e-08
3.937937975706518046e-09
2.729582782023953769e-09
7.512461763781175250e-10
1.339476085604474065e-09
8.487430314119137620e-09
4.563664113277354772e-09
8.823342945163403783e-09
1.531879512128853094e-08
7.776880472931679833e-09
6.037693367488827789e-08
9.311649229459817434e-09
7.396728562980570132e-09
4.098477390801491538e-10
5.204141828585306939e-08
9.188519278779949673e-09
2.737626236815060565e-10
2.519269515222077871e-10
5.262351443491297687e-09
7.406907531759543417e-09
3.990015429167215188e-09
2.541825416813026095e-09
1.211700695336048739e-08
2.065564608244585543e-08
1.409529715168389430e-09
1.104712676891494993e-08
1.499364721269103029e-08
3.550180815992121097e-09
3.227423051033184720e-10
2.366256746100248165e-09
9.393904321086665732e-09
7.576355542937562859e-09
1.101907542988556088e-08
3.526808400877712302e-09
1.454720610638560174e-08
4.363341687962929427e-09
1.313580688666604601e-09
7.345945629566585922e-09
2.304425539279009172e-09
1.177879838110129640e-08
5.900246513590445829e-09
2.257036779695908990e-09
4.819445287296275637e-09
2.054165948450759061e-09
3.032758044696493016e-09
4.869154857090052246e-09
2.191562487041665008e-09
3.804446091493218773e-09
3.638643830683463420e-09
1.813877381628969943e-09
5.880548270553731527e-10
5.045708739714882540e-09
1.732766996553891659e-08
3.511665402911035017e-09
2.625003769907152673e-09
1.814157823964990257e-09
2.296961509884454244e-09
6.339670122201823688e-09
2.327390724587985460e-09
5.792408330762555124e-09
1.117024361896312712e-09
1.866252041793359240e-09
1.094137114243665110e-09
1.025698304069067035e-09
1.917485281666131414e-09
7.002240121067870859e-09
1.892563972205607570e-08
3.748298893491153194e-10
1.397448934348233252e-09
1.208139988051470937e-08
4.392592511948123501e-09
1.111645109297398903e-09
1.120579518065767388e-09
3.594626818426149839e-09
1.949596395434127771e-08
6.698169241481366498e-10
2.702386092678921159e-09
8.926345884674447007e-09
1.211256428490514736e-09
6.508743322086729677e-09
8.286962227543881454e-09
2.093099027433709125e-09
1.214759182133207105e-09
3.361466105467059151e-10
9.334726325249675938e-10
1.801805371570708303e-09
1.343137046028175519e-09
1.800146254282708469e-09
3.882774379793119124e-10
2.878232374659006609e-10
1.033808039174743953e-09
3.234894130343946017e-09
5.454838358787128527e-09
4.394704600230170399e-09
7.026807935517354053e-08
3.803562975690510939e-08
1.536995242190641875e-08
1.842103074523038231e-07
9.649684216128662229e-07
1.923152304073028063e-08
1.144415584519720142e-08
4.186575530695790803e-09
1.289747864063883753e-08
1.442114694327756297e-08
6.510260419645419461e-08
2.056340690614888445e-06
2.061805481901046733e-08
1.458546261545734524e-08
6.072927938305383577e-09
5.614165488054823072e-08
1.095444375209808641e-07
1.091494254978897516e-07
3.014961436065277667e-08
4.520160956644758699e-08
2.822036435645713937e-07
2.613905110138148302e-07
1.486136635975299214e-08
3.821815752758084273e-08
7.259462808661965028e-09
1.454575460080320681e-09
4.746004833577899262e-08
1.646412783884443343e-08
4.324073543671147490e-08
1.000324232336424757e-06
2.422783573763354070e-08
4.200841772217245307e-07
2.791903971228748560e-04
1.478702529311703984e-07
1.362051165187949664e-07
5.308718300511827692e-06
1.208846470035496168e-06
8.606704113844898529e-07
1.766502322197993635e-07
3.583890929803601466e-06
8.029517744034819771e-07
3.933510924980510026e-06
1.347715260635595769e-05
2.656467358974623494e-06
2.431385723866696935e-07
1.044602777255931869e-05
1.676945871054158488e-08
2.537519492307183100e-07
2.801000664476305246e-04
8.467764928354881704e-06
2.114813213438537787e-07
6.985916201074360288e-08
1.737324879513835185e-07
3.678672655382797529e-08
2.651600006231547013e-08
1.081821352499900968e-07
2.799071125991758890e-07
1.370090529917433742e-07
1.436719809788655766e-08
4.713178114457150514e-08
4.664348907112980669e-08
8.234320780786674732e-09
5.075028730594510762e-10
3.617408239620090171e-08
5.688395976477522709e-09
4.279752940927750160e-10
1.153721473912128204e-08
1.562413254330152768e-10
4.664913455521002561e-10
8.001990181583096273e-07
1.884401790164247359e-08
2.465578674559765204e-08
2.552423836732486961e-07
1.651700927141064312e-07
2.516793884410617466e-08
1.172059285181603627e-07
5.221549415068693634e-09
1.163821261584985223e-09
1.973509800023975913e-09
1.317147962254239246e-06
4.840378053927452129e-08
4.751894948640256189e-07
1.406803107784071472e-06
6.397944929403820424e-08
7.687230407782408292e-09
3.258831071661916212e-08
6.705509481008675721e-09
2.228977713514268544e-08
2.468545368117247563e-10
8.087220493280256051e-08
2.610175853234864007e-09
1.108896885426702283e-08
1.392895825347295613e-07
3.115470192938118998e-08
2.344120630937140959e-08
1.212082167967309942e-08
1.183825837358654098e-08
4.035069167684923741e-09
1.385003778331395097e-09
3.321927266597413109e-08
5.936009372931039252e-08
3.894021816108761413e-08
1.120658836839538708e-07
8.159901199178420939e-07
8.341020318880509876e-09
2.729735193440774310e-08
1.137119170380174182e-06
1.080973976996801866e-08
3.116635127753397683e-08
4.065672243314111256e-08
3.156308991947298637e-08
2.346777883133199794e-08
3.166664441778266337e-07
4.091319993904107832e-08
6.478639988927170634e-07
1.356497847382343025e-07
2.591366587978427560e-08
8.625183234300948243e-09
7.027944004533992484e-09
1.683306827260366845e-08
6.516543749057746027e-09
2.481817418242826534e-09
4.195990499500368287e-10
4.322298519099376790e-09
8.553850960879572085e-09
2.573299570940434933e-05
3.822336891445843321e-10
1.197281940257255428e-09
6.509615246841349290e-08
2.579828850546306285e-10
4.503240447206735553e-09
1.028476770414954444e-08
8.030630049837839124e-10
7.138123425676212719e-10
5.177862139049693724e-09
5.811312675518820470e-08
2.491635564538796643e-09
1.046778663749137195e-09
6.671655228274175897e-08
5.993282456984161399e-07
4.752216842263123908e-09
1.024599498578027124e-07
2.177264590841332392e-08
8.825699282510868215e-09
1.673954841407976346e-08
3.141496840441959648e-09
2.539597510065050301e-08
8.814894369990611267e-10
1.883448730310988140e-09
2.045397451411190559e-08
4.417888419538940070e-07
4.064047709473328496e-10
3.234716672295689932e-08
1.513371294947774004e-08
3.081078716604679357e-07
2.427385581427188299e-08
7.044055223559553269e-07
7.882875365794461686e-07
7.045341732236920507e-08
1.888680145611942862e-08
2.382518349275386527e-10
1.209020616954603611e-08
1.676219274493462308e-09
8.849652566311760893e-09
1.778498983640020015e-07
1.112192227203934181e-09
3.117165476851369021e-07
4.263344399735302659e-10
4.446279344705317271e-09
1.381318281978849427e-09
7.104198118668136885e-09
9.198747363825532375e-08
1.380831005093341446e-09
3.258860736821134196e-09
9.820497304247055581e-09
2.672605781128822855e-08
4.146888699096962227e-08
6.983241860325506423e-07
1.123207926667646461e-08
9.602699191368913034e-11
4.023311461764933483e-09
9.418178237297070154e-09
8.512543558936158661e-09
3.350402622004367004e-08
1.475907174253165977e-09
4.434684512943931622e-07
4.740829950833358453e-08
8.778410176546458388e-08
8.620430591577132873e-09
1.904518569517676951e-07
2.191193971157190390e-06
1.515050058742417605e-07
1.263038598153798375e-06
6.373566119322049417e-10
1.001474281281389267e-08
8.295259479318417561e-10
2.862440595663429121e-08
1.230948232233686213e-09
1.540285325063450728e-06
5.034713979057414690e-08
1.543183856256291620e-07
1.247738765641770442e-07
2.706105117766810508e-09
1.532740823151357290e-09
1.270348004567267708e-08
1.149909278908012311e-09
9.191577360345704051e-11
1.142128258635466409e-08
1.904819058040629898e-08
2.081105954232498334e-08
1.520251800002370146e-07
1.223661705296308355e-08
3.375587027676374419e-07
6.584762513028863395e-09
2.525978093359526611e-09
3.502781842357194364e-09
9.488389629552784754e-09
1.185880833531882672e-07
1.983152912998775719e-07
1.369403967999005545e-08
8.781173477245829417e-08
1.732860539505054476e-07
4.874367576235272281e-09
7.026727644188213162e-08
2.146028021954293763e-09
2.266190568533943406e-09
7.177984429063144489e-08
1.877691557794491928e-09
1.456436304891894906e-08
2.598011974441760685e-07
2.826701290814526146e-07
8.508161286613358243e-09
4.373356787823468039e-09
9.538339007519880397e-10
2.078797045612645888e-08
3.258029579455978819e-08
2.618393279973929566e-09
1.363757551331445939e-09
3.300532624983532060e-10
1.029732410451345004e-09
3.176549856487298484e-10
2.067886484269365610e-08
4.714470147604288286e-09
4.730187352919301702e-09
9.556809565935964201e-09
1.887740275208216190e-08
6.005709565215511248e-07
8.807117701792321895e-09
1.196364394218107918e-07
1.211993005956202296e-10
3.856750918629359148e-09
8.194040113096434652e-09
9.228746478129323805e-08
4.816573095922649372e-07
6.612640959247073624e-07
4.236222483910978553e-10
2.035639434794234148e-09
4.158783983854164035e-09
9.469491857316825190e-10
2.458065928578889725e-08
4.960217236948949449e-10
3.378819002364252810e-08
1.873108612659990513e-10
8.242413862546982273e-09
2.219583628004784259e-09
3.601104747730232702e-09
3.234635004289998506e-09
3.843807974135415861e-07
1.265837212827136682e-08
2.479183258685679903e-08
3.600488440724802786e-08
6.475667113647887163e-09
1.444941721828740810e-09
8.500714798742592393e-09
1.473985321354120970e-06
2.756942230064396426e-09
3.097727629963742402e-09
3.099376533199915684e-09
2.245525898558753397e-08
2.615551664142401478e-10
4.479320248051976705e-10
2.053022196690790224e-09
1.528169368825160745e-09
1.048945730275363530e-08
3.264185810536446297e-09
1.198106133415421937e-06
2.243954355662935995e-08
5.750569442852793145e-08
2.383697861318978539e-08
1.465057936078650869e-10
2.218941297371657129e-08
2.445456175337312743e-06
9.894325359027789091e-10
1.950172023867935422e-09
3.805716186633389952e-09
4.038921730398215004e-08
1.225203138943697923e-08
5.831139571199628335e-09
1.576303709782678197e-08
2.856158154429522256e-08
2.324845205237124901e-08
2.416589772735733277e-08
2.708757940173001089e-10
3.826892935876458068e-08
1.471951782683333931e-09
2.189394221474572078e-09
1.823035944426010246e-07
1.744735733666402666e-08
5.311733719537414800e-09
3.967435020513221389e-07
9.054971883415419143e-09
1.119939163629624090e-08
1.860992071556211158e-08
2.078110128422849812e-09
2.959167133553819440e-09
4.116394447528648470e-10
1.027118123886339163e-08
5.022485183303615486e-08
6.261104079641199860e-09
2.120102843283788729e-10
3.652891766847687904e-09
5.195825436565826294e-10
3.711676521689355468e-09
7.726301376465016801e-09
8.534637885304618976e-09
9.547357393557831529e-08
1.721668141385634954e-08
8.869253775856122957e-09
1.350586444459622726e-06
4.068005239332705969e-07
1.670898797101472155e-08
9.939796763447361627e-10
2.975581736563981394e-08
2.796004316962807934e-08
1.220872847262910454e-09
7.082133102187526674e-09
1.863929988132895232e-08
2.351365102626346015e-09
9.026847713755614677e-09
1.142004002474550362e-08
4.564893885117271566e-08
2.442740409946964064e-08
2.848018487711101443e-09
1.551581263470325212e-08
1.598267074243153729e-09
3.218541735350299859e-07
5.307753792038738538e-09
2.361200586165068671e-07
1.840115402274022927e-07
2.135690024829273170e-08
6.178819234037291608e-09
6.654900630564952735e-09
6.278539910198333018e-09
1.952118244830103322e-09
4.226523575567853186e-09
1.082292300225162762e-08
7.400802748414037069e-10
3.749489962956431555e-08
2.218542460852290787e-09
6.417887998821925066e-09
4.495336547449824138e-09
3.540485593589437485e-08
4.326645264285389203e-09
3.598936970661270607e-08
6.088933801606799534e-09
3.264366341682034545e-07
3.074190146890032338e-07
3.046609187151716469e-09
1.438635877093474846e-09
2.466350146335116733e-08
3.300206996570409501e-09
3.783900748288715477e-09
6.873999609524616972e-07
1.610579047905957850e-08
4.850913981613302894e-08
1.562646474440043676e-07
1.803603710825996131e-09
3.666992709483452018e-09
4.825953396903059911e-07
1.027641349793384506e-08
1.146657346851043258e-08
1.338692534602614614e-08
7.523050982172208023e-08
7.887770436809660168e-09
2.481784333596692704e-09
3.185367525304627634e-09
9.455093596955066459e-09
1.294740759050228007e-09
9.040769910484414140e-09
7.399611234859548858e-08
5.793521773433951694e-10
1.883363509591617913e-08
1.011174049381224904e-06
5.059810703755829309e-08
9.299562897524538130e-09
7.965317649905045982e-08
3.280937188598898047e-10
1.327915200022289355e-08
6.402925833981498727e-08
6.880308767165388417e-09
3.561711139354883926e-07
1.468093842049711384e-07
5.762311183765689293e-10
1.817726058561675018e-08
4.922912633098519564e-10
7.174886906824440302e-09
3.137275541575945681e-07
1.082192668810932901e-09
6.568555033226175510e-09
1.122243201145955993e-10
1.483072109564886887e-09
2.105536083263359615e-07
1.309681163519371694e-08
4.669776565435768134e-09
8.859696865037847147e-10
7.089369369328579751e-11
4.046468493612564998e-09
3.606239307174519126e-09
8.896068881547591900e-10
7.280859026792541044e-09
2.208659566349524539e-08
4.497954719795416167e-08
3.692789007914143440e-08
7.093749587738784612e-08
1.299012808431143640e-07
3.671032544616537052e-08
6.040751232561092365e-10
9.932274025459264521e-08
1.896998469419486355e-08
9.381263765817493550e-09
7.925004297248960938e-07
9.374836462683333593e-10
2.160237499992945231e-07
3.873953247079953144e-08
7.057600059923174740e-10
1.999109855432834593e-08
1.030931784384847560e-08
3.040693457023735391e-07
1.498968588142801650e-10
9.032009584686306880e-10
7.860216300059619243e-08
1.123552251236503707e-09
4.258892793984614400e-09
3.469242393361327004e-10
1.171150287859745731e-08
9.438148254048428498e-07
5.463040020359244409e-10
1.000879947810062731e-07
9.274355505795028876e-09
9.546474721844333544e-10
7.054942585682510980e-08
7.994617590156849474e-08
1.745664590657725057e-08
4.865654545938014053e-09
8.364248742509516887e-07
4.527142896670888206e-11
8.285606867275419063e-08
1.022929936311811616e-07
7.753401254362302097e-10
5.872980182175524533e-07
2.966950773952703457e-08
1.801433446857458875e-10
2.783774561976315454e-07
4.344449244797488063e-09
1.529447324344346271e-08
1.960981377280290872e-09
2.850041269653047493e-08
3.290546430889662588e-07
6.396013496612340532e-09
1.351131206916988958e-08
2.656635578190957858e-09
3.687008698349814040e-09
7.950424674163514283e-07
6.303365829296581069e-09
3.936428516482237683e-09
1.780702696407843177e-08
3.832961059657691294e-09
1.425879059269163918e-08
3.074940480018995004e-07
2.127809040075590019e-09
9.044007764913430947e-10
3.290780270504001237e-08
8.371881676794146188e-08
5.413286263689087718e-09
2.490847883507285587e-08
1.259150792520813411e-07
2.363554907347520384e-09
3.548835536548722303e-08
3.212653476580840106e-09
1.392796207255742047e-07
3.098495904296783010e-09
2.539408683333022054e-08
2.231311801992319488e-09
2.328848580646081246e-08
6.371175143016216680e-09
3.668288783842399425e-08
2.985192759652477434e-09
5.230610167217264461e-09
2.432669532481668284e-08
5.257117408064004849e-08
7.598385565188436885e-08
2.635374762860465125e-08
1.193347465289207321e-08
1.561816702633223031e-07
2.534621845740048229e-09
2.505719898238112364e-08
2.476621752123264741e-08
2.998204706727847224e-08
5.747726294913491074e-09
8.946713592195010278e-09
6.266775987029404860e-10
6.730217450012787594e-08
1.044350117496151142e-08
4.689788557499241506e-09
3.732206543816118938e-09
3.544842197555908569e-09
6.408924946299521253e-08
1.204752075878445794e-09
1.614004752070741233e-08
6.480758596438818131e-09
1.456948268696578452e-07
4.305439347263018135e-07
4.132295394754237350e-09
5.267191909297253005e-07
5.788995505184857393e-09
1.857558218354427026e-09
1.066621102552289813e-08
5.715244388859730407e-10
1.590206721857612138e-08
1.904860713608513834e-10
4.338735593023557158e-09
4.249518237298133272e-10
2.496964945919444290e-08
7.731848228331728023e-08
1.433629481795151150e-08
5.546985648585689432e-10
1.238179834217589814e-07
1.058776288864748949e-09
1.023404139210981612e-09
9.300125669575720622e-10
4.102251693893776974e-08
6.597141721798038816e-10
6.021187548554962632e-09
5.060596941497408352e-10
7.419252768158912659e-03
1.598120746848508134e-09
1.412932104649655685e-09
2.119822823942740797e-07
2.343721661191011663e-09
6.132498397981578364e-10
3.382676538876694394e-07
3.255853586736634497e-09
6.038289424026288543e-09
1.910993585596543198e-09
1.664715654214887763e-07
7.210693819814650851e-09
1.491503809347705101e-08
1.909919511433599837e-08
2.901750306705253024e-08
4.330742697788991791e-08
4.622719540492425949e-09
7.852742669456347357e-07
1.565812723924864258e-08
5.018307103199504127e-09
3.075081451697769808e-07
2.113562880268204935e-09
7.359885145774569537e-09
7.690529990611594258e-09
2.973334005673677893e-07
2.938178056410833960e-07
6.829604881630757518e-09
1.481224032318095851e-08
9.142329560063444660e-08
1.746753675035961351e-08
3.827308958648245607e-08
2.907051666056759132e-08
3.803596992923985454e-09
4.557809685223901397e-09
7.344645780449354788e-08
5.020961779678145831e-08
3.610095333783647220e-08
7.174082838901085779e-08
2.286397737805145880e-08
1.911771008167306718e-08
8.899061043621259159e-09
5.197533070600002247e-09
2.457404590927581012e-08
7.507051122956909239e-07
1.763289958489622222e-08
1.112131275959882259e-08
3.301236404240626143e-07
1.453891798064432805e-07
2.817955113698644709e-08
4.092363337093729569e-09
1.049049180856798102e-09
8.673441698192618787e-08
1.389472870094721202e-09
5.430548810636537382e-08
4.209387505227368820e-09
1.117371866143912484e-07
8.957714214830048149e-08
1.976879048015689477e-06
2.433750978525495157e-08
2.371244756105284068e-09
2.071521176816304433e-09
2.053336345397838159e-08
1.466074106559744905e-08
4.197927838678339185e-10
4.826068220609158743e-07
2.486902772602661571e-08
4.263428277084813089e-09
3.725940445065134554e-09
1.938289642566815019e-06
4.053444718010723591e-05
5.727963525714585558e-08
4.708709866463323124e-09
1.520465708892970724e-08
3.369964360899757594e-07
3.248199265115658818e-09
5.127670288374019947e-09
3.958375849322237627e-09
4.669449182870266668e-08
1.003608307570402758e-08
1.124665027774085502e-09
8.235337967121836300e-10
8.374964011181873502e-08
1.207014150850227452e-07
2.576993907155156194e-08
2.344949336929857964e-07
6.009958042341168039e-08
1.048163111860844765e-09
1.719350661844032402e-09
3.171878093510827057e-09
7.384743639704538509e-06
1.019309294747472450e-07
3.317232044608431352e-10
1.984787587616665405e-07
3.408462623255559265e-09
1.055554665896352162e-08
1.338090083180532019e-08
3.416370741859964255e-09
4.322605562379067123e-08
1.096235564546077512e-07
3.592419917097799953e-09
2.561465635153581388e-07
1.501302016038152942e-08
2.056061134680930991e-07
1.026532081560560528e-09
7.317696670838813588e-09
2.068379423292299180e-08
1.822112380978069268e-06
1.152834983031425509e-08
9.232809183856716118e-09
4.495059602316331393e-10
1.868018406625537864e-09
5.266285185712149541e-10
1.598150500825568088e-10
3.706886797516517618e-09
3.121952030227248542e-09
4.491120364491507644e-09
5.753086895765591180e-10
3.043088003806815323e-10
9.641476506061508189e-11
3.970850592782682043e-10
2.828524081621708319e-09
2.299262558125292344e-09
2.050384528828885777e-09
4.118478003078962502e-09
1.791009007767740968e-09
3.154244865299915546e-08
1.867468171212749439e-07
1.504891500303529028e-08
1.096552182389132213e-09
6.854115497390012024e-08
1.460109810835774624e-09
2.615426240026863525e-07
5.309771111683403433e-08
9.598051775583371636e-08
4.236565942505876592e-08
8.282410135507234372e-07
3.552424843178414449e-08
3.835954487385606626e-08
4.386958244140259922e-05
2.005914438996114768e-06
1.408786065582035008e-08
6.953243882890092209e-07
5.162921752344118431e-07
2.907901546223001787e-07
2.189477710246023889e-09
1.344267985814440181e-08
2.791707753857508578e-09
1.367521540451832607e-09
3.954619387513957918e-08
1.399473426033637224e-09
8.778769378103845611e-10
1.242789338107286312e-08
5.764952515363575003e-09
3.100744194739490922e-08
4.057069125096290918e-10
2.976184987346641719e-07
1.521847394769793027e-07
3.357553214300423861e-05
1.526009008046003146e-08
7.872170471046047169e-09
4.940611830761554302e-08
8.325349085680500139e-07
3.069602314553776523e-07
4.131357798087265110e-07
1.404587123943201732e-06
2.404035797098913463e-07
9.467943762331287871e-09
4.672075419875909574e-07
1.716519477668043692e-07
1.154131368252819811e-07
3.270479851380514447e-07
1.638108102497426444e-07
5.608289299630087044e-08
1.452245612654223805e-07
3.921719780919374898e-06
6.272856722944197827e-08
3.529461878315487411e-08
1.288847784053359646e-08
2.108964336500207537e-09
1.267068654442482512e-07
1.544298271483057761e-07
1.900692581102703116e-08
5.151268211989190604e-08
2.145979927092867001e-08
2.361460715860630444e-08
