1.346776290489515304e-08
2.099994162563234568e-06
3.197326492454521940e-08
4.864633001977480831e-11
1.123898196730976906e-09
4.846714141137908882e-10
4.289910440768984756e-12
1.329272542732740092e-11
1.057689757999469293e-08
2.011455862982458598e-10
7.567743409708782565e-08
2.596769188567549236e-10
1.628445374990405980e-06
1.495810246499029716e-11
3.890928378103009067e-12
1.089291504219325191e-11
3.112872377641906496e-07
1.304303748339563640e-10
9.661495214974280543e-11
2.259510531151323609e-13
7.380512759107282772e-13
2.311412311550853360e-10
3.515796542785665224e-09
5.091976618132321164e-08
4.655580099210965273e-08
1.400285145791713148e-05
4.590379187874304989e-10
4.503430406366248917e-10
6.346630016196286306e-06
4.580993917535636228e-10
1.637038948842928221e-08
3.469262310318299569e-06
2.948639110655904005e-09
6.516486461549675369e-09
3.998147146688779685e-09
4.674050209374502884e-12
1.007375183270653451e-09
5.957593307570618890e-10
3.105672590208996553e-07
9.936976241853301417e-11
6.900302551571257936e-09
1.712397446063107509e-09
5.686215040490161243e-11
2.722055081338936589e-10
6.244632588803256112e-11
3.396543934996998360e-09
1.168455332489770626e-09
3.999591977055239056e-11
3.380513369233284493e-10
2.878829263863735832e-07
7.286960368446671055e-08
1.756222722804068326e-08
1.109635494600524908e-09
3.976517781723032385e-09
3.155932404297345784e-08
1.715383604050657596e-07
5.593456009478359192e-08
7.387178542483940902e-12
4.165127409638813560e-10
5.641238143283544559e-09
2.161735235262085553e-09
2.183389719023764997e-10
9.697649971940336400e-08
1.451579221406484876e-11
3.613619473097351431e-11
1.359961143698740216e-09
4.057655544897897926e-09
6.358661721606040373e-06
1.512005667336779879e-07
4.594115310396773566e-08
4.750020255600562180e-12
1.024437278829282150e-05
6.633715929002526046e-13
6.656775391328251246e-12
5.767548981808201525e-14
1.464526278027733497e-09
1.295895613040443095e-09
8.949570143128304789e-13
4.508342144049493072e-08
3.988135404142667539e-07
2.324678760601273098e-08
3.026819905826982904e-09
1.045556388135082670e-07
1.050424816639861092e-05
5.211807027616366383e-11
8.073294566202093847e-08
4.759059812897703523e-09
4.352268234697476146e-08
9.312167148500805069e-10
5.258914193007058202e-09
3.133534098864743100e-09
2.402869332814808884e-14
1.806514493551958367e-09
4.602843453604954504e-11
6.331997507704953398e-14
3.751784717316922202e-14
4.549140925069750097e-11
1.110956993066736231e-09
4.810819798084509102e-11
3.047182417503790930e-08
3.270874458394246176e-06
2.613816975360894190e-11
2.917715278272225987e-07
7.966023929384391522e-08
5.951940806880884338e-07
2.041925873177974360e-12
1.574448557639662738e-11
1.713519603985247386e-11
2.394509590608606686e-11
3.488850808253118885e-08
6.238662475510636796e-09
1.807972580536443274e-07
9.575916237736237235e-08
8.140941254453082365e-09
2.628519268910167739e-08
2.688093445613048971e-06
9.827479108270864572e-12
2.068358355700183893e-07
8.726480155019089580e-05
1.440026267118810210e-07
1.364489321531436872e-06
3.140672388823873007e-09
8.076408986035232829e-11
6.930974905117182061e-08
1.275606981154808750e-10
1.647328801146485944e-11
1.021239697251985490e-07
7.767242998410993360e-15
5.139163613843969122e-15
1.882694972143994505e-10
1.556916956468867852e-10
2.975152459464003307e-12
5.532476820419018892e-12
2.102508744883380132e-08
3.054225761189854893e-10
2.164330492604449319e-09
3.683407745480593576e-12
6.367423255326798426e-10
5.223934174125588470e-09
8.513342436344828457e-06
1.995494822040200233e-04
1.914247462764251395e-07
1.751389049786666874e-06
1.461125798130069597e-08
1.756775347416805744e-08
2.937724957519094460e-06
4.395552810620984019e-10
8.374902549235230254e-09
4.798292665975090188e-11
9.199105019397357808e-12
7.604585903209226672e-07
2.145078542525880039e-05
1.066658672499443128e-08
1.364914583266985115e-12
3.498077383312647726e-09
3.444976292080181857e-12
3.101420596035575628e-12
4.691742550022581781e-09
3.542298543379729381e-08
3.873014520650031045e-06
1.097218316203907307e-09
1.086218404111605196e-08
5.947940167061460670e-07
1.717791797695156220e-09
3.511657631349862640e-11
7.729446416249174945e-09
4.104039774688317266e-08
1.333661003855013405e-07
2.975379708239356269e-12
6.746370768886261748e-14
1.048917952495287409e-09
9.161188785355989239e-08
5.421722448772925418e-07
2.319047592846956718e-10
1.338830935004864386e-09
2.812506005867021486e-09
5.645551248711910830e-10
3.084288380250654882e-09
1.356950907194232059e-08
7.952384294185321778e-06
9.459080320084467530e-05
6.561085452716497457e-09
4.537533460080567238e-09
6.719685363698602032e-10
4.606393877448766716e-10
1.473263324669460417e-07
1.544377514761663406e-09
5.371256328601248242e-09
1.047051600977511043e-08
7.060858564500449575e-08
4.901447425709193340e-08
3.508949797392801884e-09
6.713404138158907131e-11
1.222670020784022427e-10
2.220423844789820578e-09
2.567820522186847754e-12
5.223705738899298012e-05
2.160450307542305382e-08
4.429209887746310415e-09
6.739281843692879193e-07
1.319346298878087964e-10
5.826794047258943010e-10
2.391508486469101635e-13
5.968987110138712637e-11
3.133367697250033501e-12
2.423935256956610829e-07
1.088871067622676492e-05
2.410381760853397282e-08
3.064352087676525116e-03
4.658986529904041163e-10
4.032431888401077913e-10
3.157842390355547479e-11
1.271835067817583820e-12
1.188538933938332320e-09
2.901273665756320952e-10
1.620397913071336404e-11
2.738413273917217339e-09
3.100693911223533113e-15
4.166509666577930537e-14
3.297054296247381444e-11
7.234156051971751822e-10
5.594543491665993074e-12
1.548051409283601743e-10
3.860202184569061501e-07
1.411096163792535663e-04
5.305010250533648275e-11
6.373231942191637245e-10
1.927605950413635583e-07
1.752808239264408430e-13
5.833171185659624669e-12
9.796834454789404845e-10
1.187411236003299564e-08
3.348023594473836795e-11
9.956825364199062278e-10
6.319185730241372312e-10
4.926043038722127676e-05
1.140398531163100415e-08
1.176768682498163798e-09
3.687769256632833503e-10
1.536220456399561840e-11
3.650418162193247440e-11
4.241539564020513353e-09
3.695426777083898884e-12
1.489268441901003825e-07
2.092288321764446124e-11
7.571554760943399742e-08
9.039954748004674911e-04
1.142832302316459936e-13
3.200572606942841958e-08
4.535076243428193266e-07
1.448016262450835256e-09
1.039396011037752032e-06
1.747354039238757650e-09
6.244540440292212224e-10
1.644043096105107793e-10
1.596132115366799553e-10
3.257475678086763082e-10
3.759337516839877935e-07
1.795789827951921325e-08
1.268967594114656094e-06
1.867118681886381637e-09
3.064667544094845653e-05
1.432136093743041627e-11
3.249235760449664667e-06
2.667150056367972866e-07
1.669630406153643776e-10
1.294649942806813669e-10
2.201967080894817741e-10
1.100081448157652630e-08
1.917162251174886478e-08
1.528247217663647461e-08
7.842782534517311888e-10
9.666740297120668401e-09
5.049793422222137451e-02
1.022932627492423308e-09
2.068228326379539794e-07
1.334615262749139220e-07
1.898108233089335073e-11
1.586846348766712822e-10
2.474347766609485966e-12
2.761778479520859975e-11
5.269062408608249370e-10
3.286779071132173158e-09
2.542344077482994180e-07
2.663034994344198880e-13
3.530296055487269768e-10
4.634917449841680082e-12
7.300592907988345814e-10
1.217264622432878696e-10
1.401915042387180677e-11
4.331981162675191399e-10
2.501896467776987265e-08
3.466402942464696935e-09
1.601942358320229687e-06
2.341070981515258609e-08
6.212317060771965771e-08
4.237627848624470062e-08
2.420706834982411237e-08
3.973630452458465356e-12
3.650942326238748592e-10
3.565538420069458425e-10
2.936766663186318738e-10
5.416884718556502776e-09
5.553474835551241995e-08
6.561679671834852456e-11
6.850014333537046696e-09
2.187083625315722202e-09
3.427256842769565992e-07
1.432782928759146479e-12
5.471741393314744073e-10
3.869141806944753625e-08
2.915852836959942351e-10
2.576607727178270579e-08
1.393068993493784546e-10
7.223043496651371242e-08
1.049914821749098337e-09
1.011684513940735997e-09
3.691316141640754722e-10
6.894964633963329703e-12
9.335846332114705604e-12
4.661901420455194511e-10
8.994659461691867364e-10
5.743243033928813190e-11
7.512932984066189590e-12
7.484894865364410954e-13
1.300019397687535161e-10
2.510381058584698621e-08
2.269579413294309234e-09
3.470860265863962013e-10
1.757206824493096065e-09
1.679099682405649219e-06
3.861295851947943447e-07
3.980480656196050404e-08
2.943168972424636820e-11
4.587203555374286257e-13
1.560366283881106653e-13
9.886904663025664064e-13
2.288009248729849787e-08
1.098083429740270844e-12
2.945299982636678804e-13
7.812539024598663673e-07
5.121711943445461657e-09
2.896262916995961945e-11
4.305403256132933620e-12
1.438969832179282093e-08
5.678917958107376762e-08
5.694860139016100220e-09
5.076760192790352733e-12
1.125926869099957983e-11
2.897821045622084313e-11
1.090993961838648829e-08
5.511326506280056492e-09
6.701059760416683275e-07
2.430245149298571050e-05
6.514864342443971168e-11
2.792509713051005704e-12
3.819940197491433764e-11
2.230080486595453770e-12
1.480732203518186907e-10
5.648946479856753466e-13
6.041894068387065886e-11
6.353530201952395373e-11
4.212031001760152549e-10
9.649413906798187668e-11
6.182808931498584570e-09
1.614186895260161236e-09
1.317223592423033551e-07
6.199113444793624694e-10
1.316990619670832530e-06
8.072516521906436537e-08
1.031688762198612608e-10
4.672453091103534462e-09
6.318028322738200586e-10
1.398514637429570939e-08
7.862100756028667092e-05
1.348682415747148866e-10
1.822223083536300692e-08
4.806679054780715887e-09
4.979635592761155749e-10
3.335939857684877552e-10
2.735312247970772548e-13
3.201637566174753147e-10
5.226753817082208098e-13
1.796227843442466110e-05
2.317314257149760692e-10
3.008712853511119611e-12
1.759416085045373279e-10
4.051814161964983896e-10
5.734956606828767178e-11
1.534675608816371550e-09
3.614273325069916609e-08
4.002740361386258883e-09
2.707229214138351381e-06
3.283193791503435932e-06
3.448444886089419015e-06
1.232983576349155896e-10
9.352127960937650641e-10
3.478552862423711645e-11
1.945214833654063113e-08
4.437943516677478328e-06
1.056010168198895371e-09
1.051386266937015534e-08
8.930021305753044203e-11
1.744673183701195285e-09
1.815501360358240390e-10
9.586870360067667463e-12
1.638643665202721422e-09
3.313722274356223352e-08
5.416990944695498911e-08
2.292790540758815609e-10
7.919626621166742098e-10
4.261665187410557110e-10
7.621841291438613553e-08
8.994158520181372296e-07
1.713296324014663696e-01
3.493820622679777443e-05
5.747190501281806974e-10
1.708381157893013036e-13
1.904431057297983898e-09
3.607045218068094528e-10
1.203479503553150920e-11
1.069878907689059133e-10
8.337582707573787388e-11
1.782773750846899929e-08
3.201801348495791899e-07
1.296647234028114326e-09
3.283716397753377869e-12
4.099869244100773358e-08
3.163872774880616134e-10
3.013079492575343465e-07
5.687934123699278643e-09
8.467111560495066414e-13
6.662612128671696610e-10
3.846848950495029840e-10
4.311768442288865799e-10
1.438574681600357508e-08
3.995638930831546531e-09
9.429693137441574891e-12
2.083773605054961564e-11
1.391290084029606078e-06
2.244624283775920048e-06
1.236315216868177913e-11
1.112388181567780521e-09
1.056733261793851852e-02
7.785932315540478044e-11
2.132558366008119322e-11
8.177649113427776228e-10
1.491327878966330900e-07
5.523287719116226624e-14
9.367789211012222950e-09
7.870974982893130800e-09
1.536344246266807545e-10
1.647884495525886450e-08
3.198893623948539933e-12
1.376869972202765524e-11
1.462978218569332967e-07
9.189354138738892175e-12
4.128334239794639871e-06
2.621552766868262552e-06
8.156165449690888636e-07
1.978513886058408389e-08
1.630798767511196234e-13
5.522084872700006031e-11
1.895610838437145063e-12
2.503032646927749738e-06
3.592193138501897920e-07
4.681315404764241350e-11
3.194741893253194576e-08
3.410035844808589900e-07
1.582438180491863022e-08
1.713438791739463340e-06
7.374122560577234253e-06
6.954432030248369756e-10
7.052967099241413962e-09
3.492570677110506949e-09
3.926617608840388129e-08
2.191454517852520212e-10
4.331175418315069692e-08
6.305721740318404045e-07
9.192046013239973945e-10
1.179920946015045047e-05
7.597341067366869538e-08
5.156058739685942527e-12
5.321569573890627680e-11
2.240815755172320678e-09
3.130476855517372314e-08
1.026102462097657863e-16
7.927463485657426645e-08
7.365877991105662659e-06
1.031333383139099169e-07
2.469975779462174614e-09
6.267354968336746879e-10
1.537573290910643209e-09
4.990760138056521411e-14
7.828599435377725513e-10
1.582761122165265988e-08
2.896602499958406129e-13
2.316691005699311745e-10
4.605626145348651335e-06
2.350417460661446967e-08
2.582561009489836579e-08
2.845517599325830815e-09
2.056243023074166842e-11
5.669461081159177240e-11
2.887271577378669463e-08
1.176479802467156333e-08
9.331004946488974383e-08
6.032753741003205050e-10
3.134575621288604452e-08
8.288461583738637728e-11
8.172951204699074879e-11
1.443564201508706901e-07
1.263459381561915507e-07
4.288806289276525519e-12
8.272254348185015260e-08
2.655145071912556887e-04
2.075520172395428631e-10
2.826200898198294453e-06
4.802321882380056195e-07
6.552065556775232835e-10
1.422824531804867121e-11
3.267151549302127478e-10
4.607273174084269840e-10
2.293317713508713496e-08
1.332013943182485186e-14
3.723877739503222983e-08
7.063002960272513064e-11
3.996000752515271870e-11
2.461759240901528756e-09
1.346594586948413053e-07
4.351522614465253014e-11
1.153479117776967655e-10
1.452556208647592939e-08
5.689371890271743837e-11
1.219743417379959283e-08
8.113499871953422371e-10
4.792628533617504516e-12
7.558214609737490264e-10
2.442788904488679691e-08
7.330810149142052978e-06
9.030767955664487090e-08
2.229763873540235863e-10
6.798926439205432715e-12
9.523612476414200501e-08
4.213040228933095932e-04
4.946647475315146814e-13
2.333174614881777797e-13
4.455672275582855946e-09
1.483200562368836017e-09
3.750057686602303875e-08
2.274257155931991292e-07
1.536038922722582356e-07
1.790234210874430687e-10
3.122374234165725682e-11
4.240093519347620798e-12
4.113584873266518116e-04
2.284000365762040019e-04
2.893678699433799295e-11
1.462093640602901701e-11
1.759462193995364743e-11
2.183694712684300376e-13
2.273961399623658508e-06
5.007033676562855362e-11
2.301988388353493065e-06
2.287290322422474986e-11
1.915838581528772622e-12
8.752974040016070489e-11
7.410704228050235542e-08
1.120574655288919530e-08
2.346453547943383455e-04
2.681917394511401653e-04
4.368184633452010246e-12
4.325171134873101453e-13
6.429287768838776174e-09
4.035700555959920166e-07
1.947745204233797267e-06
9.989827276513096876e-07
9.078975071741268721e-11
1.411946531915120318e-10
3.359049927098567423e-08
3.394808212320299390e-09
1.210726896516689521e-08
5.779972056529913971e-10
1.826187673303891756e-10
4.249179983162321150e-05
7.679231117663221085e-08
1.059680380421923473e-05
6.210115754967659996e-11
5.207643344329326851e-11
5.962099214902713464e-16
2.070926980249354621e-12
5.245498414296889678e-06
3.320669043557766820e-12
3.949843474515546404e-08
6.114829779677033450e-14
2.162676793204809655e-08
5.964358451571172282e-10
2.776767314346950677e-12
6.373925316438544542e-06
1.651771555088998866e-07
3.018906305496393827e-11
9.893955654760588914e-10
2.169504810176081655e-13
8.717524480061911163e-08
1.496438667425437075e-10
1.366891599907660293e-09
2.104692612192593515e-05
1.339597304195194738e-07
2.878315967791422736e-07
6.302903057076036930e-05
7.813666935696517157e-10
1.280654401969449907e-12
7.579762240084164659e-08
1.360420890522684445e-12
6.689064946385769872e-08
1.446773353563912679e-06
6.751944559013622893e-10
4.687438215356110049e-10
1.180210151829896859e-09
3.907539507350295260e-14
5.708623120881384239e-07
8.820061339065432549e-07
4.234605003148317337e-03
4.992438906725737979e-09
4.886549064692102817e-12
1.338527066963024481e-09
2.239237346657318994e-07
4.498026839883095818e-08
1.607787037186114709e-12
4.290979704819619656e-04
1.473564793741388712e-06
3.064247877659909136e-08
1.305022322845017513e-11
1.220099966303678229e-05
2.095103604493608884e-11
1.009877124147351424e-07
2.995690362439518140e-09
1.886870748535329767e-08
1.256546255934409828e-11
1.156708409610907040e-11
1.562175944158639140e-10
3.373860706871317783e-13
7.913944022677754653e-15
6.529664829668657688e-12
2.469650484115959443e-09
1.588545267550145468e-10
1.108347902345485636e-08
3.524079639216637361e-10
8.037321893097915115e-13
1.133652318685562932e-07
4.496904931761136481e-11
4.421798927012332570e-09
1.970693469047546387e-02
1.618706613193410249e-09
3.650996802662120899e-07
4.407872504497145627e-12
8.382908589510407182e-09
2.337986444445050438e-07
1.914192750973597867e-07
1.760790069305073757e-09
2.912584932346362621e-06
8.199879175663227215e-07
4.357127739797227520e-15
3.194756538851296901e-14
2.906441198824438743e-10
3.717639477512912904e-12
4.467002554520149715e-07
8.511826660173582582e-11
4.202365018468601221e-12
3.286573704158746168e-12
2.851260116898401975e-09
4.336211251176891324e-11
2.394676457129207847e-09
5.659675506031192072e-10
8.671787327330093831e-06
1.169974126469242037e-07
6.185793210988776991e-09
1.305974078880112188e-10
1.444602337058453756e-11
6.347856521606445312e-01
1.332476385869085789e-03
1.030266497115128743e-11
1.060238830064008653e-08
2.692292777606297705e-10
8.364717807296528918e-09
1.301542762455198954e-10
2.939392373946247972e-08
1.002039631825546451e-10
5.769755333229209526e-12
1.005727945369017107e-09
1.128053008869756013e-05
5.173828920845835455e-09
7.828337804383078691e-12
1.352364709106268492e-08
2.304407532849328533e-11
1.919853442888808104e-10
3.891149284295652988e-13
2.238761408079881221e-05
8.458081457440869144e-11
3.723357071879623836e-13
1.222738887918239925e-08
7.600699236665064973e-11
8.335392380660888723e-14
1.480249466112582013e-06
9.293637387441933129e-11
3.130678383200802273e-09
1.693497608812322142e-08
4.781129381292714697e-10
6.718403056105159976e-10
6.361655890941619873e-03
4.728585523139372526e-09
1.477868938337678628e-09
2.059405623811016994e-08
1.683299333254950625e-11
5.420817501544661354e-07
1.783709002722844161e-08
1.825766343666046509e-10
6.093452498134865891e-07
5.516363810187385752e-09
1.627461824682541192e-05
5.552089987759245560e-07
7.513478522014338523e-06
8.042043447494506836e-02
6.988042783317993667e-11
3.978471024845831039e-11
3.282763172407499042e-09
3.789125901931811313e-09
3.172131307627168439e-11
8.588188826763598627e-09
6.226267146303143818e-08
1.800279036956453638e-08
1.743226060463981542e-13
1.731750126054976135e-05
5.764579623108306849e-14
2.365163354056676326e-08
1.031330229550597721e-11
8.797509565283689881e-08
5.527014764084015042e-06
2.532455312120873714e-08
2.984992164556388161e-08
7.902169474327536136e-10
9.922184601718342378e-11
1.150043324460447991e-10
9.120417095165311849e-12
2.380569640081375837e-06
1.117867842737041428e-08
4.106234759092330933e-03
1.805355344386416760e-11
2.651129616424441338e-04
3.629273825911383256e-10
4.005661080608291513e-11
3.143619531353891716e-10
3.649083535339769924e-10
1.897300242262311976e-12
1.650842310074729369e-11
4.084808047366550454e-10
3.623928490625871746e-09
1.407190211466513574e-05
8.239390325570639106e-08
1.156969112344086170e-03
1.299309951718896627e-05
3.544473372585343895e-07
1.478380612374152747e-11
3.005327649067968121e-13
1.634354557609185576e-04
4.174444644122754511e-12
2.046747831627726555e-04
5.652121330967929680e-07
2.461667328312877601e-11
6.763267463433253468e-12
2.008717638091184199e-05
3.579790760696588414e-12
3.790878793097363086e-07
1.852546483860351145e-05
3.437676423345692456e-05
1.271573124572711322e-12
2.467811545392439854e-11
2.195351322606398092e-12
1.192726584164915948e-09
6.594420121075472707e-09
2.698849588256280185e-09
5.019297422137469766e-09
3.931889813735267580e-10
1.570093081681989133e-05
2.788955698329598221e-11
8.077761776803527027e-06
8.001010336038116844e-13
4.355700912797577651e-14
4.642904095817357302e-04
1.635604917282762472e-06
3.451227359452246901e-10
4.098999362156519055e-09
1.234597561960981693e-07
3.986976298619993031e-05
9.231713836302737897e-15
1.365198620817409392e-08
8.035947729467807221e-08
1.249383956292149378e-07
5.126045768411024994e-11
2.620395100905170693e-08
1.562987517189640130e-09
2.840073282887184414e-13
2.137744013452902436e-04
3.949622850996092893e-09
2.031821288994706265e-08
3.393701097920143184e-09
1.214059125231869984e-06
9.576951731649074873e-11
1.481833606931104441e-07
7.256056733240257017e-07
1.470640320633265219e-08
2.075035022280902197e-12
1.133276668952021282e-06
1.422000536877021659e-06
1.864974980003708538e-10
1.110657139175019736e-11
4.305951211910907794e-13
5.825100402034877334e-08
5.186499840714731135e-11
7.175272598303195082e-10
5.550580069353661106e-13
3.192342035163164837e-08
4.265505282319281832e-09
5.691418323294783477e-07
8.228275873989332467e-07
2.321880401723319665e-06
2.412947397445464048e-09
4.244121498686581617e-09
6.005986108448269079e-08
6.548795283833896974e-09
7.738541899016126990e-05
5.111828471626722603e-08
3.309917451232990970e-09
1.154163570271649064e-10
9.431825320760367504e-10
3.694410333210385033e-09
5.935595481787458993e-08
3.243643004680052400e-05
3.131150378976599313e-07
5.652959700341853022e-08
4.112672868927802483e-09
3.443326290764048281e-09
1.990307441426808488e-12
6.212997338828074589e-10
6.229648416046507098e-13
5.842829295943374746e-07
2.350099975734210034e-11
2.433957270113751292e-04
6.561238097974042560e-12
2.855185421424266679e-08
3.032426931781628809e-08
9.806302471437877699e-12
3.674323306768201292e-05
6.727447043886058964e-09
3.947740356835538478e-09
2.595557324625019646e-09
3.054726749329716995e-10
1.189133680412624017e-08
5.191730600984101329e-09
5.030520355830958579e-07
8.486177906219527500e-12
1.546991840184475109e-10
6.701388142321684782e-12
9.998846195458099828e-10
9.690144797787070274e-04
3.453872951530989610e-11
2.525277942311277002e-08
1.974835526198148727e-03
2.612924633604851721e-11
7.111941591197989965e-10
9.395147420460103760e-13
1.303514274297867814e-08
8.449742381344549358e-06
6.883546177505195374e-08
2.872240500995104640e-10
8.853106615858141737e-12
1.930778315006875800e-10
1.027391416386080891e-08
4.678056284319609404e-04
1.856245018805324776e-10
4.201898161013128963e-13
4.801519425112754647e-13
3.837823896901682019e-06
1.217976934586584292e-11
3.000431934158109826e-12
4.998665872335550375e-07
5.523850995814427733e-05
1.381921486964809986e-11
3.432566730854347270e-12
2.374604690397880136e-13
2.304954729685781967e-13
2.214699517935514450e-03
6.099958760330537189e-09
1.755647645040880889e-05
7.919724771821012865e-12
8.432453346696178187e-11
4.981559698080673115e-08
1.084063172562821364e-09
5.656543180521111935e-07
9.637565057118990808e-08
7.093208941218176466e-13
6.630333088120110574e-11
2.329701986880650111e-09
2.192049208815660677e-09
9.542577572574373335e-08
2.096782643346006836e-11
2.625126116484466365e-09
1.011729011679562973e-07
1.522077060743531884e-12
4.977490334567846730e-06
1.221445344867788663e-08
2.033098411846623321e-10
1.463090482101137013e-10
9.356021735129615990e-09
7.068717139402380667e-11
8.797386819026087323e-09
7.965700933709740639e-05
3.074065091368538560e-08
2.195169324092915986e-10
3.691698280405830701e-09
6.715004940982538528e-11
1.837502261459178499e-09
1.440259097762464080e-06
2.482206618878990412e-04
9.743645250637200661e-07
3.311055962740283576e-08
6.287817488903613139e-10
7.873339480379826227e-11
5.764553861808963120e-06
6.727998158595482892e-09
4.485148252797444002e-09
5.168251391296507791e-07
1.688723045845108572e-07
9.594399719148327677e-10
1.132278937276964825e-09
8.959707281652740107e-11
1.784105734259355813e-06
1.089021997580097434e-10
1.923203263309858357e-10
1.202307090691911995e-11
2.508794283428983363e-10
8.571524601208579952e-10
2.759771255966825265e-08
3.790688651861273684e-08
1.342677702353967106e-08
1.488387368908661301e-08
9.518818025466835309e-12
1.217194522951103863e-07
2.656912734266825282e-08
3.590651734275418505e-11
1.643777795834466815e-05
1.045574390445835888e-05
6.555330944735260346e-09
9.074785367602089536e-11
2.167832857669083069e-10
5.236817923748304793e-11
2.199995075002902922e-09
2.581242337929001707e-11
1.280267419856429001e-10
9.717905369299728591e-10
1.520593173154338729e-06
1.472926780543559744e-10
1.439641628131482776e-09
2.975107139813193413e-12
8.985146848772274097e-09
5.101741806790016653e-10
5.392865265463342439e-09
1.481984757134569008e-09
3.201186473233974539e-06
9.703889247703045839e-09
1.210140841700901859e-11
2.125497694516198521e-10
1.017412376569382104e-09
6.236084004740405362e-08
2.669299785547363246e-13
3.392211912842807431e-13
2.716792936452439022e-12
7.482467878801302152e-13
9.269592905758461399e-12
5.519283988175693878e-11
4.591850233381933322e-10
6.963757925859681563e-08
1.105672628107234878e-12
1.491134438147412311e-09
2.789461196750497862e-11
8.753061608857137799e-10
1.459295972949803399e-08
6.145603492768714204e-07
4.927630525841664166e-11
9.790827870670426591e-12
1.534739945806967709e-13
7.376513289081287894e-10
1.593430942747886547e-10
5.750663834014346776e-11
1.674217919855891523e-08
6.149498688046151074e-10
5.759231758162286496e-09
7.584121664017118292e-10
1.190052505324612486e-12
3.315427488104205622e-09
