3.937699499800828562e-09
9.317677296394322184e-09
1.462734013774058539e-12
5.786146169191598476e-18
2.324689533801062768e-17
4.461610594863607560e-11
7.705460754051443595e-14
1.720579613944436381e-15
2.866305630344623268e-11
1.538283172716758962e-12
4.696226962863647714e-09
3.065311439192589665e-15
5.814031567297206493e-08
2.721581572845237218e-14
1.948541908676341451e-15
2.290858746190754802e-13
2.903969009704354676e-10
1.807563904869351201e-14
2.670468013388216377e-11
3.796498191231501401e-19
3.102058057785086163e-16
2.580166912966025536e-16
8.956390490366672452e-11
5.995451690665731803e-09
3.146801219600092736e-08
4.854076585125710608e-10
3.583155365298462680e-13
3.215801973668885871e-12
8.830717888486105949e-06
1.377137379826587349e-11
1.110042700119828751e-11
1.826406664795499069e-10
3.799498562995218265e-11
3.527794159227659598e-12
3.971270740640159280e-13
1.191875509962483926e-13
8.401049300665874853e-11
2.489638703528918029e-11
3.026144872880776049e-12
5.248239993635439582e-13
1.633609426118093344e-13
1.314972436494699082e-13
9.841969628701294475e-17
1.621989868805240320e-11
1.052571447605966698e-16
8.145577040565704641e-14
7.186304604503684218e-15
5.066079175935144733e-16
1.533177773106741970e-12
3.750152688386521049e-10
3.737314069329755739e-10
6.308967931412112762e-11
7.820925574915718603e-14
6.880225860881553773e-15
3.154542599359544397e-11
5.137782357216881535e-14
1.296406829543600425e-13
7.302943243626264236e-14
8.640771136255408214e-15
6.842873825490007264e-15
1.671184485284651910e-14
1.092911457893401756e-16
4.157157673656541874e-10
8.670624304261617676e-14
1.563154570230284408e-16
7.127518215093410427e-17
1.240669486634107810e-13
6.157564348541200161e-05
4.519520591106385154e-10
8.751039337617783076e-10
1.149020045285159683e-16
5.520032764216864507e-10
2.699003782581231754e-16
3.967231697912495039e-15
4.378486702093384881e-19
8.979099581918337236e-12
2.452607214542545933e-11
5.571566564230648333e-14
5.628251198430689328e-10
3.074238179578969721e-07
1.775879443499661647e-09
5.055466678963171923e-14
2.500212710476734657e-11
3.102857704107009340e-08
5.919930344544521716e-13
5.615278908521759149e-09
1.064796037800186390e-12
8.699979755708020512e-14
8.434371907492521636e-13
5.721752027932529641e-16
5.114034602694481069e-14
3.594457897660916206e-16
1.280750492775118224e-14
1.487633936392632195e-13
7.416925302214379560e-19
7.786581978206670715e-19
1.971893362952501232e-16
9.315406085397270886e-12
3.255635507275894680e-14
4.215748583558109885e-11
1.376249425533160320e-08
5.563517040726301266e-14
1.027798735009355369e-08
4.324044247661085194e-11
4.544020541785709355e-12
1.568188361304363607e-17
3.218304859466266342e-16
3.013784942703452881e-15
5.307461132764407891e-17
5.575388241363388175e-12
7.770886017999245610e-11
3.689332173095749567e-09
1.835289076268509234e-08
3.677376111954622218e-12
2.114299707534073036e-11
4.098558159526533018e-10
2.059083519941290290e-15
2.269699761470178601e-09
3.340861573815345764e-02
3.121157376995142840e-08
1.547954440184184932e-07
2.707978126181842526e-07
7.622520947769828581e-10
1.340152152806695085e-06
6.004629302461261808e-13
2.155986164337903022e-13
2.436890099488664418e-06
1.866549466591187297e-19
6.353747579358135430e-18
1.412595236773396892e-14
4.852935087340743206e-15
3.509357820939256736e-16
5.799628634149784040e-17
5.431491700846891035e-09
2.806255783305289242e-10
2.230406526138040135e-09
1.726464735334488215e-14
2.650083928343316408e-12
7.200409712915245564e-11
4.753662352641185862e-08
8.938523592405545060e-07
2.960579781330352489e-09
4.027828293118318470e-09
1.107149528306594632e-12
1.646973356306258296e-11
2.640973682419781726e-14
3.799226558354185102e-13
5.775096720284089713e-11
2.478861110729921173e-17
3.680019011768788232e-17
7.994609141359632076e-11
5.830019134123176627e-09
5.231615488043850348e-11
6.846463294694481097e-19
2.477058280511029199e-15
2.696316636730516491e-17
4.727347788652393841e-17
9.934740340502082323e-14
3.300097960743167413e-15
9.832089631345297676e-08
7.232873154572327934e-13
5.506932243548590122e-09
1.016051243141191662e-08
1.411621579176791652e-12
2.979218954868301239e-11
1.039979102834820424e-09
8.835585596500550309e-10
1.852896502896328457e-08
8.523427023243394790e-18
6.497320342464335572e-21
9.609507392027762129e-17
4.218455554490241344e-13
3.294214673179446384e-13
1.183023282980177112e-15
5.235714464281763462e-16
1.357624169334714637e-11
4.417837189824025401e-12
2.335747449665794153e-17
2.681346897986935929e-13
1.090934983949409798e-05
1.503158910054480657e-05
1.178777019571197737e-12
8.960806272342858314e-13
3.031290225340849132e-13
1.104133264310212803e-13
1.301415555589281389e-14
2.979832474045711506e-15
4.914227661953485260e-14
4.040323305955217936e-13
1.078042386262745289e-12
5.912001357216700725e-12
4.940038395712109676e-12
2.463241955531449883e-17
2.162118698757891917e-16
1.246213288813580178e-11
2.971551224826308324e-19
6.025990842317696661e-06
5.739862253030525441e-13
3.208639300436577635e-12
1.753537527855730804e-12
4.214518664613642329e-11
4.265903826625156272e-16
1.808814930180798440e-15
2.321534501508663010e-17
3.748437767211009321e-17
4.256782643388690168e-13
9.931687827702262439e-07
4.180511214979532042e-10
3.668759891297668219e-04
1.888807036123929528e-12
1.587926873325429256e-10
1.598138142682630283e-15
9.100815905732900085e-15
3.372405431211343194e-17
1.515054120842466295e-14
4.890232489107191813e-15
1.310398729630068981e-12
2.836358093746541586e-21
7.963545896528968382e-19
2.648501264222030693e-13
3.202166128963993344e-15
2.072171661284026925e-15
4.088510942561879302e-13
5.980066702243602705e-13
1.403367179408920862e-11
4.654485220436190875e-16
2.644631890664030961e-15
1.979459707257547052e-09
9.950682916040872456e-19
4.460607435548847793e-18
9.171421434805981932e-12
6.305202193690462309e-11
2.948565893924154314e-16
2.333621085948275539e-15
8.900812487229459169e-13
5.765458110928989299e-10
9.725555220375676352e-15
8.094262937588091872e-15
4.246846337053675202e-14
1.018243716882812067e-15
1.474335621823484534e-16
5.563256811029081064e-16
2.289540379642418478e-16
2.236426865920293494e-08
1.407647056642785666e-13
2.105358075377150584e-11
2.617900349832780194e-07
2.475885775153792434e-16
1.564017144961571404e-11
9.196326367089113774e-09
3.677495374193595623e-12
5.946834846781712258e-08
9.407592604503568073e-16
2.194058220086263049e-15
9.074567837005147013e-16
1.818821921415261778e-13
9.291289686889632297e-16
2.722919134612311609e-08
1.285427131083498667e-14
7.984829464291465229e-10
4.308480113478230233e-13
1.785429026845974931e-10
8.967259259510000458e-19
5.245793729957703988e-11
2.018994563549036947e-12
1.526467191004536508e-15
2.129094604680120857e-15
4.492324786090854533e-15
1.628543830280333726e-14
1.946132699437441715e-10
1.928780919702166585e-12
3.481446034236945763e-11
8.557249131513344764e-09
5.782091617584228516e-01
8.547501595401740815e-11
1.590514031590828381e-08
6.791427153984841425e-08
6.326481764677704955e-13
9.490424938973784919e-12
1.764489060776270463e-15
5.844670450741440426e-13
3.424344141578217204e-13
1.036500095821790701e-12
1.696835311149058612e-10
4.714160730570466277e-19
6.556922702277007131e-15
1.109945706038225482e-14
1.491667206421354308e-11
5.579247458996350328e-13
6.205906002066839070e-16
5.777162060370544250e-13
1.370231567099366998e-10
4.746081652684530638e-11
3.012816875980206532e-07
1.668501491483564969e-12
1.548032535492183115e-11
1.198860281881319878e-11
6.351973200896532390e-12
2.217525691406417067e-15
9.295180998600965916e-14
4.022112504165065161e-11
1.572786023054835447e-14
1.822102468906905415e-10
9.797540556633066444e-10
1.305810494456327575e-12
6.539272595640355235e-12
1.315103137500273078e-09
1.866081039691991350e-10
3.923508757147734513e-16
1.180148220223135522e-14
4.719285400835160349e-13
2.451648139126347443e-15
2.490340399174950647e-12
2.790197996660589898e-16
1.135975424837454284e-09
6.717564194789679699e-15
7.994581559256364045e-14
1.452259031542281280e-16
1.149334373917929833e-18
5.258375454357012979e-15
1.667457838472330423e-12
4.864746843205591809e-13
5.799972047776380535e-13
1.319862123971044275e-17
6.252044895864128124e-18
3.183116463859362536e-16
9.711106701768001948e-13
2.729791761559019481e-13
1.754648184561224955e-12
5.722574844546635120e-11
3.522111491349733114e-09
7.785191380449418830e-10
3.477948137819986130e-11
9.174955005540174485e-16
3.644437010539207193e-17
4.997089587288103863e-19
1.420316364446040609e-18
2.532594359921924720e-12
7.279638053230892301e-17
6.456122181663719560e-17
1.083230483089892005e-08
3.270395456181351967e-12
2.203460709317259410e-15
1.090978833110232862e-16
1.556080676638760263e-12
3.154312314818108476e-12
2.236129880708263157e-14
4.269697210739875452e-16
3.829111368864326025e-17
1.252437908293374882e-14
1.030542296463765606e-13
5.065055579817068221e-12
6.989177570027038655e-10
9.691753177776263328e-09
1.315086060882375563e-12
6.025763799405122779e-16
5.540429378979696076e-15
1.049960799418300339e-16
7.556485276914715055e-13
2.494187981658946850e-18
2.114404512275889526e-15
2.341557361147574706e-15
5.536246306769680714e-15
7.453627355624194151e-15
1.967179240683347707e-12
1.898655183269794267e-14
3.451882665001112203e-15
4.232346945514839807e-18
2.065795867700614963e-10
1.310411306375269813e-12
2.615274443396246157e-17
1.112276503539844086e-11
1.241646539138765645e-14
1.145446801645300106e-12
1.355858203488935487e-09
1.229826922808166523e-13
8.853809070445695095e-13
5.132736249913172344e-11
5.277259748984186594e-13
1.127683992192818341e-12
9.882666956197934064e-19
6.397385211331962137e-16
2.184202832926281654e-16
4.062656877579229331e-09
4.173099244094390092e-15
3.067428598044251789e-15
1.081987797968420040e-11
5.235175574297423751e-12
7.455761031618327733e-15
5.170524165071244127e-12
5.414171888595831206e-11
1.688417201189951200e-12
1.919366054980997660e-10
2.570734423945619795e-13
9.667493472420574108e-09
3.896260924844425350e-15
1.460636150332934868e-14
8.679347425423312805e-17
2.274746536967686694e-11
1.511234700046770740e-06
2.882261213604271751e-17
3.310276044162646647e-13
5.873614315114487005e-17
1.004989277561540995e-13
2.583675799889585678e-14
5.412015273266007994e-18
5.585398612259311057e-14
3.497429759136139182e-07
4.671112265432555977e-14
4.942849948785799086e-11
1.628807158593481574e-11
1.836577114347481832e-12
1.146834499110918615e-13
1.939987059884629161e-11
7.924004457890987396e-03
9.374488740832020994e-09
2.979705736740978581e-16
9.052013219047949364e-19
2.078064499991261194e-12
1.062523753863959706e-16
7.525251841258558373e-19
1.135084627473196411e-14
1.442402500391512725e-18
3.063995238083982997e-12
3.656152117170741178e-11
2.688318673709855569e-15
4.824760315119518139e-14
2.046457519774575601e-14
2.330028734515675326e-14
3.040345197824478873e-10
2.512102852570467185e-17
3.669248150841067476e-20
6.238257896091625038e-16
1.821733919043968392e-14
1.591862456551269083e-18
1.448498981350410109e-13
9.461050649514635147e-13
1.476481426270631614e-14
1.459061367853223355e-16
2.445992193511603574e-11
2.111725655451479611e-10
7.275287956711590232e-15
9.368008452304010802e-11
2.064233376586344093e-05
3.605966957831734012e-16
2.684015111063093283e-15
7.791222501147762602e-14
4.872089953700253773e-10
6.890458343139185842e-18
1.909985841361261372e-12
1.144278682224664223e-12
9.617333378243372866e-14
2.617541600136163993e-12
3.665001051439520483e-17
6.977145911805232581e-15
1.916828978210105561e-06
1.444733276154824830e-16
1.239515490247811158e-09
3.492373057412123671e-11
2.641668004343955545e-07
4.472360849716583431e-12
6.090601677567892623e-19
2.825253513973893186e-16
3.496579716816272326e-18
7.610080647282302380e-04
1.277297278362565791e-12
4.670815803901016972e-15
2.662643439066414430e-09
3.745617505046539009e-08
3.197935189228062747e-12
5.386300086507311846e-11
2.209998573032834202e-10
9.793526666718177509e-13
1.116230521100262940e-13
1.513885804910186650e-12
8.132223366930091402e-11
4.431476480258947359e-15
4.056962556696352973e-14
1.218011455583756231e-11
9.336569061282884441e-13
2.785872366128927524e-10
4.020977301122385938e-11
1.776099754612699916e-20
4.456515621212731731e-15
5.858244505239863700e-16
6.063193295959695694e-14
9.435191367279447445e-24
2.878355377395475090e-13
4.204113679406873416e-07
3.069881501782667499e-11
3.158264326604508232e-14
1.653412216168215210e-12
1.911015968950394162e-13
6.654730583522931967e-19
3.574850884876992069e-15
1.990468345702822717e-10
1.883273202590510101e-17
1.228197180595672414e-14
4.641806583549623610e-07
2.632146930969803122e-11
1.975828875511176363e-11
3.076048598238574627e-14
3.246605500783453398e-15
2.330640800523361283e-15
2.413435336995339853e-12
8.454441031806314566e-13
1.099027188700141267e-10
3.417932525683975778e-15
1.033569338107368299e-14
2.926390041969444697e-16
1.247530665265104456e-15
1.164076682269588048e-10
1.299236385143842654e-09
3.310281851102895667e-17
3.666699166515741126e-10
2.215284489182067773e-08
3.357088993097793342e-19
5.282886905710881820e-10
4.488771507271671624e-11
5.407235565606325484e-15
1.663066473872563413e-18
2.520891752722659307e-13
1.228859120962083888e-16
1.756410907558306200e-14
8.965484750300921075e-18
4.640843798142668675e-08
2.301676376543102475e-17
1.106481041513701405e-18
3.261269943335975974e-12
8.894703007987503351e-13
8.298580927982852563e-19
1.241241657389978090e-14
3.918034733457753660e-12
1.422752506475779720e-16
9.714043195589543156e-15
5.207318408938232945e-13
2.056302843124352430e-17
1.242096182851870623e-11
2.433868040441211633e-08
1.659815618282323157e-10
5.752419618117524114e-14
1.815568006231901756e-16
1.394239259888831834e-16
1.988968038391710630e-15
2.228901212220080197e-05
7.016308806857877116e-20
1.201310930098424223e-20
4.967145618428592257e-12
1.276959850929565779e-14
1.028004015246608560e-09
4.570741354847918103e-12
8.846930132921926315e-11
3.417584412083313206e-13
2.664842579858996298e-17
5.974979219074486037e-14
2.448906935751438141e-02
2.949258487205952406e-06
3.244152599247323351e-16
2.325594303955073270e-17
5.136613243134720114e-19
5.992411877106984704e-16
2.872151960708890783e-10
4.274976097944083175e-13
2.460722114960844920e-08
1.642283276432037874e-15
5.633213791538405762e-17
2.014962606040218251e-16
1.728080456508962470e-09
2.245406551665274364e-12
1.348291220892861020e-06
5.095978394820122048e-08
3.209809542521779337e-15
4.648948801334699954e-16
7.157294234279992784e-14
2.115823782844472589e-08
8.884813995635454376e-10
3.892234090585589001e-08
5.685304115508882372e-14
9.759967140032799193e-12
2.230620202436917054e-12
1.206779251181067103e-12
6.313568103651773233e-14
3.788603816518715250e-13
2.228029501345762942e-13
1.871304789347050246e-06
9.519975953387049827e-12
3.463584419272081050e-10
4.665769520414454752e-14
2.624571821132444180e-15
1.115609202524248542e-20
1.875501840735574406e-17
6.543827169025462354e-08
2.300702123217637519e-17
1.798726279034212894e-09
4.533421104336904834e-21
9.605775376508862706e-12
1.964809174734294395e-12
3.014791884552364707e-18
7.903718790558400542e-10
1.065100985186973048e-08
1.213273582383706754e-16
8.701593048540678943e-13
9.439994368988990921e-21
1.867704740865505642e-10
1.336566491164092874e-14
3.894728723558005257e-12
4.991723034919459678e-09
1.873346963665589726e-12
1.839766117228691655e-10
5.745345726609230042e-03
1.193482725841965575e-11
4.376053116051738560e-17
9.205289863700727437e-10
2.095204485588231279e-17
1.408682545611661396e-11
5.881148901210053737e-09
6.123444850139603268e-13
5.435151018690748646e-16
8.500896926492973460e-13
3.168735961997352652e-16
9.968984188493679177e-14
4.187603042105081386e-11
7.348471990553662181e-05
2.878510797776900887e-12
5.894241552613599345e-17
1.479029470782562000e-14
1.363770485429682822e-10
3.511358413234300091e-13
7.791874279765784986e-18
4.272694127394061070e-07
6.257048212887639238e-09
1.939392216428453136e-14
1.618367753220517465e-19
1.527727545180823654e-05
1.341676683286525430e-15
1.593610795680433512e-05
7.571937868378064707e-13
1.676469943770464432e-12
5.869454245142945517e-15
2.543258246382807449e-16
3.313281520347412246e-14
3.840825507788511040e-19
2.166041651781370679e-22
1.293159774268321980e-16
2.003420961570710757e-15
9.122734266289089295e-18
9.320527781921193050e-15
1.373714391615351096e-14
2.054522120465383794e-14
1.277728573986780525e-12
2.785126916284496809e-15
3.554833802267478443e-15
2.079714467981830239e-04
2.794396209584537431e-15
2.453428571413951431e-09
5.703642992915824734e-16
2.983870280105272756e-15
2.904454975138914818e-11
2.275685878887906410e-13
4.043474404044275494e-14
9.566808785166358575e-07
4.265786612833721847e-10
3.550822726064735704e-22
1.573719718060505703e-17
3.824046656587809512e-13
1.368608731119186350e-15
4.974951700598140292e-11
4.779314914327670273e-17
1.176393943196074598e-12
2.581061426080440380e-17
2.460417806993131506e-11
8.487485066098455176e-16
4.135541908922846233e-11
5.052625527170173658e-13
5.178536266470246119e-09
1.035639944028249326e-13
8.571317267058731204e-12
5.272552985949037051e-16
8.805269339183519062e-14
2.518142387270927429e-02
7.940533396322280169e-05
4.059858991959946070e-21
2.186880711241290243e-11
8.950629976162897787e-16
2.259345488475617003e-10
2.329787414829002576e-15
2.160686629615327092e-10
1.262876096472714598e-16
1.429705285367274814e-13
1.523299281852574794e-12
1.272723082479387813e-08
6.962243281893876201e-11
1.169916052055908207e-12
5.652994890768814340e-14
1.221409598539880325e-16
4.613059066682634324e-13
1.663816892124271520e-16
7.253677722474094480e-06
3.523162181578456086e-15
2.283658935235625564e-18
1.611321466871272783e-18
3.011217430330369936e-18
2.427793194312301996e-24
8.165556231176651636e-09
6.152443002971821743e-17
1.797746750659026498e-15
1.629952617321350772e-09
1.055054568016577932e-11
5.624992277994118710e-16
5.911441007810935844e-07
1.421852004573729992e-16
1.485381262433804750e-11
2.342843430369612179e-08
1.465006017130621445e-17
6.048337525266234138e-11
6.599988567820846974e-14
7.004683969360006590e-14
5.065418084981843094e-10
5.212749676353212180e-11
8.202124535117150117e-10
9.274266909997663788e-10
5.538521236303495243e-06
3.206375241279602051e-01
9.410454153114634017e-18
1.145290494698311219e-18
1.287239195443823370e-12
2.030109953299157055e-14
1.382373084274704511e-13
1.247693948158712374e-09
2.948741945063559911e-11
2.800572545137020031e-13
5.978426551476840137e-20
1.059476811837711807e-11
2.299451233230353554e-21
1.664207400359218880e-12
8.276431454817877263e-16
1.491269046027809964e-07
4.552615848751884187e-07
1.370769935684105698e-14
1.338976041154182894e-09
1.619263951715430385e-18
8.679174763050970937e-15
2.733932426932181658e-18
1.505025242640605376e-18
2.647900787522416977e-09
1.473701633544332451e-14
4.813189661945216358e-06
6.382384468767144679e-19
2.356448749196715653e-05
5.140088658525665544e-13
9.659787076135573081e-13
1.432011383388151482e-13
4.688087894265218275e-18
3.802934173385046802e-19
8.413102145086258574e-20
8.303973285904431290e-13
3.560745922832724009e-14
4.665405284320911505e-10
8.052671723879356591e-11
2.493218053132295609e-03
1.780260244776954437e-10
1.865711632496186434e-13
1.414671911420647201e-17
4.986768441194973460e-19
4.634041772533237236e-08
1.329640722300401147e-17
4.436209621871967101e-07
1.758416410526861262e-13
8.982807566689006581e-18
9.457463786855533142e-16
1.848504349588608875e-09
8.275117271361189698e-21
3.694322625591439646e-10
7.716718073424999602e-07
2.261952047888371453e-08
4.647900730411370766e-17
1.121047152779000838e-15
1.186743726970225857e-14
3.877635570306809743e-16
3.630170469781646148e-11
2.265068774903733484e-12
4.424241124823501126e-14
6.721156292112395736e-14
9.252006805127166444e-08
8.046881758304271692e-19
1.278673944504760129e-09
8.322701643891869562e-20
7.202471215929834534e-22
8.457712397103023250e-08
4.327256053482386733e-10
1.079626839317615605e-12
8.721382448693970613e-13
8.371637827409017518e-10
7.977983607077021588e-09
1.337096721546801000e-18
2.482194264786705649e-15
4.147585920544205607e-12
9.221443053597511152e-13
3.120814289500964400e-14
1.732749638216901644e-10
3.802878761134838304e-14
4.670129389576385768e-19
2.105870407831389457e-05
5.679995861672393342e-13
2.341591276346782768e-13
1.286031594970483017e-16
8.166972415186990464e-13
2.356791883978653739e-15
1.349205469569625393e-12
7.379564692655549152e-08
2.922138598318718152e-17
7.940301378146146713e-21
1.062937071694136648e-09
3.413226590254225812e-09
3.078694136242733984e-15
3.988093166491302796e-16
8.820983572276771059e-22
8.250827321712450590e-14
4.443256526598382550e-12
1.376214134073464306e-17
6.151380324038874868e-19
3.465590011145214255e-12
5.143724462748459902e-14
3.329434434817812871e-07
9.063036432443993817e-11
1.711316954811081814e-08
4.120895985559869246e-11
1.456683488025231621e-13
9.320000327051047861e-10
2.245273845319362138e-12
1.217839695755174034e-07
3.734307030267558503e-10
2.094090146512878059e-13
6.485097243186655801e-18
2.548406406757100680e-15
5.268625813403815528e-11
1.305384134120401995e-09
1.620155742898532480e-08
3.225561094263862394e-13
3.568456086178173337e-10
1.866007999160035347e-12
2.586522033880267468e-13
4.996348743651986057e-18
9.720509570840335593e-19
5.289885852452318106e-21
1.377028602256302747e-09
5.533429752813470714e-14
1.792330692751420429e-07
1.265222636230550433e-19
4.994160467119979074e-13
1.670012733786738202e-13
1.999226677754672851e-18
1.912194794867483338e-12
1.037260368878323638e-14
5.505314086551305053e-13
5.179140970257289922e-12
9.304834273111820594e-17
4.114756035900057896e-10
5.553415800135796943e-13
1.379990306055178806e-11
1.364333702894834693e-16
3.060185839540846553e-13
2.355100001840962278e-17
3.953404189451034006e-17
1.408585376339033246e-04
1.547266151198814857e-17
3.208343963764792584e-13
1.121542391047114506e-05
4.941350927473988838e-15
1.029998460654046877e-12
2.389705144126148818e-18
1.125138177071605128e-12
7.096286058771994476e-11
8.013009145102500952e-10
1.189732687367772712e-11
3.887150788642263019e-20
6.996521790473674701e-15
1.484239272285525768e-12
6.274098462988320080e-10
2.352130449911676510e-15
2.825550744783401865e-19
1.028725133355527681e-18
4.127395040326442555e-14
1.409059821836719929e-17
1.707123966181709786e-16
2.871252604563778732e-07
9.941286904791013512e-09
1.357508804802551317e-13
1.089503010548540252e-15
1.210092340873598253e-18
1.204022369985236228e-20
4.736193215393313949e-09
6.599797097717186034e-11
5.386521007011424444e-09
1.200535159769067738e-15
1.004948518336119118e-14
3.460093322971147245e-09
1.206405851952863095e-13
2.109202767996976036e-07
7.372269461569658233e-12
2.356079218250102552e-17
2.267573581043919388e-18
5.974235689487628065e-11
9.753666380422562621e-14
1.526047554989418131e-08
2.099176003378736000e-14
2.822614754774410706e-12
2.230741424913418314e-10
7.173126571789420220e-16
2.961515477295506571e-10
7.136693037750052593e-15
3.688033121355006189e-15
1.867963032517461208e-12
1.161028196326741035e-13
1.247016833903476316e-15
4.110022652076272820e-12
3.735433210749761201e-06
2.117314309990625532e-11
3.958216472144983344e-14
2.167517670881823066e-14
7.807857550605479258e-13
8.272447668284527156e-14
4.362439298688514100e-08
1.614067286936915480e-06
2.010655641981884401e-08
3.201613862913177400e-09
5.814411105364847288e-11
1.069510055143133573e-16
1.190072151935339662e-09
1.424582890888204112e-12
9.572624268781859680e-14
1.556745843345197500e-08
1.378315378497418919e-10
1.146305137400202567e-13
3.954117086790156707e-15
3.182594744503413091e-16
3.613811680458489661e-11
5.508202401138806437e-13
7.277272534578216323e-11
4.296506796137209122e-17
6.425640726968884220e-14
3.399486421529207547e-12
1.172699741133764739e-12
1.557270756791240274e-09
2.120178598657984637e-12
3.783889868103074150e-12
2.795162403824888149e-16
4.563966342630010331e-07
2.022649244748093815e-15
5.438427977405438721e-16
1.201098855790894149e-11
2.326934644969469446e-09
5.308652475943809179e-11
1.697941493758762729e-15
3.364851088461916911e-16
2.293815311305014149e-12
9.583943014201956601e-12
6.804706679705406101e-17
3.789139685560048579e-16
1.894730981269118764e-13
1.375096925215757437e-09
2.433721322072420618e-14
1.754965395011839902e-13
3.304305385150416337e-15
8.625963658637214593e-12
1.668459072073566474e-13
1.443558033525915718e-11
5.350037904014448564e-13
6.392623097539740229e-10
2.500859979173708503e-12
2.138549949097898131e-18
1.367658265284676933e-12
5.411312996925950474e-18
2.307376363000664121e-14
2.357941731204551451e-16
5.740194528405476113e-19
9.159903420319006455e-19
6.912549855758639552e-17
6.495384742219445506e-14
4.879948238578103725e-14
3.245809925087744796e-13
2.814753096401501065e-13
1.946473920087267440e-14
1.754674079734851058e-17
6.109086430426528304e-16
1.233739354227248743e-16
3.096853082675855851e-14
1.602935071787214838e-06
4.728024070345393515e-13
5.567545444720147993e-16
5.147367604394159852e-17
2.612959931161829702e-14
8.923582706099608686e-11
2.264541852647905529e-12
3.974993945110583127e-12
1.201754147583944388e-11
4.513871498801336202e-09
1.946749150771864834e-10
3.621319959396310240e-14
1.970283173172105508e-17
