1.855982922904786392e-08
1.751408120753694675e-07
8.140673202206016867e-08
7.498133669514572830e-09
4.586033497400165970e-10
7.631455645196183468e-08
9.659966160313615546e-09
5.758220709140005056e-07
2.248174041596939787e-06
9.496974939793290105e-08
4.641603936761384830e-07
2.584845049113937421e-08
7.715210692538221338e-09
9.169666981279078755e-08
1.437272412196932692e-09
1.354526102659292519e-05
4.561269975056347903e-07
2.605037821012956556e-07
5.636118771690235008e-07
1.720315445652431663e-08
1.519316583653562702e-07
1.419734235241776332e-05
7.437264866894111037e-05
4.197695034235948697e-06
9.992190599441528320e-01
1.012309951420320431e-07
7.023882631074229721e-07
6.820754805403339560e-08
4.824293142746682861e-08
5.209451092724748378e-09
9.658362998266056820e-09
5.151814974624358001e-09
4.527155095246371275e-09
6.776105898609330325e-09
2.659551689987438294e-08
4.747977655483737180e-08
1.756136356334536686e-07
2.790281783404680027e-08
2.920560291386209428e-07
1.402158460450664279e-07
5.639729394601999957e-08
1.078187850112044543e-08
1.143637078371284588e-07
1.684429207671200857e-06
1.607496642463956960e-07
9.473071216348216694e-09
2.553352018708210380e-08
3.870481180001661414e-08
2.550858937411248917e-07
5.591505924940065597e-09
6.090790982682392496e-09
1.003837951429886743e-06
3.270778980990485252e-09
1.073970565812487621e-07
2.530611942219707089e-09
7.992385420152459119e-09
8.970770792871007870e-09
9.938112555119005265e-09
4.882983350995573346e-09
2.308949120788383880e-08
3.811376458884296881e-08
2.832615919601266796e-09
2.889531502958675446e-09
1.326709853088914315e-08
3.372551793390243802e-09
2.241319130291685724e-08
1.440201202740354347e-08
4.211321957825475693e-09
1.232431046105375572e-08
4.570556200178543804e-08
1.466157684149038687e-08
3.572414186692185467e-08
1.049620408366536140e-07
5.435190431057890237e-08
4.675143117083280231e-08
2.899573914305619837e-09
8.557178965418188454e-09
4.752106708139081093e-09
4.367403771965427950e-09
3.066068643420294393e-08
2.303012536231108243e-07
1.062982093458231247e-07
3.144856464132317342e-07
2.382188831688836217e-04
1.298497238622076111e-07
5.583651159213331994e-07
3.059667506022378802e-07
4.688464832725003362e-05
1.589251623954623938e-04
8.969731624119958724e-08
2.647085750595579157e-07
3.266845993721290142e-08
7.150471770245303560e-09
1.094108370125468355e-06
3.831631900652610057e-08
1.888719580733777548e-08
1.745165036481921561e-06
2.442256459289637860e-07
7.131839119267624483e-09
2.211701030319090933e-06
8.537391948948425124e-08
3.079946520045950820e-09
2.992118552924694086e-09
2.499347218076763966e-08
5.673171710185442862e-09
1.117613592782618070e-07
1.615720002234866115e-08
1.271311944606168254e-09
6.243548789086617035e-09
2.896500594928852479e-09
2.441775670547485788e-08
4.660648045273774187e-08
4.697319155866352958e-08
2.370042651023140934e-08
1.083579519445265760e-07
1.278836592177867715e-09
9.130551426039801299e-09
7.549211034074687632e-08
1.589642373289734678e-08
2.509008334428131093e-09
8.845190690998094851e-10
6.530063156873211483e-10
1.385252623720134579e-08
5.900526733881861219e-09
4.219227278667858627e-08
1.576531971636541130e-08
1.777424252225046075e-08
5.125293078833692562e-09
1.445730557492197477e-08
1.867254013632191345e-07
7.298515125597759834e-09
3.503018604078533826e-07
6.195041351020336151e-06
3.662339167931349948e-06
2.738461716944584623e-06
8.380958433917840011e-07
3.935258519049966708e-08
1.118344954420535942e-07
6.282297363213729113e-06
6.812940256395449978e-08
1.227069112985645916e-08
4.573051910483627580e-07
8.436528275979071623e-08
6.433697876673249993e-07
3.753304724796180381e-07
6.707552529405802488e-06
1.632527784067860921e-07
3.205921572657643992e-08
1.398568594268567722e-09
9.355262342580772383e-09
8.642489390808805183e-09
1.023150719703380673e-08
1.004866501119749955e-08
3.882466614868462784e-08
2.940639554083190887e-08
2.841291291133529739e-08
1.078015099409412869e-08
3.805514481314276054e-08
2.856451786215075117e-08
1.429593332602507871e-08
3.013218474734458141e-08
5.205018638321234903e-10
1.898891532903235202e-08
7.280496205908093543e-09
2.180981084620725596e-07
9.724822547241274151e-08
1.535155114140707155e-08
9.353638752429560554e-09
7.318718076021468733e-08
8.099950044027082185e-09
1.303754082471186848e-08
1.910176905539628933e-09
2.690233369406769270e-09
7.182334282873625853e-09
3.744278842532366980e-08
8.763732850525229878e-09
4.748800019882537526e-09
1.526480275515496032e-08
6.261893759074155241e-08
8.578156518446178325e-10
7.001691670893706032e-09
3.032365825106353441e-08
5.086707499657450171e-09
6.537756007674033754e-07
2.159454171035690706e-09
3.550220784021007603e-09
4.358327743148038280e-08
1.735012489234577515e-08
1.722583409247135933e-09
2.446688185386847181e-09
1.265764471014563242e-08
1.760617962531796366e-08
5.087018362104345215e-09
3.022647376837994670e-08
4.641572903807400508e-09
1.628544588072600163e-08
3.143619409229359007e-08
1.289489404143751017e-08
4.593358937654556939e-07
1.237253965946649714e-09
9.037750103857433714e-09
8.064340306646045065e-09
2.013724653693316213e-08
5.243907352792120946e-08
2.128024867431577150e-08
5.615245868284546304e-08
2.358421902215468435e-08
9.377575160840478929e-09
8.946149598898500699e-09
2.599683135429131653e-08
1.999102039462741232e-08
9.649063770211796509e-09
8.229174142115880386e-08
7.588024431015583104e-09
1.655605359474066063e-07
1.784289160866592283e-08
6.701608601389352771e-09
3.347846444512470043e-08
2.207419802502386119e-09
5.258871382807228656e-08
1.043623143459626590e-08
1.355322041263207211e-07
8.236188620003304095e-09
6.784502915024859249e-08
2.815407995626628690e-08
6.943326269492899883e-08
6.666803553656563963e-09
1.245366689772708924e-07
3.488785482730349941e-09
4.384675378332758555e-08
2.168183357298403280e-07
2.023516856297646882e-07
1.476350632856338052e-07
5.305325956328488246e-08
8.617161739721268532e-08
1.246473502192202432e-08
7.347418318204290699e-08
2.056118653115390771e-08
3.081193966636419646e-08
1.855654829796549166e-07
9.285032120942560141e-08
4.465709224632519181e-08
2.837668056088205049e-08
6.388478190899604670e-09
5.043100159696223272e-09
5.405371705791139902e-09
8.164506404284566088e-09
1.362686763428655468e-08
9.692676172790015698e-08
6.854363476804792299e-08
2.850818248134601163e-08
3.277875038065758417e-08
1.622817435986689816e-08
6.789589690470165806e-08
1.003275063027331271e-08
5.037085060166646144e-08
1.269851157559287458e-08
2.417096389706330228e-08
1.272423677534106901e-08
3.207395238291610440e-08
2.371096030628905282e-08
2.089134341076714918e-07
1.173240526952668006e-08
7.153950321026059100e-09
8.971985820949157642e-09
1.563168616769416985e-08
5.387431833980826923e-09
4.479458581840845000e-09
2.320463288185692363e-08
4.596143554636000772e-08
3.979839036105659034e-08
5.312313433591953071e-08
2.238001002297096420e-07
4.737647074648521084e-08
4.206802017847621755e-09
1.006877159426267099e-08
5.597011742963786673e-09
6.313173628313961672e-08
1.989451803297015431e-08
1.032719083582378516e-07
1.065101287167635746e-06
1.420110038452548906e-06
2.828857077474822290e-06
7.043294658615195658e-07
7.006781821417007450e-09
4.361223773230449297e-07
1.298326957055451203e-08
6.099079996602085885e-07
2.028919539043272380e-07
5.213984195506782271e-07
1.238099844869111621e-08
1.529981119574586046e-08
2.029379970736044925e-07
6.327745438738929806e-09
1.435820240480722987e-09
6.484231818149055471e-09
2.575720614572674094e-08
6.413408026872957635e-09
7.025376476121891756e-07
9.900280417696194490e-08
8.173149934620482782e-10
7.973961047014199721e-09
3.356501965257052689e-09
1.195798926545421637e-08
2.155417622162758562e-09
1.658593595799118248e-09
1.102737900993133735e-08
6.315330125516993576e-08
1.808720107021599688e-08
5.548622539208736271e-07
4.176049017701188859e-08
2.168010482250792847e-08
2.503932350350623892e-08
6.435676880300889025e-08
8.681496410645195283e-09
7.680823976841111289e-09
1.944745697812777507e-08
5.724369600557110971e-08
2.187459244851197582e-07
1.802709204135055643e-09
9.978280424149943428e-10
2.431385439649602631e-07
1.024188077280996367e-05
2.745053251373974490e-08
9.653064125814125873e-08
1.620296075088845100e-07
6.364828095684060827e-07
1.252565624554335955e-07
5.742709419109814917e-08
9.151700730569700681e-09
5.684590931309685402e-08
2.118642186133001815e-07
3.389832272659987211e-07
3.065694542669916700e-08
1.477445454867165608e-08
2.398362084932159632e-06
3.619772996898973361e-07
2.447795743876213237e-08
1.597764054395156563e-07
2.778766550193267904e-09
4.630751959666667972e-08
8.738573753497291818e-10
3.061690234673619671e-09
2.727577053107665961e-10
3.376353918671526344e-10
1.123361847987780493e-08
2.593509296211493620e-10
8.862797784559006686e-08
3.238438495145601337e-08
5.997997654105802212e-09
1.274196570477670321e-08
2.856319625266223738e-09
1.049831555022251450e-09
4.846394952018329150e-10
8.409496432548735356e-10
3.426792405392120600e-09
1.093720740641401790e-07
6.723377055095625110e-08
6.131169527634483529e-08
5.324861618305476441e-08
1.170997521171557310e-09
3.846601259738235967e-07
5.410173571362975053e-07
6.689505482881941134e-08
1.467844867875101045e-08
2.007729307251793216e-07
1.700260199299918895e-08
4.840411627071716794e-09
1.732277610244636890e-08
5.511271083946667204e-08
9.752639016369357705e-06
8.951256802447460359e-08
7.940678337092776928e-09
1.156935738322317775e-07
1.579577286747735343e-07
7.178243066618961166e-08
1.508261782134923124e-08
7.957800335134379566e-06
8.806716778053669259e-08
3.932242620408032963e-08
8.162081940099596977e-06
4.703962375174342014e-08
3.112035074082086794e-07
1.540096127428114414e-05
8.372574484383221716e-06
7.708709226506016421e-09
7.564195492193448445e-09
1.577598940372126890e-09
1.031037744070317785e-08
6.608049218925771129e-09
9.785652537175337784e-07
1.175627843963411578e-07
3.407162409985176055e-07
2.386048265634599375e-07
6.871310187506196598e-09
3.616729360444992381e-09
7.914005450970762467e-09
6.877463221144353156e-08
4.786875784645872045e-09
1.706591774564003572e-07
3.309575191678959527e-08
4.220223281947710348e-09
3.906705003942079202e-08
8.053185496237347252e-08
4.658549102032338851e-09
2.614341987339230400e-08
1.262747417740683886e-07
3.284056138141977499e-09
4.063918979113623209e-08
1.348535874967637938e-06
6.076672320887155365e-08
1.559859619248982199e-08
1.297958078794181347e-06
1.600808907653572533e-08
4.590614821609051432e-08
5.375719425160241371e-09
9.926136579352373701e-10
1.084042580146160617e-07
1.700366567547462182e-07
6.426574827855802141e-08
2.442064506169572269e-08
2.103875686998435413e-07
2.237371177216118667e-09
2.259698206330540415e-09
3.908879442349189048e-09
1.431104745819311574e-08
3.003219433139747707e-07
1.042261104089448054e-07
4.220863445425493410e-07
1.434017438128876165e-08
4.106468054487777408e-09
2.495640849531355343e-08
2.987134761767151758e-09
1.780721792243866730e-09
1.804535969540665974e-07
3.433027018218126614e-07
6.660449525242029267e-09
1.550240047443196545e-09
1.034319208059741868e-08
3.686130867208703421e-08
1.208731390534012462e-07
2.236042604408794432e-07
6.970488186652801232e-08
2.101343028471092111e-07
1.353815615168230124e-09
1.175828057142780381e-08
3.758518118956999388e-08
5.946419605606934056e-07
2.130193443861116975e-08
1.964612250660024984e-09
4.630440031405669288e-09
1.078696385548028047e-07
5.391065087678725831e-07
3.087612299168540630e-08
7.485344788449310727e-09
1.544942485054434655e-08
1.116684487101338163e-07
1.633954553881267202e-07
6.597596247104320355e-09
3.431516404361900641e-08
1.636237989544042648e-08
4.349242743728609639e-08
5.257695168126019780e-09
4.669526276757096639e-07
1.418900996696947914e-08
2.148133582124955865e-08
1.051923277373134624e-07
6.081527281764920190e-09
6.157720690680434927e-06
3.109336788043037814e-08
2.214108718590068747e-08
1.034127716792454521e-08
8.532519579773634177e-09
4.652202179045161756e-08
4.432941125287470641e-07
4.384161456982837990e-06
1.374957392386022548e-08
2.338154381220647338e-08
1.761485322049338720e-07
6.988190079937339760e-07
1.522944756970900926e-07
1.435432128715774525e-08
2.763560935648001760e-08
4.270420461693902325e-08
1.659017589972222595e-09
1.079213021171199216e-07
2.130908782760343456e-08
1.534344988840530277e-07
1.332385295427229721e-06
4.695108657415403286e-07
5.593722562480252236e-06
1.276956140827678610e-07
1.332871306658489630e-07
4.435157130444622453e-09
7.555981085261009866e-08
9.881008233847410338e-10
1.257301391888177022e-07
5.410730636867810972e-07
4.882734216948847461e-08
3.537907957706920570e-07
1.395293880435133360e-09
2.175389909098157659e-06
4.862139846295576717e-08
1.480560740674263798e-07
3.025391492883500177e-07
8.362639647430114564e-08
5.312482471708790399e-07
2.071142368720302329e-08
1.570959966556984000e-07
1.419076189890233763e-09
1.885058331652089691e-09
7.209303376498610305e-09
1.544288430466167483e-08
9.908945663994472852e-09
7.882325014918478701e-09
9.127748512582911644e-07
5.420737281269794039e-08
3.131087282781663816e-07
3.575583562565043394e-08
2.295464085477760818e-08
4.283985166608772488e-09
9.929587818646723463e-09
3.492116107395304425e-08
3.299339468298967404e-08
3.521815372664605093e-08
4.634038930362294195e-08
9.739444806200481253e-09
7.227108511642654776e-08
1.074597548722522333e-07
1.153245463569874119e-07
2.094769158134113241e-08
7.525374456918143551e-08
3.121921832160978738e-09
2.963207350603624946e-07
9.139407097791263368e-08
5.545424386355080060e-08
5.442168937719316091e-09
8.450921740177363972e-09
5.164174154970169184e-08
2.913338903454132378e-07
1.665835647202129621e-08
1.754449741042662936e-08
1.687279826967369445e-08
3.490524136395833921e-08
1.023148765710857333e-08
2.856620362479134201e-08
8.684050811780252843e-08
7.135812385428152993e-09
2.317321889933054990e-09
1.666869451355523779e-07
3.499209810797765385e-08
1.067459454162644761e-08
7.535791723967122380e-07
1.452707198978941960e-08
8.264320894291188324e-10
1.021128959166617278e-08
1.583508613123285613e-08
1.730458087934039213e-08
7.282523917240268929e-09
6.740994251686061034e-08
4.334899017521820497e-08
2.598760850958115043e-08
2.508266732093034079e-07
1.130681894778717833e-07
5.913641576427153268e-09
6.979747979585226858e-08
1.070264676883425636e-08
5.646507474921236280e-07
3.743131458122661570e-07
1.076402167399237442e-08
1.073974686960355029e-07
2.436977695197128924e-07
5.213112075352910324e-08
8.699032605363754556e-09
3.205615684009899269e-08
2.473684901360684307e-08
3.070637744073678732e-09
6.578073907803627662e-08
1.656940042948917835e-07
3.858613695228996221e-08
3.598386655312424409e-08
8.386167138496603002e-08
1.633461921279888429e-09
7.118320155541368877e-08
4.025674904539755516e-09
7.207712116041875561e-08
7.715078353953686019e-09
6.708670952093598316e-08
3.274919180284996401e-08
1.039782482337159308e-08
5.121211188452434726e-08
5.712437456395491608e-08
1.620755938347429037e-06
3.133106645236694021e-07
3.176419482997516752e-08
1.855749154344721319e-08
1.134078956965822726e-06
7.127314205490620225e-08
4.702670608480730152e-08
4.722690789549233159e-07
1.078791100894704869e-07
8.271452855979077867e-09
9.171043480193930009e-09
2.995310222075886486e-09
7.845745386703129043e-08
7.794614731437832233e-08
1.559875215662032133e-07
1.186409974707203219e-07
2.947281245724298060e-07
2.082436765249440214e-07
4.927924024400454073e-08
2.513181129870645236e-08
1.010771732978810178e-08
5.843065409294467827e-08
1.822353290492628730e-08
5.531300928396376548e-08
1.766642476752622315e-08
3.001871817787105101e-08
5.084127785437431157e-09
3.276281290709448513e-08
1.777852389750478324e-07
1.001841454240093299e-07
1.632118227234968799e-07
8.831814568566187518e-08
7.691055792236056732e-09
2.787367137102592096e-08
2.441662729779636720e-07
2.511943932859139750e-07
3.081580324248989200e-09
2.552042488446204516e-08
1.874922261890787922e-08
9.776911724657111336e-09
1.541817056249783491e-07
2.749068244156660512e-07
4.666732777991455805e-08
2.487433725661958306e-08
5.625869903269631322e-08
1.556159361371101113e-07
1.041851049876640900e-08
5.039898276493204321e-09
7.419971748134912559e-09
4.502099315573104832e-08
2.228551920779864304e-08
3.283818443833297351e-07
9.362590276396076661e-07
5.828366678173324544e-10
8.698667564033257804e-09
9.884462137677019200e-09
1.067237587193403670e-08
2.633419526887337270e-08
3.505558083816140424e-07
3.128898029558513372e-08
7.378793753787249443e-08
1.068259969372320484e-08
1.355934955427073874e-07
1.282200479124639969e-08
1.530479494249448180e-07
1.941373994895911892e-07
3.654856470802769763e-07
4.313131185540441948e-09
5.851094897479924839e-08
2.088281547685255646e-09
2.690542544314666884e-08
3.142102755759879074e-08
1.080331273328738462e-07
1.192917054027020640e-08
1.005529881581423979e-08
8.418523833597646444e-08
5.267974056977209329e-09
1.454895048880189279e-08
2.929013120933632308e-08
8.788510541535288212e-08
7.940121804494992830e-08
2.907651719397108536e-07
6.478758507455495419e-08
5.645820877475671296e-08
4.779278839350808994e-08
5.079051490497477062e-08
5.276089343198009374e-09
2.016162170548341237e-07
2.220222654614190105e-07
5.088417864840266702e-08
1.051208631253075509e-08
1.978862940177350538e-08
8.634382098193782440e-09
1.667915796588204103e-07
1.087469954086373036e-07
2.981942914814794676e-09
2.137584687034177477e-08
4.137706710594102333e-08
4.855648105817067517e-10
6.354659376484050881e-08
1.499561719242592517e-08
2.767881213117107109e-08
1.185827969152342121e-08
3.375747041900467593e-07
2.439321349356760038e-07
2.698559953273615974e-08
1.318900988422910814e-08
9.140662626805351465e-08
1.201793651262050844e-07
9.113500176738398295e-09
2.426421064072314948e-09
6.072431801840139087e-08
4.751628779331440455e-08
1.050336884134139837e-08
6.264459173621617083e-09
3.776864687665693054e-08
6.147994557892388912e-09
8.809288232214385062e-08
3.153454883886297466e-07
5.563795468788157450e-08
1.981949822038586717e-07
2.379124737217352958e-07
4.428111992638150696e-07
1.389512949145910170e-08
1.822312611921006464e-07
3.237672885347819829e-08
4.335582559633621713e-09
7.748747421487678366e-09
5.015555188947473653e-07
4.166746521150344051e-07
1.486225755797931924e-06
9.980765014461212559e-08
2.355786010710403389e-09
5.185305695931674563e-08
1.603410737516242079e-10
3.928776859396521104e-09
1.075321236498893995e-07
2.975836466134751390e-08
5.538036162988646538e-08
5.982049060548888519e-07
9.909593501333802124e-08
1.875738888656997005e-07
3.753917177107268799e-09
5.363434638638864271e-07
9.459655281318646303e-09
4.946614673428939568e-09
1.257055082248825784e-08
3.717294028149353835e-09
2.115607600217117579e-07
1.737512533850349428e-08
5.708693038286583032e-07
8.759137415381701430e-09
3.317312291528651258e-07
9.627207475659815827e-09
2.527140274821704224e-08
1.612974216413931572e-07
4.463228897577664611e-09
7.169950322349905036e-08
1.837771002044519264e-08
3.971103623712224362e-08
1.293813056690851226e-08
2.280857955838655471e-07
6.243647732162571629e-08
3.061860809339123080e-08
9.252996591158080264e-08
4.191986135992920026e-08
1.927437587312397227e-08
9.770168674094747985e-08
9.437187742378227995e-08
7.651452449408679968e-08
1.603552401974184249e-09
1.119467540888763324e-07
5.229281896390602924e-09
1.169247809684748063e-07
5.926536594813569536e-09
4.683039094288687920e-07
7.808780111417945591e-08
1.122056801250437275e-06
3.802517767326207832e-08
1.931475708261132240e-07
2.937422038939985214e-08
4.351848659212009807e-08
4.612493942346418407e-09
2.252483177755948418e-08
5.376481482244344079e-08
3.708917617473161954e-08
2.463744586123084446e-08
4.014557077880454017e-07
1.636955127004569022e-09
5.563548288733954905e-09
7.650369298062287271e-07
1.021840148496266920e-06
4.347200501797487959e-07
1.851985530265665147e-06
2.448211411376632896e-08
5.561355109762189386e-08
6.801870733319503870e-10
2.826367762054360355e-08
5.847778705714290481e-09
1.252018133612864403e-08
1.243036393816510099e-07
4.539842635153945594e-08
4.355263172328704968e-07
6.630601490087428829e-08
1.894074017627644935e-07
1.378549807640183644e-08
6.774571659207140328e-08
2.694641807465814054e-07
6.498185545211754288e-09
2.960835743248679819e-10
1.772259281551669119e-07
5.387603778217453510e-06
1.170556629404018167e-07
2.600273418806864356e-08
1.738761739034089260e-07
1.011676342699274755e-08
1.853088775760625140e-07
1.143690919747086809e-08
1.256752368838931488e-09
4.049828561392132542e-08
6.275545842981955502e-07
3.442529816766182194e-08
6.082714776312059257e-08
5.631538613215525402e-08
3.009651550200942438e-08
8.534216533462313237e-08
7.255391665239585564e-07
5.148985238179193402e-09
2.120952968809319827e-09
4.524153496276994701e-08
6.216565395789075410e-08
1.092165575755643658e-07
3.475870187230611918e-07
3.872613341115993535e-09
3.842888673943889444e-08
3.137148762988317685e-09
1.243348179968961631e-07
7.111019328931433847e-08
4.905817085898434016e-09
2.496164697163294477e-08
8.646730265127189341e-08
1.527257098565826254e-09
1.453347486801703781e-08
2.840912038948317786e-08
1.115975507559596736e-07
1.585783735436052666e-07
1.699328890936158132e-07
1.092644197342451662e-08
1.158836880676972214e-06
4.202724142032820964e-07
1.038735852887384681e-08
9.406291745506223378e-09
5.039045447574608261e-08
4.195563576558924979e-07
5.275287051631494251e-08
2.817572841706805775e-08
9.124632605050919665e-09
3.564238237885319904e-09
3.501987677623219497e-08
2.233221039205091074e-07
6.689390374958747998e-08
6.657464357573417146e-09
7.081239594697308348e-09
1.589556859471485950e-07
2.586851177710514094e-09
3.303476603377930587e-08
2.891328509946333725e-09
1.070297361849270601e-08
6.575234579031530302e-09
1.671831881822072319e-07
7.083323794176976662e-08
1.310647945729215280e-08
3.744693088947315118e-08
1.240794844648007711e-08
3.869086029339996458e-08
1.205405908422108041e-07
5.211816755945619661e-09
8.876364887555610039e-08
3.124949898847262375e-08
4.736289582751851412e-09
1.343523763353005052e-07
1.526649029415239056e-08
7.707239291221412714e-09
7.671468793546409870e-09
1.350888112483517034e-07
2.355135997333945852e-08
1.020023265851932592e-08
1.977430201804963872e-07
7.968852244744084601e-09
1.584810682686565997e-08
1.033495422575470002e-07
3.560421291126658616e-08
2.282897959560159507e-08
3.986129115673975321e-08
8.514295046779807308e-09
2.252779651712444320e-08
9.314388194070488680e-08
2.366997797764724965e-08
3.141933602179847185e-09
3.275818727388468687e-08
9.101901099484166480e-08
3.598290732043096796e-08
2.520819109008698433e-08
4.153016277541610179e-07
2.000733729801140726e-07
4.103753326489822939e-06
2.819589006719525059e-08
3.765634026819952851e-09
8.793452188626815769e-09
6.320906020818028992e-09
2.885303196364930045e-08
2.670458911779860500e-07
2.254895719033811474e-07
6.754636672212654958e-08
5.433542327182294684e-08
6.576442501682322472e-08
5.697005462934612297e-07
2.024986756055113801e-08
1.533917668439244153e-07
5.568722016846550105e-08
4.869548320129979402e-07
1.082921929906888181e-08
1.717786690669242944e-09
3.027664230437210335e-10
3.199037479362232261e-08
5.709866712777511566e-08
2.859704579805111280e-07
3.865221032128829393e-08
5.932162707722454797e-07
3.649110169590130681e-07
7.056189410548086016e-09
1.161096641055792134e-08
6.874823377245320444e-09
2.293722012325360993e-08
8.682617402833159304e-10
2.859993797343918231e-09
7.787463118802406825e-09
5.219243348619784229e-07
3.240401946769111419e-09
2.275069199697554723e-08
3.170608664504470653e-08
4.596693248259953180e-09
1.417824257998745452e-08
5.629816612895410799e-09
6.793083873191108069e-09
2.037777591112899245e-07
2.319603620293264612e-09
1.476374356101928242e-09
3.279619775753417343e-08
3.595661546285100485e-09
3.580927909752062988e-08
7.507134469619813899e-09
6.661995954893029648e-10
6.230985949429168613e-09
1.378381586647492441e-08
4.573597056634071123e-09
3.682765026269407826e-08
1.531145099598063553e-09
6.397605147867579944e-07
2.146723687701523886e-07
2.141837462943385617e-08
5.413350478988832037e-08
5.726108724957157392e-07
1.084555449892832257e-07
6.670797247920745576e-09
2.509401930694821203e-08
4.825738031399851025e-08
2.695801359919869356e-09
3.212892396575739440e-09
2.433225887443768443e-08
6.064534652239217394e-09
6.270269192754085452e-09
1.631783597133562580e-09
6.582085987361097068e-09
4.354153926300341482e-09
8.365447712321838480e-08
8.645773874604856246e-08
1.687288420093580044e-09
1.168942418416918372e-07
1.032626499863908975e-07
2.068898830032139813e-09
2.436328117028097040e-08
6.136828822889128787e-09
2.238401108911602932e-08
2.922053488063625082e-09
9.891795160754668359e-10
5.482729381611761710e-09
3.104979384715988999e-09
2.475874794072296936e-08
3.514552870953480124e-09
1.114911185595701681e-08
7.871977203421920422e-08
2.300881973837931582e-08
3.403974346838367637e-08
2.020935419011493650e-08
2.677444854271016084e-06
1.020603832557753776e-07
2.757527006735926989e-08
4.375833917436011689e-09
7.634639587195124477e-09
4.923503271747620147e-10
3.437768958391984597e-10
7.283683378656036211e-11
2.133335286202964198e-09
1.241975744470380505e-09
1.139690120055547595e-09
3.047073278139578179e-07
6.067835300882506999e-08
