1.138115897774696350e-01
8.070823736488819122e-03
4.656137432903051376e-03
0.000000000000000000e+00
3.204180160537362099e-03
2.411701083183288574e-01
7.643927931785583496e-01
1.419811606407165527e+00
0.000000000000000000e+00
4.662423133850097656e-01
4.376119136810302734e+00
1.677392005920410156e+00
1.128223538398742676e+00
6.475023031234741211e-01
5.052568390965461731e-02
2.536187320947647095e-02
5.926070213317871094e-01
1.764880895614624023e+00
1.954757571220397949e-01
0.000000000000000000e+00
6.305775642395019531e-01
7.344533223658800125e-04
5.883154869079589844e-01
2.199605405330657959e-01
3.266338109970092773e-01
1.696236133575439453e+00
1.575326919555664062e-01
1.490707874298095703e+00
7.420905232429504395e-01
5.885281562805175781e-01
1.607617378234863281e+00
1.154467929154634476e-03
2.807349860668182373e-01
2.768980264663696289e-01
2.510380148887634277e-01
1.596281379461288452e-01
6.333300471305847168e-01
4.927224665880203247e-02
6.646878719329833984e-01
1.240237832069396973e+00
1.647839546203613281e+00
1.697384566068649292e-01
3.446838632225990295e-02
2.202664911746978760e-01
1.651093810796737671e-01
4.290953576564788818e-01
5.815323591232299805e-01
1.197430253028869629e+00
2.349476963281631470e-01
3.681870698928833008e-01
3.752893805503845215e-01
1.224522516131401062e-01
6.885405629873275757e-02
1.528924107551574707e+00
6.757743358612060547e-01
6.697927415370941162e-02
7.301667928695678711e-01
4.190455377101898193e-01
7.551392540335655212e-03
9.249243140220642090e-02
0.000000000000000000e+00
5.035563930869102478e-02
1.376298367977142334e-01
3.886682167649269104e-02
4.270715117454528809e-01
3.973613679409027100e-01
1.083594918251037598e+00
7.113916277885437012e-01
0.000000000000000000e+00
3.796702921390533447e-01
1.000804662704467773e+00
8.412421494722366333e-02
5.302170515060424805e-01
1.923684030771255493e-01
3.616686820983886719e+00
1.263803392648696899e-01
0.000000000000000000e+00
3.620815277099609375e-01
0.000000000000000000e+00
1.857203841209411621e-01
1.316702365875244141e-02
2.995109260082244873e-01
2.704242467880249023e-01
2.805939912796020508e-01
4.810406826436519623e-03
2.808420658111572266e+00
2.926250398159027100e-01
0.000000000000000000e+00
4.468701779842376709e-01
6.499440222978591919e-02
1.401042342185974121e+00
1.805644750595092773e+00
6.099827885627746582e-01
0.000000000000000000e+00
2.890523076057434082e-01
2.000491380691528320e+00
1.282927095890045166e-01
6.434021890163421631e-02
6.199191510677337646e-02
3.062252998352050781e-01
1.113173887133598328e-01
1.350499689579010010e-01
1.578197330236434937e-01
6.763080954551696777e-01
9.322776198387145996e-01
7.916665077209472656e-02
1.500031709671020508e+00
2.296802960336208344e-02
1.080422177910804749e-01
3.824381157755851746e-02
6.557576656341552734e-01
0.000000000000000000e+00
1.375697374343872070e+00
7.921686172485351562e-01
2.494194984436035156e+00
1.067492887377738953e-01
3.739579617977142334e-01
8.755923509597778320e-01
9.462109208106994629e-01
1.210481375455856323e-01
0.000000000000000000e+00
6.330548226833343506e-02
2.931850776076316833e-02
3.701217651367187500e+00
2.991285175085067749e-02
1.970552921295166016e+00
6.712810993194580078e-01
1.058533936738967896e-01
0.000000000000000000e+00
1.890623718500137329e-01
1.337447613477706909e-01
0.000000000000000000e+00
7.228958606719970703e-01
5.340878367424011230e-01
1.326171278953552246e+00
9.859978556632995605e-01
1.123527735471725464e-01
5.441269874572753906e-01
3.570135831832885742e-01
1.476316452026367188e-01
6.741689145565032959e-02
1.012527421116828918e-01
1.155056357383728027e+00
1.013271585106849670e-01
1.607776731252670288e-01
8.222631216049194336e-01
3.235772252082824707e-01
1.036544367671012878e-01
4.755925387144088745e-03
5.903363227844238281e-01
6.525791883468627930e-01
1.551462411880493164e-01
8.367033004760742188e-01
2.653590440750122070e-01
2.122249007225036621e-01
8.384173512458801270e-01
1.480041146278381348e+00
3.762748539447784424e-01
5.768353939056396484e-01
2.840920090675354004e-01
3.137039840221405029e-01
2.344141714274883270e-03
3.768688678741455078e+00
2.879011929035186768e-01
0.000000000000000000e+00
5.538296699523925781e-02
2.216436415910720825e-01
2.999330312013626099e-02
8.861740827560424805e-01
1.352539099752902985e-02
0.000000000000000000e+00
3.665950298309326172e-01
1.113134995102882385e-01
2.033109813928604126e-01
6.916478276252746582e-02
1.408641576766967773e+00
5.205607973039150238e-03
8.260599374771118164e-01
2.332782030105590820e+00
0.000000000000000000e+00
9.192927479743957520e-01
1.588529441505670547e-03
1.543675214052200317e-01
2.776236534118652344e-01
9.404164552688598633e-02
3.591469824314117432e-01
4.613155424594879150e-01
4.378673732280731201e-01
3.126169443130493164e-01
6.574780941009521484e-01
1.644660830497741699e+00
6.458787441253662109e+00
3.878563344478607178e-01
1.589913606643676758e+00
6.905407458543777466e-02
8.527173101902008057e-02
1.607169985771179199e+00
6.692436933517456055e-01
4.103020578622817993e-02
2.987344264984130859e-01
8.322467207908630371e-01
1.783354282379150391e-01
2.535072267055511475e-01
0.000000000000000000e+00
8.591934204101562500e+00
3.225496709346771240e-01
1.222047805786132812e-01
3.736009597778320312e+00
1.697108268737792969e+00
5.210022628307342529e-02
2.200026661157608032e-01
3.048207238316535950e-02
3.406356088817119598e-03
1.217755898833274841e-01
7.093185782432556152e-01
0.000000000000000000e+00
4.197618067264556885e-01
6.210419163107872009e-02
6.253643631935119629e-01
1.175387620925903320e+00
0.000000000000000000e+00
2.919673681259155273e+00
5.415494441986083984e-01
6.525471061468124390e-02
6.823605298995971680e-01
1.626883596181869507e-01
5.604629516601562500e-01
0.000000000000000000e+00
8.497145771980285645e-02
1.897266693413257599e-02
8.978064358234405518e-02
8.335431665182113647e-02
2.677146792411804199e-01
4.504012167453765869e-01
7.444043755531311035e-01
4.693951606750488281e-01
7.462971210479736328e-01
0.000000000000000000e+00
0.000000000000000000e+00
3.854153752326965332e-01
1.232853308320045471e-01
0.000000000000000000e+00
1.036859035491943359e+00
8.450498431921005249e-02
2.016952276229858398e+00
2.081925153732299805e+00
0.000000000000000000e+00
3.683892190456390381e-01
7.755929231643676758e-02
3.597069978713989258e-01
5.911745503544807434e-02
1.254400014877319336e-01
0.000000000000000000e+00
4.142715334892272949e-01
1.575582265853881836e+00
1.099882483482360840e+00
2.143547236919403076e-01
1.183551475405693054e-01
2.757654152810573578e-02
1.436793059110641479e-01
7.653608918190002441e-02
4.312181770801544189e-01
1.895646095275878906e+00
2.514047324657440186e-01
1.369082629680633545e-01
4.571604728698730469e+00
9.011833071708679199e-01
1.964885473251342773e+00
1.388757944107055664e+00
4.542569518089294434e-01
1.074999570846557617e+00
1.829963207244873047e+00
7.568889856338500977e-02
5.811841487884521484e-01
9.892667084932327271e-02
4.514215886592864990e-01
4.329991936683654785e-01
1.450504362583160400e-01
5.270298197865486145e-02
2.207520902156829834e-01
4.123372584581375122e-02
1.397898197174072266e+00
4.280895292758941650e-01
8.375225663185119629e-01
6.499762646853923798e-03
1.947056315839290619e-02
8.584245294332504272e-02
9.470777213573455811e-02
2.478485345840454102e+00
1.759482264518737793e+00
5.916948318481445312e-01
1.416198372840881348e+00
6.397002935409545898e-01
1.208460927009582520e+00
8.570957928895950317e-02
1.599575728178024292e-01
7.818555235862731934e-01
4.915680289268493652e-01
5.137431621551513672e-01
1.565076351165771484e+00
8.456647396087646484e-01
1.086574643850326538e-01
4.612220525741577148e-01
2.756096720695495605e-01
2.437702417373657227e-01
8.612793684005737305e-01
7.147014141082763672e-01
0.000000000000000000e+00
9.220390915870666504e-01
5.621350184082984924e-02
7.942935079336166382e-02
8.128089457750320435e-02
7.086372375488281250e-01
2.075463905930519104e-02
6.772180646657943726e-02
3.389469385147094727e-01
6.497638225555419922e-01
1.585602313280105591e-01
8.742362856864929199e-01
1.633208394050598145e+00
2.929490506649017334e-01
4.883137941360473633e-01
1.166900157928466797e+00
2.086633741855621338e-01
3.266080617904663086e-01
1.048884391784667969e-01
6.921891123056411743e-02
2.351530790328979492e-01
1.333439469337463379e+00
1.677240848541259766e+00
4.825673699378967285e-01
4.788282811641693115e-01
1.506020873785018921e-01
1.196951791644096375e-01
6.232113838195800781e-01
2.119207382202148438e+00
2.951478213071823120e-02
2.114816606044769287e-01
2.450768053531646729e-01
8.395464718341827393e-02
4.568019390106201172e+00
4.227354824542999268e-01
7.077554464340209961e-01
9.123786538839340210e-02
8.501028269529342651e-02
1.062374636530876160e-01
2.711645960807800293e-01
6.896498054265975952e-02
1.066210791468620300e-01
3.130334615707397461e+00
5.032640695571899414e-01
8.600356578826904297e-01
2.311101742088794708e-02
0.000000000000000000e+00
3.924750164151191711e-02
4.785293102264404297e+00
2.366946935653686523e-01
5.068384408950805664e-01
2.012794733047485352e+00
1.322957515716552734e+00
2.632707357406616211e+00
8.101077079772949219e-01
2.470560669898986816e-01
9.009983539581298828e-01
3.906243801116943359e+00
4.602394998073577881e-01
2.113801538944244385e-01
2.067801356315612793e-01
2.463676035404205322e-02
1.830799691379070282e-02
2.022048234939575195e-01
1.911238208413124084e-02
1.118766427040100098e+00
9.770826101303100586e-01
7.539225101470947266e+00
7.711246013641357422e-01
6.270638108253479004e-02
0.000000000000000000e+00
0.000000000000000000e+00
7.641835212707519531e-01
1.838995069265365601e-01
1.091716289520263672e+00
1.139207839965820312e+00
9.592676907777786255e-02
0.000000000000000000e+00
6.731033921241760254e-01
1.640606164932250977e+00
2.622716426849365234e+00
9.760000742971897125e-03
4.022521432489156723e-03
1.095959663391113281e+00
1.449044108390808105e+00
5.004078149795532227e-01
4.560457542538642883e-02
2.982989311218261719e+00
1.642410397529602051e+00
4.358944296836853027e-01
1.687175929546356201e-01
2.493335306644439697e-01
4.700883626937866211e-01
8.013844490051269531e-01
8.023259639739990234e-01
0.000000000000000000e+00
5.643786862492561340e-02
1.787211745977401733e-01
0.000000000000000000e+00
1.865092366933822632e-01
9.289374947547912598e-02
7.540192604064941406e-01
4.446634650230407715e-01
1.572929501533508301e+00
5.679798722267150879e-01
1.087309420108795166e-01
1.123979330062866211e+00
1.012439802289009094e-01
1.985845714807510376e-02
8.888673037290573120e-02
6.281834244728088379e-01
8.941802978515625000e-01
2.430767863988876343e-01
5.296626091003417969e-01
5.088805556297302246e-01
3.512727022171020508e-01
5.750900506973266602e-01
5.734876394271850586e-01
5.368898436427116394e-02
3.857428953051567078e-02
0.000000000000000000e+00
1.671521514654159546e-01
4.348027706146240234e-01
9.363259375095367432e-02
4.456447660923004150e-01
3.318323791027069092e-01
2.289937995374202728e-02
0.000000000000000000e+00
2.030748426914215088e-01
1.198949575424194336e+00
4.179965555667877197e-01
1.743236333131790161e-01
2.242223769426345825e-01
4.036652971990406513e-04
3.097874298691749573e-02
6.769206374883651733e-02
4.088337421417236328e-01
0.000000000000000000e+00
2.101409249007701874e-02
1.393337965011596680e+00
2.944574058055877686e-01
3.729910552501678467e-01
1.553304910659790039e+00
1.068835631012916565e-01
2.461795806884765625e+00
3.096245527267456055e-01
1.262151300907135010e-01
1.928750276565551758e-01
4.291640818119049072e-01
1.638446211814880371e+00
2.912187576293945312e-01
1.986743062734603882e-01
2.461176924407482147e-02
3.288270905613899231e-02
5.178240593522787094e-03
1.065682053565979004e+00
1.451590418815612793e+00
3.654117882251739502e-01
1.405766487121582031e+00
2.621969699859619141e+00
7.520336657762527466e-02
0.000000000000000000e+00
1.164450645446777344e-01
8.577262759208679199e-01
5.456253886222839355e-02
5.379697307944297791e-02
1.431025005877017975e-02
8.447337895631790161e-02
0.000000000000000000e+00
2.297019958496093750e-01
2.231100499629974365e-01
0.000000000000000000e+00
1.675948739051818848e+00
8.510063290596008301e-01
1.106120049953460693e-01
3.448972702026367188e+00
1.929034590721130371e-01
4.134890809655189514e-02
9.180612564086914062e-01
6.520546674728393555e-01
0.000000000000000000e+00
4.768084362149238586e-02
1.392223984003067017e-01
1.027438230812549591e-02
1.198365911841392517e-01
6.466535329818725586e-01
5.966094136238098145e-01
1.113790750503540039e+00
1.259967982769012451e-01
1.726480484008789062e+00
1.277161482721567154e-02
2.399127244949340820e+00
5.653290152549743652e-01
2.336535230278968811e-02
2.351167239248752594e-02
4.879101812839508057e-01
6.830129027366638184e-01
2.198241055011749268e-01
5.186541378498077393e-02
5.812379717826843262e-01
0.000000000000000000e+00
5.309149157255887985e-03
1.370467692613601685e-01
3.850767910480499268e-01
1.920571550726890564e-02
2.692632377147674561e-01
0.000000000000000000e+00
0.000000000000000000e+00
6.705909967422485352e-01
2.015798389911651611e-01
2.022148668766021729e-02
4.184854216873645782e-03
1.794350296258926392e-01
2.507755756378173828e+00
3.331102728843688965e-01
0.000000000000000000e+00
4.842878878116607666e-01
6.121507883071899414e-01
0.000000000000000000e+00
1.347756534814834595e-01
9.988891482353210449e-01
1.918529868125915527e+00
8.345364928245544434e-01
3.311955928802490234e-01
3.223979175090789795e-01
1.603870749473571777e+00
2.165295928716659546e-01
9.319006465375423431e-03
2.499440908432006836e-01
6.856639385223388672e-01
4.320922493934631348e-01
3.386458009481430054e-02
1.326673746109008789e+00
4.022571563720703125e+00
1.388685591518878937e-02
6.833146512508392334e-02
1.993341296911239624e-01
1.643375277519226074e+00
9.618310928344726562e-01
7.673258781433105469e-01
7.143516540527343750e-01
8.315267562866210938e-01
1.029346883296966553e-01
5.003822445869445801e-01
8.185290731489658356e-03
1.604639180004596710e-02
1.604052446782588959e-02
4.450696054846048355e-03
7.135184854269027710e-02
3.266922712326049805e+00
8.725538253784179688e-01
2.981812953948974609e-01
4.660056158900260925e-02
0.000000000000000000e+00
0.000000000000000000e+00
7.246832847595214844e-01
7.286476492881774902e-01
2.986778020858764648e-01
1.282806042581796646e-02
4.985208213329315186e-01
3.471298515796661377e-01
1.174990534782409668e+00
1.167065836489200592e-02
1.202887535095214844e+00
1.398374080657958984e+00
3.851278722286224365e-01
4.009067058563232422e+00
4.278257787227630615e-01
2.151460386812686920e-03
4.978070259094238281e-01
4.466672241687774658e-01
1.103338003158569336e+00
2.043016999959945679e-02
1.056685447692871094e+00
1.012278795242309570e+00
2.916469275951385498e-01
2.263208389282226562e+00
7.400233149528503418e-01
6.018310040235519409e-02
1.920710086822509766e+00
9.165045022964477539e-01
7.120461761951446533e-02
5.735462903976440430e-01
2.987584173679351807e-01
1.588955521583557129e-02
6.640444993972778320e-01
3.224638402462005615e-01
2.460375428199768066e-02
1.456226571463048458e-03
2.409610897302627563e-02
3.817718625068664551e-01
3.042799420654773712e-02
9.533042311668395996e-01
5.748076438903808594e-01
3.495917022228240967e-01
6.638341546058654785e-01
1.443506032228469849e-01
6.973487734794616699e-01
0.000000000000000000e+00
0.000000000000000000e+00
9.235776066780090332e-01
3.297770321369171143e-01
0.000000000000000000e+00
1.255735158920288086e+00
2.462933361530303955e-01
9.806552529335021973e-02
4.843279719352722168e-02
1.795837581157684326e-01
9.996388852596282959e-02
1.008075118064880371e+00
1.934858411550521851e-01
1.629600822925567627e-01
0.000000000000000000e+00
2.043291926383972168e-02
3.962791860103607178e-01
1.291395425796508789e+00
2.814466714859008789e+00
0.000000000000000000e+00
4.254470467567443848e-01
1.081708073616027832e+00
3.231912553310394287e-01
5.352302789688110352e-01
0.000000000000000000e+00
2.492727525532245636e-02
4.709735512733459473e-02
3.086386434733867645e-02
7.341849803924560547e-01
7.006945013999938965e-01
7.556409239768981934e-01
1.315186142921447754e+00
2.793494760990142822e-01
8.736371248960494995e-02
1.164832711219787598e+00
4.579326510429382324e-01
3.308359533548355103e-03
3.527383878827095032e-02
1.537870913743972778e-01
4.559103250503540039e-01
7.980766296386718750e-01
6.483056116849184036e-03
9.474978446960449219e-01
7.028233408927917480e-01
9.196667075157165527e-01
2.357114851474761963e-01
5.092139355838298798e-03
4.176489412784576416e-01
3.449905216693878174e-01
2.281110584735870361e-01
2.865243434906005859e+00
3.116290867328643799e-01
4.308020696043968201e-02
5.202940106391906738e-01
1.260302960872650146e-02
0.000000000000000000e+00
1.776837825775146484e+00
1.796083599328994751e-01
1.179001450538635254e+00
3.405933827161788940e-02
5.091549083590507507e-02
9.094865918159484863e-01
5.665568351745605469e+00
6.859955191612243652e-01
0.000000000000000000e+00
6.682103872299194336e-01
9.765217304229736328e-01
7.703197002410888672e-01
0.000000000000000000e+00
1.235562682151794434e+00
7.782016396522521973e-01
5.066234152764081955e-03
5.007093399763107300e-02
2.468999288976192474e-02
1.074872493743896484e+00
0.000000000000000000e+00
2.316305160522460938e+00
1.986242532730102539e-01
3.730261325836181641e-02
1.018755286931991577e-01
1.948398910462856293e-02
2.588356733322143555e+00
7.413949817419052124e-03
3.597226142883300781e-01
2.448171526193618774e-01
6.606245040893554688e-01
2.466367959976196289e+00
8.060875535011291504e-01
4.683215618133544922e+00
2.089800871908664703e-02
4.238239228725433350e-01
2.025364339351654053e-02
4.987738132476806641e-01
4.616064950823783875e-02
1.177095174789428711e+00
1.241129398345947266e+00
1.043202161788940430e+00
1.143921136856079102e+00
8.043121546506881714e-03
1.502295285463333130e-01
8.479651808738708496e-01
2.140691757202148438e+00
4.392030462622642517e-02
2.173887193202972412e-01
3.207890987396240234e-01
0.000000000000000000e+00
6.479721665382385254e-01
0.000000000000000000e+00
3.218807652592658997e-02
1.644223332405090332e-01
1.392083242535591125e-02
6.146755814552307129e-01
7.269458174705505371e-01
4.535101354122161865e-01
2.569813132286071777e-01
3.812642097473144531e+00
1.382064223289489746e-01
2.296803891658782959e-02
2.223004847764968872e-01
4.917914867401123047e-01
0.000000000000000000e+00
2.435015439987182617e-01
2.134432792663574219e+00
4.482374489307403564e-01
7.738079428672790527e-01
0.000000000000000000e+00
4.509623348712921143e-01
0.000000000000000000e+00
5.121399089694023132e-02
5.764011293649673462e-02
6.892355084419250488e-01
1.411234736442565918e-01
1.125383600592613220e-01
0.000000000000000000e+00
5.558418924920260906e-04
0.000000000000000000e+00
1.523351520299911499e-01
3.113357722759246826e-01
1.689383089542388916e-01
1.084740042686462402e+00
0.000000000000000000e+00
8.981712162494659424e-02
1.317362394183874130e-02
1.317341029644012451e-01
1.991056352853775024e-01
1.486861426383256912e-02
4.098723828792572021e-02
1.700086116790771484e+00
7.275675982236862183e-02
1.021630689501762390e-01
9.634447097778320312e-02
0.000000000000000000e+00
5.152953043580055237e-02
0.000000000000000000e+00
4.456135630607604980e-01
2.338937856256961823e-02
8.019269257783889771e-02
1.284561306238174438e-01
1.221918225288391113e+00
5.563259720802307129e-01
3.140741109848022461e+00
8.500217646360397339e-02
9.432779252529144287e-02
0.000000000000000000e+00
9.259881079196929932e-02
0.000000000000000000e+00
3.464964404702186584e-02
2.270769514143466949e-02
5.217667669057846069e-02
8.676214516162872314e-02
1.179539680480957031e+00
8.378466963768005371e-02
1.054472923278808594e-01
0.000000000000000000e+00
1.592733412981033325e-01
9.227218627929687500e-01
1.032143235206604004e+00
1.159801259636878967e-01
1.503858249634504318e-02
2.363303899765014648e-01
2.562708258628845215e-01
6.688072346150875092e-03
9.358488954603672028e-03
1.731154769659042358e-01
3.510573208332061768e-01
0.000000000000000000e+00
7.795488834381103516e-01
3.520303070545196533e-01
2.403719574213027954e-01
5.040117353200912476e-02
8.579577505588531494e-02
1.424638032913208008e+00
1.703024387359619141e+00
1.556124258786439896e-02
1.843347698450088501e-01
1.398172855377197266e+00
9.771697223186492920e-02
4.016813933849334717e-01
2.991015315055847168e-01
1.350220680236816406e+00
8.231750130653381348e-01
0.000000000000000000e+00
5.258819460868835449e-01
2.724102512001991272e-02
6.519401073455810547e+00
9.562101960182189941e-02
2.965371906757354736e-01
4.331572446972131729e-03
8.614291995763778687e-02
3.965174779295921326e-02
1.602923631668090820e+00
7.275691628456115723e-01
1.815001010894775391e+00
3.730840384960174561e-01
5.113883614540100098e-01
2.295230925083160400e-01
1.998970150947570801e+00
2.931214682757854462e-02
1.298619866371154785e+00
1.940080523490905762e-01
2.561555206775665283e-01
1.504722796380519867e-02
2.499609589576721191e-01
1.997272297739982605e-02
2.351373583078384399e-01
7.689961791038513184e-01
5.856986623257398605e-03
2.788882851600646973e-01
3.299908638000488281e-01
2.515346407890319824e-01
8.954803943634033203e-01
3.103680014610290527e-01
8.438212871551513672e-01
6.700817495584487915e-03
1.273308247327804565e-01
6.240770220756530762e-01
1.248791739344596863e-01
2.137338072061538696e-01
9.347240626811981201e-02
1.160746291279792786e-01
1.291753053665161133e+00
2.208796143531799316e-01
5.282237753272056580e-02
5.138530582189559937e-02
9.467592090368270874e-02
1.698623783886432648e-02
1.928592175245285034e-01
4.166372120380401611e-02
5.946396350860595703e+00
4.713748097419738770e-01
1.219362735748291016e+00
6.958461403846740723e-01
5.988996624946594238e-01
1.107001304626464844e+00
3.113575279712677002e-01
2.398330211639404297e+00
1.145744230598211288e-02
4.772014915943145752e-01
2.210760831832885742e+00
9.583467245101928711e-02
2.277704179286956787e-01
6.859149783849716187e-02
1.985256224870681763e-01
1.481091231107711792e-01
4.987736642360687256e-01
1.379127055406570435e-01
4.669229686260223389e-01
6.841343641281127930e-01
5.079693794250488281e-01
1.094063371419906616e-01
4.022855311632156372e-02
2.433302700519561768e-01
3.365701530128717422e-03
0.000000000000000000e+00
1.882146149873733521e-01
3.879902362823486328e-01
1.132269501686096191e-01
0.000000000000000000e+00
1.737602055072784424e-01
1.559596806764602661e-01
8.691670955158770084e-04
7.431472651660442352e-03
1.369425058364868164e-01
0.000000000000000000e+00
3.826331719756126404e-02
9.340144395828247070e-01
3.872312903404235840e-01
1.259745717048645020e+00
7.287972420454025269e-02
1.983214259147644043e+00
5.809054970741271973e-01
1.932785212993621826e-01
8.384212851524353027e-01
2.127410650253295898e+00
5.606676340103149414e-01
6.749488711357116699e-01
1.991045027971267700e-01
3.950277864933013916e-01
1.196914076805114746e+00
0.000000000000000000e+00
1.048633009195327759e-01
6.439839303493499756e-02
8.017569035291671753e-02
9.427029490470886230e-01
6.672121882438659668e-01
2.590119838714599609e-01
0.000000000000000000e+00
1.992593705654144287e-02
1.352610625326633453e-02
0.000000000000000000e+00
2.952869608998298645e-02
3.527127504348754883e-01
1.297089695930480957e+00
8.543945550918579102e-01
6.135489940643310547e-01
8.142580837011337280e-02
4.560657441616058350e-01
6.954940557479858398e-01
3.502219915390014648e-01
1.411279141902923584e-01
4.788320802617818117e-04
0.000000000000000000e+00
1.101004704833030701e-01
8.768449723720550537e-02
1.913908720016479492e-01
6.596765518188476562e-01
4.062381386756896973e-01
1.259269475936889648e+00
0.000000000000000000e+00
1.684430241584777832e-02
1.051964044570922852e+00
1.548561215400695801e+00
6.988444924354553223e-01
2.328240156173706055e+00
1.385057903826236725e-02
4.584446251392364502e-01
5.224978178739547729e-02
5.520866513252258301e-01
1.092948198318481445e+00
9.341103583574295044e-02
3.161065280437469482e-01
7.818223834037780762e-01
8.210408687591552734e-01
0.000000000000000000e+00
3.202659189701080322e-01
4.121549800038337708e-02
2.236431121826171875e+00
1.085139274597167969e+00
3.546442985534667969e-01
1.657315492630004883e-01
1.166047215461730957e+00
1.702584385871887207e+00
1.574152112007141113e-01
1.540796399116516113e+00
1.131685003638267517e-01
2.904255092144012451e-01
3.157065510749816895e-01
9.079968929290771484e-02
1.814578324556350708e-01
1.840495616197586060e-01
1.693793088197708130e-01
2.517436742782592773e+00
1.956702470779418945e-01
1.795749217271804810e-01
0.000000000000000000e+00
7.885028421878814697e-02
2.818306684494018555e-01
4.346216022968292236e-01
6.914740800857543945e-01
4.577509760856628418e-01
5.014305710792541504e-01
0.000000000000000000e+00
2.456183671951293945e+00
2.378246188163757324e-01
2.548238495364785194e-03
0.000000000000000000e+00
7.124681472778320312e-01
1.910937726497650146e-01
5.694184303283691406e-01
5.166614532470703125e+00
7.259890437126159668e-01
1.627260446548461914e-01
4.109711647033691406e-01
5.454048514366149902e-01
1.955761015415191650e-01
2.651796638965606689e-01
1.031789422035217285e+00
4.960554540157318115e-01
7.609494030475616455e-02
7.685168385505676270e-01
2.159629583358764648e+00
0.000000000000000000e+00
4.650838375091552734e+00
2.441903576254844666e-02
2.067674696445465088e-02
4.648296535015106201e-01
0.000000000000000000e+00
5.552315711975097656e-01
7.694329023361206055e-01
0.000000000000000000e+00
4.150896668434143066e-01
4.842548072338104248e-01
0.000000000000000000e+00
1.495959162712097168e-01
7.598749399185180664e-01
8.780266642570495605e-01
1.832739710807800293e+00
1.382850646972656250e+00
1.781704425811767578e-01
5.517273396253585815e-02
2.317963838577270508e+00
1.681099534034729004e-01
4.088232815265655518e-01
5.858365446329116821e-03
1.686106994748115540e-02
2.731438875198364258e-01
2.968848347663879395e-01
1.569520473480224609e+00
1.795528173446655273e+00
1.324519962072372437e-01
9.588155746459960938e-01
0.000000000000000000e+00
4.357282161712646484e+00
5.493208169937133789e-01
2.308923482894897461e+00
6.753327697515487671e-02
4.622683674097061157e-02
2.331984996795654297e+00
8.040937036275863647e-02
8.260256052017211914e-01
6.340613365173339844e-01
2.327956706285476685e-01
2.405331237241625786e-03
9.316750168800354004e-01
1.768615126609802246e+00
8.682537674903869629e-01
8.734011054039001465e-01
3.436988592147827148e-02
1.469829678535461426e+00
5.632610917091369629e-01
7.338684797286987305e-01
1.152388215065002441e+00
7.040829062461853027e-01
3.870361745357513428e-01
2.918765246868133545e-01
4.797322750091552734e-01
1.417231708765029907e-01
4.714047908782958984e-01
2.725529484450817108e-02
2.359395027160644531e+00
5.711967468261718750e+00
0.000000000000000000e+00
2.862224821001291275e-03
1.689825296401977539e+00
3.732480481266975403e-02
0.000000000000000000e+00
3.327219188213348389e-02
7.466982007026672363e-01
2.139710448682308197e-02
2.404986143112182617e+00
3.278517350554466248e-02
3.416448235511779785e-01
4.329634189605712891e+00
3.131482899188995361e-01
0.000000000000000000e+00
5.413842573761940002e-02
4.743693470954895020e-01
1.018123328685760498e-01
1.628207117319107056e-01
1.355625838041305542e-01
0.000000000000000000e+00
1.002063751220703125e+00
0.000000000000000000e+00
3.997465670108795166e-01
6.623178720474243164e-02
1.838520914316177368e-02
7.718559354543685913e-02
2.365350723266601562e-02
6.264560222625732422e-01
3.162243962287902832e-01
5.962884984910488129e-03
1.230002522468566895e+00
4.022457003593444824e-01
0.000000000000000000e+00
0.000000000000000000e+00
8.687368035316467285e-01
1.071686387062072754e+00
3.965373039245605469e-01
2.912935018539428711e-01
1.933545023202896118e-01
1.269842684268951416e-01
5.053192377090454102e-01
7.038909196853637695e-01
2.129564136266708374e-01
1.435294747352600098e+00
7.762421369552612305e-01
1.084703877568244934e-01
3.300491273403167725e-01
1.080200076103210449e+00
2.081649303436279297e-01
0.000000000000000000e+00
3.953717648983001709e-03
1.143470644950866699e+00
3.523907661437988281e+00
2.557401061058044434e-01
9.122133851051330566e-01
6.567644476890563965e-01
1.276611685752868652e+00
0.000000000000000000e+00
0.000000000000000000e+00
2.310772895812988281e+00
6.608103401958942413e-03
1.702404618263244629e-01
1.837880350649356842e-02
2.211608886718750000e-01
3.052197992801666260e-01
1.460560262203216553e-01
0.000000000000000000e+00
1.557047605514526367e+00
9.397623538970947266e-01
2.230979681015014648e+00
8.914542794227600098e-01
3.478752821683883667e-02
1.209406852722167969e-01
8.938771672546863556e-03
1.067942976951599121e+00
5.803963541984558105e-02
3.973730504512786865e-01
5.118789896368980408e-02
7.910295724868774414e-01
1.731729507446289062e-01
8.970474824309349060e-03
6.706408411264419556e-02
3.883623778820037842e-01
6.667327880859375000e-01
7.816343307495117188e-01
1.902704358100891113e+00
0.000000000000000000e+00
2.380193233489990234e+00
1.824598073959350586e+00
0.000000000000000000e+00
6.653402000665664673e-02
1.031253695487976074e+00
8.652558922767639160e-02
4.090271472930908203e+00
8.972101211547851562e-01
1.649430836550891399e-03
4.403386116027832031e-01
3.138163685798645020e-01
4.606825411319732666e-01
9.052799940109252930e-01
3.393160700798034668e-01
1.139447450637817383e+00
2.270519256591796875e+00
1.159393340349197388e-01
5.411340668797492981e-02
9.532794356346130371e-01
2.544146776199340820e-01
6.885482668876647949e-01
2.074305534362792969e+00
2.004033327102661133e+00
3.444442451000213623e-01
2.201739698648452759e-01
1.127317309379577637e+00
1.450701832771301270e+00
3.279615044593811035e-01
4.063278138637542725e-01
6.935354322195053101e-02
2.089329957962036133e-01
1.130552403628826141e-02
2.369983911514282227e+00
3.877934813499450684e-01
4.680548980832099915e-02
3.124260663986206055e+00
1.630614884197711945e-02
3.814164102077484131e-01
2.070858001708984375e+00
7.730584621429443359e+00
1.353677641600370407e-02
1.683164387941360474e-02
6.309264153242111206e-02
2.866208553314208984e-01
1.475317180156707764e-01
2.127437442541122437e-01
7.353543639183044434e-01
1.165453866124153137e-01
2.403524369001388550e-01
8.151288032531738281e-01
4.540521204471588135e-01
2.601636409759521484e+00
2.260512709617614746e-01
1.313831936568021774e-02
1.292827278375625610e-01
7.892115116119384766e-01
1.166171193122863770e+00
3.561757504940032959e-01
1.098294734954833984e+00
2.516864053905010223e-02
0.000000000000000000e+00
0.000000000000000000e+00
7.680793851613998413e-02
5.983800888061523438e-01
0.000000000000000000e+00
5.173806548118591309e-01
7.369275391101837158e-02
2.473052740097045898e-01
1.017141565680503845e-01
2.080595791339874268e-01
1.856871962547302246e+00
1.362177729606628418e-01
1.494181454181671143e-01
3.263113498687744141e-01
8.524535894393920898e-01
3.342151641845703125e+00
1.305262651294469833e-02
7.073286920785903931e-02
8.664080500602722168e-02
6.387779712677001953e-01
2.239467501640319824e-01
0.000000000000000000e+00
1.538299024105072021e-01
6.486184895038604736e-02
2.743366718292236328e+00
1.582119226455688477e+00
2.501404762268066406e+00
1.161971211433410645e+00
5.949145648628473282e-03
1.552343606948852539e+00
0.000000000000000000e+00
5.145128816366195679e-03
0.000000000000000000e+00
9.051068425178527832e-01
1.881055980920791626e-01
5.132407695055007935e-02
2.205772846937179565e-01
5.252777934074401855e-01
4.490975439548492432e-01
1.591146707534790039e+00
1.187621653079986572e-01
7.911015301942825317e-02
6.348479539155960083e-02
4.088439419865608215e-02
5.598724484443664551e-01
0.000000000000000000e+00
1.680617481470108032e-01
3.891728818416595459e-02
5.203579738736152649e-02
1.344315260648727417e-01
1.197409927845001221e-01
6.772908568382263184e-02
2.195413708686828613e-01
1.730272531509399414e+00
2.898081243038177490e-01
3.503316044807434082e-01
9.797157645225524902e-01
1.480674624443054199e+00
2.335136234760284424e-01
1.127909541130065918e+00
1.222762465476989746e-01
7.292768359184265137e-01
3.209767341613769531e-01
4.863338172435760498e-01
7.602366209030151367e-01
2.028568880632519722e-03
1.208118915557861328e+00
1.550965428352355957e+00
8.757651448249816895e-01
1.126294359564781189e-01
1.196932196617126465e-01
1.790283203125000000e+00
2.090394020080566406e+00
0.000000000000000000e+00
1.989219039678573608e-01
2.234558105468750000e+00
5.707349255681037903e-02
4.343051835894584656e-02
1.673108525574207306e-02
5.340998649597167969e+00
5.871203541755676270e-01
1.379031419754028320e+00
4.407911747694015503e-02
2.808599948883056641e+00
1.870767831802368164e+00
4.088151752948760986e-01
1.599696159362792969e+00
2.298468165099620819e-02
5.537880584597587585e-02
0.000000000000000000e+00
2.074560880661010742e+00
1.137948393821716309e+00
5.649657174944877625e-02
1.819357991218566895e+00
0.000000000000000000e+00
4.369792640209197998e-01
2.027074098587036133e-01
4.419196024537086487e-02
0.000000000000000000e+00
0.000000000000000000e+00
8.594561368227005005e-02
2.911338582634925842e-02
4.806571081280708313e-02
7.345003634691238403e-02
5.793945789337158203e-01
0.000000000000000000e+00
4.582568705081939697e-01
3.865131735801696777e-01
8.684216737747192383e-01
1.007619380950927734e+00
5.656926631927490234e-01
8.907979726791381836e-02
5.059332847595214844e-01
4.323102533817291260e-02
3.267425298690795898e-02
0.000000000000000000e+00
1.753886491060256958e-01
3.609964549541473389e-01
6.844345331192016602e-01
4.640636146068572998e-01
8.424776792526245117e-02
3.910170495510101318e-01
2.064453363418579102e-01
1.908235251903533936e-02
7.035676836967468262e-01
1.077927649021148682e-01
8.160026669502258301e-01
0.000000000000000000e+00
2.653795778751373291e-01
2.518465556204319000e-02
2.382007390260696411e-01
6.796752810478210449e-01
6.458762288093566895e-01
2.458777725696563721e-01
1.269061267375946045e-01
4.750719293951988220e-02
0.000000000000000000e+00
7.517905831336975098e-01
4.758416712284088135e-01
9.215606003999710083e-02
1.739618539810180664e+00
2.129503250122070312e+00
1.730503886938095093e-01
9.247812032699584961e-01
5.986379384994506836e-01
4.480213671922683716e-02
1.292884070426225662e-02
3.508005440235137939e-01
9.453313946723937988e-01
6.145195960998535156e-01
6.727222800254821777e-01
1.392461955547332764e-01
4.934840276837348938e-02
6.954483985900878906e-01
9.063372015953063965e-02
8.225356936454772949e-01
4.572166442871093750e+00
1.351103901863098145e+00
4.125933721661567688e-02
8.973693102598190308e-02
1.093656539916992188e+00
2.674269676208496094e-01
4.815315604209899902e-01
1.823413252830505371e+00
8.729415386915206909e-02
3.451186716556549072e-01
1.282106637954711914e-01
1.412459135055541992e+00
0.000000000000000000e+00
3.267747163772583008e-01
0.000000000000000000e+00
2.892740368843078613e-01
5.421302318572998047e-01
9.403750300407409668e-01
1.528085947036743164e+00
7.248473167419433594e-02
2.773269265890121460e-02
1.558979898691177368e-01
3.179970085620880127e-01
6.353051960468292236e-02
6.254123151302337646e-02
4.716819524765014648e-01
6.930097471922636032e-03
1.153707504272460938e-01
0.000000000000000000e+00
1.431596755981445312e+00
5.657333135604858398e-02
1.071955729275941849e-02
3.205386102199554443e-01
2.656781077384948730e-01
2.703366279602050781e-01
1.642509937286376953e+00
3.471397161483764648e-01
3.206513449549674988e-02
3.299129311926662922e-04
8.074066042900085449e-01
0.000000000000000000e+00
3.367976518347859383e-03
0.000000000000000000e+00
1.855525970458984375e-01
9.556941390037536621e-01
1.739436946809291840e-02
3.492572903633117676e-01
9.684260189533233643e-02
2.011222988367080688e-01
0.000000000000000000e+00
3.573608696460723877e-01
6.963116526603698730e-01
9.824271798133850098e-01
2.377317905426025391e+00
1.141755608841776848e-03
2.984438240528106689e-01
1.298587173223495483e-01
8.468216061592102051e-01
1.814056187868118286e-01
0.000000000000000000e+00
4.215607792139053345e-02
1.197616696357727051e+00
4.845854640007019043e-01
1.248806834220886230e+00
7.400125265121459961e-03
0.000000000000000000e+00
3.828495442867279053e-01
2.064437121152877808e-01
2.815140783786773682e-01
1.001589059829711914e+00
6.831590831279754639e-02
2.641874849796295166e-01
2.684337273240089417e-02
0.000000000000000000e+00
9.688374996185302734e-01
1.883405089378356934e+00
2.438524216413497925e-01
5.611760616302490234e-01
0.000000000000000000e+00
1.982287645339965820e+00
6.679193973541259766e-01
2.602475881576538086e-01
1.630246520042419434e+00
3.753980994224548340e-01
1.399886608123779297e+00
3.922043740749359131e-01
2.450562268495559692e-01
3.391891121864318848e-01
7.341602444648742676e-02
0.000000000000000000e+00
1.568106561899185181e-01
2.045673370361328125e+00
3.019509911537170410e-01
0.000000000000000000e+00
4.061690270900726318e-01
4.687073230743408203e-01
2.544418573379516602e-01
4.993033036589622498e-02
2.972210049629211426e-01
1.371324528008699417e-02
8.226163983345031738e-01
2.604420900344848633e+00
2.003970623016357422e+00
1.970468610525131226e-01
9.105628728866577148e-02
1.257282853126525879e+00
7.829432487487792969e-01
9.603751897811889648e-01
3.215653002262115479e-01
2.528405189514160156e-01
3.982258215546607971e-02
0.000000000000000000e+00
2.828442454338073730e-01
0.000000000000000000e+00
1.105427443981170654e-01
3.155179023742675781e-01
0.000000000000000000e+00
6.776873469352722168e-01
1.096926450729370117e+00
1.018882263451814651e-02
1.236690759658813477e+00
0.000000000000000000e+00
8.864766955375671387e-01
1.064627051353454590e+00
1.438852548599243164e-01
4.355951547622680664e-01
1.825989335775375366e-01
1.132878065109252930e+00
2.098275274038314819e-01
9.117774367332458496e-01
6.618715524673461914e-01
2.747975289821624756e-01
1.141460180282592773e+00
2.785729169845581055e+00
2.901201844215393066e-01
3.083300590515136719e+00
5.368788540363311768e-02
7.220268845558166504e-01
1.140683412551879883e+00
2.148419380187988281e+00
6.637338399887084961e-01
0.000000000000000000e+00
3.093932867050170898e-01
4.575801789760589600e-01
1.100056290626525879e+00
8.334629982709884644e-02
1.399957686662673950e-01
1.243538856506347656e+00
1.031942367553710938e-01
5.831996202468872070e-01
1.515039652585983276e-01
3.539702296257019043e-02
2.423819154500961304e-02
3.647627830505371094e-01
1.064869109541177750e-02
7.432947754859924316e-01
4.491314757615327835e-03
1.824682652950286865e-01
2.404803633689880371e-01
0.000000000000000000e+00
6.050648689270019531e-01
8.948350697755813599e-02
3.527094423770904541e-02
4.996588453650474548e-02
1.321500837802886963e-01
1.282335668802261353e-01
1.742928177118301392e-01
2.934634983539581299e-01
1.337987035512924194e-01
1.154474914073944092e-01
2.939618378877639771e-02
2.183351665735244751e-02
1.050851792097091675e-01
2.663503885269165039e-01
5.262905359268188477e-02
8.934491276741027832e-01
5.075555443763732910e-01
1.452275753021240234e+00
2.466747313737869263e-01
2.145657688379287720e-02
0.000000000000000000e+00
5.436141788959503174e-02
1.534050583839416504e+00
4.867734909057617188e+00
1.766856387257575989e-02
2.291799150407314301e-02
2.489668130874633789e+00
5.874981358647346497e-02
2.798607349395751953e-01
7.009518891572952271e-02
1.850576549768447876e-01
1.203182935714721680e+00
6.240946426987648010e-02
1.819406032562255859e+00
4.807712975889444351e-03
1.682497024536132812e+00
0.000000000000000000e+00
6.064373627305030823e-02
0.000000000000000000e+00
6.560941934585571289e-01
1.440752983093261719e+00
2.435513883829116821e-01
8.166185766458511353e-02
1.096008941531181335e-01
3.203999400138854980e-01
7.050375938415527344e-01
6.058797240257263184e-01
2.921712100505828857e-01
3.242024183273315430e-01
1.485316455364227295e-01
1.038875803351402283e-01
4.252729892730712891e+00
2.030362635850906372e-01
1.455873697996139526e-01
0.000000000000000000e+00
1.131773218512535095e-01
0.000000000000000000e+00
1.574583351612091064e-02
9.989848136901855469e-01
2.720392644405364990e-01
1.107637286186218262e+00
1.143540441989898682e-02
2.349948883056640625e-01
8.666901588439941406e-01
0.000000000000000000e+00
1.910687685012817383e-01
3.591359257698059082e-01
1.557868998497724533e-02
2.091207504272460938e-01
5.386565327644348145e-01
1.343660354614257812e+00
3.922468423843383789e-01
5.023682117462158203e-01
1.510607004165649414e-01
1.347575426101684570e+00
2.116494067013263702e-02
5.213057994842529297e-01
6.787332296371459961e-01
9.313478469848632812e-01
1.479093544185161591e-02
1.356717012822628021e-02
9.233967959880828857e-02
4.182883352041244507e-02
1.240774512290954590e+00
2.149349153041839600e-01
9.149678051471710205e-02
9.716824889183044434e-01
5.544287618249654770e-03
1.193178296089172363e-01
4.253401458263397217e-01
4.828742891550064087e-02
3.947194516658782959e-01
8.460250683128833771e-03
1.541450023651123047e-01
3.196535259485244751e-02
5.386622548103332520e-01
3.690363764762878418e-01
7.132046818733215332e-01
1.437081843614578247e-01
1.282611340284347534e-01
8.786380290985107422e-02
2.106404066085815430e+00
1.830620616674423218e-01
0.000000000000000000e+00
1.486603170633316040e-01
1.102389916777610779e-01
3.190780058503150940e-03
2.588748335838317871e-01
2.235108166933059692e-01
3.000656366348266602e-01
1.027010917663574219e+00
2.686415910720825195e-01
2.804484404623508453e-02
2.106690704822540283e-01
2.336512088775634766e+00
1.822041153907775879e+00
1.872329562902450562e-01
6.752548217773437500e-01
2.411710172891616821e-01
6.931440234184265137e-01
8.248512446880340576e-02
6.490096915513277054e-03
2.212733030319213867e+00
3.521526455879211426e-01
7.506459485739469528e-03
0.000000000000000000e+00
0.000000000000000000e+00
3.827405571937561035e-01
6.239638805389404297e+00
5.436456799507141113e-01
5.484502911567687988e-01
1.855691820383071899e-01
9.392940998077392578e-02
6.768381595611572266e-01
4.478893756866455078e+00
3.434042334556579590e-01
1.784028410911560059e-01
8.104763627052307129e-01
1.628215193748474121e+00
3.774126768112182617e-01
0.000000000000000000e+00
2.039600849151611328e+00
2.653458714485168457e-02
6.806458532810211182e-02
1.036397218704223633e-01
0.000000000000000000e+00
2.004489153623580933e-01
9.674869477748870850e-02
4.598945379257202148e-01
1.130444630980491638e-01
2.611158192157745361e-01
2.648958861827850342e-01
1.176506042480468750e+00
1.278098344802856445e+00
3.277850151062011719e+00
1.201829165220260620e-01
7.909865379333496094e-01
5.810653045773506165e-02
5.952041745185852051e-01
2.774369716644287109e-02
5.495810508728027344e-01
2.567943572998046875e+00
1.590622365474700928e-01
3.126291185617446899e-02
1.101676106452941895e+00
2.062626928091049194e-01
1.250828981399536133e+00
5.839312672615051270e-01
0.000000000000000000e+00
1.766544282436370850e-01
1.548883914947509766e+00
0.000000000000000000e+00
7.652888894081115723e-01
1.058116275817155838e-02
1.476426243782043457e+00
2.074569463729858398e+00
1.558600544929504395e+00
3.854636847972869873e-01
3.114175796508789062e-02
1.137883886694908142e-01
1.244219660758972168e+00
0.000000000000000000e+00
1.526234626770019531e+00
6.982070207595825195e-02
3.278176784515380859e-01
1.782569736242294312e-01
8.730443716049194336e-01
4.008663296699523926e-01
1.352188467979431152e+00
1.371394515037536621e+00
3.751622885465621948e-02
0.000000000000000000e+00
2.448455572128295898e+00
3.921601176261901855e-01
2.502464652061462402e-01
5.688931941986083984e-01
8.507595658302307129e-01
3.093259632587432861e-01
3.023677971214056015e-03
1.055533960461616516e-01
3.419435024261474609e-01
1.894454658031463623e-02
3.543730378150939941e-01
1.127264738082885742e+00
1.391968410462141037e-02
1.940359026193618774e-01
1.116429328918457031e+00
5.447985231876373291e-02
0.000000000000000000e+00
4.310471415519714355e-01
3.440023660659790039e-01
0.000000000000000000e+00
7.880559563636779785e-02
0.000000000000000000e+00
2.596734650433063507e-02
7.500348687171936035e-01
2.726151049137115479e-01
2.389559289440512657e-03
2.045453935861587524e-01
4.732526302337646484e+00
1.473988741636276245e-01
8.497685194015502930e-01
3.174206316471099854e-01
9.556342959403991699e-01
1.955990344285964966e-01
4.320750236511230469e+00
4.427697956562042236e-01
0.000000000000000000e+00
6.237128376960754395e-01
4.129382669925689697e-01
3.336247056722640991e-03
9.606642276048660278e-02
1.508409881591796875e+01
1.338242769241333008e+00
1.023015260696411133e+00
1.021318793296813965e+00
3.495619818568229675e-02
1.294823139905929565e-01
0.000000000000000000e+00
4.292171299457550049e-01
9.293357729911804199e-01
9.441896677017211914e-01
7.008782029151916504e-01
1.070199087262153625e-01
1.364487767219543457e+00
2.957322597503662109e-01
1.373390078544616699e+00
1.235283732414245605e+00
3.022430539131164551e-01
5.103548243641853333e-02
2.860538661479949951e-01
1.255790114402770996e+00
6.634025573730468750e-01
4.357406198978424072e-01
1.750322878360748291e-01
1.078682541847229004e+00
1.437236089259386063e-02
1.117149949073791504e+00
2.492562122642993927e-02
2.725981473922729492e+00
7.656228262931108475e-03
1.648773670196533203e+00
5.728726387023925781e-01
1.339987158775329590e+00
5.214685201644897461e-01
5.460995435714721680e-01
8.192025125026702881e-02
6.816472411155700684e-01
3.292749822139739990e-02
2.832934819161891937e-02
1.500263094902038574e+00
2.351800538599491119e-02
1.550135165452957153e-01
5.512838363647460938e-01
9.032372385263442993e-02
6.089273691177368164e-01
1.813433289527893066e+00
1.828679889440536499e-01
2.436011135578155518e-01
6.391205191612243652e-01
4.259570240974426270e-01
2.098056077957153320e+00
5.495096445083618164e-01
9.454412758350372314e-02
2.289889097213745117e+00
1.352708488702774048e-01
1.235181808471679688e+00
9.097518920898437500e-01
5.148576572537422180e-02
5.605163518339395523e-03
9.103755652904510498e-02
1.914801895618438721e-01
1.422055959701538086e-01
2.938334465026855469e+00
1.228061079978942871e+00
1.270998120307922363e-01
3.860924243927001953e-01
6.069498062133789062e-01
1.658447682857513428e-01
1.575768366456031799e-02
2.617682702839374542e-02
1.724088430404663086e+00
1.260611534118652344e+00
0.000000000000000000e+00
8.674358725547790527e-01
9.604285955429077148e-01
0.000000000000000000e+00
0.000000000000000000e+00
1.803694479167461395e-02
3.492666780948638916e-02
1.186431765556335449e+00
1.878175288438796997e-01
6.761534810066223145e-01
8.124763146042823792e-03
5.068243481218814850e-04
0.000000000000000000e+00
0.000000000000000000e+00
7.328505516052246094e-01
0.000000000000000000e+00
6.423831582069396973e-01
6.238728761672973633e-01
7.911916971206665039e-01
1.318397372961044312e-01
8.121999502182006836e-01
6.435396522283554077e-02
4.523386955261230469e+00
9.052924811840057373e-02
0.000000000000000000e+00
1.124513428658246994e-02
3.307735025882720947e-01
9.886164665222167969e-01
2.079212367534637451e-01
1.436107397079467773e+00
7.347500920295715332e-01
0.000000000000000000e+00
5.584746599197387695e-01
9.178825020790100098e-01
1.267284631729125977e+00
3.154196023941040039e+00
1.203383971005678177e-02
1.731897294521331787e-01
1.237148344516754150e-01
5.628857016563415527e-01
0.000000000000000000e+00
4.625135567039251328e-03
3.904280439019203186e-02
1.323965191841125488e-01
2.498093843460083008e-01
3.414062857627868652e-01
9.005194902420043945e-02
2.123072147369384766e+00
1.064783036708831787e-01
2.332146644592285156e+00
5.193600058555603027e-01
0.000000000000000000e+00
0.000000000000000000e+00
0.000000000000000000e+00
2.802627325057983398e+00
1.886921375989913940e-01
2.119114398956298828e-01
5.238490179181098938e-02
2.087873667478561401e-01
1.333103328943252563e-01
2.762119174003601074e-01
3.281432092189788818e-01
2.250067234039306641e+00
1.526327013969421387e+00
1.364077210426330566e+00
4.230019450187683105e-02
9.174807071685791016e-01
3.611687570810317993e-02
1.820966482162475586e+00
5.030795931816101074e-01
1.692951321601867676e-01
1.146017983555793762e-01
6.632045842707157135e-03
9.257931709289550781e-01
4.431278258562088013e-02
7.148355841636657715e-01
1.133455634117126465e-01
1.046419888734817505e-01
0.000000000000000000e+00
1.446230530738830566e+00
0.000000000000000000e+00
2.274161577224731445e+00
7.672329992055892944e-02
9.098513424396514893e-02
3.370523750782012939e-01
0.000000000000000000e+00
8.872618675231933594e-01
3.884025216102600098e-01
5.901885032653808594e-01
6.255086660385131836e-01
7.186617003753781319e-04
1.214098650962114334e-02
4.277244210243225098e-01
1.730559021234512329e-01
3.141732811927795410e-01
0.000000000000000000e+00
8.080878853797912598e-01
1.591795206069946289e+00
0.000000000000000000e+00
6.928685903549194336e-01
5.393288612365722656e+00
6.031920909881591797e-01
7.316547036170959473e-01
8.542569726705551147e-02
9.233230352401733398e-02
0.000000000000000000e+00
2.528243064880371094e+00
2.385323286056518555e+00
5.114697851240634918e-04
1.072827577590942383e-01
1.651002466678619385e-02
5.014056205749511719e+00
3.263589143753051758e-01
2.635492384433746338e-02
1.405431628227233887e+00
9.488207697868347168e-01
6.068344712257385254e-01
3.633023798465728760e-01
6.659233570098876953e-02
2.252998352050781250e-01
3.704400360584259033e-02
9.904605150222778320e-02
1.786389052867889404e-01
1.188738346099853516e+00
0.000000000000000000e+00
1.056208610534667969e+00
2.442237362265586853e-02
1.370301961898803711e+00
6.002868413925170898e-01
0.000000000000000000e+00
1.061486363410949707e+00
3.386720418930053711e+00
2.328849077224731445e+00
3.272524476051330566e-01
6.369295120239257812e-01
6.133939027786254883e-01
1.377747505903244019e-01
2.763488054275512695e+00
1.079743504524230957e+00
3.363800942897796631e-01
1.356051683425903320e+00
8.962199091911315918e-01
1.955920308828353882e-01
2.523976862430572510e-01
3.359611630439758301e-01
3.275611698627471924e-01
5.929317474365234375e-01
1.990278244018554688e+00
1.312576413154602051e+00
2.336969226598739624e-01
5.006783008575439453e-01
0.000000000000000000e+00
0.000000000000000000e+00
3.750899434089660645e-01
1.247772693634033203e+00
4.489994421601295471e-02
3.251774013042449951e-01
5.225706100463867188e-01
1.284418821334838867e+00
6.613500714302062988e-01
2.928296029567718506e-01
7.181033492088317871e-01
3.748475015163421631e-01
0.000000000000000000e+00
2.106237858533859253e-01
7.813441753387451172e-01
2.751444876194000244e-01
4.019853174686431885e-01
4.207102060317993164e-01
2.781019508838653564e-01
2.031376659870147705e-01
1.941885799169540405e-02
1.870430111885070801e-01
4.336754232645034790e-02
7.692369818687438965e-02
1.334600329399108887e+00
0.000000000000000000e+00
5.807555317878723145e-01
2.041381411254405975e-02
7.276492714881896973e-01
1.933408319018781185e-03
1.409357309341430664e+00
1.144916191697120667e-01
2.280348166823387146e-02
3.784949332475662231e-02
9.380429238080978394e-02
3.096282482147216797e-01
0.000000000000000000e+00
6.801455467939376831e-02
0.000000000000000000e+00
1.643921852111816406e+00
0.000000000000000000e+00
1.728139668703079224e-01
0.000000000000000000e+00
3.904534578323364258e-01
4.319610446691513062e-02
4.864254593849182129e-02
6.479227542877197266e-02
2.768232524394989014e-01
3.205704316496849060e-02
1.017565369606018066e+00
3.646166995167732239e-03
1.919974207878112793e+00
0.000000000000000000e+00
1.208403348922729492e+00
0.000000000000000000e+00
1.571897745132446289e+00
6.654831022024154663e-02
3.132677316665649414e+00
3.453263640403747559e-01
4.765520691871643066e-01
3.123971521854400635e-01
3.593841791152954102e+00
0.000000000000000000e+00
5.349730253219604492e-01
1.109292283654212952e-01
1.059075668454170227e-01
5.405193567276000977e-02
9.743890762329101562e-01
0.000000000000000000e+00
5.007550492882728577e-02
7.614627480506896973e-02
1.725339144468307495e-01
0.000000000000000000e+00
3.787050843238830566e-01
2.109820693731307983e-01
