0.000000000000000000e+00
1.046928644180297852e+00
2.243918180465698242e+00
0.000000000000000000e+00
9.185245037078857422e-01
3.502041697502136230e-01
4.751806557178497314e-01
1.986173726618289948e-02
3.561482727527618408e-01
3.024697601795196533e-01
8.414710760116577148e-01
8.122799396514892578e-01
4.265681207180023193e-01
1.257087111473083496e+00
1.520958095788955688e-01
2.581779062747955322e-01
1.352305531501770020e+00
3.123607635498046875e+00
2.339595556259155273e-01
1.387710031121969223e-02
1.021014213562011719e+00
1.173014342784881592e-01
3.921514153480529785e-01
5.467106699943542480e-01
4.217182099819183350e-01
2.132083475589752197e-01
3.790025115013122559e-01
5.968132615089416504e-01
1.021533012390136719e+00
1.089667901396751404e-01
1.878787875175476074e-01
9.197857379913330078e-01
7.396256327629089355e-01
6.703362613916397095e-02
6.303352832794189453e+00
1.715757399797439575e-01
5.307012796401977539e-02
2.673415839672088623e-01
2.277938604354858398e+00
2.340889453887939453e+00
1.074715495109558105e+00
1.074376106262207031e+00
8.102907538414001465e-01
5.401276350021362305e-01
4.172803163528442383e-01
7.276900410652160645e-01
1.001996994018554688e+00
8.757057785987854004e-01
2.859735965728759766e+00
2.167261540889739990e-01
4.789067208766937256e-01
6.756889224052429199e-01
5.382662415504455566e-01
7.036595940589904785e-01
5.794680491089820862e-02
7.002432644367218018e-02
3.300643339753150940e-02
1.899552047252655029e-01
9.603077173233032227e-02
1.149641349911689758e-01
2.466086000204086304e-01
1.355362534523010254e+00
5.603826045989990234e-01
3.309471905231475830e-02
1.490753054618835449e+00
6.465939283370971680e-01
1.757788658142089844e+00
1.820079445838928223e+00
8.699642866849899292e-02
5.463321208953857422e-01
1.842788219451904297e+00
3.323755040764808655e-02
8.241998553276062012e-01
1.416858911514282227e+00
1.869529366493225098e+00
1.234239563345909119e-01
4.653509855270385742e-01
6.351055204868316650e-02
2.136994749307632446e-01
2.580369412899017334e-01
4.280124977231025696e-02
9.302011132240295410e-02
8.572980165481567383e-01
0.000000000000000000e+00
4.009215235710144043e-01
3.209925174713134766e+00
1.413968086242675781e+00
5.472322460263967514e-03
4.681712687015533447e-01
3.644643425941467285e-01
1.328693985939025879e+00
1.750489354133605957e+00
3.513685464859008789e-01
6.851524859666824341e-02
1.142667293548583984e+00
6.493898034095764160e-01
2.332082539796829224e-01
8.261459469795227051e-01
1.927490681409835815e-01
3.491017222404479980e-01
3.952180445194244385e-01
2.834223210811614990e-01
3.263852000236511230e-01
0.000000000000000000e+00
8.209113478660583496e-01
6.493112444877624512e-01
1.404464125633239746e+00
2.285192966461181641e+00
8.660070300102233887e-01
3.386176377534866333e-02
7.150247693061828613e-01
7.987208366394042969e-01
3.723135292530059814e-01
8.157870173454284668e-01
1.575922131538391113e+00
9.986667335033416748e-02
5.855613946914672852e-02
8.972261548042297363e-01
5.071670413017272949e-01
4.967902228236198425e-02
6.033630967140197754e-01
3.774004578590393066e-01
1.097897738218307495e-01
2.009931564331054688e+00
6.332077383995056152e-01
1.713672041893005371e+00
1.537672281265258789e+00
7.344142198562622070e-01
1.725111484527587891e+00
3.091369196772575378e-02
5.033447965979576111e-02
0.000000000000000000e+00
2.282193452119827271e-01
2.059450298547744751e-01
1.739890933036804199e+00
7.828926444053649902e-01
1.484055370092391968e-01
1.069011569023132324e+00
3.414749503135681152e-01
3.079757988452911377e-01
5.560449361801147461e-01
1.894119381904602051e-01
6.393814086914062500e-02
8.052600026130676270e-01
3.626926839351654053e-01
2.143443971872329712e-01
3.805345892906188965e-01
3.793260335922241211e+00
7.636093497276306152e-01
3.689420521259307861e-01
6.959230303764343262e-01
0.000000000000000000e+00
1.952041685581207275e-01
1.263898372650146484e+00
1.519763588905334473e+00
9.285164475440979004e-01
7.656151652336120605e-01
5.750930309295654297e-01
8.294745534658432007e-02
6.903997808694839478e-02
1.502486616373062134e-01
8.691489696502685547e-01
1.840294957160949707e+00
9.010382927954196930e-03
4.600812122225761414e-02
5.743675827980041504e-01
1.145958974957466125e-01
2.128923833370208740e-01
3.265082836151123047e-01
4.180499166250228882e-02
3.207314759492874146e-03
2.139556407928466797e-01
1.057183265686035156e+00
1.952121853828430176e-01
6.953816860914230347e-02
3.132848024368286133e+00
9.988829493522644043e-03
1.140585243701934814e-01
1.440315127372741699e+00
1.704660534858703613e+00
1.241856694221496582e+00
1.409032642841339111e-01
2.973478734493255615e-01
1.197186827659606934e+00
2.697783112525939941e-01
7.894729822874069214e-02
1.705321669578552246e+00
4.212025105953216553e-01
8.028069138526916504e-01
1.305591106414794922e+00
4.314590692520141602e-01
3.098636627197265625e+00
8.182558417320251465e-01
1.592053413391113281e+00
2.467467188835144043e-01
3.451766073703765869e-01
8.373464345932006836e-01
2.864382266998291016e+00
1.163307875394821167e-01
3.704600334167480469e-01
5.337581411004066467e-02
4.288734197616577148e-01
1.700873523950576782e-01
1.119174122810363770e+00
4.221562385559082031e+00
2.645897865295410156e-01
0.000000000000000000e+00
5.595036029815673828e+00
4.119709506630897522e-02
0.000000000000000000e+00
6.984121203422546387e-01
8.363015949726104736e-02
2.364878952503204346e-01
1.029394045472145081e-01
2.012158393859863281e+00
1.428770869970321655e-01
2.016306400299072266e+00
2.544057667255401611e-01
2.753000855445861816e-01
1.583088874816894531e+00
9.771347977221012115e-03
1.556618332862854004e+00
2.797962427139282227e-01
8.489167094230651855e-01
8.171641230583190918e-01
8.734874427318572998e-02
2.469931125640869141e+00
7.987882941961288452e-02
1.150038242340087891e+00
3.947845399379730225e-01
3.919294774532318115e-01
8.038478344678878784e-02
9.832320213317871094e-01
9.259629994630813599e-02
2.273482799530029297e+00
1.419043540954589844e+00
6.590157002210617065e-02
1.977818757295608521e-01
2.665024697780609131e-01
2.467523515224456787e-01
6.348359584808349609e-02
9.706064313650131226e-02
8.394562005996704102e-01
6.092805862426757812e-01
1.078477382659912109e+00
4.932848811149597168e-01
2.026597023010253906e+00
1.449471712112426758e-01
4.798077940940856934e-01
3.829405605792999268e-01
3.144124150276184082e-01
4.191353321075439453e-01
1.205756545066833496e+00
4.561531171202659607e-02
1.744001388549804688e+00
1.508916139602661133e+00
2.923453807830810547e+00
1.170369863510131836e+00
4.903829842805862427e-02
3.348154723644256592e-01
7.273362874984741211e-01
9.103248268365859985e-02
1.525227546691894531e+00
6.651486456394195557e-02
1.210779771208763123e-01
1.937514781951904297e+00
6.904217600822448730e-01
6.627001166343688965e-01
6.089732646942138672e-01
2.001532167196273804e-01
6.801876425743103027e-01
1.501707792282104492e+00
8.312062025070190430e-01
5.406823009252548218e-02
2.597595751285552979e-01
2.616159617900848389e-01
3.002727031707763672e-01
1.152623742818832397e-01
3.773849084973335266e-02
3.445733338594436646e-02
4.054617881774902344e-02
8.953735232353210449e-01
9.756727516651153564e-02
1.529465168714523315e-01
3.194518089294433594e-01
3.690926730632781982e-01
1.731215864419937134e-01
3.166990578174591064e-01
1.919665098190307617e+00
7.121551036834716797e-01
0.000000000000000000e+00
1.298977017402648926e+00
7.343002557754516602e-01
5.006021261215209961e-01
5.617439746856689453e-01
1.231053993105888367e-01
3.688351809978485107e-01
2.920704483985900879e-01
1.947083026170730591e-01
1.303174972534179688e+00
9.379032850265502930e-01
9.699004888534545898e-01
4.795930087566375732e-01
3.065864089876413345e-03
6.462621968239545822e-03
1.630550146102905273e+00
2.435051500797271729e-01
5.311707407236099243e-02
1.897792220115661621e-01
0.000000000000000000e+00
7.324570417404174805e-02
3.596266508102416992e-01
6.821074485778808594e-01
0.000000000000000000e+00
5.106250941753387451e-02
3.861464560031890869e-01
9.387044906616210938e-01
6.928930282592773438e-01
7.103607654571533203e-01
1.175805330276489258e+00
9.798144698143005371e-01
4.096355140209197998e-01
2.530065059661865234e+00
2.803293764591217041e-01
4.971128702163696289e-02
1.654616743326187134e-01
2.743178308010101318e-01
2.357829362154006958e-01
6.927823424339294434e-01
3.103295862674713135e-01
6.585097908973693848e-01
5.718823522329330444e-02
1.210717558860778809e-01
1.065432578325271606e-01
4.567384123802185059e-01
4.936791360378265381e-01
1.387521982192993164e+00
1.394747048616409302e-01
6.548385024070739746e-01
8.087857365608215332e-01
3.337792634963989258e+00
1.075274348258972168e+00
5.775026082992553711e-01
5.338153243064880371e-01
3.875390440225601196e-02
7.060436606407165527e-01
1.373474001884460449e-01
1.113312169909477234e-01
3.881199955940246582e-01
2.591002464294433594e+00
2.336319208145141602e+00
4.541858732700347900e-01
3.177840113639831543e-01
2.436139583587646484e-01
2.286195568740367889e-02
5.789436340332031250e+00
7.546979188919067383e-02
1.520444005727767944e-01
2.496649265289306641e+00
1.425394654273986816e+00
5.561612844467163086e-01
1.671193599700927734e+00
1.303399801254272461e-01
1.577245593070983887e-01
1.147563695907592773e+00
1.473671317100524902e+00
4.872647523880004883e-01
0.000000000000000000e+00
1.185450553894042969e+00
8.095394968986511230e-01
9.398271441459655762e-01
1.395635962486267090e+00
1.645331829786300659e-01
1.136759519577026367e-01
3.326478958129882812e+00
1.002353310585021973e+00
4.667194485664367676e-01
5.674487352371215820e-01
4.526673853397369385e-01
3.066430985927581787e-01
1.420745849609375000e-01
5.678612589836120605e-01
3.474192619323730469e-01
8.427253961563110352e-01
1.309774219989776611e-01
1.195143699645996094e+00
6.892100572586059570e-01
1.952121973037719727e+00
1.522330492734909058e-01
3.190418481826782227e-01
9.984384775161743164e-01
1.000634074211120605e+00
3.291327953338623047e-01
8.298448324203491211e-01
4.433157742023468018e-01
7.965599894523620605e-01
7.267035543918609619e-02
4.453950226306915283e-01
0.000000000000000000e+00
9.081461280584335327e-02
2.014431238174438477e+00
3.366805911064147949e-01
3.788793459534645081e-03
1.530950665473937988e-01
7.611905932426452637e-01
3.094792962074279785e-01
8.422045968472957611e-03
3.763288259506225586e+00
1.129900962114334106e-01
5.913393497467041016e-01
1.566612124443054199e+00
2.996426224708557129e-01
7.714520394802093506e-02
3.493345677852630615e-01
2.617847025394439697e-01
1.119967699050903320e-01
1.098868399858474731e-01
1.915744900703430176e+00
5.232855081558227539e-01
7.098970562219619751e-02
4.066269099712371826e-01
2.498994588851928711e+00
7.443645596504211426e-02
6.626889705657958984e-01
4.180840402841567993e-02
2.145134061574935913e-01
4.462400078773498535e-02
7.687161117792129517e-02
1.033362627029418945e+00
6.145145893096923828e-01
9.747670590877532959e-02
3.521417379379272461e-01
1.119202017784118652e+00
1.911396622657775879e+00
1.890996992588043213e-01
4.216220676898956299e-01
7.443493604660034180e-01
2.531632423400878906e+00
9.759390950202941895e-01
7.135609388351440430e-01
1.120806336402893066e-01
3.373039066791534424e-01
1.277920603752136230e-01
2.583422660827636719e+00
7.126751542091369629e-01
8.497498035430908203e-01
6.264214515686035156e-01
3.176341950893402100e-02
3.053209781646728516e-01
4.412735998630523682e-01
2.541897296905517578e-01
5.881258249282836914e-01
1.045424818992614746e+00
5.309414267539978027e-01
8.457501232624053955e-02
4.370949864387512207e-01
1.334346175193786621e+00
3.686132133007049561e-01
2.744349241256713867e-01
0.000000000000000000e+00
2.506257779896259308e-02
2.463626712560653687e-01
8.829236626625061035e-01
6.536137461662292480e-01
4.564046859741210938e-02
1.442238092422485352e-01
9.507536888122558594e-01
4.687676206231117249e-02
7.808935046195983887e-01
5.763561725616455078e-01
1.171884909272193909e-01
3.721589148044586182e-01
2.095411531627178192e-02
1.040027379989624023e+00
7.394448667764663696e-02
1.141222566366195679e-01
8.761615306138992310e-02
1.075492501258850098e+00
7.570075988769531250e-02
2.057533413171768188e-01
1.135743036866188049e-01
0.000000000000000000e+00
2.995465993881225586e+00
4.845300912857055664e-01
1.176633313298225403e-01
7.007223367691040039e-01
1.602223038673400879e+00
0.000000000000000000e+00
2.102357447147369385e-01
7.814052104949951172e-01
4.824702441692352295e-02
0.000000000000000000e+00
1.788604557514190674e-01
1.278159737586975098e+00
7.035380601882934570e-02
5.693338513374328613e-01
3.853189051151275635e-01
7.009781897068023682e-02
1.713119626045227051e+00
1.429872155189514160e+00
1.596485018730163574e+00
4.008728265762329102e-01
1.400610208511352539e-01
4.427932202816009521e-02
1.371900737285614014e-02
1.181754469871520996e-01
2.622271515429019928e-02
2.583486735820770264e-01
2.494918704032897949e-01
1.846722960472106934e+00
3.270533084869384766e-01
1.925860531628131866e-03
2.432883381843566895e-01
5.322073698043823242e-01
1.164211928844451904e-01
9.578441977500915527e-01
5.520579218864440918e-02
6.176697835326194763e-02
1.505500674247741699e+00
1.002681136131286621e+00
1.536363124847412109e+00
3.534263372421264648e-01
4.412828087806701660e-01
6.097804307937622070e-01
4.725118279457092285e-01
7.435862720012664795e-02
3.561810851097106934e-01
9.128913879394531250e-01
3.675755977630615234e+00
7.993618398904800415e-02
1.040813803672790527e+00
5.349359512329101562e-01
5.999863743782043457e-01
6.664894223213195801e-01
6.751783490180969238e-01
8.872616887092590332e-01
1.860697031021118164e+00
7.644981145858764648e-01
2.201627492904663086e-01
1.725565791130065918e-01
0.000000000000000000e+00
0.000000000000000000e+00
3.021924793720245361e-01
3.235059976577758789e-01
1.911668062210083008e+00
4.291710257530212402e-01
8.355150818824768066e-01
4.171949625015258789e-01
2.866129875183105469e-01
8.287822008132934570e-01
7.449473738670349121e-01
0.000000000000000000e+00
1.395150125026702881e-01
2.855733036994934082e-02
2.928517460823059082e-01
3.224763870239257812e+00
6.153222918510437012e-01
9.938263893127441406e-01
6.479731202125549316e-01
9.792538881301879883e-01
3.269961476325988770e-01
1.843686848878860474e-01
3.842657566070556641e+00
2.429444491863250732e-01
3.784629404544830322e-01
6.086801290512084961e-01
9.870301187038421631e-02
1.190399751067161560e-01
1.671855688095092773e+00
1.954896301031112671e-01
0.000000000000000000e+00
1.270452499389648438e+00
3.515009403228759766e+00
6.197736263275146484e-01
2.931964993476867676e-01
3.681716695427894592e-02
5.873445272445678711e-01
3.722686320543289185e-02
7.157905697822570801e-01
4.586911797523498535e-01
1.114923715591430664e+00
1.884873062372207642e-01
3.528856113553047180e-02
1.706369519233703613e+00
2.233603745698928833e-01
1.061095390468835831e-02
1.450118184089660645e+00
2.191027879714965820e+00
4.842596650123596191e-01
3.255223929882049561e-01
6.060317903757095337e-02
6.725909113883972168e-01
2.304658651351928711e+00
1.389224886894226074e+00
8.697216212749481201e-02
4.411286860704421997e-02
3.732599914073944092e-01
1.282393217086791992e+00
1.333393305540084839e-01
5.483784079551696777e-01
7.286419868469238281e-01
1.184876486659049988e-01
4.720206186175346375e-02
1.500832796096801758e+00
3.287298679351806641e-01
5.359937623143196106e-02
5.407898873090744019e-02
6.660629510879516602e-01
9.974924921989440918e-01
6.356053799390792847e-02
2.026752471923828125e+00
1.832230567932128906e+00
7.112516164779663086e-01
7.400961965322494507e-02
0.000000000000000000e+00
1.514217555522918701e-01
9.979479908943176270e-01
6.205210685729980469e-01
2.982868254184722900e-01
3.982806205749511719e-02
1.760281562805175781e+00
1.393985986709594727e+00
8.304399251937866211e-01
1.585281491279602051e+00
1.414309442043304443e-02
6.085957288742065430e-01
2.099002748727798462e-01
8.985934853553771973e-01
9.733746945858001709e-02
8.078753948211669922e-01
7.584594935178756714e-02
3.758588433265686035e-01
1.161719337105751038e-01
3.032457530498504639e-01
6.321769207715988159e-02
2.212128490209579468e-01
2.794450998306274414e+00
8.222485780715942383e-01
2.501126378774642944e-02
1.512040853500366211e+00
2.193338610231876373e-02
6.284580826759338379e-01
3.305651247501373291e-01
3.842995762825012207e-01
3.129681646823883057e-01
1.067576110363006592e-01
2.963860332965850830e-01
3.871357068419456482e-02
7.549061775207519531e-01
5.289347767829895020e-01
1.485038161277770996e+00
6.763393431901931763e-02
3.873105049133300781e-01
6.228688359260559082e-01
5.671207904815673828e-01
6.973546743392944336e-01
2.724250555038452148e-01
2.431711554527282715e-02
4.600141048431396484e-01
3.209191262722015381e-01
0.000000000000000000e+00
3.993609249591827393e-01
3.364164009690284729e-02
2.807500362396240234e+00
7.643049955368041992e-02
2.615983225405216217e-02
3.047966361045837402e-01
3.656563282012939453e+00
3.016001582145690918e-01
7.098730206489562988e-01
3.430225551128387451e-01
5.417257547378540039e-01
2.254599332809448242e-01
3.965742588043212891e-01
2.201368957757949829e-01
8.327001333236694336e-02
1.444775760173797607e-01
0.000000000000000000e+00
1.985145449638366699e+00
2.269783802330493927e-02
2.242356538772583008e-01
2.208480834960937500e+00
3.604463934898376465e-01
5.035001635551452637e-01
2.069231122732162476e-01
6.462503075599670410e-01
4.974987506866455078e+00
0.000000000000000000e+00
9.903226792812347412e-02
1.742852628231048584e-01
4.785265922546386719e-01
4.267270565032958984e-01
5.877145528793334961e-01
2.316404342651367188e+00
3.114625811576843262e-02
1.371548891067504883e+00
9.359880536794662476e-02
2.308093458414077759e-01
1.236242055892944336e-02
5.224832892417907715e-01
1.790906310081481934e+00
1.523988366127014160e+00
5.909466147422790527e-01
5.166196823120117188e-01
7.181426286697387695e-01
6.987436413764953613e-01
1.010347366333007812e+00
1.583016663789749146e-02
1.101499795913696289e+00
4.743795096874237061e-01
9.390887804329395294e-03
1.607528775930404663e-01
9.880705922842025757e-02
1.404936984181404114e-02
7.288060337305068970e-02
0.000000000000000000e+00
6.814348697662353516e-01
4.162737727165222168e-01
2.310191243886947632e-01
3.094328343868255615e-01
3.071367502212524414e+00
2.598456479609012604e-02
3.815955668687820435e-02
4.384089410305023193e-01
2.790630459785461426e-01
3.178494930267333984e+00
1.853541731834411621e+00
9.956787824630737305e-01
6.273974776268005371e-01
5.969887256622314453e+00
2.751656472682952881e-01
4.595133941620588303e-03
0.000000000000000000e+00
3.253529220819473267e-02
6.427311301231384277e-01
5.599136352539062500e-01
2.106187194585800171e-01
1.122637510299682617e+00
6.090139225125312805e-02
9.953430891036987305e-01
1.799762487411499023e+00
1.104450505226850510e-02
1.887385249137878418e-01
0.000000000000000000e+00
1.421442747116088867e+00
4.427898228168487549e-01
6.301375478506088257e-02
1.274886447936296463e-02
4.818667173385620117e-01
6.131167411804199219e-01
6.895123422145843506e-02
1.166969418525695801e+00
6.785216927528381348e-01
7.382676750421524048e-02
8.399385809898376465e-01
5.347053334116935730e-02
1.843557953834533691e-01
2.452020198106765747e-01
3.031054437160491943e-01
2.609589099884033203e-01
5.361839197576045990e-03
5.490051116794347763e-03
2.231519296765327454e-02
6.171290874481201172e-01
8.825498223304748535e-01
1.775948047637939453e+00
2.320621311664581299e-01
3.529004286974668503e-03
1.799936294555664062e-01
1.924639008939266205e-02
8.266842365264892578e-02
1.489983778446912766e-02
2.930443882942199707e-01
6.910514086484909058e-02
3.890488743782043457e-01
2.306284755468368530e-01
9.898193478584289551e-01
2.607603073120117188e+00
4.456736445426940918e-01
3.469589352607727051e-02
1.103478431701660156e+00
1.250215530395507812e+00
1.342937350273132324e-01
5.325647592544555664e-01
1.879027247428894043e+00
1.892370462417602539e+00
5.389804244041442871e-01
7.680969685316085815e-02
9.602725505828857422e-02
2.922793850302696228e-02
7.190538197755813599e-02
6.673046946525573730e-01
2.611477613449096680e+00
2.523575127124786377e-01
2.434332072734832764e-01
5.789175033569335938e-01
8.128224015235900879e-01
3.368371486663818359e+00
2.318303585052490234e-01
8.530958294868469238e-01
1.229933261871337891e+00
1.218024939298629761e-01
1.040622591972351074e+00
2.112592935562133789e+00
5.424727797508239746e-01
3.137853145599365234e-01
1.618091017007827759e-01
7.801096439361572266e-01
1.930454000830650330e-02
1.656646370887756348e+00
1.318117141723632812e+00
2.208103053271770477e-02
4.067530035972595215e-01
2.504926323890686035e-01
2.736956439912319183e-02
3.388074874877929688e+00
1.469551086425781250e+00
1.841843247413635254e+00
9.112548232078552246e-01
1.077213883399963379e+00
2.083821445703506470e-01
4.395961761474609375e+00
2.330890893936157227e-01
3.091231882572174072e-01
1.552639454603195190e-01
1.562403142452239990e-01
4.412247240543365479e-02
0.000000000000000000e+00
6.314585208892822266e-01
1.218963980674743652e+00
1.686626374721527100e-01
1.436378806829452515e-01
1.052002310752868652e+00
6.758490800857543945e-01
8.039410114288330078e-01
2.813587486743927002e-01
1.293902635574340820e+00
4.604902863502502441e-01
6.094845593906939030e-04
1.357689052820205688e-01
2.389630824327468872e-01
0.000000000000000000e+00
4.538609385490417480e-01
1.818826496601104736e-01
2.025896906852722168e-01
2.363847941160202026e-01
3.879860043525695801e-01
2.024489194154739380e-01
3.190951943397521973e-01
1.417195796966552734e-01
3.113584816455841064e-01
3.052840232849121094e-01
1.068470597267150879e+00
2.234700679779052734e+00
2.331724166870117188e+00
3.523480594158172607e-01
8.927932381629943848e-01
2.675160467624664307e-01
3.579646646976470947e-01
2.552770674228668213e-01
8.664947748184204102e-02
5.262299180030822754e-01
2.558714747428894043e-01
3.582432031631469727e+00
2.692934274673461914e-01
4.415655612945556641e+00
2.067744545638561249e-02
1.810500025749206543e-01
4.485118389129638672e-01
2.715165019035339355e-01
4.134445190429687500e-01
1.385558128356933594e+00
4.244462549686431885e-01
2.283598661422729492e+00
6.432824134826660156e-01
1.758306920528411865e-01
4.514200210571289062e+00
1.848996579647064209e-01
1.082884147763252258e-01
7.036933302879333496e-01
5.939833521842956543e-01
1.078183054924011230e-01
0.000000000000000000e+00
4.100190848112106323e-02
8.114507794380187988e-02
1.170762658119201660e+00
4.335893392562866211e-01
7.931030392646789551e-01
8.919160962104797363e-01
1.123799011111259460e-01
7.552515268325805664e-01
7.452682256698608398e-01
1.073819041252136230e+00
8.167726919054985046e-03
4.127884387969970703e+00
6.166372299194335938e-01
1.133807152509689331e-01
3.635904490947723389e-01
1.263839602470397949e+00
3.003396987915039062e-01
4.057869017124176025e-01
2.006424665451049805e-01
2.282146550714969635e-02
4.842970371246337891e-01
6.086930632591247559e-01
1.420204639434814453e-01
6.441570073366165161e-02
2.234042435884475708e-01
8.355056643486022949e-01
8.997039198875427246e-01
6.304664164781570435e-02
0.000000000000000000e+00
1.502021104097366333e-01
1.322747945785522461e+00
5.554513540118932724e-03
4.324531853199005127e-01
5.692387223243713379e-01
6.590057015419006348e-01
1.913466751575469971e-01
5.341003462672233582e-02
5.219292826950550079e-03
5.229795575141906738e-01
1.487091779708862305e-01
1.672461032867431641e-01
2.670647799968719482e-01
8.212339878082275391e-02
8.098675310611724854e-02
1.725757718086242676e-01
1.045066952705383301e+00
1.472465693950653076e-01
4.012152925133705139e-02
6.068650484085083008e-01
5.339054465293884277e-01
1.430060505867004395e+00
8.287599682807922363e-01
7.238419726490974426e-03
1.192083239555358887e+00
4.694415628910064697e-01
1.100963234901428223e+00
1.416575629264116287e-02
3.341759145259857178e-01
4.641801118850708008e-01
0.000000000000000000e+00
0.000000000000000000e+00
4.421277642250061035e-01
5.100000500679016113e-01
2.149204164743423462e-01
5.831165611743927002e-02
0.000000000000000000e+00
3.886758387088775635e-01
4.491266906261444092e-01
5.297968387603759766e-01
2.271561324596405029e-01
4.050813019275665283e-01
3.259720802307128906e-01
2.848728418350219727e+00
1.069781661033630371e+00
1.079415529966354370e-02
4.310720264911651611e-01
4.046606421470642090e-01
1.171973705291748047e+00
4.580254554748535156e-01
8.528875559568405151e-02
1.544374227523803711e-01
6.052479613572359085e-03
1.370796710252761841e-01
1.476935267448425293e+00
7.998787611722946167e-02
1.611947774887084961e+00
1.928120106458663940e-01
3.936479985713958740e-02
5.114663243293762207e-01
4.006736874580383301e-01
5.723099112510681152e-01
3.944600746035575867e-02
1.065221875905990601e-01
1.036183357238769531e+00
4.142280578613281250e+00
6.701438426971435547e-01
4.083268046379089355e-01
7.678468823432922363e-01
1.820237636566162109e-01
2.743036486208438873e-02
3.686826705932617188e+00
4.068150520324707031e+00
2.606298029422760010e-01
2.552162110805511475e-01
8.719248175621032715e-01
1.415024876594543457e+00
4.056921601295471191e-02
1.753055751323699951e-01
5.225168466567993164e-01
7.017593979835510254e-01
1.217406317591667175e-01
4.045414030551910400e-01
1.162619113922119141e+00
5.103616788983345032e-02
3.158141374588012695e+00
1.008225232362747192e-01
2.747097313404083252e-01
2.559038639068603516e+00
4.843446239829063416e-02
1.361445784568786621e+00
2.036993980407714844e+00
5.111610889434814453e-01
2.967623472213745117e-01
2.279958575963973999e-01
1.280958652496337891e-01
2.856574952602386475e-01
2.327826499938964844e+00
5.203258991241455078e-01
1.362361311912536621e+00
9.904896616935729980e-01
4.904294013977050781e-01
3.277096152305603027e-02
1.959046602249145508e+00
2.776268422603607178e-01
7.581664323806762695e-01
4.663573578000068665e-02
9.734759926795959473e-01
2.096192359924316406e+00
1.546147108078002930e+00
4.997903108596801758e-01
1.167187571525573730e+00
1.368751376867294312e-02
2.436996996402740479e-01
0.000000000000000000e+00
2.621286392211914062e+00
1.353808795101940632e-03
1.676951169967651367e+00
3.076313436031341553e-02
3.175725042819976807e-01
6.647262573242187500e-01
5.706889182329177856e-02
4.154750704765319824e-01
1.487455219030380249e-01
4.684768617153167725e-01
7.533069252967834473e-01
1.342013001441955566e+00
4.674378335475921631e-01
2.239701151847839355e-02
2.178398370742797852e+00
2.948161065578460693e-01
9.277338981628417969e-01
7.151610404253005981e-02
1.415081173181533813e-01
5.437287092208862305e-01
1.199425101280212402e+00
1.093892380595207214e-01
2.272316068410873413e-01
4.122048854827880859e+00
4.911989569664001465e-01
1.062671661376953125e+00
1.303182691335678101e-01
1.120370030403137207e+00
9.860713481903076172e-01
1.863901168107986450e-01
2.619788944721221924e-01
8.432309031486511230e-01
8.590485453605651855e-01
1.099588155746459961e+00
1.090487539768218994e-01
1.649752706289291382e-01
0.000000000000000000e+00
1.461560726165771484e+00
1.215401291847229004e+00
6.055127829313278198e-02
2.141685485839843750e+00
8.268485665321350098e-01
6.940452381968498230e-03
2.184936553239822388e-01
2.119384557008743286e-01
6.674081087112426758e-02
6.435614824295043945e-01
7.466446161270141602e-01
1.593019515275955200e-01
6.066243648529052734e-01
6.189973950386047363e-01
1.493940591812133789e+00
0.000000000000000000e+00
7.560067176818847656e-01
4.970624148845672607e-01
1.891550272703170776e-01
2.268781512975692749e-01
9.002570509910583496e-01
3.231687843799591064e-01
1.200456246733665466e-01
1.768871545791625977e-01
0.000000000000000000e+00
4.562374576926231384e-02
6.094087362289428711e-01
2.866467475891113281e+00
5.031165480613708496e-01
7.759130746126174927e-02
1.660300493240356445e-01
2.493095248937606812e-01
6.710119247436523438e-01
1.555861949920654297e+00
4.026885926723480225e-01
1.837818384170532227e+00
2.276514619588851929e-01
6.434161961078643799e-02
2.228300571441650391e-01
4.910193011164665222e-02
1.208534836769104004e-01
1.386555284261703491e-01
1.302179992198944092e-01
9.699575603008270264e-02
1.303157567977905273e+00
1.242655873298645020e+00
2.333098411560058594e+00
5.601639859378337860e-03
1.198448613286018372e-01
5.031453371047973633e-01
1.925504654645919800e-01
5.405408740043640137e-01
1.620791405439376831e-01
1.022594690322875977e+00
4.097234308719635010e-01
2.813215553760528564e-01
3.354459285736083984e+00
4.894382059574127197e-01
5.683838725090026855e-01
1.253388881683349609e+00
6.284233927726745605e-01
5.342846512794494629e-01
2.028745114803314209e-01
4.180140197277069092e-01
2.421129196882247925e-01
9.650656580924987793e-02
4.209985435009002686e-01
7.622437924146652222e-02
9.357203245162963867e-01
9.879595637321472168e-01
2.609657645225524902e-01
3.761668130755424500e-02
4.174585044384002686e-01
3.717626968864351511e-04
1.051475107669830322e-01
5.102391839027404785e-01
1.216193079948425293e+00
8.502846360206604004e-01
0.000000000000000000e+00
1.488718628883361816e+00
1.078669786453247070e+00
1.034309744834899902e+00
2.738368511199951172e-02
6.465392708778381348e-01
0.000000000000000000e+00
1.320409178733825684e+00
1.108209609985351562e+00
4.508014619350433350e-01
4.410407543182373047e-01
2.163897007703781128e-01
1.393278002738952637e+00
1.338441073894500732e-01
1.901769489049911499e-01
3.207316398620605469e-01
5.493354797363281250e-01
0.000000000000000000e+00
9.442245960235595703e-01
8.134652972221374512e-01
1.032471299171447754e+00
7.894732058048248291e-02
1.680786252021789551e+00
1.507081240415573120e-01
4.305760264396667480e-01
5.017586052417755127e-02
3.697527945041656494e-01
1.140068888664245605e+00
3.469808995723724365e-01
5.236646533012390137e-01
1.686628758907318115e-01
4.154667258262634277e-01
2.357934713363647461e-01
1.033569335937500000e+00
4.771155118942260742e-01
3.137260079383850098e-01
3.749288797378540039e+00
7.857919931411743164e-01
2.977074086666107178e-01
5.527781844139099121e-01
3.415578365325927734e+00
1.691530793905258179e-01
5.502960458397865295e-02
2.555279135704040527e-01
1.234016299247741699e+00
9.201009571552276611e-02
0.000000000000000000e+00
8.345574885606765747e-02
7.853240519762039185e-02
4.171407520771026611e-01
1.235495582222938538e-01
2.367843128740787506e-02
1.996066868305206299e-01
3.182152807712554932e-01
0.000000000000000000e+00
2.105276882648468018e-01
1.462651789188385010e-01
1.456086158752441406e+00
5.199925303459167480e-01
6.964533329010009766e-01
9.982109069824218750e-03
8.470575325191020966e-03
1.428015977144241333e-01
3.617254495620727539e-01
5.495455265045166016e-01
4.669898748397827148e-01
4.850743412971496582e-01
3.445051610469818115e-01
2.678607106208801270e-01
5.290919542312622070e-01
4.772650003433227539e-01
6.169745922088623047e-01
4.065808951854705811e-01
5.406408756971359253e-02
7.598381638526916504e-01
1.881835937500000000e+00
1.920264363288879395e+00
1.095454692840576172e+00
2.296848595142364502e-02
1.565062440931797028e-02
8.992968201637268066e-01
1.631864011287689209e-01
5.024569034576416016e-01
5.219472050666809082e-01
0.000000000000000000e+00
4.948294758796691895e-01
2.460980176925659180e+00
6.057217121124267578e+00
6.496748924255371094e-01
1.828269958496093750e-01
1.370438337326049805e-01
2.337855547666549683e-01
7.301762234419584274e-03
1.063960120081901550e-01
4.847931861877441406e-01
9.944022446870803833e-02
3.983472585678100586e-01
0.000000000000000000e+00
0.000000000000000000e+00
1.071236282587051392e-01
1.697313904762268066e+00
7.275131940841674805e-01
2.064507603645324707e-01
1.973340958356857300e-01
1.788290441036224365e-01
2.138891965150833130e-01
4.940082505345344543e-02
4.662732183933258057e-01
2.931719087064266205e-02
9.208720177412033081e-02
8.099027276039123535e-01
0.000000000000000000e+00
1.434947371482849121e+00
1.786762177944183350e-01
1.432059168815612793e+00
5.208988785743713379e-01
1.511711120605468750e+00
3.477385640144348145e-01
4.929857850074768066e-01
1.162619814276695251e-01
2.298707723617553711e+00
2.791630923748016357e-01
4.067153036594390869e-01
4.649659097194671631e-01
1.177409430965781212e-03
6.531481146812438965e-01
1.301161348819732666e-01
8.181964159011840820e-01
3.303165435791015625e-01
2.277729213237762451e-01
1.476984262466430664e+00
3.590366244316101074e-01
5.442941188812255859e-01
7.335782051086425781e-01
0.000000000000000000e+00
2.510213851928710938e+00
7.618046402931213379e-01
3.470846712589263916e-01
2.398665994405746460e-02
1.667518168687820435e-01
3.911891460418701172e+00
0.000000000000000000e+00
4.111096560955047607e-01
9.246666729450225830e-02
2.388866901397705078e+00
1.118264794349670410e+00
2.771919369697570801e-01
1.315733671188354492e+00
8.863113075494766235e-02
3.629911839962005615e-01
9.062852859497070312e-01
1.143849372863769531e+00
1.916868686676025391e-01
0.000000000000000000e+00
1.891734004020690918e-01
3.032009303569793701e-01
1.104716062545776367e+00
2.308293133974075317e-01
4.196650981903076172e-01
2.974864542484283447e-01
2.036260813474655151e-01
2.158037871122360229e-01
1.988451182842254639e-01
1.155722379684448242e+00
3.612610995769500732e-01
5.568844079971313477e-01
3.269009351730346680e+00
1.670158863067626953e+00
3.580166026949882507e-02
1.268737435340881348e+00
1.924409717321395874e-01
5.482231974601745605e-01
0.000000000000000000e+00
2.297670543193817139e-01
3.063031733036041260e-01
4.603771269321441650e-01
0.000000000000000000e+00
1.511946558952331543e+00
3.159958124160766602e-01
1.364643573760986328e-01
4.469272494316101074e-01
1.518268883228302002e-02
1.040183663368225098e+00
2.985393285751342773e+00
1.312404274940490723e+00
1.146191477775573730e+00
1.405998170375823975e-01
8.819453716278076172e-01
3.697634637355804443e-01
1.054396986961364746e+00
1.104176521301269531e+00
5.761280655860900879e-01
2.531763911247253418e-02
9.752904176712036133e-01
9.793063253164291382e-02
3.736251592636108398e-01
2.361979335546493530e-01
1.944930176250636578e-03
5.535306930541992188e-01
9.543301463127136230e-01
2.137751281261444092e-01
3.027826070785522461e+00
1.067588448524475098e+00
5.385367870330810547e-01
7.605560421943664551e-01
6.178568676114082336e-02
2.185961723327636719e+00
4.910764396190643311e-01
2.274425625801086426e-01
2.123470783233642578e+00
9.183366894721984863e-01
1.320242434740066528e-01
3.032550334930419922e+00
1.027905121445655823e-01
6.063853502273559570e-01
2.705447196960449219e+00
1.116707801818847656e+00
2.595907211303710938e+00
1.042818501591682434e-01
9.681736677885055542e-02
5.603995919227600098e-01
8.089841604232788086e-01
5.872204899787902832e-02
2.437514811754226685e-01
4.452773034572601318e-01
9.266822934150695801e-01
8.823226094245910645e-01
7.981048896908760071e-03
2.277198076248168945e+00
1.564990758895874023e+00
6.620320677757263184e-01
6.302055716514587402e-02
5.718070268630981445e-01
1.848467290401458740e-01
1.032252788543701172e+00
4.590862393379211426e-01
4.550058543682098389e-01
1.106973648071289062e+00
2.931161522865295410e-01
8.373355269432067871e-01
9.123407602310180664e-01
6.493561267852783203e-01
3.398148417472839355e-01
3.237436059862375259e-03
2.290812134742736816e-01
5.224287137389183044e-02
3.783091306686401367e-01
2.288220524787902832e-01
8.996930718421936035e-02
8.636938333511352539e-01
8.826053142547607422e-01
1.553365886211395264e-01
1.817195296287536621e+00
1.712518036365509033e-01
9.235958009958267212e-02
1.199742257595062256e-01
2.513894438743591309e-01
4.767834544181823730e-01
1.136759519577026367e-01
2.614070892333984375e+00
1.334032863378524780e-01
1.247413873672485352e+00
0.000000000000000000e+00
4.200783729553222656e+00
3.043451011180877686e-01
3.080069320276379585e-03
9.753078818321228027e-01
3.863561451435089111e-01
2.081838607788085938e+00
9.871298074722290039e-01
2.428344964981079102e+00
2.304539829492568970e-01
4.827045202255249023e-01
4.487057030200958252e-01
2.823099136352539062e+00
8.942812681198120117e-02
1.948229223489761353e-02
4.310071468353271484e-01
0.000000000000000000e+00
9.424453377723693848e-01
8.911376595497131348e-01
4.411209583282470703e+00
1.180471658706665039e+00
6.444157958030700684e-01
1.100457925349473953e-02
0.000000000000000000e+00
1.373092532157897949e+00
3.026695176959037781e-02
4.133721888065338135e-01
2.631394863128662109e-01
5.546627640724182129e-01
3.666813373565673828e-01
1.732168436050415039e+00
0.000000000000000000e+00
2.438841015100479126e-01
2.890849411487579346e-01
8.230841755867004395e-01
1.099469780921936035e+00
5.115330815315246582e-01
1.345269754528999329e-02
6.416776180267333984e-01
3.562421202659606934e-01
1.813054084777832031e+00
3.301718235015869141e-01
9.443845748901367188e-01
2.448429614305496216e-01
2.997761666774749756e-01
2.189350314438343048e-02
1.761108994483947754e+00
5.520680546760559082e-01
1.568560451269149780e-01
1.079872012138366699e+00
1.411388814449310303e-02
4.017241597175598145e-01
1.775100827217102051e-02
1.725315213203430176e+00
9.276524186134338379e-01
9.842920303344726562e-01
1.456814646720886230e+00
5.611048936843872070e-01
7.273716330528259277e-01
1.893461197614669800e-01
1.401838660240173340e+00
0.000000000000000000e+00
1.007903933525085449e+00
1.532219350337982178e-02
2.404438555240631104e-01
6.737423539161682129e-01
3.656202554702758789e-01
2.333638668060302734e-01
4.867351949214935303e-01
3.464238345623016357e-02
2.379232197999954224e-01
6.445797160267829895e-03
4.878088235855102539e-01
5.051555112004280090e-02
9.097597748041152954e-02
7.590788006782531738e-01
6.251120567321777344e-01
9.598907232284545898e-01
1.797913789749145508e+00
5.452647209167480469e-01
0.000000000000000000e+00
1.028085500001907349e-01
2.803324460983276367e-01
2.599987089633941650e-01
3.249185383319854736e-01
7.532320022583007812e-01
4.744899459183216095e-03
3.483576178550720215e-01
8.177838325500488281e-01
1.454457521438598633e+00
1.441019177436828613e+00
2.441789396107196808e-02
1.937163472175598145e+00
1.396116256713867188e+00
4.215573668479919434e-01
9.761926531791687012e-01
2.668716013431549072e-01
2.817076742649078369e-01
8.917942643165588379e-01
1.141427278518676758e+00
8.819197863340377808e-02
0.000000000000000000e+00
3.146383762359619141e-01
2.934727668762207031e-01
6.525621414184570312e-01
3.567260503768920898e-01
0.000000000000000000e+00
2.976235747337341309e-01
3.731718659400939941e-01
1.032234430313110352e-01
6.701446175575256348e-01
3.240208029747009277e-01
1.943063884973526001e-01
4.855930432677268982e-02
1.773352921009063721e-01
3.315125405788421631e-01
2.842776477336883545e-01
4.670890331268310547e+00
1.382876634597778320e+00
2.404655702412128448e-02
7.190626263618469238e-01
4.439280629158020020e-01
7.791582942008972168e-01
7.444760799407958984e-01
1.922397129237651825e-02
1.203886270523071289e-01
6.501650810241699219e-01
1.087757825851440430e+00
1.087584421038627625e-01
1.547027528285980225e-01
2.973140716552734375e+00
3.880688222125172615e-03
6.337490081787109375e-01
3.986420035362243652e-01
2.579187154769897461e-01
1.104146838188171387e+00
7.868834584951400757e-02
5.580470561981201172e-01
2.398588895797729492e+00
8.314094692468643188e-02
4.016088321805000305e-02
2.475471973419189453e+00
2.678935602307319641e-02
1.126237630844116211e+00
3.082886040210723877e-01
1.636264771223068237e-01
6.235994696617126465e-01
1.138785004615783691e+00
3.494576930999755859e+00
2.113798260688781738e-02
1.219432711601257324e+00
2.200221177190542221e-03
5.449661016464233398e-01
1.462994068861007690e-01
1.433366537094116211e-01
1.906301975250244141e-01
1.370631903409957886e-01
3.016218543052673340e-01
1.490188539028167725e-01
1.137814164161682129e+00
1.046312093734741211e+00
4.173968732357025146e-02
1.038453429937362671e-01
7.242808490991592407e-02
5.214024707674980164e-02
2.829347252845764160e-01
3.583218097686767578e+00
1.455048192292451859e-02
1.151852250099182129e+00
2.565833628177642822e-01
5.601578354835510254e-01
4.004244208335876465e-01
0.000000000000000000e+00
4.512789845466613770e-01
9.257110208272933960e-02
2.691893838346004486e-02
1.081370003521442413e-02
2.936818599700927734e-01
1.199074149131774902e+00
4.889112114906311035e-01
1.521201133728027344e+00
1.594884395599365234e-01
2.358934096992015839e-02
3.531551733613014221e-02
9.622253179550170898e-01
9.953305721282958984e-01
5.094553232192993164e-01
5.612098574638366699e-01
1.131320238113403320e+00
1.649729967117309570e+00
4.855698347091674805e-02
8.655354976654052734e-01
8.143256902694702148e-01
1.983225047588348389e-01
5.079553127288818359e-01
2.769131027162075043e-02
1.466379016637802124e-01
2.277776241302490234e+00
2.952839136123657227e-01
1.601220667362213135e-01
1.861957460641860962e-01
1.244810104370117188e+00
4.588080942630767822e-01
1.057971835136413574e+00
1.930442005395889282e-01
0.000000000000000000e+00
5.257673263549804688e-01
0.000000000000000000e+00
2.740310691297054291e-02
7.184225320816040039e-01
4.911861419677734375e-01
2.043117284774780273e+00
4.737779796123504639e-01
1.057348772883415222e-01
5.305599570274353027e-01
7.788900136947631836e-01
6.119538545608520508e-01
3.803537189960479736e-01
1.799117475748062134e-01
2.677657604217529297e-01
3.431183993816375732e-01
1.211109459400177002e-01
5.292477011680603027e-01
2.724643230438232422e+00
2.242459774017333984e+00
1.159253954887390137e+00
1.983128301799297333e-02
8.183699846267700195e-02
1.544001221656799316e+00
5.162839293479919434e-01
1.547366857528686523e+00
1.288413166999816895e+00
5.655351281166076660e-01
4.010665789246559143e-02
6.449033617973327637e-01
2.005389928817749023e-01
5.287352204322814941e-02
1.181207895278930664e+00
0.000000000000000000e+00
8.592573925852775574e-03
1.107895821332931519e-01
0.000000000000000000e+00
1.195093870162963867e+00
2.536655902862548828e+00
1.311275064945220947e-01
1.964193284511566162e-01
1.387132763862609863e+00
2.064060978591442108e-02
1.247931003570556641e+00
2.796565771102905273e+00
1.137046456336975098e+00
1.038328744471073151e-02
5.481624603271484375e-01
8.883439898490905762e-01
2.247299253940582275e-01
7.298473268747329712e-02
9.656249284744262695e-01
1.172782555222511292e-01
7.041169796139001846e-03
6.649258732795715332e-01
3.187641128897666931e-02
7.955985069274902344e-01
3.767278194427490234e-01
1.052275076508522034e-01
8.756396174430847168e-02
5.305466055870056152e-01
1.149099111557006836e+00
4.090422689914703369e-01
3.270489573478698730e-01
2.026569366455078125e+00
1.330244243144989014e-01
1.560345739126205444e-01
1.365564316511154175e-01
0.000000000000000000e+00
1.709373116493225098e+00
1.928772091865539551e+00
9.489318132400512695e-01
1.236616730690002441e+00
2.744807004928588867e-01
1.070108532905578613e+00
8.785686641931533813e-02
7.177901268005371094e-01
1.459518551826477051e+00
7.375714182853698730e-01
2.666959911584854126e-02
3.697281181812286377e-01
6.423385739326477051e-01
7.776767015457153320e-01
1.553291231393814087e-01
4.566363096237182617e-01
6.500568985939025879e-01
9.215500354766845703e-01
5.385450273752212524e-02
8.689153194427490234e-01
7.538361102342605591e-02
6.997057050466537476e-02
1.926702819764614105e-02
1.122540116310119629e+00
1.314918100833892822e-01
2.760053873062133789e-01
2.053730376064777374e-02
2.311698347330093384e-01
1.132869943976402283e-01
1.880583286285400391e+00
5.247462391853332520e-01
4.883216619491577148e-01
7.102763652801513672e-01
2.004410743713378906e+00
2.680119574069976807e-01
9.854415804147720337e-02
2.046916931867599487e-01
9.125284552574157715e-01
1.048041358590126038e-01
2.357133477926254272e-02
9.731867313385009766e-01
0.000000000000000000e+00
3.907503485679626465e-01
4.530883431434631348e-01
7.633305788040161133e-01
0.000000000000000000e+00
3.252564668655395508e-01
6.856888532638549805e-01
6.206650733947753906e-01
2.231948673725128174e-01
1.481363892555236816e+00
6.146810054779052734e-01
1.636106520891189575e-01
0.000000000000000000e+00
8.461889624595642090e-02
5.917023420333862305e-01
2.457973510026931763e-01
2.331099212169647217e-01
1.261292457580566406e+00
1.171330809593200684e-01
2.548351287841796875e+00
8.304920792579650879e-01
4.824292659759521484e-01
3.206383262295275927e-04
1.021931290626525879e+00
8.099485635757446289e-01
1.922774076461791992e+00
1.689890027046203613e-01
1.560875475406646729e-01
7.245441079139709473e-01
1.195180863142013550e-01
2.035642713308334351e-01
2.296536117792129517e-01
7.215755462646484375e+00
4.130282878875732422e+00
2.182276397943496704e-01
1.376803368330001831e-01
1.189695075154304504e-01
0.000000000000000000e+00
3.213584721088409424e-01
6.342581473290920258e-03
3.403359949588775635e-01
2.505484521389007568e-01
1.668540835380554199e-01
1.123949736356735229e-01
5.360075235366821289e-01
3.431144952774047852e-01
5.126621723175048828e-01
1.857486218214035034e-01
4.699675142765045166e-01
5.387805104255676270e-01
1.915181636810302734e+00
1.351511478424072266e+00
1.863951832056045532e-01
5.511164665222167969e-01
4.098671022802591324e-03
1.649042963981628418e-01
6.024772673845291138e-02
1.732605338096618652e+00
3.687098622322082520e-02
7.600072622299194336e-01
9.152780771255493164e-01
1.583929359912872314e-01
8.190837502479553223e-01
1.002840042114257812e+00
6.554450392723083496e-01
4.143844246864318848e-01
1.038337349891662598e-01
2.412655353546142578e-01
3.838384449481964111e-01
1.781196594238281250e+00
2.330602169036865234e+00
2.069681584835052490e-01
9.224374890327453613e-01
6.293027997016906738e-01
1.522180140018463135e-01
7.369443029165267944e-02
6.439542174339294434e-01
1.608716994524002075e-01
1.038287281990051270e+00
8.147258311510086060e-02
9.452383220195770264e-02
1.114543795585632324e+00
5.660920143127441406e-01
2.170369327068328857e-01
1.182389974594116211e+00
3.123407438397407532e-02
6.532630324363708496e-01
2.472703695297241211e+00
3.506599068641662598e-01
6.861841678619384766e-02
1.913785785436630249e-01
4.017667174339294434e-01
3.053690493106842041e-01
2.362601041793823242e+00
1.889474987983703613e+00
1.869595944881439209e-01
2.842236459255218506e-01
1.080134987831115723e+00
2.631058096885681152e-01
1.017882302403450012e-01
1.982390284538269043e-01
8.343424797058105469e-01
3.685568273067474365e-01
2.055174559354782104e-01
1.088287472724914551e+00
3.071462154388427734e+00
1.830240190029144287e-01
4.555101096630096436e-01
1.400396111421287060e-03
8.241609334945678711e-01
7.415085285902023315e-02
2.459622621536254883e-01
3.738745748996734619e-01
3.342508077621459961e-01
5.125286057591438293e-02
0.000000000000000000e+00
6.391008198261260986e-02
2.381297349929809570e-01
1.572684198617935181e-01
1.921544969081878662e-01
4.553539156913757324e-01
4.385555088520050049e-01
0.000000000000000000e+00
9.141690135002136230e-01
6.747405529022216797e-01
3.502127170562744141e+00
2.092216908931732178e-01
0.000000000000000000e+00
2.122085690498352051e-01
1.048114895820617676e-01
2.998829185962677002e-01
4.804005473852157593e-02
4.796998500823974609e-01
5.211938172578811646e-02
3.282549679279327393e-01
7.233634591102600098e-01
8.195501565933227539e-01
1.647595167160034180e+00
2.108966827392578125e+00
1.481514126062393188e-01
6.436409950256347656e-01
6.827265024185180664e-01
9.116648435592651367e-01
1.194115638732910156e+00
5.959937572479248047e-01
4.448870122432708740e-01
3.129829168319702148e-01
1.711720079183578491e-01
4.684805870056152344e+00
1.669613830745220184e-02
1.453964829444885254e+00
1.852473467588424683e-01
2.489712953567504883e+00
5.667728781700134277e-01
1.581749320030212402e-01
1.356439292430877686e-01
0.000000000000000000e+00
3.498051166534423828e+00
2.304678112268447876e-01
3.668463528156280518e-01
1.714834213256835938e+00
5.393350720405578613e-01
5.352518334984779358e-02
2.226389497518539429e-01
8.207400441169738770e-01
2.480793714523315430e+00
2.337765693664550781e+00
1.747421264648437500e+00
8.691131472587585449e-01
4.764812588691711426e-01
1.457234174013137817e-01
3.571785986423492432e-01
7.196322679519653320e-01
7.455010712146759033e-02
1.529057323932647705e-01
6.132113188505172729e-02
5.463753342628479004e-01
3.717188239097595215e-01
2.063189983367919922e+00
6.787179708480834961e-01
1.814569383859634399e-01
0.000000000000000000e+00
4.542072713375091553e-01
5.742594134062528610e-03
2.349142789840698242e+00
2.949144132435321808e-02
3.211965560913085938e-01
7.058001160621643066e-01
0.000000000000000000e+00
2.852007150650024414e+00
1.782868616282939911e-02
2.180900797247886658e-02
6.500581651926040649e-02
8.322884142398834229e-02
3.093611896038055420e-01
3.884287178516387939e-01
1.666259914636611938e-01
1.905484050512313843e-01
1.209448203444480896e-01
6.541223824024200439e-02
5.087884664535522461e-01
8.111798763275146484e-02
8.445020318031311035e-01
1.775551676750183105e+00
5.505145192146301270e-01
6.058921813964843750e-01
4.601007699966430664e-01
3.112545982003211975e-02
0.000000000000000000e+00
1.965704917907714844e+00
1.975859403610229492e+00
1.280579566955566406e+00
1.997567564249038696e-01
5.409021377563476562e-01
3.190227985382080078e+00
1.493849515914916992e+00
3.172835409641265869e-01
1.412304282188415527e+00
5.455593466758728027e-01
9.774669259786605835e-02
1.428359031677246094e+00
3.290244936943054199e-01
6.919901818037033081e-02
3.922844678163528442e-02
4.315276145935058594e-01
4.201561808586120605e-01
5.480743646621704102e-01
4.835717380046844482e-02
1.201377987861633301e+00
3.265506923198699951e-01
6.509143114089965820e-01
6.294692158699035645e-01
2.356828749179840088e-02
2.399086713790893555e+00
1.803002834320068359e+00
1.098836183547973633e+00
2.171740168705582619e-03
1.594118960201740265e-02
1.140006542205810547e+00
1.269692778587341309e-01
6.002893447875976562e-01
2.235652923583984375e+00
8.567095994949340820e-01
2.887573003768920898e+00
2.829428613185882568e-01
4.765889048576354980e-01
1.014552712440490723e+00
6.605781316757202148e-01
4.081325531005859375e+00
8.194930553436279297e-01
1.753224253654479980e+00
2.009004354476928711e+00
9.132891893386840820e-01
1.340172886848449707e+00
0.000000000000000000e+00
3.022014498710632324e-01
7.420235276222229004e-01
1.047939896583557129e+00
2.142244130373001099e-01
1.299828737974166870e-01
3.660218417644500732e-01
6.996947526931762695e-02
4.302823841571807861e-01
2.098191678524017334e-01
7.748814821243286133e-01
5.477220416069030762e-01
2.381505211815237999e-03
5.180916190147399902e-01
4.213004708290100098e-01
4.435417056083679199e-01
3.974265158176422119e-01
0.000000000000000000e+00
1.050778508186340332e+00
1.335348039865493774e-01
5.156596302986145020e-01
1.589034944772720337e-01
2.583924680948257446e-02
1.987737603485584259e-02
4.773401618003845215e-01
1.726277172565460205e-01
1.722067035734653473e-02
1.589355826377868652e+00
4.916778951883316040e-02
2.087972462177276611e-01
9.857962727546691895e-01
6.661910563707351685e-02
1.136358827352523804e-02
3.630694001913070679e-02
1.242105603218078613e+00
7.090764045715332031e-01
3.420491814613342285e-01
0.000000000000000000e+00
1.435867398977279663e-01
6.758003234863281250e-01
1.195942401885986328e+00
4.622151330113410950e-02
1.283971965312957764e-01
2.132333040237426758e+00
0.000000000000000000e+00
5.859028697013854980e-01
1.224818706512451172e+00
3.695001304149627686e-01
7.557945251464843750e-01
5.997418239712715149e-02
2.077990444377064705e-03
1.118387818336486816e+00
6.742986440658569336e-01
7.103905081748962402e-01
2.335949689149856567e-01
4.120078980922698975e-01
4.299023747444152832e-01
1.821394324302673340e+00
0.000000000000000000e+00
4.072585105895996094e-01
1.432740986347198486e-01
1.018325924873352051e+00
4.439480975270271301e-02
3.443203866481781006e-01
1.541865468025207520e-01
0.000000000000000000e+00
1.717538684606552124e-01
1.046379446983337402e+00
8.077736943960189819e-02
3.153956532478332520e-01
2.263527065515518188e-01
1.117533892393112183e-01
1.612032018601894379e-02
0.000000000000000000e+00
1.058514475822448730e+00
