9.078661799430847168e-01
1.475795149803161621e+00
1.634652614593505859e-01
1.939449757337570190e-01
6.597588211297988892e-02
1.962777256965637207e+00
5.092393979430198669e-02
2.071626037359237671e-01
5.581935402005910873e-03
5.464238524436950684e-01
0.000000000000000000e+00
1.411708742380142212e-01
0.000000000000000000e+00
3.002971597015857697e-02
0.000000000000000000e+00
1.792050600051879883e-01
0.000000000000000000e+00
2.051401615142822266e+00
3.651055991649627686e-01
1.743225306272506714e-01
8.883143216371536255e-02
8.462121710181236267e-03
0.000000000000000000e+00
1.651816219091415405e-01
2.355477809906005859e+00
5.278627276420593262e-01
3.582317829132080078e-01
0.000000000000000000e+00
4.835056662559509277e-01
8.082301169633865356e-02
8.826739788055419922e-01
1.774810600280761719e+01
4.991423338651657104e-02
6.705928593873977661e-02
9.090862423181533813e-02
6.463343501091003418e-01
3.826853036880493164e-01
7.174654006958007812e-01
4.314544796943664551e-02
1.203887686133384705e-01
4.164927601814270020e-01
3.828194690868258476e-03
8.488874882459640503e-02
0.000000000000000000e+00
8.084039688110351562e-01
6.376587748527526855e-01
4.477376490831375122e-02
2.184368818998336792e-01
4.428233802318572998e-01
4.701541960239410400e-01
3.481263518333435059e-01
1.196507215499877930e-01
0.000000000000000000e+00
0.000000000000000000e+00
0.000000000000000000e+00
9.511284232139587402e-01
8.580055832862854004e-01
1.044865623116493225e-01
2.100179046392440796e-01
1.746037840843200684e+00
1.343130469322204590e-01
5.733165144920349121e-01
4.812112152576446533e-01
5.539208054542541504e-01
2.588373720645904541e-01
6.877399086952209473e-01
7.815477848052978516e-01
0.000000000000000000e+00
1.919434964656829834e-01
2.456656098365783691e-01
5.268303155899047852e-01
2.569316327571868896e-02
6.453575938940048218e-02
8.812987804412841797e-01
2.836075127124786377e-01
4.957354627549648285e-03
1.268165558576583862e-02
2.683300495147705078e+00
0.000000000000000000e+00
0.000000000000000000e+00
7.099581360816955566e-01
0.000000000000000000e+00
1.984765768051147461e+00
7.531362771987915039e-01
6.087020039558410645e-01
0.000000000000000000e+00
1.159311607480049133e-01
0.000000000000000000e+00
1.482653737068176270e+00
0.000000000000000000e+00
1.609209477901458740e-01
6.498773396015167236e-02
2.011007219552993774e-01
1.116694658994674683e-01
4.127650335431098938e-02
3.802195489406585693e-01
1.203852415084838867e+00
1.264405101537704468e-01
1.418034639209508896e-02
1.570086777210235596e-01
3.464104607701301575e-02
1.261011242866516113e+00
7.128526456654071808e-03
4.089098572731018066e-01
8.441862463951110840e-02
1.688568890094757080e-01
3.626671075820922852e+00
8.669360727071762085e-02
4.148999229073524475e-03
1.476057767868041992e+00
1.180073380470275879e+00
5.112267658114433289e-02
8.973886966705322266e-01
7.267121076583862305e-01
8.745409846305847168e-01
3.729453682899475098e-01
4.821613729000091553e-01
1.334409266710281372e-01
1.099340677261352539e+00
2.781054973602294922e-01
3.473739624023437500e-01
1.434740871191024780e-01
1.327201277017593384e-01
7.529724836349487305e-01
5.549634695053100586e-01
1.808225989341735840e+00
2.550334930419921875e-01
1.253629088401794434e+00
7.705729454755783081e-02
3.169393241405487061e-01
1.222448572516441345e-01
3.880258798599243164e-01
1.575162291526794434e+00
3.227496519684791565e-02
1.723894476890563965e-02
7.879866287112236023e-03
4.122277200222015381e-01
8.575090020895004272e-02
2.404254227876663208e-01
3.506286740303039551e-01
1.530178189277648926e+00
4.091128408908843994e-01
1.414046883583068848e+00
1.671868958510458469e-03
1.550650477409362793e+00
3.050838470458984375e+00
0.000000000000000000e+00
6.314633786678314209e-02
5.643183737993240356e-02
6.429614126682281494e-02
4.366697072982788086e-01
9.276001155376434326e-02
4.664146900177001953e-01
0.000000000000000000e+00
9.094692766666412354e-02
7.933275103569030762e-01
5.900654792785644531e-01
1.051782909780740738e-02
6.716395169496536255e-02
6.772033572196960449e-01
0.000000000000000000e+00
1.302748546004295349e-02
8.203217387199401855e-01
7.982625067234039307e-02
8.295589089393615723e-01
3.908135890960693359e+00
4.158923029899597168e-01
1.648272946476936340e-02
3.494783639907836914e-01
1.134552478790283203e+00
9.453243017196655273e-02
9.651702642440795898e-01
0.000000000000000000e+00
6.418941020965576172e-01
1.176488846540451050e-01
1.369820713996887207e+00
2.069711834192276001e-01
8.130934834480285645e-01
1.362764239311218262e-01
1.509763747453689575e-01
2.364795207977294922e+00
9.574330411851406097e-03
3.434014618396759033e-01
1.104348421096801758e+00
7.062094807624816895e-01
6.845232099294662476e-02
5.826739668846130371e-01
1.754344701766967773e-01
2.147103548049926758e-01
2.291485667228698730e-01
5.500583052635192871e-01
9.701994806528091431e-02
7.233368158340454102e-01
1.885643750429153442e-01
0.000000000000000000e+00
2.291205823421478271e-01
1.638602018356323242e+00
5.456019043922424316e-01
1.141933679580688477e+00
5.130825042724609375e-01
1.197368279099464417e-01
7.316436618566513062e-02
7.810920476913452148e-03
1.186692118644714355e+00
6.836938858032226562e-02
1.322012782096862793e+00
0.000000000000000000e+00
1.591212630271911621e+00
4.831456542015075684e-01
6.123679280281066895e-01
1.491572499275207520e+00
6.583974957466125488e-01
0.000000000000000000e+00
1.623878002166748047e+00
7.237055152654647827e-02
2.205602884292602539e+00
1.539453029632568359e+00
1.373585127294063568e-02
6.963226199150085449e-02
2.128122091293334961e+00
1.128028869628906250e+00
0.000000000000000000e+00
9.229172468185424805e-01
1.589943617582321167e-01
1.869729459285736084e-01
1.928972154855728149e-01
3.642688691616058350e-01
0.000000000000000000e+00
3.749026060104370117e-01
4.889803528785705566e-01
2.463451214134693146e-02
8.028442859649658203e-01
4.401721805334091187e-02
2.240074276924133301e-01
2.031871974468231201e-01
6.831735838204622269e-03
2.232825011014938354e-02
5.597847327589988708e-02
6.885316848754882812e+00
5.284735932946205139e-03
3.417766571044921875e+00
2.465935468673706055e+00
1.463820487260818481e-01
0.000000000000000000e+00
2.334899269044399261e-02
5.235482007265090942e-03
5.521386861801147461e-01
2.346424758434295654e-02
0.000000000000000000e+00
3.477478921413421631e-01
4.159305393695831299e-01
0.000000000000000000e+00
3.080258846282958984e+00
1.479661092162132263e-03
2.187997400760650635e-01
0.000000000000000000e+00
0.000000000000000000e+00
1.410331577062606812e-01
9.337430596351623535e-01
8.144921064376831055e-02
1.989931613206863403e-02
3.404834424145519733e-04
8.400460332632064819e-02
6.449213027954101562e-01
4.051140043884515762e-03
0.000000000000000000e+00
6.308321356773376465e-01
4.086720198392868042e-02
1.013785600662231445e+00
0.000000000000000000e+00
1.269050240516662598e-01
1.060532219707965851e-02
3.062348663806915283e-01
3.224319815635681152e-01
3.190613389015197754e-01
2.319737672805786133e-01
1.352400630712509155e-01
0.000000000000000000e+00
1.392225474119186401e-01
3.710017725825309753e-02
7.048910260200500488e-01
3.327418863773345947e-01
1.271550506353378296e-01
0.000000000000000000e+00
1.192018669098615646e-02
5.131204128265380859e-01
0.000000000000000000e+00
2.913743257522583008e-01
1.812880784273147583e-01
0.000000000000000000e+00
4.181605949997901917e-02
8.523973077535629272e-02
1.687589916400611401e-03
2.545206248760223389e-02
1.357972860336303711e+00
3.202615305781364441e-02
3.746796369552612305e+00
1.151146888732910156e+00
4.021152496337890625e+00
0.000000000000000000e+00
2.629255533218383789e+00
6.515487432479858398e-01
1.480143070220947266e+00
4.701720550656318665e-02
1.683117270469665527e+00
2.954452037811279297e-01
1.632091999053955078e-01
5.164773017168045044e-02
6.077410280704498291e-02
1.496095061302185059e-01
4.933110475540161133e-01
3.456719815731048584e-01
2.217568635940551758e+00
4.754271358251571655e-02
1.421215832233428955e-01
1.050250649452209473e+00
1.604583263397216797e+00
2.301535755395889282e-01
3.282023370265960693e-01
9.760630875825881958e-02
3.528280556201934814e-01
3.055553138256072998e-01
0.000000000000000000e+00
2.353274673223495483e-01
0.000000000000000000e+00
3.593201935291290283e-01
8.481882810592651367e-01
1.155715823173522949e+00
0.000000000000000000e+00
3.913063555955886841e-02
2.143777757883071899e-01
5.530973076820373535e-01
1.282380580902099609e+00
1.073751688003540039e+00
4.761822521686553955e-03
0.000000000000000000e+00
1.493389606475830078e-01
3.692673519253730774e-02
2.289201021194458008e+00
9.169384837150573730e-02
0.000000000000000000e+00
7.538326829671859741e-02
1.120626330375671387e-01
0.000000000000000000e+00
8.654528111219406128e-02
1.990723162889480591e-01
4.010984674096107483e-02
3.136494159698486328e-01
0.000000000000000000e+00
3.121373429894447327e-02
4.094969853758811951e-02
8.090351708233356476e-03
8.011006563901901245e-02
5.978204607963562012e-01
2.279883027076721191e-01
0.000000000000000000e+00
2.366837114095687866e-01
7.264464627951383591e-03
1.216679692268371582e+00
3.158267587423324585e-02
5.203714221715927124e-02
2.580509483814239502e-01
5.867594480514526367e-01
2.657464146614074707e-01
1.951031088829040527e+00
7.704717665910720825e-02
5.759534835815429688e-01
1.000512763857841492e-01
1.166286468505859375e+00
1.025760322809219360e-01
5.974056199193000793e-02
0.000000000000000000e+00
6.506912708282470703e-01
7.258872389793395996e-01
1.562690138816833496e+00
3.238153755664825439e-01
9.527498483657836914e-02
1.036391183733940125e-01
0.000000000000000000e+00
5.905523300170898438e-01
1.059034109115600586e+00
2.279731258749961853e-02
3.007858060300350189e-02
9.666522592306137085e-02
1.264413356781005859e+00
0.000000000000000000e+00
1.154632806777954102e+00
2.800203114748001099e-02
0.000000000000000000e+00
3.027133941650390625e+00
5.275403335690498352e-02
5.234990119934082031e-01
0.000000000000000000e+00
6.141165494918823242e-01
3.286054849624633789e+00
9.569624900817871094e+00
0.000000000000000000e+00
2.792284488677978516e-01
0.000000000000000000e+00
2.516478002071380615e-01
3.273541331291198730e-01
7.696139812469482422e-01
1.896247267723083496e-02
2.354311011731624603e-02
1.304202154278755188e-02
4.550037384033203125e-01
2.824453115463256836e-01
0.000000000000000000e+00
1.385619491338729858e-01
0.000000000000000000e+00
3.668978214263916016e-01
9.222298264503479004e-01
1.063851833343505859e+00
2.302030622959136963e-01
9.006747603416442871e-01
2.943968176841735840e-01
0.000000000000000000e+00
4.483067989349365234e-01
5.116007756441831589e-03
1.679048061370849609e+00
2.285492569208145142e-01
1.930723667144775391e+00
0.000000000000000000e+00
1.329348087310791016e-01
5.247879505157470703e+00
2.189767062664031982e-01
1.313545227050781250e+00
2.270866155624389648e+00
2.959377467632293701e-01
5.097132921218872070e-02
7.145112613216042519e-04
2.893723361194133759e-02
9.895024299621582031e-01
3.380087018013000488e-02
8.537613786756992340e-03
5.816696286201477051e-01
1.120272576808929443e-01
7.657971978187561035e-01
4.458141028881072998e-01
0.000000000000000000e+00
1.688648164272308350e-01
1.271416425704956055e+00
4.628427326679229736e-01
2.628294564783573151e-02
5.511921481229364872e-04
2.276940494775772095e-01
1.619266271591186523e+00
3.433344662189483643e-01
7.789931297302246094e-01
5.952770233154296875e+00
2.387362532317638397e-02
1.041322797536849976e-01
1.380839705467224121e+00
3.639226555824279785e-01
1.354508399963378906e+00
1.551856040954589844e+00
0.000000000000000000e+00
4.256910085678100586e-02
1.201450005173683167e-01
6.766268610954284668e-01
7.947201281785964966e-02
3.679200112819671631e-01
3.022983968257904053e-01
4.464455127716064453e+00
0.000000000000000000e+00
0.000000000000000000e+00
7.690879106521606445e-01
1.099691629409790039e+00
1.407521665096282959e-01
0.000000000000000000e+00
2.462114673107862473e-03
1.930191665887832642e-01
7.180693000555038452e-02
1.259856343269348145e+00
0.000000000000000000e+00
7.557648420333862305e-02
8.891936391592025757e-03
0.000000000000000000e+00
1.904115825891494751e-02
3.148278295993804932e-01
7.024027705192565918e-01
8.727612495422363281e-01
3.813862428069114685e-02
8.079041242599487305e-01
0.000000000000000000e+00
1.160665512084960938e+00
4.451342672109603882e-02
0.000000000000000000e+00
2.217760086059570312e+00
9.951038286089897156e-03
8.217494189739227295e-02
1.116774797439575195e+00
2.890500783920288086e+00
1.533652003854513168e-02
1.465350240468978882e-01
1.275733709335327148e-01
0.000000000000000000e+00
1.651488661766052246e+00
6.941096484661102295e-02
4.015959799289703369e-02
1.454688310623168945e-01
0.000000000000000000e+00
5.646433234214782715e-01
2.238981485366821289e+00
0.000000000000000000e+00
5.767399072647094727e-02
1.279284656047821045e-01
1.782978624105453491e-01
2.240973860025405884e-01
7.755855470895767212e-02
4.352270159870386124e-03
6.073219776153564453e-01
6.367114782333374023e-01
1.634410917758941650e-01
1.106318645179271698e-02
6.433503329753875732e-02
1.151990666985511780e-01
2.802417576313018799e-01
4.651524499058723450e-02
7.651803549379110336e-03
0.000000000000000000e+00
1.069259177893400192e-02
2.759082615375518799e-02
4.614130780100822449e-02
2.646295130252838135e-01
2.315247952938079834e-01
5.058211684226989746e-01
2.446100115776062012e-01
3.549293279647827148e-01
2.037572711706161499e-01
3.876102864742279053e-01
7.645621299743652344e-01
3.176760673522949219e-01
4.274383187294006348e-03
1.446982566267251968e-02
1.622758030891418457e+00
1.112550258636474609e+00
4.289254248142242432e-01
1.528465896844863892e-01
1.157486811280250549e-01
1.023057568818330765e-02
7.206693887710571289e-01
2.120146900415420532e-01
1.452460169792175293e+00
2.221671819686889648e+00
9.713591933250427246e-01
5.355044826865196228e-02
9.914944320917129517e-02
0.000000000000000000e+00
3.450309485197067261e-02
6.215053200721740723e-01
2.339384704828262329e-01
1.916350098326802254e-03
0.000000000000000000e+00
6.573434919118881226e-02
1.145751476287841797e+00
5.438004061579704285e-02
5.979160964488983154e-02
7.539628744125366211e-01
1.683473140001296997e-01
4.518232643604278564e-01
2.943419516086578369e-01
1.705489866435527802e-02
1.635215878486633301e+00
6.105991005897521973e-01
1.660695374011993408e-01
1.409278750419616699e+00
3.196985960006713867e+00
5.085784792900085449e-01
6.331473588943481445e-01
4.012265801429748535e-01
4.786298274993896484e-01
1.336278915405273438e-01
7.085688114166259766e-01
1.103294789791107178e-01
1.043733000755310059e+00
8.057981729507446289e-01
1.025774955749511719e+00
7.050724625587463379e-01
5.151349902153015137e-01
0.000000000000000000e+00
0.000000000000000000e+00
2.342835664749145508e+00
2.587647736072540283e-01
2.053242474794387817e-01
1.093308776617050171e-01
7.337976992130279541e-02
1.564734578132629395e-01
6.785889714956283569e-02
2.873492240905761719e-02
1.765785925090312958e-02
6.540400981903076172e-01
6.817019581794738770e-01
9.383543133735656738e-01
1.142661929130554199e+00
2.787877805531024933e-02
3.730370700359344482e-01
1.100862957537174225e-02
8.135626912117004395e-01
3.690191507339477539e-01
2.728208899497985840e-01
3.830751031637191772e-02
1.003001809120178223e+00
9.117940068244934082e-02
4.423876404762268066e-01
1.967397332191467285e-02
0.000000000000000000e+00
3.745172917842864990e-01
0.000000000000000000e+00
3.318543732166290283e-01
0.000000000000000000e+00
3.880367577075958252e-01
2.695000730454921722e-02
2.460954189300537109e-01
6.890518665313720703e-01
3.485053181648254395e-01
1.136972941458225250e-02
2.174033969640731812e-02
1.132137998938560486e-01
5.906623322516679764e-03
0.000000000000000000e+00
5.982652902603149414e-01
4.330605983734130859e+00
0.000000000000000000e+00
6.344293057918548584e-02
6.311264354735612869e-03
1.388017237186431885e-01
6.934743523597717285e-01
9.824287295341491699e-01
1.360881328582763672e-02
1.068232282996177673e-01
1.197202727198600769e-01
6.308023929595947266e-01
2.939208149909973145e-01
5.906823277473449707e-02
2.673043906688690186e-01
0.000000000000000000e+00
4.328784644603729248e-01
3.448116481304168701e-01
9.632052779197692871e-01
0.000000000000000000e+00
2.205584645271301270e-01
7.327580451965332031e-02
1.127850264310836792e-01
3.479747474193572998e-01
6.961952149868011475e-02
1.026496514678001404e-01
1.598881334066390991e-01
3.339139223098754883e-01
0.000000000000000000e+00
3.098539590835571289e+00
6.021094042807817459e-03
3.766527771949768066e-02
1.025177612900733948e-01
2.113288938999176025e-01
4.911681115627288818e-01
0.000000000000000000e+00
3.871863186359405518e-01
4.547652006149291992e-01
6.085277199745178223e-01
1.707709729671478271e-01
9.204745292663574219e-01
0.000000000000000000e+00
4.794095084071159363e-02
3.409478068351745605e-01
1.001635670661926270e+00
0.000000000000000000e+00
3.761747777462005615e-01
5.092928186058998108e-02
6.067220866680145264e-02
0.000000000000000000e+00
2.137380689382553101e-01
5.048020482063293457e-01
7.114263251423835754e-03
3.060347437858581543e-01
6.226059794425964355e-01
0.000000000000000000e+00
4.190968573093414307e-01
7.680947184562683105e-01
1.943761348724365234e+00
0.000000000000000000e+00
1.481477767229080200e-01
2.168555408716201782e-01
2.197537273168563843e-01
2.919451594352722168e-01
1.251007914543151855e+00
2.080080471932888031e-02
0.000000000000000000e+00
0.000000000000000000e+00
1.789845228195190430e-01
2.987619042396545410e-01
3.032018542289733887e-01
5.120082497596740723e-01
1.274040639400482178e-01
1.077952887862920761e-02
0.000000000000000000e+00
1.285908967256546021e-01
1.572989225387573242e-01
0.000000000000000000e+00
3.635165691375732422e-01
4.697778448462486267e-02
4.177919030189514160e-01
4.547823667526245117e-01
0.000000000000000000e+00
2.233219742774963379e-01
1.152457237243652344e+00
3.389822542667388916e-01
1.493124365806579590e+00
0.000000000000000000e+00
0.000000000000000000e+00
1.459964394569396973e+00
4.470843076705932617e-01
0.000000000000000000e+00
1.481688022613525391e+00
2.177224010229110718e-01
8.730503171682357788e-02
3.399669170379638672e+00
9.124638885259628296e-02
1.039547681808471680e+00
5.697744488716125488e-01
1.779638767242431641e+00
5.070734024047851562e-02
7.253263145685195923e-02
2.517802827060222626e-02
8.909984678030014038e-02
4.173584878444671631e-01
3.740516602993011475e-01
1.732240021228790283e-01
4.896185994148254395e-01
2.310735732316970825e-01
4.309865951538085938e+00
8.853803873062133789e-01
2.089791595935821533e-01
1.280102610588073730e+00
2.085253000259399414e-01
0.000000000000000000e+00
9.485533833503723145e-02
8.022990822792053223e-02
9.332149028778076172e-01
1.040248513221740723e+00
4.036719799041748047e-01
8.136172294616699219e-01
1.958899617195129395e+00
2.372115999460220337e-01
3.317788839340209961e-01
0.000000000000000000e+00
3.065263032913208008e-01
3.731266856193542480e-01
3.467699885368347168e-01
0.000000000000000000e+00
5.765997171401977539e-01
0.000000000000000000e+00
7.609855532646179199e-01
1.045257821679115295e-01
3.245812654495239258e+00
3.335608169436454773e-02
2.194085359573364258e+00
1.145553365349769592e-01
0.000000000000000000e+00
5.407992750406265259e-02
6.421515345573425293e-01
6.264193058013916016e-01
5.344685912132263184e-01
3.226462379097938538e-02
2.574069499969482422e-01
1.313255190849304199e+00
8.566442877054214478e-02
2.414233535528182983e-01
3.274665772914886475e-01
3.260627031326293945e+00
8.250648379325866699e-01
1.620077848434448242e+00
3.901212215423583984e+00
2.762973867356777191e-02
4.799673333764076233e-03
8.885076045989990234e-01
4.051252007484436035e-01
5.707289557904005051e-03
5.282261967658996582e-01
1.243763923645019531e+00
1.391056656837463379e+00
7.844027280807495117e-01
1.531724572181701660e+00
0.000000000000000000e+00
7.170780897140502930e-01
0.000000000000000000e+00
1.336870193481445312e+00
1.403782486915588379e+00
5.797803997993469238e-01
7.641113996505737305e-01
0.000000000000000000e+00
7.328419685363769531e-01
6.924721598625183105e-02
0.000000000000000000e+00
0.000000000000000000e+00
7.300868034362792969e-01
4.489133358001708984e-01
1.909460425376892090e+00
8.192128539085388184e-01
9.559342637658119202e-03
0.000000000000000000e+00
4.999931901693344116e-03
2.057763189077377319e-01
1.568166494369506836e+00
4.592645564116537571e-04
1.388135403394699097e-01
0.000000000000000000e+00
2.460790872573852539e+00
1.285405874252319336e+00
2.735871315002441406e+00
0.000000000000000000e+00
0.000000000000000000e+00
4.523339271545410156e-01
1.640588045120239258e-01
1.286372780799865723e+00
7.607936859130859375e-02
1.241704463958740234e+00
4.962317049503326416e-01
5.416433215141296387e-01
9.388757753185927868e-04
0.000000000000000000e+00
2.103597223758697510e-01
1.879933476448059082e-02
8.669030852615833282e-03
1.705546528100967407e-01
1.850601136684417725e-01
0.000000000000000000e+00
6.953560709953308105e-01
1.355420351028442383e-01
5.746461749076843262e-01
4.340995550155639648e-01
1.954991102218627930e+00
3.087651729583740234e-01
3.992461860179901123e-01
2.028094530105590820e+00
6.457777023315429688e-01
2.405401133000850677e-02
1.197346001863479614e-01
7.664085924625396729e-02
2.254106849431991577e-02
1.030071601271629333e-01
8.448284864425659180e-02
1.519844681024551392e-01
4.178916811943054199e-01
2.566190958023071289e+00
8.185976743698120117e-01
1.969245672225952148e-01
1.086965277791023254e-01
7.809767723083496094e-01
1.210013389587402344e+00
2.352388948202133179e-02
5.363758802413940430e-01
4.988013580441474915e-02
1.038326546549797058e-01
3.154283165931701660e-01
1.428706765174865723e+00
2.330032587051391602e-01
5.841877777129411697e-03
1.011087656021118164e+00
3.677822053432464600e-01
0.000000000000000000e+00
3.618445396423339844e-01
5.333504676818847656e-01
1.598723977804183960e-02
0.000000000000000000e+00
2.160759419202804565e-01
1.426621526479721069e-01
8.156014084815979004e-01
0.000000000000000000e+00
1.277162551879882812e+00
1.355865955352783203e+00
6.990804672241210938e-01
0.000000000000000000e+00
1.561294913291931152e+00
3.400614261627197266e-01
7.914938926696777344e-01
9.435488283634185791e-02
2.949491739273071289e-01
1.352490425109863281e+00
1.060741066932678223e+00
1.542481184005737305e-01
6.082352399826049805e-01
1.980899870395660400e-01
1.755073368549346924e-01
1.197261571884155273e+00
0.000000000000000000e+00
4.682832360267639160e-01
1.784194469451904297e+00
3.327082395553588867e-01
7.922706753015518188e-02
8.810508251190185547e-02
1.615020073950290680e-02
4.032920897006988525e-01
0.000000000000000000e+00
3.531744331121444702e-02
2.011761963367462158e-01
4.115476906299591064e-01
1.120711207389831543e+00
2.730759680271148682e-01
1.595846861600875854e-01
0.000000000000000000e+00
8.877825140953063965e-01
8.530251383781433105e-01
3.123738765716552734e-01
1.423793379217386246e-02
6.977071166038513184e-01
7.002253085374832153e-02
2.421752691268920898e+00
9.033626876771450043e-03
5.768150836229324341e-02
8.322824239730834961e-01
1.974422633647918701e-01
1.882312148809432983e-01
8.413833566009998322e-03
1.129583641886711121e-01
1.498991847038269043e-01
4.535042680799961090e-03
1.867347210645675659e-01
9.161155819892883301e-01
1.077563408762216568e-02
1.840213686227798462e-02
0.000000000000000000e+00
3.087945282459259033e-01
2.492077415809035301e-03
2.691567540168762207e-01
0.000000000000000000e+00
5.245362594723701477e-02
5.564208030700683594e-01
1.185381054878234863e+00
3.493077754974365234e-01
4.815257191658020020e-01
5.018960833549499512e-01
4.534174203872680664e-01
0.000000000000000000e+00
1.915729343891143799e-01
2.457608431577682495e-01
4.608795642852783203e+00
6.393318176269531250e-01
1.649774014949798584e-01
3.078875541687011719e-01
2.425683848559856415e-02
1.180526614189147949e+00
3.249614266678690910e-03
0.000000000000000000e+00
1.538884520530700684e+00
5.165478587150573730e-02
1.221005082130432129e+00
9.430149942636489868e-02
9.414730966091156006e-02
7.323798537254333496e-02
6.387794017791748047e-01
1.791232638061046600e-02
3.038557618856430054e-02
8.485256135463714600e-02
4.881325960159301758e-01
7.590522617101669312e-02
5.308351516723632812e-01
3.243521749973297119e-01
2.277917265892028809e-01
0.000000000000000000e+00
0.000000000000000000e+00
9.088056161999702454e-03
2.398931980133056641e-01
8.156219720840454102e-01
6.799563299864530563e-03
2.451688200235366821e-01
1.434042930603027344e+00
1.239099279046058655e-01
0.000000000000000000e+00
5.197938680648803711e-01
3.463366031646728516e-01
4.339251294732093811e-02
5.074644684791564941e-01
2.782780211418867111e-03
0.000000000000000000e+00
0.000000000000000000e+00
6.149477958679199219e-01
1.554635524749755859e+00
9.055896848440170288e-02
4.889591038227081299e-01
8.976992368698120117e-01
1.802502721548080444e-01
0.000000000000000000e+00
7.625030279159545898e-01
4.679006934165954590e-01
1.138164922595024109e-01
7.504722476005554199e-01
1.848055422306060791e-02
1.649180769920349121e+00
1.080246940255165100e-01
5.068267136812210083e-02
3.462043404579162598e-01
3.796450495719909668e-01
0.000000000000000000e+00
7.222401350736618042e-02
2.102227061986923218e-01
6.515101343393325806e-02
5.367350205779075623e-02
6.022251397371292114e-02
1.419420093297958374e-01
3.137487471103668213e-01
3.380949376150965691e-03
2.955006659030914307e-01
2.967057228088378906e+00
1.649808883666992188e+00
1.137849502265453339e-02
2.948409691452980042e-02
1.092203497886657715e+00
8.203976154327392578e-01
3.485527634620666504e-02
1.471566408872604370e-01
7.076271176338195801e-01
1.296235620975494385e-01
1.810317933559417725e-01
2.677844762802124023e-01
0.000000000000000000e+00
6.395999193191528320e-01
8.262382149696350098e-01
5.527407675981521606e-02
0.000000000000000000e+00
1.839835047721862793e+00
3.384323120117187500e-01
6.503232717514038086e-01
6.509110331535339355e-01
1.679385453462600708e-01
6.224839091300964355e-01
3.864892721176147461e-01
3.721074433997273445e-03
3.536472320556640625e-01
1.264913797378540039e+00
3.005520105361938477e-01
1.625874787569046021e-01
3.894149512052536011e-02
4.643518924713134766e-01
3.691756129264831543e-01
7.584308274090290070e-03
0.000000000000000000e+00
1.653368212282657623e-02
9.514443576335906982e-03
8.859652280807495117e-02
8.372748494148254395e-01
2.961166761815547943e-02
2.723599672317504883e-01
1.267186999320983887e-01
3.187615573406219482e-01
4.636662602424621582e-01
1.810219287872314453e-01
0.000000000000000000e+00
3.409617543220520020e-01
1.942429095506668091e-01
2.750358581542968750e-01
2.137664332985877991e-02
3.389887213706970215e-01
3.017713069915771484e+00
1.379041820764541626e-01
2.384942293167114258e+00
2.314243931323289871e-03
1.252308249473571777e+00
2.684351682662963867e+00
4.333395510911941528e-02
1.450091898441314697e-01
6.416100263595581055e-01
8.937688916921615601e-02
6.515337824821472168e-01
2.605512857437133789e+00
6.948368996381759644e-02
2.643575906753540039e+00
1.568773031234741211e+00
1.490626297891139984e-02
3.964035511016845703e-01
5.466741323471069336e-01
1.945318430662155151e-01
2.131693661212921143e-01
9.745755791664123535e-01
5.455529093742370605e-01
8.822125196456909180e-02
8.139944821596145630e-02
0.000000000000000000e+00
1.713228598237037659e-02
6.281659007072448730e-01
8.143613487482070923e-02
6.791569292545318604e-02
3.480429351329803467e-01
0.000000000000000000e+00
1.930502057075500488e-01
5.773560404777526855e-01
4.985456168651580811e-01
1.276576399803161621e+00
1.497119784355163574e+00
3.439798057079315186e-01
8.400519937276840210e-02
1.780625939369201660e+00
8.038928508758544922e-01
7.403092384338378906e-01
3.432164490222930908e-01
2.537247538566589355e-01
4.946046471595764160e-01
6.906071662902832031e+00
0.000000000000000000e+00
2.787391245365142822e-01
1.820900589227676392e-01
0.000000000000000000e+00
1.928822249174118042e-01
8.693838119506835938e-02
6.471804976463317871e-01
2.960086166858673096e-01
1.873724013566970825e-01
1.383477330207824707e+00
1.444721102714538574e+00
3.162878751754760742e-01
1.520176697522401810e-02
4.702309519052505493e-02
0.000000000000000000e+00
2.091983705759048462e-02
1.224756836891174316e+00
2.655535638332366943e-01
0.000000000000000000e+00
4.980308532714843750e+00
1.949958950281143188e-01
9.191021323204040527e-01
2.889086008071899414e-01
2.146923691034317017e-01
1.269003301858901978e-01
2.048424005508422852e+00
6.836352944374084473e-01
6.244918704032897949e-01
8.231612443923950195e-01
0.000000000000000000e+00
3.447509407997131348e-01
2.211824893951416016e+00
2.550249993801116943e-01
1.221097856760025024e-01
0.000000000000000000e+00
2.720249593257904053e-01
4.403789341449737549e-01
1.464213877916336060e-01
1.758684068918228149e-01
4.494521617889404297e-01
0.000000000000000000e+00
3.544198572635650635e-01
3.690855205059051514e-01
0.000000000000000000e+00
2.495033890008926392e-01
1.068339403718709946e-02
1.348942667245864868e-01
0.000000000000000000e+00
0.000000000000000000e+00
0.000000000000000000e+00
5.272429902106523514e-03
9.561157226562500000e-02
2.556107938289642334e-02
0.000000000000000000e+00
2.417741864919662476e-01
9.612518548965454102e-01
1.314687013626098633e+00
4.102523624897003174e-01
0.000000000000000000e+00
4.901172518730163574e-01
1.116178274154663086e+00
7.790482044219970703e-02
2.188428938388824463e-01
8.981023728847503662e-02
1.195300698280334473e+00
4.289776682853698730e-01
1.092849612236022949e+00
0.000000000000000000e+00
1.908955872058868408e-01
3.286952674388885498e-01
4.699797332286834717e-01
3.951767981052398682e-01
6.339567899703979492e-01
7.510485053062438965e-01
5.015545487403869629e-01
9.391510486602783203e-01
0.000000000000000000e+00
9.559705108404159546e-02
4.100836068391799927e-02
2.651747763156890869e-01
1.624139308929443359e+00
0.000000000000000000e+00
6.556216478347778320e-01
1.559249311685562134e-01
2.924173176288604736e-01
0.000000000000000000e+00
7.236890196800231934e-01
9.157208353281021118e-02
1.422895351424813271e-03
1.105988740921020508e+00
5.085078882984817028e-04
2.237294912338256836e-01
1.708361953496932983e-01
2.666561305522918701e-01
1.301602602005004883e+00
1.138869762420654297e+00
1.065477728843688965e+00
6.709372997283935547e-01
0.000000000000000000e+00
1.445081949234008789e+00
1.426929384469985962e-01
5.953996777534484863e-01
2.758874416351318359e+00
0.000000000000000000e+00
3.149504587054252625e-02
3.065725862979888916e-01
7.512696087360382080e-02
0.000000000000000000e+00
1.966361999511718750e-01
6.801058351993560791e-02
7.927316427230834961e-02
0.000000000000000000e+00
9.278464317321777344e-01
1.171463131904602051e-01
9.452657103538513184e-01
7.872443795204162598e-01
0.000000000000000000e+00
1.906004399061203003e-01
0.000000000000000000e+00
1.377668883651494980e-02
0.000000000000000000e+00
4.662765655666589737e-03
6.142825484275817871e-01
4.240888357162475586e-01
1.773707032203674316e+00
1.859085867181420326e-03
8.331420272588729858e-02
1.845379243604838848e-03
4.026132822036743164e-01
2.184319542720913887e-03
5.265175700187683105e-01
0.000000000000000000e+00
1.954137347638607025e-02
5.736352205276489258e-01
3.341861009597778320e+00
3.079471550881862640e-02
0.000000000000000000e+00
1.294644782319664955e-03
8.239685744047164917e-02
1.186514973640441895e+00
3.411369323730468750e-01
1.177941076457500458e-02
7.496683299541473389e-02
1.155466511845588684e-01
3.442950487136840820e+00
6.462189555168151855e-01
4.785789847373962402e-01
1.242943331599235535e-01
2.005085721611976624e-02
1.728083491325378418e-01
9.222150444984436035e-01
3.829786479473114014e-01
0.000000000000000000e+00
1.297193646430969238e+00
3.447152376174926758e-01
3.916168585419654846e-03
2.418555468320846558e-01
9.838283061981201172e-01
0.000000000000000000e+00
0.000000000000000000e+00
2.117478132247924805e+00
3.406203091144561768e-01
5.759865641593933105e-01
4.335229098796844482e-01
7.962669432163238525e-02
5.573081318289041519e-03
4.870429635047912598e-01
5.127798914909362793e-01
8.368602395057678223e-02
6.859440803527832031e-01
9.912130981683731079e-02
4.926129281520843506e-01
5.231280922889709473e-01
1.378374546766281128e-01
1.043980479240417480e+00
2.372982054948806763e-01
1.686552166938781738e-01
5.082404613494873047e-01
2.327564954757690430e-01
0.000000000000000000e+00
1.526453733444213867e+00
1.617175042629241943e-01
7.046221494674682617e-01
1.123569831252098083e-01
6.772761940956115723e-01
1.986103296279907227e+00
0.000000000000000000e+00
2.474140971899032593e-01
1.608038663864135742e+00
7.381541281938552856e-02
2.389350384473800659e-01
4.571646749973297119e-01
5.383963696658611298e-03
6.809431314468383789e-01
1.017450243234634399e-01
6.853862665593624115e-03
1.532495915889739990e-01
5.918967723846435547e-01
8.319051004946231842e-03
4.289742410182952881e-01
1.362392865121364594e-02
9.056126475334167480e-01
6.474562287330627441e-01
7.319920063018798828e-01
1.067490279674530029e-01
1.074924230575561523e+00
1.655034273862838745e-01
8.579549789428710938e-01
2.979378104209899902e-01
4.172456562519073486e-01
1.975273787975311279e-01
9.086562395095825195e-01
8.947865664958953857e-02
6.436912715435028076e-02
4.829786121845245361e-01
3.502360880374908447e-01
0.000000000000000000e+00
7.399588357657194138e-04
5.920688509941101074e-01
4.225532412528991699e-01
1.861685961484909058e-01
2.003154717385768890e-02
5.055058598518371582e-01
6.002063304185867310e-02
7.532073259353637695e-01
1.323373913764953613e+00
0.000000000000000000e+00
6.986507773399353027e-02
2.618547528982162476e-02
7.933143526315689087e-02
1.763075776398181915e-02
8.097851276397705078e-02
8.369887620210647583e-02
3.689104318618774414e-01
2.904358692467212677e-02
2.025122009217739105e-02
3.470110595226287842e-01
5.218203067779541016e-01
1.846589446067810059e-01
1.424308568239212036e-01
8.503042459487915039e-01
0.000000000000000000e+00
8.237061500549316406e-01
2.817525155842304230e-02
1.782160624861717224e-02
1.613276600837707520e+00
3.325375914573669434e-01
4.103888198733329773e-02
6.881602853536605835e-02
0.000000000000000000e+00
7.050215452909469604e-02
7.879743576049804688e-01
1.006876111030578613e+00
1.309327930212020874e-01
3.577677309513092041e-01
1.628413051366806030e-02
7.031188607215881348e-01
7.173726558685302734e-01
7.592719048261642456e-03
1.411002501845359802e-02
1.189422607421875000e+00
9.089022874832153320e-01
1.411434769630432129e+00
2.787455618381500244e-01
9.534508734941482544e-02
1.467371582984924316e+00
1.111727021634578705e-02
0.000000000000000000e+00
4.129840433597564697e-01
1.878831684589385986e-01
1.067232117056846619e-01
1.169631928205490112e-01
0.000000000000000000e+00
2.186740875244140625e+00
4.991516470909118652e-01
1.023896858096122742e-01
2.325404435396194458e-02
1.479361414909362793e+00
3.043259494006633759e-02
3.375172615051269531e+00
1.093264579772949219e+00
9.901232272386550903e-02
1.465808510780334473e+00
5.289484262466430664e-01
2.058559209108352661e-01
7.950010150671005249e-02
8.506787419319152832e-01
0.000000000000000000e+00
1.394549608230590820e-01
2.414668083190917969e+00
3.089573979377746582e-01
9.278887882828712463e-04
4.441854655742645264e-01
2.342432551085948944e-02
5.490293502807617188e-01
3.746883571147918701e-01
4.892156645655632019e-02
4.171854630112648010e-02
1.500320732593536377e-01
3.244867622852325439e-01
0.000000000000000000e+00
4.843028187751770020e-01
5.664200782775878906e-01
0.000000000000000000e+00
4.706560373306274414e-01
3.187629878520965576e-01
7.729738950729370117e-03
4.508106037974357605e-02
3.579275608062744141e-01
5.901395678520202637e-01
2.813903847709298134e-03
7.956187725067138672e-01
3.145805835723876953e+00
2.222263962030410767e-01
3.172582481056451797e-03
1.341606497764587402e+00
2.169573493301868439e-02
5.213705450296401978e-02
7.448239326477050781e-01
1.009935978800058365e-02
2.281990200281143188e-01
3.086320161819458008e-01
1.655640482902526855e+00
1.028166413307189941e-01
1.174611806869506836e+00
1.526784300804138184e+00
0.000000000000000000e+00
9.334247112274169922e-01
4.313889890909194946e-03
2.350072264671325684e-01
4.797078132629394531e+00
6.581814289093017578e-01
1.743215951137244701e-03
8.418571949005126953e-01
8.850360661745071411e-02
0.000000000000000000e+00
3.277342021465301514e-01
6.282980740070343018e-02
2.361064963042736053e-02
1.208062246441841125e-01
0.000000000000000000e+00
2.035419493913650513e-01
7.446744292974472046e-02
5.600618124008178711e-01
1.161448121070861816e+00
4.654177129268646240e-01
1.588913798332214355e-02
8.223850727081298828e-01
2.116779796779155731e-03
0.000000000000000000e+00
4.884418249130249023e-01
9.162316322326660156e-01
2.570142596960067749e-02
5.949068441987037659e-02
1.358613520860671997e-01
8.697519078850746155e-03
6.703089922666549683e-02
7.942252755165100098e-01
1.071757525205612183e-01
4.780197143554687500e-02
3.871343433856964111e-01
1.383831381797790527e+00
1.397540450096130371e+00
3.057198524475097656e-01
4.885938391089439392e-02
0.000000000000000000e+00
1.575798243284225464e-01
4.646230340003967285e-01
1.622287780046463013e-01
3.361729979515075684e-01
5.140857696533203125e-01
4.086475074291229248e-02
8.473099470138549805e-01
1.438133567571640015e-01
6.561024785041809082e-01
6.617759704589843750e+00
1.186719746328890324e-03
8.547610044479370117e-02
9.176515936851501465e-01
4.447925463318824768e-02
1.725144684314727783e-01
1.604086756706237793e+00
1.041783317923545837e-01
5.405087396502494812e-02
1.234050467610359192e-01
1.056513115763664246e-01
8.766718953847885132e-02
1.880476951599121094e+00
1.448033004999160767e-01
0.000000000000000000e+00
1.088239811360836029e-02
0.000000000000000000e+00
1.479992121458053589e-01
2.802460789680480957e-01
1.911887899041175842e-03
0.000000000000000000e+00
4.867422103881835938e+00
0.000000000000000000e+00
2.672228813171386719e+00
4.880890250205993652e-01
4.170880615711212158e-01
3.362632989883422852e-01
4.891285207122564316e-03
4.515304088592529297e+00
4.166490733623504639e-01
1.245676755905151367e+00
2.090829014778137207e-01
1.684174388647079468e-01
0.000000000000000000e+00
7.308679074048995972e-02
1.498776022344827652e-02
1.239699125289916992e+00
4.926098287105560303e-01
5.950775742530822754e-01
8.241922259330749512e-01
6.707528829574584961e-01
1.629351377487182617e-01
2.767490744590759277e-01
1.149075508117675781e+00
9.703366756439208984e-01
2.746541202068328857e-01
3.006408512592315674e-01
0.000000000000000000e+00
1.079346332699060440e-02
0.000000000000000000e+00
3.666822612285614014e-01
2.768320143222808838e-01
0.000000000000000000e+00
0.000000000000000000e+00
0.000000000000000000e+00
3.025469064712524414e+00
1.699958443641662598e+00
5.169833078980445862e-03
1.150902360677719116e-01
0.000000000000000000e+00
8.083642721176147461e-01
1.911232024431228638e-01
1.986996382474899292e-01
9.759137630462646484e-01
3.301105797290802002e-01
3.354460000991821289e-02
1.175510287284851074e-01
4.774443209171295166e-01
2.852471545338630676e-02
7.929700613021850586e-01
3.054244518280029297e-01
5.088391527533531189e-02
0.000000000000000000e+00
1.172367408871650696e-01
7.563493847846984863e-01
5.962285399436950684e-01
6.268846392631530762e-01
5.725360512733459473e-01
1.023129343986511230e+00
0.000000000000000000e+00
7.390537858009338379e-02
0.000000000000000000e+00
1.810796022415161133e+00
6.020889878273010254e-01
1.275524616241455078e+00
1.253402590751647949e+00
9.349065274000167847e-02
8.414004445075988770e-01
9.946004152297973633e-01
2.422347432002425194e-03
1.322747766971588135e-01
7.984629273414611816e-02
9.321873188018798828e-01
2.186073064804077148e-01
9.997686147689819336e-01
1.541211605072021484e-01
1.260131299495697021e-01
2.180895656347274780e-01
3.176237344741821289e-01
6.625378727912902832e-01
0.000000000000000000e+00
5.316979289054870605e-01
8.313455581665039062e-01
2.974519014358520508e+00
1.494291186332702637e+00
1.364385485649108887e-01
1.857772707939147949e+00
3.705015406012535095e-02
4.010277986526489258e-02
1.600224524736404419e-01
1.300914049148559570e+00
1.716925352811813354e-01
1.403000354766845703e+00
1.569129824638366699e-01
0.000000000000000000e+00
2.375348091125488281e+00
0.000000000000000000e+00
2.039273455739021301e-02
1.385916117578744888e-02
5.786057561635971069e-03
0.000000000000000000e+00
1.707268208265304565e-01
8.771548867225646973e-01
2.146027050912380219e-02
1.447181031107902527e-02
1.717703603208065033e-02
1.525405943393707275e-01
2.674236297607421875e-01
7.547111511230468750e-01
1.200157880783081055e+00
2.515050768852233887e-02
0.000000000000000000e+00
5.452900528907775879e-01
7.286857962608337402e-01
3.734359145164489746e-02
3.505884647369384766e+00
2.351737260818481445e+00
9.074907004833221436e-02
5.840708017349243164e-01
3.694083690643310547e-01
3.501768037676811218e-02
5.973562132567167282e-03
9.485617876052856445e-01
7.934825122356414795e-02
1.550379991531372070e-01
1.067162863910198212e-02
0.000000000000000000e+00
9.079944342374801636e-03
4.413229972124099731e-02
5.762488245964050293e-01
5.169643163681030273e-01
4.966785907745361328e-01
5.211176276206970215e-01
2.270669341087341309e-01
1.472674012184143066e-01
0.000000000000000000e+00
8.824028074741363525e-02
4.792400002479553223e-01
1.193316504359245300e-01
1.466206908226013184e-01
8.009384572505950928e-02
0.000000000000000000e+00
5.047863721847534180e-02
3.205067515373229980e-01
1.862668752670288086e+00
1.129444539546966553e-01
9.704350959509611130e-04
1.480761289596557617e+00
3.129329979419708252e-01
1.924708113074302673e-02
3.240978345274925232e-03
8.613832592964172363e-01
6.014535427093505859e-01
0.000000000000000000e+00
1.091340370476245880e-02
5.081803351640701294e-02
0.000000000000000000e+00
4.412895441055297852e-01
2.996888384222984314e-02
1.403436899185180664e+00
1.839654207229614258e+00
5.327131226658821106e-02
1.547334641218185425e-01
7.616443932056427002e-02
4.886483192443847656e+00
7.957791090011596680e-01
0.000000000000000000e+00
0.000000000000000000e+00
1.013707891106605530e-01
9.089976549148559570e-03
1.336449533700942993e-01
2.589926719665527344e-01
8.408133983612060547e-01
3.357923328876495361e-01
7.492828369140625000e-01
3.820954123511910439e-03
1.988568603992462158e-01
2.782554328441619873e-01
8.302361518144607544e-02
3.689587712287902832e-01
0.000000000000000000e+00
9.974367916584014893e-03
4.948955178260803223e-01
5.929077975451946259e-03
3.044949471950531006e-01
2.442457824945449829e-01
1.327036600559949875e-02
0.000000000000000000e+00
4.382856562733650208e-02
5.434435326606035233e-03
1.451159864664077759e-01
1.851070284843444824e+00
1.886886000633239746e+00
0.000000000000000000e+00
8.224642872810363770e-01
4.654995441436767578e+00
2.493138551712036133e+00
7.004766911268234253e-02
2.562119960784912109e-01
3.059867024421691895e-01
9.875321388244628906e-01
0.000000000000000000e+00
0.000000000000000000e+00
2.713872864842414856e-02
8.381474018096923828e-02
1.298336625099182129e+00
7.732838392257690430e-02
1.321236133575439453e+00
1.120008528232574463e-01
3.308972418308258057e-01
1.816611051559448242e+00
0.000000000000000000e+00
5.192481279373168945e-01
1.335613369941711426e+00
4.916394650936126709e-01
8.435444831848144531e-01
2.082337252795696259e-02
0.000000000000000000e+00
5.042529702186584473e-01
5.911900103092193604e-02
0.000000000000000000e+00
3.108980357646942139e-01
2.063897371292114258e+00
7.627977523952722549e-03
3.881951794028282166e-02
2.502276003360748291e-02
4.469048604369163513e-02
2.140007466077804565e-01
2.410201877355575562e-01
0.000000000000000000e+00
1.966208219528198242e-01
2.734777331352233887e-01
2.294603884220123291e-01
2.653807401657104492e-01
8.752927184104919434e-02
3.901610076427459717e-01
6.189407706260681152e-01
2.985813379287719727e+00
2.801348865032196045e-01
7.014459371566772461e-02
6.014374271035194397e-02
0.000000000000000000e+00
3.372688293457031250e-01
3.759879618883132935e-02
4.902344197034835815e-02
8.944793343544006348e-01
5.221657156944274902e-01
8.793263882398605347e-02
7.355079054832458496e-01
1.253680467605590820e+00
8.602772951126098633e-01
1.232396125793457031e+00
0.000000000000000000e+00
7.093312591314315796e-02
1.776173472404479980e+00
6.253915280103683472e-02
0.000000000000000000e+00
1.028727218508720398e-01
8.862234354019165039e-01
2.524905502796173096e-01
6.693686842918395996e-01
1.209551334381103516e+00
8.397257328033447266e-02
2.652176469564437866e-02
1.026717573404312134e-01
2.692160844802856445e+00
8.230753988027572632e-02
1.067309305071830750e-01
3.943830728530883789e-01
1.861265301704406738e-01
3.457261621952056885e-02
1.223824825137853622e-02
0.000000000000000000e+00
1.794476062059402466e-02
1.415148228406906128e-01
4.727936685085296631e-01
0.000000000000000000e+00
2.738480567932128906e-01
3.190147504210472107e-02
1.028768062591552734e+00
0.000000000000000000e+00
0.000000000000000000e+00
7.844946533441543579e-02
9.789786338806152344e-01
1.460517346858978271e-01
3.787563741207122803e-01
2.249887883663177490e-01
0.000000000000000000e+00
2.793968915939331055e-01
5.516285300254821777e-01
1.415717452764511108e-01
7.914981245994567871e-01
1.917556285858154297e+00
0.000000000000000000e+00
3.643132150173187256e-01
0.000000000000000000e+00
1.711996793746948242e-01
0.000000000000000000e+00
5.818287730216979980e-01
5.078349709510803223e-01
1.151096299290657043e-01
5.370116829872131348e-01
1.834388449788093567e-02
9.451138973236083984e-02
2.463058754801750183e-02
2.033740431070327759e-01
3.148493468761444092e-01
9.530870914459228516e-01
3.030405342578887939e-01
2.606970667839050293e-01
5.631839752197265625e+00
4.639741033315658569e-02
3.928686976432800293e-01
2.945748805999755859e+00
1.891200423240661621e+00
3.174789249897003174e-01
0.000000000000000000e+00
9.851639159023761749e-03
2.088932991027832031e+00
6.219089627265930176e-01
1.461588442325592041e-01
1.442252695560455322e-01
7.426935434341430664e-01
5.893630027770996094e+00
7.859512418508529663e-02
2.634166507050395012e-03
6.402805447578430176e-02
3.262269496917724609e-01
3.954505026340484619e-01
4.149270355701446533e-01
2.856571413576602936e-02
0.000000000000000000e+00
0.000000000000000000e+00
2.657884545624256134e-02
0.000000000000000000e+00
1.352502822875976562e+00
2.457466572523117065e-01
0.000000000000000000e+00
0.000000000000000000e+00
1.865758776664733887e+00
2.418772459030151367e+00
1.134750008583068848e+00
6.403671205043792725e-02
1.090248227119445801e-01
1.599466085433959961e+00
6.179334521293640137e-01
2.048152685165405273e+00
1.824023127555847168e-01
5.419712662696838379e-01
9.234560132026672363e-01
6.823267042636871338e-02
5.617928504943847656e-01
2.492149546742439270e-02
5.198690667748451233e-02
1.201561808586120605e+00
1.645179837942123413e-02
1.689698100090026855e-01
0.000000000000000000e+00
1.386869847774505615e-01
1.058335781097412109e+00
5.115997195243835449e-01
7.081651687622070312e-02
0.000000000000000000e+00
1.431205216795206070e-02
7.034723162651062012e-01
1.856384277343750000e+00
5.653147120028734207e-03
2.359843552112579346e-01
4.041030406951904297e-01
1.811390928924083710e-02
0.000000000000000000e+00
1.513119935989379883e-01
4.314677119255065918e-01
1.336984157562255859e+00
0.000000000000000000e+00
1.220258027315139771e-01
3.750593662261962891e-01
0.000000000000000000e+00
2.714055776596069336e-01
6.855498552322387695e-01
2.263775318861007690e-01
2.734809160232543945e+00
3.312300145626068115e-02
3.086534500122070312e+00
4.007361233234405518e-01
1.117641687393188477e+00
0.000000000000000000e+00
5.308689475059509277e-01
5.859229564666748047e-01
0.000000000000000000e+00
1.433267146348953247e-01
4.316624999046325684e-01
2.365097552537918091e-01
4.506347775459289551e-01
2.067550830543041229e-02
3.571731746196746826e-01
1.633280515670776367e-02
1.747715592384338379e+00
5.825992226600646973e-01
3.442540764808654785e-01
0.000000000000000000e+00
1.059403777122497559e+00
1.336145401000976562e-01
0.000000000000000000e+00
4.511073231697082520e-01
8.469766378402709961e-02
0.000000000000000000e+00
3.054128885269165039e+00
3.882621824741363525e-01
1.326413005590438843e-01
2.297412872314453125e+00
0.000000000000000000e+00
0.000000000000000000e+00
3.356026113033294678e-01
1.771636679768562317e-02
0.000000000000000000e+00
4.126887023448944092e-01
2.672513484954833984e+00
0.000000000000000000e+00
0.000000000000000000e+00
7.235290110111236572e-02
1.307458400726318359e+00
0.000000000000000000e+00
7.065195441246032715e-01
2.062963694334030151e-01
2.356292605400085449e-01
4.091626107692718506e-01
1.300826966762542725e-01
3.513215854763984680e-02
1.195189237594604492e+00
2.507480621337890625e+00
8.988672494888305664e-01
6.493008881807327271e-02
4.093324244022369385e-01
5.354107543826103210e-02
2.327004432678222656e+00
0.000000000000000000e+00
8.150871098041534424e-02
1.095580533146858215e-01
3.276455998420715332e-01
6.318132281303405762e-01
1.931402087211608887e-02
2.122030779719352722e-02
7.250693161040544510e-03
1.377593725919723511e-02
2.005989789962768555e+00
0.000000000000000000e+00
2.768511474132537842e-01
1.666638106107711792e-01
4.896889999508857727e-02
2.864139378070831299e-01
9.302273392677307129e-02
8.148336410522460938e-01
6.240418553352355957e-02
2.418972015380859375e+00
4.912345856428146362e-02
8.896144032478332520e-01
6.698177009820938110e-02
7.431473135948181152e-01
1.439417302608489990e-01
1.201056912541389465e-01
2.877463400363922119e-01
3.177201375365257263e-02
2.137944102287292480e-01
5.557854175567626953e-01
3.344412088394165039e+00
4.158546924591064453e-01
0.000000000000000000e+00
3.463850915431976318e-01
1.808410137891769409e-01
2.230131812393665314e-02
3.026522397994995117e-01
2.542657852172851562e+00
2.205838710069656372e-01
8.683463931083679199e-01
2.901600122451782227e+00
3.693120181560516357e-01
0.000000000000000000e+00
5.176213741302490234e+00
3.356133997440338135e-01
5.754265785217285156e-01
3.288902342319488525e-02
2.454874038696289062e+00
2.604961395263671875e-02
3.189598023891448975e-01
0.000000000000000000e+00
0.000000000000000000e+00
6.517925262451171875e-01
8.531317710876464844e-01
1.224782783538103104e-02
1.223736330866813660e-01
7.773279547691345215e-01
7.949005365371704102e-01
0.000000000000000000e+00
3.318492472171783447e-01
1.056043431162834167e-03
8.245404362678527832e-01
1.069466322660446167e-01
8.190815337002277374e-03
0.000000000000000000e+00
2.621214091777801514e-01
1.578141190111637115e-02
4.208903014659881592e-01
6.735546886920928955e-02
5.228456854820251465e-01
5.288929343223571777e-01
0.000000000000000000e+00
1.525339670479297638e-02
3.558560609817504883e-01
1.661191940307617188e+00
2.760610282421112061e-01
4.669300019741058350e-01
9.269446879625320435e-02
4.111930727958679199e-01
1.101608350872993469e-01
3.432452678680419922e-01
8.016463518142700195e-01
1.036088466644287109e+00
2.016672119498252869e-02
0.000000000000000000e+00
1.036832213401794434e+00
0.000000000000000000e+00
2.549666166305541992e-01
1.863844692707061768e-01
4.002952575683593750e-01
4.846051335334777832e-01
0.000000000000000000e+00
2.802717871963977814e-02
4.973184764385223389e-01
1.255652308464050293e-01
1.753230839967727661e-01
1.094347238540649414e+00
2.533759549260139465e-02
3.302682638168334961e-01
7.293663620948791504e-01
6.595320701599121094e-01
1.064737439155578613e-01
5.173629149794578552e-02
1.835857629776000977e-01
3.790925264358520508e+00
4.411005973815917969e-01
2.289160251617431641e+00
1.958032101392745972e-01
5.493986010551452637e-01
6.315322518348693848e-01
0.000000000000000000e+00
7.299178838729858398e-01
8.480889201164245605e-01
5.070203542709350586e-01
2.180007100105285645e-01
0.000000000000000000e+00
4.820114374160766602e-02
6.606841087341308594e-02
1.191619038581848145e+00
1.809868961572647095e-02
