5.471964641401427798e-07
5.588623785968138691e-09
4.628167626918866517e-09
7.456953277085176524e-09
1.224620973516721278e-07
3.344032606378277706e-09
1.192879839351235205e-08
7.116537403817346785e-08
6.168615982460323721e-07
5.343914466493515647e-08
1.150773254465775608e-08
2.861496568584698252e-06
8.925150041250162758e-08
4.155326962518302025e-07
1.728763576736014329e-09
4.895790994829951615e-10
1.877211097678355145e-08
1.507310344095458277e-06
1.166036067701270440e-08
1.932910542734589399e-08
4.803662467800506874e-10
4.449900004033224832e-08
1.218633638444543976e-09
3.073348580073798075e-07
3.196886311229718558e-09
2.455970704584586883e-10
1.787382186702046738e-10
3.165557538320484809e-10
3.416163740777022895e-10
1.136652816313699077e-08
7.459389905761781847e-08
1.063217869301524843e-08
4.431467193199978283e-09
3.132088810531286072e-09
1.518318110127481191e-10
3.214034594023473801e-10
5.854593254639439692e-09
4.555354315982640401e-09
1.652662118267755886e-09
2.125690734544605220e-08
5.235765598854413838e-09
3.856122088308211460e-09
5.727464724714081967e-09
1.834662310962187348e-09
4.250041707454244033e-10
2.550855360272663575e-10
3.458599451278132619e-08
3.535635118012692146e-09
2.133512921886904223e-09
1.231423851777435630e-09
1.970628886738268193e-07
3.708750568875984754e-07
5.821496618096944076e-10
1.710641295282755436e-09
4.612490389632739607e-09
6.088881843169247077e-09
4.141932352652588634e-10
8.189361189181454392e-09
2.158838885435443444e-09
1.864514942440109735e-08
2.030054346846554836e-09
4.406748033147778187e-08
6.547747677387860676e-09
9.634120168300341902e-10
7.656051903559557559e-10
4.650830831565144763e-09
7.326969586607390283e-11
3.325307806889554740e-09
6.558552312352361469e-11
2.246283020701511646e-11
6.019396092682427479e-11
1.569194996164924305e-09
6.576293398730115314e-10
2.663857190388085883e-10
2.661558085037540877e-09
5.847879819276258218e-11
1.015468042986356068e-09
1.187422160597861875e-09
6.028375576505595745e-09
3.360849598621484802e-09
1.018973447286519729e-10
3.744447460429789487e-12
1.945030874139774824e-07
2.098929086091771978e-10
1.401248983512459745e-08
2.761809625440037053e-08
4.704634193331003189e-07
4.137844289431313882e-09
1.617918456986444653e-07
3.849084606599717517e-08
5.028899963122057670e-09
3.862012931676872540e-08
4.195164660103500864e-09
5.756767791353922803e-07
1.128590554344555130e-08
3.049844599090079100e-09
1.069497130856689182e-07
1.176969277594253072e-08
8.524696920586549709e-11
3.417484251144742302e-08
1.110273095683567135e-09
4.817687937475056970e-08
1.656910386671484048e-09
1.993754317197726778e-08
1.611091420272714458e-07
2.183961953505786369e-07
1.094568702342257893e-08
3.366743828170370989e-10
2.836580692555656924e-10
6.677419034373244244e-11
2.867817650020754172e-10
3.947257243286372841e-10
3.115697255751115335e-09
6.087871096127628334e-09
1.928691091279688408e-07
1.226175549984276358e-10
1.962826984280852116e-10
2.089437303731678242e-11
4.315611479288605778e-10
9.523350996687440784e-10
7.937711599126373585e-11
1.258062681808169714e-10
2.220986450307549376e-10
1.675277916390882638e-09
7.707557259095665358e-09
4.672905951075279063e-10
1.981028230346737473e-09
7.774341526101125055e-08
3.259673420075159811e-08
3.643913615292149188e-08
5.158330207422068270e-09
7.485453146216514142e-09
2.995639514224990307e-09
7.742721095382876229e-07
4.953222543235824560e-08
4.297182165657886799e-09
3.860878550199231540e-08
5.096899013956601721e-10
8.700598019828476026e-10
4.205583103988885796e-11
2.011955185787783762e-10
2.525632480931960799e-10
4.043459664315740554e-11
2.472714699663924875e-09
5.328949281846462327e-09
6.842620914326857928e-10
2.591625136716402267e-09
5.264770910895499867e-11
1.306639518805496891e-10
1.176313979556198319e-08
4.009688936434940842e-08
2.887629989345441572e-06
1.734937415953652362e-09
7.360763554231652961e-09
1.295640146281584748e-07
5.060904140208322133e-09
8.118226091369251662e-09
1.998683885062746413e-09
4.959553212557921142e-09
8.033252015593461692e-06
9.815175161520528491e-08
4.233855932511687570e-08
1.938808082968535018e-07
6.733042937412392348e-06
1.204737820614809607e-08
1.850700392935777927e-08
2.054054277778050164e-07
7.466507412345890771e-08
1.327662062067247462e-06
1.539812274131691083e-06
4.558757495942700189e-07
6.922140869392023887e-07
2.159303676307899877e-06
3.710491114361502696e-07
7.885311674726835918e-07
6.037247590739980296e-09
4.143633134390256600e-07
7.847086891388244112e-08
1.801852158678229898e-05
6.385531605701544322e-07
2.592772580101154745e-05
1.830373630440362831e-09
1.187479981012984354e-07
2.632216222764327540e-09
1.193761391959924367e-07
8.998873823884423473e-08
1.405830118983431021e-07
1.620657386069979111e-08
8.788940419890423073e-08
8.327283040898691979e-08
3.296511508210642205e-09
1.338104880233004224e-07
3.937583059610005876e-08
9.807478384971091145e-09
9.207541395994667255e-10
2.324977401713113068e-07
7.330727669341285946e-08
1.134301399474679783e-07
2.044568780945610342e-08
6.318960910078885718e-09
1.339237964970152461e-08
1.930272652828080027e-08
6.936331686802077456e-08
2.752942407369118882e-08
1.768751900499410112e-08
7.145181513124043704e-08
2.568546442205388303e-08
1.027395701385103166e-04
8.934552897699177265e-04
7.173728135967394337e-06
9.879989271155409369e-09
2.997141564264893532e-06
9.299984071731159929e-08
3.968876853832625784e-07
4.112181173354656494e-08
1.152301365436869673e-07
1.685358341774190194e-08
2.892253405661904253e-07
1.863730005879915552e-07
3.282945897353783948e-07
6.673074182117488817e-08
6.666989627035491139e-09
6.015675069193093805e-08
2.973211898904537520e-09
6.962723375636414858e-08
2.850714554369915277e-05
2.402050085947848856e-06
1.348115165455965325e-05
1.223657730697880197e-09
8.046792032700977870e-08
5.006510264138341881e-07
1.945392796187661588e-05
1.830838947114443727e-08
5.669989988632551103e-08
6.744954248460999224e-07
1.713976234896108508e-05
1.077746105693222489e-06
4.572120015922109815e-09
1.255636306041196804e-07
1.642503022480923391e-08
9.509528808848699555e-08
6.688594567094696686e-08
7.378946520475437865e-07
4.436271410668268800e-05
1.262193762840979616e-07
9.308530934504233301e-06
1.032653381116688251e-05
1.621678507035539951e-07
4.302870024730509613e-07
1.268653250008355826e-06
1.518628209851158317e-06
8.796084927098490880e-08
1.547619277175726893e-08
2.150014637436470366e-07
5.445890110422624275e-06
1.012438630709766585e-07
9.996423386837705038e-07
7.050003318909148220e-07
4.640719808435278537e-09
6.373610176524380222e-06
8.758403851061302703e-07
2.300160772961135081e-08
8.502628929818456527e-07
2.499822130630491301e-06
6.075544689565504086e-08
7.899069842665085162e-09
2.973325363697654211e-09
1.510028013740338793e-08
1.119385029113573182e-08
3.871678472933126613e-06
4.102879813672188902e-07
3.262518077917775372e-07
8.648951421719175414e-08
1.221615093527361751e-05
5.468907602335093543e-07
4.247647211741423234e-08
4.361298877597619139e-09
1.176186060547479428e-06
8.398539534937299322e-07
4.615029070009768475e-07
5.614235476514295442e-08
1.663864992451635771e-07
2.059254029518342577e-07
3.703265463173011085e-07
3.272018511779606342e-05
1.103102135857625399e-06
7.983297109603881836e-06
1.674857230682391673e-06
3.821537291059939889e-07
1.352104472829296355e-08
2.333634974149845220e-08
1.166050151368835941e-05
5.826537403663678560e-07
6.586229517324682092e-08
3.383330238193593686e-08
3.378081103733165946e-08
3.348721122620190727e-07
7.285592573680332862e-08
4.047478441293606011e-08
2.278350663686978805e-08
3.363489764485194655e-10
1.417943679138389257e-10
9.779081988625648592e-10
6.884932624018347269e-10
1.170317953658184251e-09
5.265798352915851410e-10
1.444078723267239184e-08
1.442274355500927641e-10
2.959010536596196062e-10
8.454232869326006039e-10
6.681345476877709189e-10
1.953383588215729105e-08
2.263307097294386949e-09
8.001211249109019263e-09
2.689630962393607660e-09
1.560647255871572270e-08
2.004846288983230806e-09
9.667977529659310676e-09
2.803136715801013423e-11
6.114881934138338693e-09
5.777239797666311460e-10
2.583076530449091024e-10
1.413496875102282502e-09
3.052939290260070493e-10
1.211918065902040098e-10
6.228565996302393160e-10
1.431429835774267190e-10
2.188151188020626137e-10
4.699981515088325068e-10
1.789459691536876562e-10
2.941484744667377527e-08
1.177046158318262314e-07
1.253747416996020547e-08
4.066930898716236698e-07
3.692475303296305356e-08
2.513395180869792966e-08
3.638731982391618658e-08
2.241930019408755470e-07
5.138839753726642812e-08
1.079193090447461145e-08
4.534004283129888790e-09
3.464306701062014326e-06
1.045882669359343708e-07
2.622709605049067250e-09
1.927100129250902683e-06
2.205628788942703977e-06
3.860206732042570366e-07
8.286147767933016439e-09
8.235857507088439888e-08
2.774737939414961829e-10
2.912343433081332478e-08
7.121897294126711131e-09
2.134878798187855864e-07
4.902645045490316988e-08
6.949322539639979368e-08
1.751319089748903934e-08
1.041974542204116005e-06
1.145259620471961171e-08
3.473440557399953832e-08
3.766172440577975067e-08
1.078730171855113440e-08
2.790807052122090681e-08
1.627158496830816148e-08
3.117171409883212618e-09
1.016596495873045569e-08
1.265473565581487492e-05
1.621718723754383973e-07
2.556647359597263858e-06
1.476909528719261289e-04
2.615990126741962740e-07
1.940398360602557659e-04
3.299601958133280277e-04
6.303045665845274925e-04
9.672701954841613770e-01
1.201759674586355686e-03
1.061149123415816575e-05
1.901030354201793671e-02
3.606492782637360506e-06
5.611637607216835022e-03
6.128344830358400941e-05
9.677512571215629578e-04
1.021707546897232533e-03
2.071954309940338135e-03
1.845757395813052426e-07
3.887875266173068667e-07
8.427277862210758030e-07
1.519861214660522819e-08
8.365484305272730126e-09
5.891921972533964436e-08
7.958438352773100632e-10
2.932559306501048013e-09
3.889125022027428713e-09
6.299005761434273154e-10
1.177011377251346858e-09
1.456179443692917630e-08
1.861252152401959847e-09
3.324221731215715181e-10
2.680111022002051868e-09
3.800803582976186590e-08
1.936241611488753733e-09
2.330320159060761398e-09
2.276678223722683470e-08
4.539376374790293767e-10
9.039045900660624966e-11
6.389624246372349603e-11
1.637190522041365170e-10
6.993265078136801094e-09
1.022540246919945162e-10
7.441480764924790492e-09
7.397099044403887547e-10
7.014107694658378023e-08
6.381206674177519744e-08
9.366048629999568220e-07
4.189577751390061167e-08
2.559747969144154922e-08
3.535775006113794916e-10
6.330892006189969834e-07
5.186159945935742144e-09
1.530281873440841878e-10
2.553700895191468589e-08
9.553154711738898186e-09
1.318265162808529567e-06
5.588658069655139116e-08
1.807760163785587793e-08
6.854782297338601893e-10
8.719524657863075845e-09
6.046417255767266852e-10
2.551294642216817010e-07
8.003666152944788337e-06
9.058971350839328807e-09
4.388819974110447220e-09
7.538093704795301164e-09
4.715086543427560173e-09
2.400386449608049588e-07
2.384181074788216392e-09
5.386959855968598276e-07
7.027374682166964703e-09
5.185346596547901754e-10
1.947158545512195360e-10
4.412555321131605979e-10
2.628339501598020433e-08
4.460596336741673440e-09
6.398330043566602399e-08
8.033783416294681956e-09
9.819706292546470650e-08
6.265584602260787506e-07
3.093117983965498752e-10
2.140264712124917423e-07
1.096504291808741982e-07
1.810378069677653912e-09
7.520386979820159468e-09
2.078321265086557901e-10
5.847230610811493534e-08
6.239377903227705247e-09
5.294072025208151899e-08
1.338146926599392827e-09
2.433381851574267785e-08
2.209841731826145406e-08
1.024032503238458958e-08
2.625332173877836794e-09
1.876445132609205757e-08
4.506293116435244883e-10
5.614360976124999070e-09
3.008724149822228355e-07
2.273610986980312276e-11
1.850040298734256794e-08
1.972902063940296102e-09
7.895605946828254673e-09
3.010428795136022018e-09
2.180566482934409578e-08
7.511938293625064489e-10
8.025667241895462212e-09
2.291554892508429475e-07
1.776520708318685138e-09
2.955740097121406507e-09
6.209258440748044450e-09
6.557924336902942741e-08
2.287934286471227097e-09
6.397521179479781495e-09
4.716271262417137677e-10
6.726938295287254732e-08
2.562423828678106474e-09
2.531961973417651279e-09
2.018128553160636329e-09
4.682345067230642144e-10
2.639147234084759930e-10
4.980035273050020805e-10
1.450853837070553709e-08
1.117462344879527336e-09
6.588050638356435229e-08
1.686598749550682896e-09
3.165971307339532359e-08
1.196220100752043436e-08
1.652661063555882492e-10
6.634370492974994704e-07
7.474977858912268402e-10
2.487074990398241425e-09
3.285601568592255717e-09
1.451716635791910903e-09
3.411784987861210539e-08
1.513663527852315838e-09
4.632628058942600546e-09
7.354252318236831343e-09
4.315613644223503798e-09
1.827512169372269568e-10
2.679349631051763936e-09
2.046885549944477134e-09
1.247561387529572130e-09
5.535611080631497316e-09
4.495295524709064239e-10
2.416631339485775243e-10
1.898407431255577649e-09
1.249006453818424234e-09
7.012552316609799163e-09
1.874555399794530786e-09
2.456863512634299695e-08
2.903506546303447067e-09
8.271761942069133511e-09
1.668024274259494177e-09
7.200304139587387908e-07
6.924986806211563817e-09
3.159465189472854263e-10
2.012214217472774180e-08
1.055323423315712716e-06
9.344889306817094621e-10
6.264798124711035143e-10
3.229058131992701419e-10
6.876795799470869497e-10
2.317399827589383676e-09
1.861147609361069044e-07
1.660767079414426917e-09
4.370065143088908144e-10
1.617667777509268490e-08
1.465826016122662168e-09
4.627532135259571078e-09
1.411546324270318564e-09
2.620779371298453952e-09
2.930234899167771800e-08
3.108050761202463264e-10
7.404379971376329195e-07
7.838353577316325982e-11
4.691576194204571948e-08
1.810382421751910442e-08
4.209963577750386321e-08
3.758821698340852890e-09
6.582608680361090592e-09
3.697271377944844062e-10
1.371231794777827417e-09
1.848247777047618001e-09
9.085321384105782272e-10
1.086275513983991914e-10
9.813966306282395635e-10
3.633094181054730143e-08
9.317249194396026724e-10
2.666744880475135915e-10
1.207019550975019229e-08
5.075558640044164349e-09
3.605121978722536369e-09
6.774822054467222188e-07
3.035349394053810101e-08
4.659840291409977908e-10
2.995538395111907448e-08
8.072988322282981244e-08
2.401834564569327313e-10
7.266059420807380320e-10
6.938882357587772276e-09
4.707501943812530953e-09
2.558210354663970065e-08
1.816002281884721015e-08
1.616754730093816761e-08
1.615141909105943796e-09
3.386524394244361247e-09
2.030484003157084771e-09
3.804759840519977843e-10
2.228863982267625943e-09
8.319546829227419948e-09
3.145839144735873560e-10
1.197761747562253731e-07
3.149649074885019218e-08
3.442085727556332131e-09
1.833203896239865571e-05
2.231986595546686658e-09
1.110833380835174466e-07
3.983071295010631729e-08
1.693855722351145232e-09
1.356964229870527561e-08
1.194472929455514532e-07
2.596995152259751194e-08
4.319953728071368459e-09
7.857567041469337710e-09
1.123722670470783669e-09
2.092932493980015352e-10
4.823758059657734520e-11
5.554172162192116957e-07
3.600531650604921197e-09
1.270989180568449228e-08
8.997243838848589803e-08
7.024788306608797939e-09
1.140063266014124110e-09
4.026954325553333547e-09
9.048157223467967469e-10
1.153856832303290503e-08
1.122358753491425887e-06
6.206061442526333849e-09
1.491927553720628907e-10
3.796139791401031971e-11
1.647828185014077462e-08
1.314885533787446548e-09
2.186579592944326578e-07
2.716892311127594439e-08
8.479089430579733744e-09
5.216885590186848276e-09
8.983406019069661852e-08
1.079344946752769374e-09
6.474911629084090237e-08
1.442663588591130974e-08
4.076628756788380770e-10
1.199521459938068801e-08
1.808984606554986385e-08
2.190406966917635145e-09
3.686409755232489260e-08
5.343504767552076373e-07
1.148473049994436224e-08
8.099059756183635272e-10
1.255345272177521565e-09
1.962683661427266912e-11
2.245416830248814222e-08
1.214542799665707662e-09
1.443940300660528919e-09
1.860847476109483978e-09
1.688868267457621641e-09
3.603506604221706766e-09
7.134201229774816966e-09
1.469521926367178821e-08
3.439808438088221010e-07
4.844783463298085735e-10
2.237724006093344542e-09
3.129440244720171904e-07
3.443376215273019625e-07
2.946561039607331622e-08
2.793253683908147877e-10
3.247347946100376248e-09
7.517292033298872411e-08
1.594912757418853744e-09
6.629670590285741127e-09
2.471182369845337234e-09
2.265567289327918843e-08
4.242857454261894645e-10
1.508846825259979596e-09
1.046931963344377436e-08
9.212583473861002403e-10
6.138905495056690143e-10
1.454097144915067474e-07
5.203008299758948851e-07
4.565453348703840675e-09
4.790510033103601018e-08
4.183907975630063447e-08
1.165524654567207108e-08
6.214362358036851219e-10
1.088256484926830581e-09
2.513424135486275190e-08
3.210770316286470916e-09
4.957990684673063697e-10
1.445350367168529715e-10
1.422577255993928702e-08
7.414265201788339255e-09
1.221999390565997601e-09
1.026782303625850545e-08
6.164828647570175235e-09
4.272334024335577851e-07
1.857729386989248610e-10
2.227742967875201430e-08
3.482407473498483341e-09
3.427206296535700858e-10
4.423385657759126843e-09
8.126344042125310807e-09
6.000969392516708467e-07
6.348316095028394557e-09
4.672533915339727173e-09
5.512932887974386631e-10
1.423538176226202268e-08
4.323863578292730381e-08
4.382713747475008859e-09
2.721968872521074445e-09
6.506664096406211684e-09
2.226687306761121476e-10
1.091682091947099309e-10
5.570889860528893678e-10
4.544877252321555261e-10
1.194097798418169987e-08
8.292400934806209989e-07
5.984813755688378478e-10
3.966328099291871467e-10
1.817073069787511486e-08
1.703458818447245449e-09
2.589876935132906510e-08
1.425213613792664091e-09
1.414602768257111620e-09
8.828145436901024823e-10
3.731778264182139537e-08
8.670204110217127891e-09
1.426227191902995628e-10
1.425044615643855650e-06
2.758443315542535856e-06
2.223446093907455179e-09
4.805222886261617532e-09
6.213917913555633277e-08
2.520562780716772977e-08
3.860451514015039720e-08
4.648364804182847365e-09
3.389581060275759228e-09
7.459382556085358829e-10
1.041331354478813864e-09
1.982483510687416128e-09
1.575624353211679818e-10
1.049413958509326505e-10
2.253448428746196441e-06
8.749796442941715213e-09
3.558395889058374451e-08
2.263553344761248809e-09
8.185410571570628235e-09
1.312974085010409908e-08
5.151126103442038584e-08
2.618759098460543555e-10
1.964535867315930773e-09
1.363572366130938462e-08
4.491603977641034362e-09
1.697507245879137372e-09
6.309883104904656648e-08
4.226527128281531986e-09
8.442155063903555856e-08
7.531324897058766510e-09
3.197148767952739945e-09
1.427388074404234430e-08
6.235083560568455141e-09
2.374765095680686500e-08
1.404837024487903818e-09
8.594913225579148275e-08
9.966267953132046387e-07
2.503236951056919679e-09
2.565159604728250997e-07
1.849767783390632303e-09
1.657606674143607961e-08
3.881738308564308682e-08
6.691002862879713575e-09
4.211583970459287229e-09
1.899535737037716387e-11
2.892708437229885021e-07
2.102839985473892170e-10
6.099398208725403947e-10
4.041846324298603577e-08
3.138617421516443073e-10
2.981719315897635170e-09
6.941837682461482473e-08
3.010147242576977078e-09
8.447426091962029204e-11
1.834277583157017943e-07
5.333067765178611808e-09
1.099175594987400473e-08
1.029403562391451032e-09
7.167809012997850004e-09
4.762383820633431242e-09
9.251186483538731409e-09
6.601736401989910519e-08
1.118915449183077726e-08
1.788947230352277984e-07
1.860201734871225199e-07
1.841498842303224137e-09
1.162557827782961795e-09
5.573698835803497786e-09
2.450404101850267580e-09
1.527206472395903347e-09
4.380605322928943224e-10
3.236014345375792800e-09
2.006760269068763591e-08
1.771595776745016337e-07
3.724885289102530805e-09
6.238913385914202081e-09
1.864031418108424987e-08
1.898545853862287913e-08
1.506971658571387707e-09
9.550089608012513054e-10
3.058973963021571763e-09
1.133092020211279305e-08
9.108546095148994937e-08
2.646579178033903190e-09
1.322476350651413668e-09
7.289362169426993887e-11
9.419660607079549663e-09
6.279827324817688350e-09
6.420910381166322622e-08
2.991438918797939550e-08
1.772868500893309829e-07
6.533193186442076694e-08
1.710409702759818629e-09
1.048270714676391435e-08
1.118193759808150389e-09
4.386897600738848269e-08
3.352070843121168764e-10
7.421948566843639128e-07
1.829877915859867699e-09
2.165116441688041959e-08
1.013973488506181297e-10
1.501276991611177891e-09
1.624632650631951947e-10
1.142835870382441499e-07
5.784012824250339690e-09
1.552831996320946928e-08
7.040831473403841301e-09
3.452655175650853892e-11
1.750316447335364956e-09
1.129523052867398292e-08
4.634646832979427700e-11
3.331804165895846381e-08
1.315316328076576724e-10
6.506402971950819847e-09
3.978073426225137155e-09
1.302287999660478590e-10
3.478663135325632538e-09
1.159599194444638215e-09
4.462791913795172150e-09
2.033142321167247246e-09
4.611980131130621885e-09
5.863757035484695734e-09
7.475894570063701394e-09
4.282750509787547344e-08
1.214769257407155578e-10
5.515765622021717718e-09
4.185451707439113989e-10
2.193690384899582568e-08
3.561628147963347146e-08
2.312777880320027180e-08
6.082930070760994568e-08
2.529330078715474883e-10
4.581444912332699460e-08
2.240354790572496313e-09
4.054037461287407496e-08
1.535971705379779451e-07
5.322895457737786273e-09
5.654813062250241273e-09
4.392013153164953110e-08
2.334391879799113667e-08
4.434441507328301668e-06
2.724225680594827281e-07
2.716314118078599904e-10
1.559109108484335593e-08
1.410284955483120939e-08
5.106866041160174063e-09
1.863454501815908770e-09
3.300764328528771330e-09
6.922785189544811146e-08
2.311299374113673366e-09
4.615513375938462559e-07
1.735699584060057532e-08
5.720812157328225567e-10
3.976144691275607101e-10
3.818152904955240956e-09
2.695244027961507527e-09
2.953504285585495381e-08
3.783307533922197763e-08
3.915652246888612353e-09
1.122180570689579326e-09
2.299007384465312498e-08
3.048752716949820751e-08
1.177986597156177595e-08
2.478883054379821260e-08
3.404959159070131136e-08
4.315636181750903688e-10
3.271358295364734659e-08
1.354471379499955219e-08
1.751031852847972914e-08
3.050977526175557841e-10
4.712811474405498302e-09
2.954212652284127216e-09
1.689564155249456689e-09
2.490150974310267884e-09
6.226253503882617224e-07
1.422441641807381529e-06
4.740666748048738555e-10
6.488944137572616455e-08
2.435550428003807610e-08
2.859518488662615709e-08
2.658840969615994254e-07
1.078232259033029550e-08
3.411854576640394043e-09
1.297520868526191862e-09
1.115935344131457896e-09
1.363998958225920433e-08
1.024409446159779691e-08
2.566057588637704612e-09
4.383850615852225019e-09
2.000541288182944299e-09
1.415876166310781059e-10
2.564267020943589159e-09
2.347328720286867565e-10
1.248277925469665206e-09
1.122531623209965801e-09
7.721948414030066488e-09
3.867290487846730684e-08
3.664488446020186529e-08
9.434724113077663787e-10
4.748820781053098017e-10
4.205258807843392788e-09
1.346072941998954775e-08
2.207034413004294038e-06
3.549502025634865277e-08
8.205524038018552346e-10
3.046450913757325907e-08
4.573006695540726696e-10
5.027358440656826133e-08
6.957237452809295064e-09
7.914282562637708907e-10
2.074591793643776327e-05
7.047988859198994760e-10
1.337051042799020095e-11
2.064385107303223776e-08
1.812146765978184249e-09
3.396017911327930960e-10
7.203277974099364656e-09
7.258472933813209238e-09
5.175376793786767848e-10
1.384387160463518285e-09
9.253846577905733284e-10
8.540145257640574528e-10
4.984872514768312612e-10
6.680173636475217336e-10
2.656592945626812252e-09
3.849005836276120363e-11
2.002134916190279057e-11
2.986224387768743327e-07
5.258203206182088252e-09
7.405798641002547811e-09
6.869100843687192537e-10
7.507555133123844371e-10
2.148976463445251284e-08
1.528818183160751687e-09
6.558575194048898993e-08
1.926462346091284417e-06
2.725326098129698948e-08
6.189344276208430529e-06
9.737771478057766217e-08
5.526583279902297363e-08
1.531078339667146793e-07
4.077762127963069361e-07
8.614246382876444841e-08
5.599079422324848565e-09
1.498502655294942087e-08
6.405986141544417478e-08
3.460182895764774003e-08
1.071981503564245486e-09
6.483346082220009521e-10
1.542662353415380494e-08
4.177287404871776744e-09
7.015525937958955183e-08
1.111865728375960316e-07
4.349743960574414814e-07
3.632934664210552000e-08
1.204085364747697895e-08
1.610604316581998319e-09
4.475606374398921616e-08
9.419257041010098419e-11
1.189745857388402328e-09
8.455344757685168133e-10
1.380403880091307656e-08
4.231746508764899772e-09
6.121751994214719161e-10
2.456760483937614481e-08
1.999135752772662755e-11
1.383027914414469706e-09
8.251147542992498529e-10
1.521173326191060937e-10
3.723332042682159226e-08
9.138332757174794096e-09
1.240244351663477573e-09
5.535365499298450231e-10
9.938680278764877585e-08
4.648726126266211622e-10
2.810307764278263676e-09
2.145825517274602134e-09
5.155182503102651026e-09
6.202602875760021561e-10
4.646113271888907548e-09
1.271189802309891093e-07
1.397341020670239686e-09
1.329662691063049351e-08
3.502711898306642979e-09
8.901594461541151304e-10
1.573715024960620212e-07
7.718672350165434182e-07
1.935598070712529761e-10
2.205440496894084390e-09
1.076582201164910657e-08
1.062597010381693963e-09
1.004342653487810821e-08
3.870919584869625396e-09
1.293766982435329282e-09
2.058491155310093745e-08
4.363978511889854417e-09
3.928983858259016415e-07
1.686084050156466674e-09
