2.257662714555408456e-07
7.075474854900676291e-07
9.757987754710484296e-06
3.550196652213344350e-07
3.263604185121948831e-06
6.625985804475931218e-08
2.259960183437215164e-06
1.071602688170969486e-03
3.167376053170301020e-05
2.835962513927370310e-04
5.151967707206495106e-05
4.938325673720100895e-06
8.118041478155646473e-06
1.152399477177823428e-06
9.990668622776865959e-04
1.530492794699966908e-03
3.786426968872547150e-04
2.432249486446380615e-03
1.199648901820182800e-01
7.451219062204472721e-06
3.585063836908375379e-07
7.879645563662052155e-04
2.517062239348888397e-04
2.143161371350288391e-03
4.013075522379949689e-05
1.859642361523583531e-05
2.933443511210498400e-06
3.388088316569337621e-06
5.647064426739234477e-06
1.325667966511900886e-07
1.485090069763828069e-05
7.449004897353006527e-07
5.036294510318839457e-07
7.812140211171936244e-06
7.252717623487114906e-04
1.930602593347430229e-05
5.248502711765468121e-04
1.307243292103521526e-05
6.225482593436026946e-06
1.082187518477439880e-02
1.405826478730887175e-04
3.345733857713639736e-04
1.396152656525373459e-02
1.879642513813450933e-05
9.748086449690163136e-05
7.349299994530156255e-05
4.175511421635746956e-04
1.659269969422894064e-06
1.486488763475790620e-04
2.690335713850799948e-05
3.421934670768678188e-04
5.049416358815506101e-06
1.789660586837271694e-06
3.934999313059961423e-06
1.129450083681149408e-05
2.767480054899351671e-06
3.601317075663246214e-05
2.007443981710821390e-05
4.303904916014289483e-06
6.073317763366503641e-06
3.273518450441770256e-05
5.437289473775308579e-06
1.008173785521648824e-05
1.708790296106599271e-05
2.802677954605314881e-06
1.368479424854740500e-04
1.034168781188782305e-05
4.333127799327485263e-05
6.568597746081650257e-05
2.380296564297168516e-06
3.022913688255357556e-07
4.298377461964264512e-05
6.199945801199646667e-06
6.331545591820031404e-06
3.723964618984609842e-05
8.908093036552600097e-07
6.865670002298429608e-05
1.457593498344067484e-06
8.928926945372950286e-06
2.456932861605309881e-06
1.341981260338798165e-04
3.245575862820260227e-05
3.293985500931739807e-04
1.071493752533569932e-04
1.700042337179183960e-01
8.734392002224922180e-03
1.806961518013849854e-04
5.750140189775265753e-05
5.341622978448867798e-03
2.912991447374224663e-03
1.617945090401917696e-04
2.676552394405007362e-04
2.345344424247741699e-02
2.058963873423635960e-04
7.976681808941066265e-04
5.480896561493864283e-06
2.000617096200585365e-04
4.535899788606911898e-04
2.880303327401634306e-05
5.016805953346192837e-04
1.684410744928754866e-05
3.801431205374683486e-07
3.002715311595238745e-05
2.139393473044037819e-06
1.238910044776275754e-04
2.174381734221242368e-06
5.799119207949843258e-06
1.669365978784753679e-08
1.495954222718864912e-07
1.179103378490253817e-06
7.906788823675015010e-08
5.848081841008934134e-08
8.760958007769659162e-05
1.101754423871170729e-05
9.008798770082648844e-06
9.308863724299953901e-08
4.782259921398690494e-08
2.023424713115673512e-06
2.054296601272653788e-05
2.900278923334553838e-05
5.834153489558957517e-05
1.265880769096838776e-07
3.404185008548665792e-06
1.724242679301823955e-06
4.987955617252737284e-05
8.195090231311041862e-06
6.042412223905557767e-07
2.591482363641262054e-03
1.322987023741006851e-03
3.095444524660706520e-03
1.679743436397984624e-04
9.402583236806094646e-04
3.653002437204122543e-03
4.859772889176383615e-05
7.726466655731201172e-02
7.261943537741899490e-04
4.848241587751545012e-05
1.274801325052976608e-04
6.014916580170392990e-04
3.143970097880810499e-04
6.728274456690996885e-05
7.694160012761130929e-05
1.213163704960606992e-05
5.786370602436363697e-04
5.260755424387753010e-04
1.089820307242916897e-05
9.452725862502120435e-06
9.129619229497620836e-07
6.249970851968100760e-07
1.023523950038907060e-07
1.680839341133832932e-04
5.022407276555895805e-04
7.770410775265190750e-06
1.924580465129110962e-05
9.628106636228039861e-05
9.657676855567842722e-05
1.311438856646418571e-03
4.171513719484210014e-04
5.177779821678996086e-04
2.849330194294452667e-04
8.651638381707016379e-06
2.003617846639826894e-04
1.121288660215213895e-04
4.326586713432334363e-05
2.697161689866334200e-04
2.913185926445294172e-05
3.811479837168008089e-05
9.602765203453600407e-06
2.118063275702297688e-04
4.447299943421967328e-05
9.054527035914361477e-04
1.018845126964151859e-03
1.743944594636559486e-04
8.052559860516339540e-05
1.020661657094024122e-04
1.333580030404846184e-06
2.395930641796439886e-04
1.523324608569964767e-04
3.300733515061438084e-04
6.780825206078588963e-04
9.485750342719256878e-04
7.228879985632374883e-05
5.397436907514929771e-04
2.452756743878126144e-03
2.092225622618570924e-04
5.337668699212372303e-04
4.695294192060828209e-04
1.103022877941839397e-04
6.150380795588716865e-05
8.742650970816612244e-04
6.295809725997969508e-06
3.355823355377651751e-05
3.428726049605756998e-04
1.635812222957611084e-04
1.311410528614942450e-06
3.156800987198948860e-03
3.239538345951586962e-04
5.178848732612095773e-05
1.144550260505639017e-04
4.585692659020423889e-04
1.118387626775074750e-05
2.789928403217345476e-04
6.457015872001647949e-03
1.429525145795196295e-04
1.696800172794610262e-04
2.872846322134137154e-03
3.166239475831389427e-04
8.968975453171879053e-05
1.074974774383008480e-03
1.514482719358056784e-04
1.254431845154613256e-04
4.524373216554522514e-04
1.909452257677912712e-04
1.606378820724785328e-03
3.514564596116542816e-04
2.537626423873007298e-04
3.900396768585778773e-05
2.566315233707427979e-04
5.116524989716708660e-04
2.500940900063142180e-05
1.429548956366488710e-05
9.970803512260317802e-05
1.587749284226447344e-05
1.145362667739391327e-02
7.491818396374583244e-04
2.555219456553459167e-03
1.955884945346042514e-04
1.459785853512585163e-04
5.927138317929347977e-06
5.271738336887210608e-05
8.080916595645248890e-04
1.251004869118332863e-04
1.082433969713747501e-03
3.075375570915639400e-04
2.295617305207997561e-04
2.874305355362594128e-04
5.622595563181675971e-05
1.548119325889274478e-04
1.600679388502612710e-04
2.797332126647233963e-04
2.904854591179173440e-05
1.157938022515736520e-04
3.301361721241846681e-05
5.964631418464705348e-05
3.171034904880798422e-06
1.893673179438337684e-04
3.306919825263321400e-05
5.346658508642576635e-05
1.956229825736954808e-04
6.593548459932208061e-04
1.365550910122692585e-03
3.691541496664285660e-04
3.613533408497460186e-05
3.114910796284675598e-04
2.558157430030405521e-04
1.873755245469510555e-03
1.601403055246919394e-04
1.269823987968266010e-04
9.146967204287648201e-05
1.742479071253910661e-04
1.412100755260325968e-05
1.012971915770322084e-04
3.453589670243673027e-05
2.990710781887173653e-04
8.522098651155829430e-04
8.049500174820423126e-04
4.584283102303743362e-03
3.945777134504169226e-04
3.881490920321084559e-05
6.370365736074745655e-05
1.374266616949171294e-06
8.785054524196311831e-05
2.297137252753600478e-04
8.228890692407730967e-06
1.594661443959921598e-05
1.980978595383930951e-05
1.176558726001530886e-05
1.392505801049992442e-04
1.715772086754441261e-03
1.730797976051690057e-06
5.820038495585322380e-05
1.404735725373029709e-03
1.587655424373224378e-05
7.195410944405011833e-06
3.562797428457997739e-05
1.499210775364190340e-04
5.627299515253980644e-07
1.657530992815736681e-05
4.732598426926415414e-06
6.375750558618165087e-07
4.564256869343807921e-06
2.563589987403247505e-06
5.814421001559821889e-06
3.354628570377826691e-04
4.395181463223707397e-07
2.830443690982065164e-06
5.627232013694083435e-08
2.679729504961869679e-07
1.931040969793684781e-05
9.809126822801772505e-06
8.628686191514134407e-05
1.473318548050883692e-06
3.680352619994664565e-06
9.844438864092808217e-06
1.026932386594126001e-05
6.550172693096101284e-04
6.417109398171305656e-05
1.440967025700956583e-05
1.298208080697804689e-04
5.895292997593060136e-05
2.925929402408655733e-05
9.281990060117095709e-05
1.766201967257075012e-05
1.373753038933500648e-04
1.296837672271067277e-05
3.090465324930846691e-04
4.728776730189565569e-06
1.155197537627827842e-06
1.267797642867662944e-06
3.385472344234585762e-03
3.284068952780216932e-04
6.585868504771497101e-06
2.946536028503032867e-07
2.476347162883030251e-06
1.542853897262830287e-05
2.766205625448492356e-06
3.658613650259212591e-06
1.313539769398630597e-06
2.399121285634464584e-06
3.550845306676819746e-08
5.372887826524674892e-04
9.111314429901540279e-04
1.269769472855841741e-05
1.470035726924834307e-06
2.184430968554806896e-06
2.000891981879249215e-05
4.803448682650923729e-04
5.661882823915220797e-06
2.397157913947012275e-05
9.960273018805310130e-06
1.915517350425943732e-04
6.138187018223106861e-05
3.280668897787109017e-05
4.021751228719949722e-04
1.195619802274450194e-06
9.056252565642353147e-06
1.545489212730899453e-04
7.607112820551265031e-06
5.307084575179032981e-05
2.645763161126524210e-04
1.803038230718811974e-06
5.256534223008202389e-06
2.144162863260135055e-06
8.995809184852987528e-05
4.620026084012351930e-05
1.574515481479465961e-04
1.980117376660928130e-04
9.833741387410555035e-06
2.075955708278343081e-04
3.973071579821407795e-05
2.510385456844232976e-06
5.320481141097843647e-04
9.165071969619020820e-05
1.301863085245713592e-04
1.872646606670969049e-07
4.403608272696146742e-06
1.696186927802045830e-06
5.229563612374477088e-06
4.571773786210542312e-07
4.524211180978454649e-05
5.081546532892389223e-06
5.876908289792481810e-06
2.799791400320827961e-05
7.623948476975783706e-06
3.319530878798104823e-05
2.045581459242384881e-05
1.003318629955174401e-05
1.207471541420090944e-06
6.313456651696469635e-06
5.989880378365342040e-07
6.230890221559093334e-07
5.738339496019762009e-06
9.567726920067798346e-06
3.286494174972176552e-04
2.787886614896706305e-07
2.017470706050517038e-06
3.265101895522093400e-06
5.647859211421746295e-07
3.231966729799751192e-07
8.692610208527185023e-06
1.752006937749683857e-06
2.966634565382264555e-05
9.309946591429252294e-08
1.579878335178364068e-05
1.960459940164582804e-06
5.229179805610328913e-06
1.155478571490675677e-06
2.086276026602718048e-06
7.325163096538744867e-06
1.639484617044217885e-05
2.558905180194415152e-06
6.541005132021382451e-05
6.863474118290469050e-05
1.540915661735198228e-07
2.307571094206650741e-06
1.762944157235324383e-05
1.853087610470538493e-06
4.959874058840796351e-05
1.129933752963552251e-05
2.393630893493536860e-05
1.045934739522635937e-03
1.760773193382192403e-05
2.041060710325837135e-03
1.076134387403726578e-03
1.813598908483982086e-03
7.664502845727838576e-06
4.775121487909927964e-05
1.424205129296751693e-05
2.873588528018444777e-06
3.236876182199921459e-06
1.073227176675572991e-04
1.448259281460195780e-04
1.519633201496617403e-06
6.348814167722593993e-06
1.451627667847787961e-05
1.720961299724876881e-03
2.780194699880667031e-05
3.623366937972605228e-04
1.086996519006788731e-03
1.188467576866969466e-04
8.621229790151119232e-05
6.544855182255560067e-07
5.768064511357806623e-05
9.828181646298617125e-05
3.276320057921111584e-05
4.528582394414115697e-06
3.100864705629646778e-04
1.113061007345095277e-04
5.472834345709998161e-07
1.783725019777193666e-05
1.669265329837799072e-04
2.886040419980417937e-06
4.690498462878167629e-05
4.887737759418087080e-06
1.350359525531530380e-04
3.810821726801805198e-05
2.209550302723073401e-06
3.544356441125273705e-04
1.276714494451880455e-03
1.574444235302507877e-03
4.981768597644986585e-06
4.632454147213138640e-05
2.181967829528730363e-06
2.437431930957245640e-06
7.417307642754167318e-06
2.080981539620552212e-05
3.054960398003458977e-03
3.522520273691043258e-06
1.672123675234615803e-03
2.041710649791639298e-05
1.835123053751885891e-03
1.023664495392040408e-07
1.329181250184774399e-03
2.419047523289918900e-04
2.954523324660840444e-06
1.473290467401966453e-06
2.480550733707787003e-07
1.543476173537783325e-07
3.308797022327780724e-05
9.873647286440245807e-07
4.192611697817483218e-07
5.194102777750231326e-05
5.292621153785148636e-06
7.592113888676976785e-07
5.063577191322110593e-05
2.114439485012553632e-05
3.343323555782262702e-07
2.300818096045986749e-06
9.963133197743445635e-05
1.768770744092762470e-05
3.874563481076620519e-05
9.475961064708826598e-07
6.127609594841487706e-06
1.750136675582325552e-06
5.624745608656667173e-05
2.081599632219877094e-06
1.932179293362423778e-05
9.152140592050272971e-06
1.079552657756721601e-05
1.609540777280926704e-03
3.384058345545781776e-06
1.991889439523220062e-04
1.671313657425343990e-05
1.614261464055744000e-06
3.015781476278789341e-05
8.453924237983301282e-06
3.623995553425629623e-06
1.523793907836079597e-04
2.754968045337591320e-05
7.189278676378307864e-06
6.172083431010833010e-06
1.587899168953299522e-05
1.660446832829620689e-05
1.253108621313003823e-06
5.742675966757815331e-06
7.500837000407045707e-07
1.139826508733676746e-06
3.228653440601192415e-06
2.466970272507751361e-06
6.014302471157861874e-06
6.657422090938780457e-06
1.031231363413098734e-06
2.970993136841570958e-06
1.914327367558144033e-05
2.037086815107613802e-04
5.125547759234905243e-04
9.069030966202262789e-07
6.833916268078610301e-05
2.144466707250103354e-04
1.062423507391940802e-05
3.819315679720602930e-06
3.450253416303894483e-06
6.799900531768798828e-02
2.018892671912908554e-03
3.805962194292078493e-07
3.229493086109869182e-05
2.029981033047079109e-06
5.454925121739506721e-05
6.689054430353280623e-07
7.086850018822588027e-06
1.714003337838221341e-05
3.261919846409000456e-05
1.722291017358656973e-05
1.429098347216495313e-06
1.008539220492821187e-05
2.675013490716082742e-07
1.089432698790915310e-04
5.534400770557112992e-05
6.045360350981354713e-05
1.023307442665100098e-03
3.517137940889369929e-07
8.516906746081076562e-06
5.885602149646729231e-06
1.596653419255744666e-05
2.420751479803584516e-05
2.727176479311310686e-06
4.016176535515114665e-05
1.788372401279048063e-06
4.677807373809628189e-05
5.081161361886188388e-05
5.049098561471510038e-08
4.178947392574627884e-07
5.324470293999183923e-06
7.347768987528979778e-04
9.027498890645802021e-07
6.030881195329129696e-05
3.569491809685132466e-06
2.316262543899938464e-04
6.264067451411392540e-06
3.408743359614163637e-04
1.591063628438860178e-04
4.117784556001424789e-04
2.406935664112097584e-06
2.173498614865820855e-06
4.066273788794205757e-07
1.683407026575878263e-05
2.850547389243729413e-05
1.157968313236779068e-06
2.753202898020390421e-05
1.106476411223411560e-04
3.555848888936452568e-05
2.724460209719836712e-04
3.856147304759360850e-05
1.121082386816851795e-04
1.042156713083386421e-03
8.880026143742725253e-05
5.261256319499807432e-07
2.123811555065913126e-06
4.051052655995590612e-06
1.585253585290047340e-06
1.146769791375845671e-04
3.384219780855346471e-06
2.270685581606812775e-05
2.693421447474975139e-05
1.675987959970370866e-06
1.193383104691747576e-05
6.920990563230589032e-05
2.999031858053058386e-04
8.191624374376260675e-07
2.647037581482436508e-05
1.904448794221025310e-07
2.132104782504029572e-05
1.127974158521283243e-07
7.437629847117932513e-06
4.931621879222802818e-05
4.945996624883264303e-05
4.681431164499372244e-05
1.786559550964739174e-05
7.415659638354554772e-05
1.739533558975381311e-06
1.475636963732540607e-04
1.231456553796306252e-05
8.109847840387374163e-06
1.629817852517589927e-04
6.436157491407357156e-07
4.716850526165217161e-06
1.908828380692284554e-06
1.795687967387493700e-05
9.781597327673807740e-05
2.237458829768002033e-05
2.087437314912676811e-05
1.270788379770237952e-05
6.015269173076376319e-05
1.144921316154068336e-05
6.087152996769873425e-06
1.560498058097437024e-04
4.639576582121662796e-05
9.422961011296138167e-05
1.368621610708942171e-06
1.523398509561957326e-06
1.674406121310312301e-06
1.983391679823398590e-02
7.462340818165102974e-06
3.670518822218582500e-07
2.638179284986108541e-05
1.657437678659334779e-05
1.772730001903255470e-06
4.216395609546452761e-06
1.300917938351631165e-05
8.860151012868300313e-08
1.776180579327046871e-04
1.790192436601500958e-05
5.343798693502321839e-05
4.022998382424702868e-06
3.258207289036363363e-05
2.154553158106864430e-06
4.886129772785352543e-06
1.063890158548019826e-04
1.330823761236388236e-05
9.518554179521743208e-06
6.093669526308076456e-06
1.434712976333685219e-05
2.283424691995605826e-06
1.161182012765493710e-06
1.024315861286595464e-05
2.049233735306188464e-04
2.791658334899693727e-04
8.614313173893606290e-07
2.377515329499146901e-06
9.462592970521654934e-06
2.825017872964963317e-06
1.088654880732065067e-05
7.047833059914410114e-04
3.269340959377586842e-05
1.402708039677236229e-05
2.177443457185290754e-05
6.432937225326895714e-04
2.524884075683075935e-05
5.391396825871197507e-06
5.980913329040049575e-07
6.056522205471992493e-02
1.882879223558120430e-05
1.706973307591397315e-06
4.332017851993441582e-06
8.198177965823560953e-06
2.650475827977061272e-03
5.688563032890670002e-05
2.585588663350790739e-04
1.730141957523301244e-05
1.174494741462694947e-07
2.393738250248134136e-04
6.236077751964330673e-03
1.434311561752110720e-04
1.314996097789844498e-06
7.638896931894123554e-06
1.771907773218117654e-05
5.448449428513413295e-06
2.473387576173990965e-04
2.662302222233847715e-06
7.025452305242652074e-06
6.477154670392337721e-07
1.474681630497798324e-04
1.504457031842321157e-05
4.426610757946036756e-06
2.922854719145107083e-06
2.595552075490559218e-07
8.946476981464002165e-08
3.874140475090825930e-08
3.566072564353817143e-06
2.088833070956752636e-07
5.444943326438078657e-06
4.229827027302235365e-06
4.782896212418563664e-07
1.121581226470880210e-04
6.107176204750430770e-07
7.509462011512368917e-05
5.760511266998946667e-04
1.381639413011725992e-05
2.264538352392264642e-06
1.696644744697550777e-06
5.143267844687215984e-05
5.350851570256054401e-04
2.860813310689991340e-06
2.509689365979284048e-04
8.911815821193158627e-04
2.341283834539353848e-05
8.179673925042152405e-03
3.125525254290550947e-04
4.599056774168275297e-05
1.151652850239770487e-05
2.323883563803974539e-05
1.269363929168321192e-05
1.773176450114988256e-06
8.366683687199838459e-06
3.955248303100233898e-06
4.652963241369434400e-07
2.315592486411333084e-03
4.215211447444744408e-05
2.681107434909790754e-05
5.335546120477374643e-06
7.642999662493821234e-06
5.441109897219575942e-05
9.069100633496418595e-05
1.936629996635019779e-03
1.267784341507649515e-06
6.102567567722871900e-06
3.259436653024749830e-06
3.787613532040268183e-04
7.608923624502494931e-05
2.671551442290365230e-07
6.137522868812084198e-04
2.160038129659369588e-04
9.236601954398793168e-07
1.819517463445663452e-03
7.290789653779938817e-06
3.453114004514645785e-06
1.762912916092318483e-06
2.890724499593488872e-05
2.741260104812681675e-04
3.980791163371577568e-08
1.042909716488793492e-04
1.602314296178519726e-05
1.607389458513353020e-05
2.431075472486554645e-06
1.204893305839505047e-05
3.596467195166042075e-07
2.119624332408420742e-05
4.869717486144509166e-06
9.774203135748393834e-06
3.836147243418963626e-06
2.749406303337309510e-05
3.038324575754813850e-05
5.101170390844345093e-02
3.308117129563470371e-06
7.851537702663335949e-06
8.592276572016999125e-05
4.114033654332160950e-03
3.342925265314988792e-05
4.766383673995733261e-03
4.492470452532870695e-06
4.784566772286780179e-05
2.535893145250156522e-05
1.532532110104511958e-06
9.208945266436785460e-05
1.521975616924464703e-03
6.017417399561963975e-05
3.339582406169938622e-07
3.187323454767465591e-05
1.475412514992058277e-03
3.561095218174159527e-05
2.887271344661712646e-03
3.008954081451520324e-06
1.747762435115873814e-03
1.361516297038178891e-06
4.286379771656356752e-05
3.992968413513153791e-05
4.653189535019919276e-05
2.039971604972379282e-06
2.375927579123526812e-07
2.328880145796574652e-05
5.289500109029177111e-07
2.173022949136793613e-05
5.137505013408372179e-06
8.521171548636630177e-05
1.649298610573168844e-05
2.914019319177896250e-07
1.800222321435285266e-06
3.140332701150327921e-04
2.156081427528988570e-05
4.905763489659875631e-06
6.402056897059082985e-06
1.228398177772760391e-02
5.953436344861984253e-02
7.791291864123195410e-06
3.871826379509002436e-07
2.139890752732753754e-02
4.608527160598896444e-05
1.085671028704382479e-04
1.000317183752486017e-06
1.020437921397387981e-03
3.224645581667573424e-07
3.120141627732664347e-05
2.037298545474186540e-04
1.141001666837837547e-05
9.061419405043125153e-06
9.882541373372077942e-03
1.319494185736402869e-04
1.105693809222429991e-04
9.247351044905371964e-06
1.550010210848995484e-06
6.892695836313578184e-08
6.163151056171045639e-07
7.859205766180821229e-07
1.292127562919631600e-04
4.075023980476544239e-07
2.869728450605180115e-05
1.151422202383400872e-05
8.581323527323547751e-06
7.357603317359462380e-05
2.716615381359588355e-05
1.547288320580264553e-06
1.754585127855534665e-06
1.916974724736064672e-05
1.146607928603771143e-06
3.709078373503871262e-05
2.283723442815244198e-04
2.738435578066855669e-04
1.947875745145211113e-07
1.253375216947461013e-06
6.087074666538683232e-07
9.158545435639098287e-05
1.007770970318233594e-05
1.382145546813262627e-05
7.732273843430448323e-06
1.690569479251280427e-05
4.108299908693879843e-04
1.227368338732048869e-04
5.569345375988632441e-05
3.902422904502600431e-04
4.563024958770256490e-06
4.933920223265886307e-03
1.152478434960357845e-04
3.123591013718396425e-04
2.260184555780142546e-04
6.556943503710499499e-07
7.908215593488421291e-06
2.042252020828527748e-07
7.161353278206661344e-05
2.741131538641639054e-06
4.274245839042123407e-06
2.446867983962874860e-05
3.235417898395098746e-05
2.003885433077812195e-02
8.585661649703979492e-03
4.494292170420521870e-06
1.156566122517688200e-05
1.292478600589674897e-06
1.708016412749202573e-07
1.210247719427570701e-04
3.768154101635445841e-06
9.515213605482131243e-06
1.049534239427885041e-05
2.492218627594411373e-04
2.445139689370989799e-04
1.200854167109355330e-04
5.129681994731072336e-06
2.553069789428263903e-04
1.918393900268711150e-05
5.074485216027824208e-06
4.391737093101255596e-05
2.007182687520980835e-03
3.823779934464255348e-06
5.028445739299058914e-04
2.061178747680969536e-05
4.616174464899813756e-06
1.553546462673693895e-05
1.143789631896652281e-05
8.964387234300374985e-06
1.107398475141962990e-07
1.333239342784509063e-04
8.797492831945419312e-03
4.651490235119126737e-05
1.412303536199033260e-04
3.208383304809103720e-06
8.436799703304131981e-08
2.305383617340339697e-07
2.517555185477249324e-05
8.324711870955070481e-07
4.388599336380138993e-06
5.373136445996351540e-05
1.896348781883716583e-03
5.617037004412850365e-07
4.628660826710984111e-05
5.275049716146895662e-06
2.714814172577462159e-06
5.633418368233833462e-06
1.009912648441968486e-05
4.297418490750715137e-05
1.387179363518953323e-04
4.704275852418504655e-06
1.073030653060413897e-04
2.679095700841571670e-07
1.273124689760152251e-05
1.707504998194053769e-05
4.495798566495068371e-05
1.540710036351811141e-05
6.074053089832887053e-06
9.576011507306247950e-05
9.102385774895083159e-06
3.455437820321094478e-07
3.060555854972335510e-06
3.358642743478412740e-06
4.200694616883993149e-03
1.491798611823469400e-04
1.940249376275460236e-06
8.517053211107850075e-04
1.714040845399722457e-04
1.802520127967000008e-04
4.022535722469910979e-05
1.283279416384175420e-04
3.155976082780398428e-05
5.718967258871998638e-06
3.203288372333190637e-07
6.643098231506883167e-07
4.653595169656910002e-06
2.766863644865225069e-07
4.068151149283494306e-09
8.462784535367973149e-07
3.578662699510459788e-07
4.702501973952166736e-05
2.025279002282331930e-07
1.280905962630640715e-06
1.147620878327870741e-06
5.465993524467194220e-08
1.039821086123993155e-06
1.216545513216260588e-07
2.689072516659507528e-06
1.150090497503697407e-06
2.007460125241777860e-06
3.048716735065681860e-06
2.657749860190961044e-07
2.375802949927674490e-07
2.224009278961602831e-07
1.096395226340973750e-05
1.918738689710153267e-06
1.040229790305602364e-06
2.279115051351254806e-06
9.449822755414061248e-06
1.222021273861173540e-05
2.138604031642898917e-06
3.089430902036838233e-05
3.414488901398726739e-06
5.616777343675494194e-06
1.054973199643427506e-05
2.255224717373494059e-05
1.999294454435585067e-06
9.989214504457777366e-07
1.696245362836634740e-06
3.149097028654068708e-04
1.680032397644026787e-07
4.056074232039463823e-08
4.538286191291263094e-07
7.651144784404095844e-08
3.967811892380268546e-07
1.987541082826282945e-07
7.307346550078364089e-07
1.276852617593249306e-05
3.260037999552878318e-07
2.951110218418762088e-06
4.545497631625039503e-07
1.249061082489788532e-03
6.818185647716745734e-05
2.524189767427742481e-04
1.566589889989700168e-05
3.584624892027932219e-06
3.899182891473174095e-03
1.767061075952369720e-05
2.076247765216976404e-04
6.721463432768359780e-05
1.168615744973067194e-05
1.792374746401037555e-06
3.915082197636365891e-04
5.833521299791755155e-06
1.225693085871171206e-05
4.785693818121217191e-05
1.569533051224425435e-04
9.940895324689336121e-06
1.364385097986087203e-04
7.962718518683686852e-05
4.511189672484761104e-06
7.562182986475818325e-07
6.577385534001223277e-07
5.883632184122689068e-06
1.532981599439153797e-07
1.457077814848162234e-06
6.003548946864611935e-07
2.086139545554033248e-07
1.833906935644336045e-06
9.184623922919854522e-05
6.133418355602771044e-05
