1.737035515425588983e-09
8.585126920479524415e-08
2.265152119207414216e-07
3.031581030654706410e-08
1.549804196088189201e-08
1.930935269456313108e-07
1.462960881326580420e-07
7.033730526018189266e-06
1.940074253070633858e-05
4.724847144643717911e-07
4.768596845678985119e-04
4.862396453972905874e-04
2.088787005050107837e-04
2.584557514637708664e-04
1.219755722559057176e-04
2.763110969681292772e-04
4.128083288669586182e-01
9.869356872513890266e-04
9.172235731966793537e-04
4.632267635315656662e-03
2.924946835264563560e-03
1.700705906841903925e-04
3.283812475274316967e-06
1.108643118641339242e-05
1.851049019023776054e-04
5.429942575574386865e-07
2.156330765501479618e-06
1.107697698898846284e-06
1.243571858822178910e-07
2.614299887682136614e-07
3.832944628356926842e-07
2.070104237645864487e-04
7.551122962468070909e-06
1.897360135671988246e-07
1.339862478744180407e-07
1.019172759697539732e-05
5.798460279038408771e-06
9.803021612242446281e-07
1.273077505175024271e-04
6.441413279389962554e-05
1.011012500384822488e-04
2.465414036123547703e-05
2.595118421595543623e-04
4.136510542593896389e-04
4.179955431027337909e-05
6.114998541306704283e-06
4.399730823934078217e-05
2.195056877098977566e-04
1.473998509027296677e-06
1.336967761744745076e-05
1.357731798634631559e-05
2.103706293610230205e-07
3.751089934667106718e-06
4.063801952725043520e-06
1.399235225107986480e-05
3.227487832191400230e-05
1.126349234255030751e-04
1.987748191822902299e-06
1.806978980312123895e-05
2.297010796610265970e-04
2.421487733954563737e-04
5.635972411255352199e-05
2.658325138327199966e-05
5.310396772983949631e-06
5.684719326382037252e-06
1.068177994056895841e-06
3.640988725237548351e-04
1.241485188074875623e-05
7.213063508970662951e-05
2.492994781277957372e-06
3.188487244187854230e-05
2.162399596272734925e-06
1.311169035034254193e-04
7.784335175529122353e-04
5.529656482394784689e-05
3.517358709359541535e-05
1.061000034496828448e-06
4.260454807081259787e-05
3.118347376585006714e-05
7.040786726975056808e-07
6.088307127356529236e-04
1.646244153380393982e-02
1.954807434231042862e-03
3.921362222172319889e-04
9.602914360584691167e-05
1.304230769164860249e-03
2.599124854896217585e-04
9.771031727723311633e-06
6.391507668013218790e-06
1.108256219595205039e-05
1.088666067516896874e-05
2.362100407481193542e-03
1.877753675216808915e-04
2.437881084915716201e-05
5.298936367034912109e-01
2.705593127757310867e-03
1.650253216212149709e-05
4.113149407203309238e-05
1.332439569523558021e-04
2.249956560262944549e-05
2.709693376345967408e-07
3.298284667607731535e-08
9.858218419367403840e-08
2.188474468312051613e-07
3.754899751129414653e-07
1.599584606992721092e-06
1.306248407217935892e-07
3.088674205287134100e-08
2.675539612084776309e-08
7.030390491991056479e-08
7.366883103543386824e-09
2.019794891339188325e-07
2.128695996361784637e-06
6.224314711289480329e-05
1.232025283570692409e-06
1.268588448510854505e-06
1.322344989063140019e-08
3.968229123074706877e-08
5.479755671444763721e-08
2.786916830643804133e-08
2.786146296784863807e-06
9.333448502957253368e-08
9.936627520801266655e-08
5.008073458157014102e-07
1.865882768470328301e-05
3.944632226193789393e-06
2.052460331469774246e-06
3.160280130032333545e-06
4.881559561908943579e-06
5.923164735577302054e-06
3.900626381891925121e-07
7.454852379851217847e-07
5.810231300529267173e-07
7.123347313608974218e-05
3.817429785613057902e-07
2.328576329091447406e-06
3.529960304149426520e-05
7.778801773383747786e-06
1.820646226406097412e-03
2.998948366439435631e-05
1.355403128400212154e-05
7.001152262091636658e-04
2.287597271788399667e-05
2.613507422211114317e-05
4.789061449628206901e-07
8.512218130363180535e-08
7.393593364213302266e-07
2.094256075224620872e-07
1.345486833059794662e-08
5.857195262137793179e-08
4.796626171810203232e-07
1.408135972269519698e-07
5.555996835937548894e-07
1.175235126993356971e-07
3.660397984717178588e-09
2.353892227802134585e-07
4.855699557992920745e-07
4.560543942488948232e-08
3.393546066376984527e-08
1.017192801100463839e-07
3.925178404529106047e-08
9.277302126520226011e-08
1.163217149269257789e-07
3.443122409407806117e-08
8.027151210399097181e-08
3.482837129809013277e-09
8.995479561235697474e-08
1.851536950425725081e-07
7.355632902772413217e-08
6.597873891678318614e-08
8.616960656127048424e-08
4.324304256897448795e-07
5.310530468705110252e-07
6.119665130199791747e-08
3.115934532615938224e-08
1.474766833098328789e-07
4.022156474547955440e-08
3.633313738760080014e-08
2.011422672865137429e-08
1.837175460650541936e-07
1.187257907986349892e-06
8.155757882377656642e-07
1.423266553501889575e-07
2.803822383157239528e-07
2.260192388803261565e-08
2.500473961219995545e-08
1.305433983134207665e-07
2.304801327568384295e-08
5.980637638458574656e-07
1.080571010447783920e-07
7.324057094137970125e-08
1.416238593066054818e-08
3.554373222414142219e-07
2.581422364755781018e-08
7.585829742140504095e-09
1.171196686300390866e-06
1.074743707363268186e-07
1.321634002238170069e-08
8.450217592326225713e-07
1.107893652374514204e-07
4.075940580605674768e-07
1.113717384981782743e-08
6.417752729248604737e-08
9.406571166437061038e-08
7.434330484556994634e-08
8.602788881262313225e-08
1.384490673217442236e-07
2.874566185084859171e-08
1.327316141441770014e-07
2.673590770996270294e-08
3.796506859998771688e-07
3.771050671730336035e-08
1.519511101832904387e-06
1.588761477933076094e-08
5.760594135040264518e-08
3.559668186881026486e-07
8.749972039368003607e-06
1.390524062117037829e-06
2.978505619921634207e-07
7.640610419912263751e-07
1.219578393829578999e-07
5.911417702009202912e-07
7.621488862241676543e-08
1.817269357218265213e-08
8.682510710400492826e-09
1.680368484358041314e-07
1.249776193645857347e-08
7.195271933824187727e-08
5.952587756041793909e-08
2.306877355806591368e-08
1.209320821260462253e-08
4.887491513727582060e-07
1.647095757562055951e-07
4.996552060987369259e-09
5.067104424938406737e-08
1.944487060256960831e-08
3.161974504450881795e-08
6.118588746772957165e-09
1.760028709441030514e-07
7.591905415438304772e-08
1.723947065102038323e-07
1.736333388180355541e-07
1.006422323257538665e-07
8.528794381845727912e-08
1.233247726162289837e-08
8.097758552594314096e-08
1.328151256529963575e-06
3.000229469307669206e-07
1.677587277981729130e-07
1.001563987301778980e-07
1.123928896618053841e-07
1.020771875914761040e-07
1.409359118298425528e-08
2.006820132294251380e-08
3.041102445422438905e-06
5.173641426381436759e-08
2.182554048602014518e-08
5.438128169998890371e-08
1.828673923398582701e-08
3.832686701343845925e-08
9.996006689050318528e-09
2.118104980297630391e-08
1.440814116904221009e-07
2.945023780398514646e-09
3.352853639171371469e-07
5.887705611939964001e-08
1.944378738016894204e-07
2.289155389689767617e-07
5.031151886214502156e-07
3.626174418513983255e-07
1.459407457105044159e-07
2.087814863216408412e-07
1.623424452645849669e-07
2.006959078926229267e-07
8.390220074261378613e-08
5.079487550574413035e-07
5.229836830267231562e-08
2.140862420674238820e-08
3.041264307057645055e-08
8.457807609829615103e-08
9.119953148228887585e-08
8.336315886481315829e-07
3.008393832715228200e-06
2.077399727795636863e-07
4.539132874015194830e-07
5.406841907529269520e-08
8.735201504350698087e-07
1.293706645810743794e-06
6.494626632047584280e-07
6.214947916305391118e-07
6.986314815549121704e-07
6.211958947233142680e-08
1.146363217685575364e-07
5.013442660128930584e-06
1.228916204354391084e-07
1.994056333387561608e-07
1.322985809792953660e-08
1.266387812393077184e-07
5.137724656378850341e-06
5.086941655463306233e-06
2.693233363970648497e-05
1.048702106345444918e-04
2.535608246034826152e-06
1.435983722331002355e-04
1.723231252981349826e-04
3.104915094809257425e-06
1.355005515506491065e-04
4.200014751404523849e-03
3.161364293191581964e-04
2.689147368073463440e-05
5.704817594960331917e-04
7.373631815426051617e-04
4.388855450088158250e-05
7.942160300444811583e-05
1.045416411216137931e-05
6.984680112509522587e-06
5.749401316279545426e-05
2.902871165133547038e-05
9.366875019622966647e-05
4.706474428530782461e-04
2.832218342518899590e-05
1.250722445547580719e-03
2.042965643340721726e-04
6.804055374232120812e-06
5.565017272601835430e-05
3.167081104038516060e-06
9.525535278953611851e-04
1.877431259345030412e-07
3.007285158673767000e-07
2.852567320132948225e-07
4.191205334791447967e-06
3.162309212711988948e-06
1.975869423631593236e-08
1.325773979488076293e-07
1.021445314108859748e-06
6.390373982867458835e-06
4.684045052272267640e-06
1.230261887030792423e-06
9.267238709753655712e-08
6.100793648045055306e-09
1.127970222114527132e-06
9.998928618415448000e-08
4.286269472686399240e-08
1.668688440759069636e-07
1.103587052853072237e-07
7.524717915430301218e-08
1.090308572315734637e-07
5.815846915169231579e-09
6.712054982926929370e-06
3.261993413161690114e-07
2.502924417058238760e-06
2.765946405247632356e-08
7.735284839327505324e-07
2.087413804474635981e-06
7.149910743464715779e-07
3.922976077319617616e-07
2.223944193247007206e-06
2.035241323028458282e-06
1.176121486423653550e-06
3.718746484082657844e-07
1.372248880215920508e-05
3.348532118252478540e-08
5.259483941699727438e-07
3.573471258278004825e-05
6.142410566098988056e-04
5.401170142249611672e-07
3.434659845424903324e-07
3.728439196493127383e-06
7.031540008028969169e-07
5.476179580909956712e-07
5.227992005529813468e-06
6.412002676370320842e-06
8.209331525677043828e-08
8.842080774229543749e-07
4.435572009242605418e-06
3.136934083158848807e-06
2.003416511797695421e-06
1.499092468293383718e-04
1.574566226736351382e-06
1.123956917581381276e-05
2.161239899578504264e-05
5.842645350639941171e-06
7.042879587970674038e-06
7.990272570168599486e-05
3.662122981040738523e-05
1.392759543250576826e-07
3.161088102388021071e-08
1.044118562276707962e-06
1.565374532219721004e-06
1.283772803617466707e-07
6.756571337973582558e-07
1.703094554272865935e-08
7.202672946959864930e-08
6.383582018543165759e-08
2.094471795999197639e-07
4.913147790830407757e-07
1.001856844595749862e-06
1.131766452999727335e-06
1.806194127595972532e-08
1.940615135254120105e-08
1.553248729635470227e-08
1.086205525524519544e-08
8.974529208671810920e-08
1.677647958331363043e-07
3.829588735015931888e-08
7.260057088842586381e-08
1.250467729363435865e-08
6.824135567740086117e-08
1.456730625015723035e-09
1.669439768647862365e-07
1.093922747941178386e-07
8.894716074792086147e-08
1.523712001016974682e-08
4.297353228821521043e-08
9.449135518480034079e-08
4.382443705708283233e-07
3.133229498075706942e-08
9.941243206412764266e-08
3.052199701869540149e-07
4.698826927551635890e-08
6.384930770764185581e-07
1.301214211935075582e-07
4.900772765381589124e-08
7.762286813317587075e-09
6.625877091437359923e-08
3.815846696397784399e-07
6.905596450224038563e-08
8.719432997850162792e-08
1.267410061700502411e-05
1.203598640131531283e-05
3.393947167751321103e-08
2.990780956224625697e-08
4.586970590025885031e-07
1.143401551217948509e-08
2.773919902665511472e-07
1.122744137660447450e-07
4.008796850030194037e-09
1.674571024068427505e-07
6.459671340053319000e-07
3.827003780543236644e-08
4.555894861368869897e-07
9.881768647801436600e-08
4.722862456674192799e-08
4.211288171518390300e-07
8.944225804441430228e-09
5.432322680576362472e-08
8.191750566766131669e-08
1.751043328113155439e-07
5.570791472564451396e-06
2.703785817459447571e-08
4.647291618198323704e-08
6.466938202720484696e-07
2.050037437584251165e-07
1.545803343105944805e-07
2.557896827681815921e-08
5.022620541694777785e-08
2.513468189135892317e-06
4.496346548421570333e-07
2.557638367761683185e-08
6.134767431831278373e-07
1.911382696562213823e-07
1.376488825144406292e-07
7.501636218876228668e-07
6.845107236586045474e-07
2.954332103399792686e-07
1.181333963984343427e-08
2.552068423256059759e-08
8.933710660130600445e-08
1.928497717074151296e-08
5.440846351234540634e-08
5.122601720586317242e-08
2.655898434511527739e-08
4.167235800878188456e-08
1.234546402884006966e-07
4.558326693882008840e-08
1.042131430040171836e-07
2.443794855366832053e-08
3.501088485791115090e-08
1.017805075775868318e-07
2.026482093242520932e-09
8.092512437940513337e-09
1.292866524948976803e-08
3.175664176069403766e-08
2.488340555828472134e-07
2.473271010217104049e-08
8.790322247875792527e-09
1.194942189641778896e-08
1.974091674128430896e-06
1.645073211875569541e-06
5.652418622048571706e-06
3.543493320989909989e-08
2.964631130453199148e-05
4.819329646466030681e-08
1.708420782620123646e-08
2.897505453347548610e-07
5.744421827102996758e-08
1.408399015190298087e-07
2.240115293261624174e-08
4.997879798906978976e-08
2.363021707196821808e-07
2.823989007083582692e-07
8.834994957851449726e-08
3.894409417171118548e-08
2.061315740320424084e-07
1.222996672822773689e-07
8.690775388231486431e-08
1.092513684852747247e-06
6.766975246819129097e-08
4.949866649894829607e-08
6.859251300284086028e-08
2.390870612600792811e-08
8.403076456886537926e-09
2.984883735734911170e-07
3.649684288120624842e-08
7.246298849850063561e-08
4.326102498453110456e-07
2.716425626658747206e-07
3.263605208303488325e-07
4.159057098718221823e-08
2.226569151275725744e-08
6.988034328969661146e-07
9.159720981699592812e-09
6.606711622225702740e-07
1.604714583436361863e-07
9.953442514643029426e-08
2.473711049333360279e-07
7.080335961973105441e-08
2.396170906138195278e-08
1.580904296361040906e-07
3.102465484516869765e-07
2.806151044865146105e-08
2.078377470127179549e-08
1.668072826532807085e-07
5.652914580878132256e-08
1.061173104943691214e-08
1.033075758272161693e-08
7.935197743336175336e-08
6.442615774204796253e-09
2.760266397672239691e-07
1.981844199860915978e-08
9.343124496297150472e-09
1.630650672268529888e-07
3.773361925141216489e-07
1.530305837604828412e-08
1.181836495334209758e-08
2.941225041297457210e-08
1.040605965840768476e-07
5.230591959559660609e-09
3.567656392533535836e-08
7.873625662568883854e-08
6.512048678075643693e-09
7.896056786194094457e-08
1.144399206509660871e-07
5.962288440741758677e-09
9.566821290718507953e-08
2.111244157276814803e-08
4.687333188257980510e-08
4.917708906759798992e-07
9.570872094855076284e-08
2.162865619936837902e-08
8.216795777116203681e-08
4.777549733603336790e-08
3.078744725826254580e-07
6.945108452782733366e-07
2.611700722354726167e-07
9.709459014572985325e-09
1.590052889355320076e-08
2.345803373771104816e-08
1.157833793286044965e-07
2.758175554617992020e-08
1.284511199628468603e-07
2.640145169152674498e-08
6.264989451665314846e-07
9.703085002144007376e-10
7.173627636802848428e-06
9.547379420382640092e-08
1.658782906588385231e-07
2.386456969816208584e-07
1.215382070540727000e-07
8.560007813684933353e-09
1.747883402458683122e-07
4.882122439653358015e-08
2.283082345400089253e-08
7.294811439351178706e-07
1.113578264266834594e-06
8.568709830569787300e-08
1.173402353060737369e-08
4.081323368154698983e-07
2.484816548076196341e-07
1.036627622852392960e-06
5.943134873120925477e-09
2.094303042099454615e-08
3.168271334175187803e-08
5.710926487267897755e-08
1.418288348986607161e-07
7.557203218766517239e-08
2.255384288218920119e-06
1.772783519982112921e-08
3.365846623637480661e-08
9.850587048276793212e-06
2.974556082335766405e-06
5.682360892933502328e-08
7.610833563376218081e-08
4.241564610651948897e-08
8.636364441372279543e-07
1.188615641467549722e-07
7.919911126919032540e-08
1.224304213565119426e-08
9.119519006617338164e-08
4.099765504861352383e-08
1.067061674575597863e-07
1.563466184961725958e-06
9.799226319273657282e-09
9.218607743832762935e-08
9.122066302325038123e-08
1.895668155782459507e-08
5.334634915925562382e-04
9.552671542678581318e-08
2.827229536705999635e-06
8.617544722255843226e-08
3.560756312026569503e-08
1.478906170859772828e-07
1.310516921648741118e-07
7.375206223514396697e-07
1.229297730276357470e-08
7.060770634836899262e-09
1.505670894630384282e-07
9.748222673522377590e-09
5.812511716385415639e-08
3.515734814385496065e-09
1.284195949580180240e-08
7.885498831683435128e-08
1.753016043437582994e-08
4.937322046316694468e-06
2.960082667868846329e-07
1.472594135520921554e-07
1.431971838883328019e-07
3.804217030278778111e-08
9.733410877288406482e-08
1.319666154131482472e-07
1.042567276954287081e-08
3.197092155460268259e-07
5.726816354467700876e-09
3.777477388666738989e-07
1.768322704265301581e-06
1.305318164668278769e-07
8.527152317583386321e-08
4.271108764442033134e-07
9.861682137568550388e-09
8.938735085450844053e-09
1.706436592030513566e-07
1.488636591773229156e-08
1.414834560620192860e-08
2.515283092918707553e-08
1.928890380753500722e-09
7.100123600167762561e-09
7.214655539655723260e-08
4.727251479152982938e-08
3.395169301256828476e-07
1.133836704525492678e-07
2.344059168990497710e-08
1.955402062492339610e-09
1.600415977520697197e-08
2.730149049057217781e-07
6.058333212877187179e-08
1.410972938487020656e-08
3.272805884080298711e-07
1.578629422738231369e-07
9.421150792832122534e-08
2.100299489882218040e-08
1.235257656162502826e-07
7.851266303759985021e-08
6.038450095502412296e-08
8.086074387847475009e-08
3.825487340236577438e-07
2.737143178777046160e-09
5.775096383331401739e-07
8.563025403418578207e-06
5.376801937018171884e-08
1.974517090275185183e-06
2.132040144431357476e-08
4.354956573138224485e-08
1.454848984394629952e-06
9.805116860661655664e-07
2.183394087751366897e-07
1.659851811552925938e-08
7.873825147441948502e-09
2.519022102021040155e-09
1.327968845998839242e-08
6.422546761086778133e-08
4.914167206493402773e-08
1.477353528400726645e-08
1.164413561127730645e-07
8.067534906786022475e-08
3.745767429563784390e-08
4.377306197511643404e-07
1.571879693074151874e-07
1.914796143864805344e-07
1.644299061354104197e-07
5.029228304920252413e-07
3.930971956833673175e-07
3.541648752047876769e-08
2.678700283809121174e-08
1.486233827563410159e-06
1.729660503713148501e-08
1.505529212408873718e-08
7.026857673508857260e-08
4.056417779452203831e-08
1.850128370506354258e-07
2.386118183039798168e-07
3.857429646814125590e-07
1.047694908606899844e-07
1.734794885521750984e-08
3.896229827660135925e-08
4.824333288411253307e-08
5.273137304584452068e-08
7.078631369950016961e-07
1.152255091341203297e-08
5.125739122036065964e-08
6.398062879497956601e-08
1.087924914600080228e-07
8.540967542103317101e-07
1.286897344243698171e-07
2.088119543941502343e-07
9.462297043683065567e-07
1.535648038952786010e-06
3.286439209659874905e-07
5.724511975557788901e-09
5.069107942290429492e-07
3.573586759841873572e-09
6.591717749415693106e-08
9.230990372088854201e-07
1.185728564223609283e-07
4.086525677848840132e-06
1.061480769948275338e-08
6.016081410820106612e-09
5.796303881311359874e-08
1.084177014831766428e-08
3.304829192529723514e-07
3.012743476915602514e-08
2.118754736102346214e-07
1.440689203491274384e-07
4.061751823769554903e-08
1.851425679433305049e-07
2.349070769014360849e-07
1.500463753245639964e-08
4.564799738204783353e-08
7.764833220846867334e-09
1.093778791982913390e-07
3.722260771610308439e-06
1.603808783556814888e-07
1.018140505237852267e-08
1.797771915335033555e-06
1.442462718159731594e-07
2.734805377713200869e-07
5.133536618018297304e-08
1.052987297356366980e-08
2.546913968615172053e-08
1.265951254936226178e-08
4.920075724612615886e-08
2.355150563460028934e-08
2.887475432089559035e-07
4.147972276768996380e-07
2.536413568066109292e-08
2.413890172192623140e-07
2.970693344650499057e-07
6.217619130666207639e-08
3.238445458464411786e-07
3.842196747427806258e-07
7.801200808899011463e-06
8.138935072565800510e-07
1.007978767120221164e-08
1.453275615403981647e-07
9.071334261534502730e-08
3.678128734918573173e-07
1.096739321582163029e-08
3.828710362085985253e-07
3.522241911468881881e-07
8.981670873708935687e-08
2.886178629424307474e-09
3.830087109690794023e-07
1.788323373830280616e-07
4.592141777948199888e-08
5.113764132147480268e-07
1.094730563977464044e-07
5.611844500208462705e-08
1.059665777347618132e-07
4.761037075695639942e-07
4.579129324611130869e-07
1.370603541772652534e-07
1.243817280283110449e-07
4.711195629170106258e-07
1.127983679793942429e-07
2.551002609152419609e-08
3.006778825920264353e-08
5.125755819790356327e-07
1.096754616014550265e-07
7.563440362901019398e-08
1.790970571846628445e-07
3.412830906768249406e-08
1.347675127050251831e-08
1.965056561914479971e-08
4.075246806678478606e-08
4.867326985902309389e-09
2.342980707226161030e-07
1.341149840072830557e-07
9.764892183738993481e-08
5.379787282322467945e-08
2.593336887457553530e-07
1.094151187430725258e-07
2.708849677901525865e-08
1.770063740025307197e-08
9.636049753680708818e-07
8.805999840433287318e-08
5.207857967093332263e-08
7.143790571717545390e-05
5.934291280595971330e-08
5.956195980871825668e-09
4.164289748587179929e-07
1.596552436922138440e-07
2.423958456176933396e-08
9.343272466821872513e-08
1.773270419391792529e-08
5.547374115622005775e-08
2.543330026583134895e-07
1.800337031454546377e-06
1.172329689325124491e-06
1.188779386041005637e-08
2.450975387091602897e-07
2.706979884692373162e-08
2.121223161566376803e-07
3.144736737681341765e-08
9.749528828706388595e-08
3.291534866889378463e-08
1.338422528363025776e-08
1.601927124283974990e-07
8.400388651352841407e-08
7.342792684994492447e-08
4.214138726865712670e-08
7.487030728725585504e-08
1.718375983728037681e-07
2.306759512293865555e-07
2.673713161982504971e-08
5.946879966245433025e-08
3.448952767826085619e-08
7.844332685635890812e-07
6.974548227844934445e-08
2.437151067624654388e-07
7.907940613449682132e-08
1.526880168967181817e-06
2.094709634548053145e-05
9.181091087384629645e-08
1.594441300767357461e-06
2.067594380150694633e-07
1.037202235210088475e-08
6.679829311906360090e-07
7.204631202739619766e-08
1.214178979580537998e-08
4.872373082775993680e-08
2.218882144688905100e-07
1.416268347043114773e-08
6.794837137391596116e-09
3.595180260163033381e-07
1.804577664188400377e-06
5.731853658375030136e-09
4.515520117820415180e-07
1.218303591343783410e-08
1.109628868789513945e-07
2.154354206140851602e-07
9.941341971853034920e-09
2.308237156967152259e-08
3.249782665193379216e-08
1.999491132664843462e-07
2.180377123295329511e-07
3.211833909944061816e-09
1.333982790896470760e-08
1.603120693971504807e-07
1.262387527845021395e-08
1.798023774313151080e-08
3.385077107509459893e-08
4.677161413724206795e-08
1.071114841266762596e-08
4.155344299761054572e-07
7.800679213687544689e-08
1.204170132496074075e-07
7.824708347925479757e-08
1.039166441785255302e-08
7.190011075408619945e-08
9.944524492766504409e-08
7.615974340069442405e-08
1.209170363836165052e-07
6.807955799104092875e-08
1.575209580551018007e-07
1.258492776656794376e-08
1.666697890811974503e-08
6.268330139391764533e-07
1.666614650730480207e-07
1.458352105743188076e-08
8.467419831958977738e-08
1.269341169063409325e-06
1.058780938478776079e-07
4.789757923617798951e-08
3.218529400328407064e-06
5.310310058348477469e-08
5.435095772554632276e-06
1.316808493356802501e-07
6.409758412928567850e-08
2.060764472844311967e-06
3.185787988968513673e-07
6.154095899546518922e-08
3.145059395137650426e-07
1.471649966333643533e-06
2.852164907380938530e-04
2.874627966775733512e-07
3.827548944457248581e-09
1.353515699520357884e-07
6.213463876747482573e-08
5.253220436429728579e-08
5.609340547607644112e-08
3.908496282178930414e-08
5.560859861475364596e-08
5.526013637791038491e-07
2.810961596821925923e-08
1.092442261096948641e-07
6.118635376139991422e-09
1.068119459546323924e-07
1.449187880808722184e-08
5.596455139311728999e-07
4.453707447282795329e-07
7.084814512836601352e-08
2.613190588363067945e-07
4.643375817181549792e-08
3.945768156654594350e-08
1.847365593832250852e-09
3.522897085161957875e-09
2.913547625382761908e-08
5.811721770498934347e-09
1.763287293954363122e-08
6.285624181145976763e-07
1.031189800215770447e-08
4.076954773779561947e-09
7.718997885319822672e-09
2.083048755707750388e-08
4.010160381540117669e-08
4.027908744319574907e-07
1.304854446715353333e-08
2.840878778442856856e-06
5.072935891803354025e-06
8.991881941255996935e-07
1.126618300872905820e-07
1.164698986144685477e-07
1.536090188380967447e-08
5.695444542652694508e-07
4.218143700995824474e-08
1.173728037429100368e-06
1.093442918431719590e-07
6.213790129550034180e-06
2.267635608177442919e-07
1.249812044079590123e-06
1.624292522706127784e-08
7.200598162171445438e-08
8.551933916578491335e-08
6.702162380634035799e-09
1.769341295698723115e-08
2.104622254250898550e-08
2.607158045009327907e-08
2.207541314191985293e-07
3.476903209786996740e-09
5.971536438664770685e-07
4.021352992822357919e-07
3.082096498019382125e-07
6.109131618359242566e-07
1.144984338452559314e-07
4.338882035881397314e-07
8.911224647079052374e-09
1.482980223954655230e-06
2.735083270977156644e-08
8.848580534959182842e-08
2.499552351764577907e-07
1.641591467205216759e-07
1.069792361363397504e-07
3.674572099043871276e-06
3.097392209383542649e-07
3.144696449908224167e-07
4.734303274744888768e-06
8.001253490874660201e-07
1.723760533423046581e-06
1.466786670789588243e-06
4.949732829118147492e-05
5.019199670641683042e-05
2.658186531334649771e-06
1.083980691873875912e-06
2.265685878910517204e-07
1.580964550385033363e-07
3.329894752823747694e-05
1.023903023451566696e-04
2.781719103950308636e-07
7.047424332995433360e-07
2.421617637082817964e-06
8.349527291784397676e-08
