4.351253801715415648e-10
2.288965683661103867e-09
7.604460117160982691e-11
2.566159090777730967e-11
3.386070243638350519e-11
3.638388201832043478e-11
6.262409341095676041e-11
3.618994171006306715e-08
1.388868842155943639e-08
2.755241867991031768e-10
1.909462588045585107e-09
2.007994304165094945e-08
1.808101446343357566e-09
1.272526528595108175e-10
9.190326011321303668e-08
4.341914916494715726e-08
1.069909316697703616e-08
2.900205572586855851e-06
7.604795086990634445e-07
1.125686099889833258e-09
3.854962127292083096e-09
2.418396661596489139e-06
2.561408507517626276e-07
4.612222255673259497e-06
3.579979761525464710e-07
3.537087289728901851e-09
3.703985451686264696e-10
1.364346968735219434e-10
4.373511552913100786e-10
3.365748998951367810e-11
1.924595621760616382e-10
8.919291971665188612e-10
2.893494610578528636e-10
3.662571912421697107e-10
1.447186148695323027e-09
1.438421270982814804e-09
4.748527349107689588e-09
2.328086834424425433e-09
9.626980324028977520e-10
3.703902518026325197e-09
9.218640073527240020e-09
1.193246279562742984e-09
3.984682361846125787e-09
3.654235358752089269e-09
5.294486182805258068e-09
1.859415288407717526e-09
2.317641012439253245e-08
1.378966940634995808e-09
1.251790449074974276e-09
9.478193230272324854e-11
1.587674020031570876e-10
1.195304827339427334e-10
8.169174225969300096e-10
8.415239616255121291e-10
4.715236881502882227e-11
4.987271706724527576e-10
3.491978650682625585e-10
1.365685342591405060e-10
4.713977819204018260e-11
2.632614126696353196e-09
2.038847146668132382e-10
5.983993162095302409e-11
2.266417609142479250e-10
7.772691379415164192e-10
1.094973889337325090e-09
8.174593640886129720e-11
4.324545443967764413e-10
3.918872726327293776e-10
1.497770518721353028e-10
1.053132026029857116e-10
3.617401170274980871e-11
4.417115562205253809e-09
9.615601648249594291e-10
1.481275518910862843e-10
5.708443717722389010e-10
2.041820462705956629e-10
1.776856300983453707e-10
1.559657611394094090e-11
7.722872341631159543e-11
3.327363384819648218e-10
2.964092971069476334e-08
6.487174797342731836e-09
3.113508384444685362e-08
7.246386601877929934e-09
9.920351828895945800e-08
2.786331378956674598e-07
5.185393803230908816e-08
4.644598902814323083e-06
9.998708963394165039e-01
4.872195859206840396e-05
5.302167119225487113e-05
7.537841639759790269e-08
4.194501343590673059e-06
1.365870389236079063e-06
2.955634625934067117e-09
1.834740288586544921e-07
2.122882278854376636e-06
5.372748645982028393e-08
1.462078791369947339e-10
6.924187800905201584e-08
3.973008311231041034e-10
2.074920096850618734e-10
1.286312278914181206e-09
2.037790602926747852e-09
2.736564100325189486e-11
1.182123510190535853e-09
1.381322417559616156e-10
1.723597792269160323e-10
4.307779022383328993e-09
6.220710058180145552e-10
3.321616592888432251e-11
4.147492072004155261e-10
2.119674435974161497e-09
1.874996380379911898e-09
3.041956686544722288e-09
1.857915488123751402e-09
1.752865491644328699e-10
7.624404996242617472e-10
1.203090682633245478e-10
1.115176173627219214e-09
7.872639345984921988e-11
6.882228814619750779e-11
6.627454834928769856e-11
2.968983045525952491e-11
4.110487505926130325e-09
7.504392246504565378e-11
5.448150375286786584e-09
2.487053762934010592e-08
4.874470604931957496e-08
3.137747057735396083e-07
6.463501733833254548e-08
5.416439421424001921e-07
3.836802164869368426e-08
7.985173078317586715e-10
9.390556243715764140e-08
3.285122573970511439e-08
2.304118140727950959e-08
1.150608719413526160e-09
2.391484521524489537e-08
9.889264962481547627e-10
6.332933066843793313e-10
3.231437617490229286e-10
2.891451834907687868e-11
6.275314157200284626e-10
3.240359447431728768e-08
1.126823079289351881e-08
1.731319443365464394e-08
1.446255615267233452e-10
2.896916907746405201e-11
1.639519492391272593e-10
5.388948731699372274e-10
9.622206365023089347e-10
3.367600087678113141e-10
1.410504907317644552e-10
3.379761748245613262e-10
4.346459581139328066e-10
1.675645594501062874e-10
4.560736233116813310e-10
8.842267196218500658e-11
4.353553351155170503e-10
1.524183002032941658e-10
5.584614021225675629e-11
1.142146169308411174e-10
7.758842457405989990e-10
2.092434558953470969e-10
1.979290759068774719e-10
1.710488278794386474e-10
9.390505734119258818e-11
1.282959571913266927e-10
2.977269264459181386e-10
2.169323470857520419e-10
2.110322472326231491e-10
7.568444482242142612e-11
2.165437412715576215e-10
2.425322997989809437e-10
6.785784434359953821e-11
2.116110342509358588e-10
1.080768391448216903e-10
1.742931576842465802e-09
8.017752434197333855e-11
4.344210755014010772e-11
9.763748698432550555e-10
3.614492594117280078e-10
5.169006334071468700e-10
2.387990361008007767e-10
5.069444308780646224e-10
7.411352642705537619e-10
2.706226354121099575e-10
6.773823862937788931e-11
1.091732676483658793e-10
2.457509196140961194e-10
1.212859951360556465e-10
2.133915683044662615e-10
1.334525129292885026e-10
8.083214653176185038e-10
2.451859160146341310e-09
3.605561960107195318e-10
3.385943192490969977e-10
4.166171296837717364e-10
9.507343523562639120e-11
2.041520424933551681e-10
3.462232583961721843e-11
6.740861202558789955e-09
5.778598710648452652e-10
4.759341809545958313e-10
1.272352445624846951e-09
1.230728852164020282e-10
1.020452611300015633e-09
1.773443336627877898e-10
1.010425493275235453e-10
1.022290672253456378e-11
1.496268525746913269e-10
1.313624625742804142e-10
3.263105619044637251e-10
6.251206219332061664e-10
2.474512261763095466e-10
4.114399654309153220e-10
1.032788160548747669e-10
1.267118077130646725e-10
1.673546995428765172e-10
1.587583259299307770e-10
9.138990952894943121e-11
2.387006980963946035e-10
5.417908899296719483e-10
3.443891560817036179e-10
3.264817860504365399e-10
3.336353762706245618e-11
4.626314331623859744e-10
1.265584442800005149e-10
3.790970037886864930e-10
3.436829293379517480e-11
1.064258264849016200e-10
2.676790455957700487e-10
8.731657619165389406e-10
3.165450679354364638e-10
3.747461230219073514e-10
3.371308232580361164e-10
2.408349908389340044e-10
4.155267241401361389e-10
1.160683993361999455e-09
8.504291160171817410e-10
1.175694264166082803e-10
1.019116457889879257e-09
3.922574209891394048e-10
2.297148693486406046e-09
5.694796301192184274e-10
5.190217144956932316e-10
1.959106488147455138e-10
1.553219358685353768e-10
1.353335110643172357e-09
2.019561046173734553e-10
7.378868627228030164e-10
1.938407073742709485e-10
5.377335798861793137e-10
3.459357911239635541e-09
5.375431211263048681e-09
3.292985883973642558e-10
2.991756842263271210e-10
3.183601299250327088e-11
5.359550581118810442e-10
4.544870590983407510e-10
1.268315036329070722e-10
3.181219287995418199e-09
3.441291140937607906e-10
3.454898589438926138e-10
9.829727032339974357e-10
2.111457814146788792e-10
3.815175397825498749e-10
2.612090821418888709e-10
4.253782326379962342e-10
4.507610396053962631e-10
3.989813757154792029e-10
1.454391052035930443e-10
4.612762671829528927e-10
2.108511837350945939e-10
3.239732093707203830e-10
1.682576161732285414e-10
3.975364135100356577e-11
5.104380806919550650e-11
6.350905218388547269e-11
2.728674231011751772e-10
2.776846252938725002e-10
1.381309844283862276e-09
2.756193329123135527e-10
5.451119555743844103e-10
1.770675134293853148e-10
9.043296111954646221e-10
5.672110336973901212e-09
1.001305371950422796e-09
7.262184187339926211e-10
4.742822246051048296e-10
6.593239287866481391e-10
4.838785372385245864e-09
2.295080514524983073e-10
1.741262689591849266e-10
1.512321656793602642e-10
2.820716549223334368e-09
1.179272679507903376e-09
1.424392964688436791e-10
2.508113272625678292e-09
9.151986807287570969e-11
2.662651210627586806e-09
6.266451246794702001e-10
2.410109889439127073e-10
1.109141223309961788e-09
1.534389837409833035e-09
3.873046328095597346e-10
1.039478281228412015e-09
4.945243659015829962e-10
4.687643340162139793e-08
3.085008248859821833e-09
4.364419936564445379e-10
3.807549830980860861e-10
4.268761732983961110e-10
2.429184076113699575e-10
2.327956855063817443e-10
3.129903003440404063e-10
6.842637567672227306e-10
1.788276748904138458e-10
4.011385390523258820e-10
1.633949399393319624e-11
2.375865948422983820e-09
4.465601777248195958e-10
1.492845735917569527e-09
7.452929939866237419e-10
1.366975976857531805e-09
1.280845318696322011e-09
4.809311837661311984e-10
8.271521662051029011e-11
9.428770264552355229e-11
7.124950629489035236e-11
4.831193223253649194e-10
3.969228556943704689e-10
7.733381990338017431e-11
9.838106718174088883e-11
9.246916565786023057e-10
3.711191909339106587e-10
1.400136812046426371e-10
6.507160366098219129e-10
2.471898796763127848e-10
5.036195349639172036e-10
7.376178140505729175e-11
1.586883055515464491e-11
1.587422034099450485e-11
3.166940668042350637e-11
2.495818829384433002e-10
2.783760028046700086e-11
1.578190633733100867e-10
2.397003151521914788e-10
2.192689502189537620e-10
3.881193977317565214e-11
3.976812282258102016e-11
5.036154132609382827e-11
3.697193245999486066e-11
9.096904479699574608e-11
1.851080816406280860e-10
1.559608664436495928e-09
4.356992266973946926e-10
1.575241270757032908e-09
1.543279393168006663e-10
7.736366547383966008e-10
4.657994545631538585e-10
5.859634999438867453e-09
1.081059200491729655e-10
7.154055126079583715e-10
2.265667653489344957e-08
4.565048783433667268e-08
3.406862569832469489e-09
3.664203518383146729e-08
2.956064548698122962e-08
4.700625311215844704e-08
5.409134917755409333e-09
2.249141539678589652e-09
4.293465138971441775e-09
4.423025057320728592e-09
3.595208353246448496e-09
1.453396292205866303e-09
2.996995540627267474e-09
3.115657065677623905e-09
7.830700532451828622e-09
5.988272278045769781e-08
8.855840505361811665e-10
6.145050690520292846e-09
2.714485169974523160e-08
6.507746785899826136e-09
2.939799098600204275e-11
3.345212995498059172e-10
6.891557879917797891e-10
1.581439756925817619e-09
8.698147202501615993e-10
1.605584221131550748e-09
2.097970464021159387e-09
1.125769921728192458e-09
5.700569793987142475e-09
3.447282737045753720e-10
5.543437583965804549e-11
7.409868829633126097e-10
7.615175712238908545e-10
2.583841474113057757e-10
1.219180645328776791e-09
9.187543781319362779e-11
1.889081391315272640e-10
1.133924398821761770e-09
4.600426706247162656e-10
1.931324961068625612e-10
1.562010382150091914e-10
1.742571642537882326e-10
6.044721667652908081e-11
1.390205867091154346e-10
6.327101620406949678e-10
1.745177002909770181e-09
7.904134569081122663e-10
4.189617541783263732e-09
3.171179430161430446e-10
5.268271929814716259e-10
1.630388601903121071e-10
1.022166448705341679e-10
1.440290886556283567e-09
3.644306037497990758e-11
1.237277391652469305e-09
8.383947008860914707e-11
5.320634599570439605e-09
1.641785180028776381e-10
1.908249114279669811e-10
3.587424801665406449e-10
2.203871946049318353e-10
2.452194836077836726e-10
1.337208788143584570e-09
1.836816698741472464e-09
1.518047576531955656e-09
2.024613671158803641e-10
2.285496236709150253e-10
2.198342896608806996e-10
1.063197641038016172e-09
1.628319812319034554e-09
7.799345197456730716e-11
5.068931940854781715e-10
4.205491510589354220e-10
9.481904150732134440e-10
3.138668658309029524e-09
1.895775092464191403e-08
4.403361675286987520e-09
6.817114234225485347e-11
9.795028121928339715e-10
4.464877911836140356e-10
3.264543912973039141e-10
3.386582403397397911e-10
4.977315448684294097e-09
3.520543190305147618e-09
1.152756362587936678e-10
2.050488112637083304e-10
2.094424189635901712e-09
2.211625549364271137e-09
8.980638455113876262e-11
7.334570173433974105e-10
2.051642328249059233e-10
5.216358456294756252e-10
1.597044496648436507e-09
8.264197326468547544e-09
2.834278645114096662e-10
4.428315492077672388e-10
4.100923767236253070e-10
7.286419384522346832e-11
5.423443472096778351e-09
1.256486137357626376e-09
5.571700323336870042e-10
3.355499211821211247e-11
1.088576243035710434e-10
2.122299891382795067e-09
5.885640863567687120e-10
5.039671457929273402e-11
4.978423229218265078e-10
1.508551394913126842e-09
1.097243823577898070e-10
2.256346220974592143e-10
1.925492210119728043e-09
1.066414734296472488e-09
1.544539773856712372e-10
1.211364064612752145e-10
2.206197724508029978e-10
5.959325255489034134e-10
1.140900776630537905e-10
2.500292750617916226e-10
1.196536619785248945e-10
1.952506559210753778e-11
1.406048610874677252e-10
1.181446745990299974e-10
1.314675590613489931e-09
2.286186351341257250e-09
9.990070992671462591e-09
3.756449595826438781e-10
1.614175682007612522e-09
2.687451650107419709e-10
2.642053589796411472e-11
2.608023796923930604e-10
4.707371645262803384e-12
3.123748204547638352e-10
5.834975613794313176e-09
2.700606127614690877e-10
2.183108277487022519e-10
2.146537669833747941e-10
1.501713087215250653e-09
6.716858180766394071e-10
3.774747875384676377e-11
5.916099610203673365e-09
1.499874668908773856e-10
1.068452770702776888e-09
5.732972985228457219e-10
6.426922882774022128e-10
4.380689214156241462e-11
3.609131396520304236e-11
1.181047898368703386e-10
7.046755956530148524e-10
1.574825964079096252e-10
4.400303454943355064e-10
3.212407451158583171e-09
1.523679446502335111e-11
4.208933757077204518e-10
3.303073015104018850e-08
5.903787458905185304e-10
1.050568035343424356e-10
6.804383445579986756e-11
2.592071224327696655e-09
2.158272005559069839e-09
8.233842496707666214e-10
6.703851362921398049e-11
6.194138951753913602e-11
1.646526665011194268e-10
3.111623458895707017e-10
4.660491437213920562e-10
3.097323231227022688e-10
4.999681779693787576e-10
2.890073423633676697e-11
4.428940547640536352e-10
4.173677375929329969e-11
1.800886662017830986e-10
1.461398502211608275e-10
1.053304735099125367e-10
9.686140778342178237e-10
2.498387274840752070e-09
2.716526656398876582e-11
1.514483677356182056e-10
4.356900951130171507e-10
6.523324241891614861e-11
1.314015701803228353e-10
2.026180785652531569e-11
1.905724883455306440e-10
5.864257690557650449e-11
4.614107013134471913e-11
1.031235652426687466e-09
2.204434031150004358e-11
6.021293880165146106e-11
9.511651910543150734e-09
5.423737500787062515e-11
2.622753056402693517e-11
3.344292551221705878e-11
4.190820260263627972e-11
5.421540105743360982e-09
3.012831539805915781e-09
4.194564418025237273e-10
1.980432484671723614e-09
1.895444218247277490e-10
5.361465049702474062e-09
2.705741186659338382e-10
2.732469632504841428e-11
7.419254793861185249e-11
5.786153223219514530e-10
6.348446768278392938e-11
5.561136551257561678e-10
2.148622807451872063e-10
5.738369335261950255e-09
1.125711968086307024e-09
1.577521224760403129e-08
1.455004172701279685e-10
2.414320965371530292e-09
2.468299731273049247e-10
9.288506075399993733e-11
1.185423981198141519e-10
9.219712993058237771e-09
5.171173211859780849e-11
1.260066356811861965e-10
3.735523890213698905e-09
1.160840729097500912e-10
6.746707359450709873e-11
7.805540103156261011e-10
5.481574638643849084e-10
2.331773940600356809e-10
6.624084059048129802e-10
8.307254190098589675e-11
2.013080813156875593e-10
3.380902779959171767e-10
5.192794194641692229e-09
4.108273096714576411e-11
1.221561851671992827e-09
1.411131766992923531e-10
6.451037187077401924e-12
5.028010452434727995e-09
1.094507748322648411e-10
2.687764455444607847e-10
3.583889296443487638e-10
8.109590776683717195e-10
2.008142319098737971e-09
1.154118800528181055e-09
9.537802492243230290e-11
2.346864091951061937e-10
1.816988920433360022e-10
2.481572412837973474e-11
8.400005135911214893e-10
1.776480962334403557e-09
4.932394492840330713e-10
1.627962653572012641e-09
2.840437329787448562e-10
2.355276529364402904e-10
6.762927717840483410e-11
4.497570926798033497e-10
2.682171706958058621e-10
4.261507147163001719e-09
2.453579561745300452e-10
6.536180485738896095e-10
6.858503098783330643e-09
3.367086054417711694e-10
2.755674577414879423e-09
7.856562622698959331e-10
7.673965352061884460e-10
3.148974692113171159e-10
7.777487855131770544e-12
7.741488561308074168e-10
1.087337372918106837e-10
6.931934193321609428e-11
2.749119855371962018e-11
2.164392554071525865e-10
6.030331234363472959e-10
1.321992848524189412e-09
2.388201192360384084e-09
2.132357623807479285e-10
1.050335651786582503e-10
1.655915266018936904e-10
2.028031076406477951e-09
2.616653560494341946e-10
4.611830362044599951e-10
1.029264173890709344e-10
6.713566369498380482e-10
1.915330671842241372e-10
1.866259324856400781e-08
5.316181717063273027e-09
1.255642811948121107e-09
2.682540301002234173e-10
5.702509991989401783e-11
1.883327695184622286e-11
2.314338859443765273e-10
1.893529083529799095e-10
2.299636522873349520e-11
1.867091370399975858e-09
1.884902511850583551e-10
6.789944162477468126e-10
5.418446802352150371e-10
3.653118363367013899e-10
1.649780312362736368e-10
6.466170376917546037e-10
5.499112970541730760e-11
2.845708113596856492e-10
3.311780016890253364e-11
6.529125157195281304e-11
1.447646447161332617e-10
6.450784906242290617e-10
1.921921372050050536e-10
4.932965494419683239e-11
6.363445881341078803e-10
1.812527211653147674e-10
5.065453057007118787e-10
1.162715923541668417e-09
7.267490498286122147e-10
7.556289483012790242e-10
3.842459406211418127e-10
3.001118520362666686e-10
5.483457576893613350e-10
5.971567684781575736e-10
1.435737750909993338e-09
1.979430508391999410e-10
7.709442861880688724e-09
2.030290380261590144e-10
1.239351177240166635e-09
3.290815175915895452e-09
6.184166512213096212e-10
2.715176139478359119e-10
2.131189495713226023e-11
1.715614594832715056e-10
4.899499209121138676e-11
1.648511709084754528e-11
3.014588856320443711e-10
7.613457780886179194e-11
1.264103127729399034e-10
4.592361213529017050e-10
1.320981379837604663e-10
2.718859512529370193e-11
1.602769139630311201e-09
2.024154038826608826e-10
6.269006147530120643e-11
1.004250682612450873e-09
2.915094388100669676e-09
6.466861490750375197e-10
5.706974337549297616e-10
2.617581984498684733e-10
1.907516100629891298e-08
2.189652237305494964e-09
2.474800364637985695e-10
8.220343850062761248e-11
9.717653348673138680e-10
9.669163247849610343e-09
2.804364240827084132e-10
8.868569212339139085e-10
6.080502767957796095e-10
2.011215777253383408e-10
3.312691232437714461e-10
2.909317675658940061e-09
1.971255603194776995e-09
9.888911911559716827e-09
8.248036142965986528e-10
7.961171999415483924e-11
7.460425055505481851e-10
2.574343627159692005e-09
2.542193122678781947e-09
3.481677168792884913e-10
1.330880516903221178e-09
1.538585925331403814e-10
3.834137007885374260e-09
1.503385090029230042e-11
7.689551079215206641e-11
3.370435264216098403e-09
3.104129106534792015e-11
1.896655749122899692e-10
1.402588711840735414e-09
9.162291064734873203e-11
4.363406524987567536e-09
1.075120027727027860e-11
8.224456116145972828e-10
1.768288120096439542e-11
5.099857758317227763e-10
6.268103813766856547e-09
7.929468887057922188e-11
1.040069363966722449e-09
1.903894819577089947e-09
6.668147145560965328e-10
8.198969975170555813e-11
1.665401705430724633e-10
4.367232270263698979e-11
3.091627509554939479e-10
1.572497465573974296e-09
1.327996879130211028e-10
2.272327215280256496e-09
3.429137251931280161e-10
1.660346027332337826e-10
5.959936016930456049e-11
1.829582152446107557e-09
7.847138910888062924e-11
1.841873702168594917e-11
1.250365921912077738e-09
1.208837252519856520e-09
2.713768099127378264e-10
7.482409830616987279e-11
3.222998812280053471e-10
9.647695975445458316e-10
9.485661561781100204e-11
3.664619163679105895e-10
7.078277963756818281e-10
2.059841186508037936e-10
2.905959500809629503e-11
1.106639224701666535e-09
2.151387734627974169e-09
1.494144807878683423e-09
1.892569656547493651e-09
6.449198397540101269e-10
9.678439161220353526e-10
1.856848425019208548e-10
6.892569848204743721e-10
3.833318107382410744e-09
2.757849781875876261e-10
3.654212210602025834e-10
2.408331589709433729e-10
1.004399757809082416e-10
1.552484807376686149e-10
1.186525599994325830e-10
4.660829500124918923e-10
9.266514777728218633e-10
2.358815087699639435e-10
4.488940885671865999e-10
4.669894679287800443e-11
1.075511413262120186e-08
1.606658556196904897e-10
2.511802987825717537e-10
7.749712677140863093e-11
1.103502358934527194e-10
3.704819506733514345e-10
2.642941976382928715e-10
1.597259963181940634e-10
9.311178494897376368e-10
1.852434539095781929e-09
9.479530355127607777e-11
1.377262279916857679e-11
6.840627508886143460e-10
1.821465062112892497e-10
1.634666985106392190e-10
5.859653873230286081e-10
1.064832944042137797e-10
4.692048416465866012e-10
4.327312286278583997e-09
3.530089831560445646e-10
9.009531315440355570e-11
3.721052799221524765e-09
1.609603283991845046e-10
2.581772295950912621e-10
1.318823800167123750e-10
4.956827309721134611e-11
1.801223059594292408e-10
2.630790585378406377e-10
1.691011913829143509e-10
1.055096357505114213e-10
4.546734932997509304e-10
2.272529664448796893e-10
7.231605592128431681e-11
1.843645201782262433e-11
1.194776083623949603e-10
3.051305319523578419e-10
1.127514193122181041e-10
2.044354241448331777e-09
3.327521869156413459e-10
1.464814242124745647e-10
2.248483170486093030e-11
4.383614651826128750e-11
1.325104748151062495e-10
2.276251548360974652e-10
1.578055186524096598e-10
3.131349401996885717e-09
5.972738276183164885e-11
3.352104704923419831e-10
1.096370461084461567e-08
9.963234681720223307e-10
6.021113607701522596e-10
1.385595194136612918e-09
3.195691489210616965e-10
1.620546896674568416e-08
3.786996494170580263e-09
6.592296153407062320e-10
3.883128263382218393e-10
8.116488731113591371e-11
4.928867869402608903e-10
4.701338207624417009e-10
1.401994215166624258e-10
4.982317891588650127e-10
1.776259833663473842e-10
2.650444974605647985e-09
2.413924837796344036e-09
6.549134567990222422e-10
4.932676489488585503e-10
1.697911811149310779e-10
2.070943416754289501e-09
1.054069938971613496e-11
7.472939628216934693e-11
1.145611494557385868e-09
1.058966803135774626e-11
2.887314554111952702e-10
1.433442142761975902e-09
1.705628194237363005e-09
8.638729731558214553e-09
1.648959163658147986e-10
6.934489649168540382e-10
5.890432586141969296e-11
1.991195819339708351e-10
1.910824137807409784e-10
1.607713129292420717e-10
2.562638434788766517e-10
8.563645452486223775e-12
2.140564531183386521e-10
1.713341829523429283e-10
5.813341127924864793e-11
7.447658045833804863e-10
1.397949533910036735e-09
6.467487656536263785e-11
5.572218034211040560e-11
1.955519746132949876e-09
1.310527131259675571e-09
1.462550081043900718e-10
7.624560705021821150e-11
1.539059102384499056e-09
4.425020072584828768e-11
3.034001050394863341e-09
3.335775058954659755e-11
1.367413265951356038e-10
6.127301444003308006e-11
7.794927897597503375e-11
3.604255505162967665e-10
3.255960778769662056e-11
2.876491544956394364e-10
4.257846852873115040e-11
2.270906769921698931e-12
1.891490297722953073e-09
4.595837599374874571e-11
2.284643363381633208e-09
2.674219956588785863e-09
2.904409490689374707e-10
2.515603697572643682e-11
2.624826189734363879e-10
1.512328262620599162e-09
4.725106417247104673e-10
1.202187682736166607e-09
1.038875305225950285e-10
2.498265656847298288e-11
1.329483279022269926e-08
2.393795717203772710e-10
1.668752115657756718e-11
1.685013656382849945e-10
1.914370051370184456e-10
1.948852101918419066e-08
1.126766180359339842e-10
1.640225455457056114e-11
8.272310614287903263e-11
1.024984097597325672e-09
1.832690665892755533e-09
3.204205789586467290e-10
9.670595435551376795e-10
2.473469484787216288e-10
1.382306158426160891e-09
9.679966550546481585e-11
5.499157795796350001e-10
1.235470614702194325e-10
1.612196487421613256e-10
8.850159320672457142e-12
1.321089765360383694e-10
8.512271443272823035e-11
1.646332736804367869e-09
1.012916625575677187e-10
4.501456499217404428e-11
3.189642994172459112e-11
2.921805158928592050e-11
1.072842648053295989e-10
8.131813278300370484e-11
9.430806136023761610e-10
1.253914860832594513e-09
1.292007056896693484e-09
1.372733732241115945e-10
3.413293259146854552e-10
7.885868069656964963e-10
4.276683174264661602e-10
1.533362326000542453e-10
4.468202696727985312e-09
8.958915276302548136e-10
1.257889525874134051e-08
1.970451135591133607e-09
9.384173438320431160e-10
6.196740898190000735e-10
1.687313844200843960e-09
2.407905652646036287e-09
6.334479052405583843e-10
4.104682371774970306e-09
1.127209436901921435e-09
1.402598731603532656e-10
3.753386490501497974e-09
1.313800734870085307e-09
1.888569717278798521e-10
2.661500880796197066e-11
1.410273564594888285e-10
1.089893453265489143e-10
5.770577418684474935e-11
1.585727209263421145e-11
2.727434597615818745e-11
7.376121241575717136e-11
1.353084866373421846e-09
2.577201507758530852e-10
1.265512583614736286e-09
3.749711652289988706e-11
8.299513853948781161e-10
1.904574054023555618e-09
1.377728708895631371e-09
7.738908180954240379e-09
2.650701325102033934e-10
1.891782730467639340e-09
1.737808785762240404e-10
2.763673734307303675e-10
7.383402222949086990e-10
3.142578697268305632e-10
5.402471803250818994e-10
7.975933247195143849e-10
6.322023460292314212e-10
2.192020592817200964e-10
5.619599785511297796e-10
4.438371892234727056e-09
2.851548996929409441e-10
8.332791678888895603e-10
1.986265596443104187e-09
3.118838520776989753e-09
5.122387514155946064e-10
1.352532752463275756e-09
8.287634467585291986e-10
8.647573629394500472e-11
9.277302259746988966e-10
8.877742430080104441e-10
1.248335546044643252e-09
1.320840992136140812e-09
1.136368998899683902e-09
4.178364765294872996e-09
