4.296626150608062744e-01
6.901705265045166016e-02
1.707190394401550293e+00
2.010522037744522095e-01
3.809458613395690918e-01
0.000000000000000000e+00
1.011448130011558533e-01
1.067115217447280884e-01
1.065531969070434570e+00
2.289515137672424316e-01
1.199502572417259216e-01
2.110356651246547699e-02
0.000000000000000000e+00
0.000000000000000000e+00
1.198559533804655075e-02
4.723200798034667969e-01
1.513048708438873291e-01
5.539743304252624512e-01
0.000000000000000000e+00
2.927803695201873779e-01
5.856621637940406799e-02
0.000000000000000000e+00
2.785734273493289948e-02
5.414492264389991760e-02
5.454562138766050339e-03
2.458737045526504517e-01
6.788817644119262695e-01
1.883675344288349152e-03
6.435185670852661133e-02
5.510256886482238770e-01
1.349516808986663818e-01
0.000000000000000000e+00
6.867831945419311523e-02
1.428011059761047363e-01
0.000000000000000000e+00
0.000000000000000000e+00
3.054143190383911133e-01
1.517625600099563599e-01
2.759302139282226562e+00
1.909202784299850464e-01
1.014151945710182190e-01
1.099197715520858765e-01
0.000000000000000000e+00
9.149369001388549805e-01
1.617582201957702637e+00
1.728921663016080856e-03
1.873707282356917858e-03
1.655701994895935059e-01
1.361529588699340820e+00
8.013604879379272461e-01
6.624545156955718994e-02
1.350805908441543579e-02
4.123281314969062805e-02
2.647776603698730469e-01
2.748696208000183105e-01
9.218189865350723267e-02
1.714066602289676666e-02
0.000000000000000000e+00
5.676237866282463074e-02
1.487961858510971069e-01
6.814857944846153259e-03
4.674316570162773132e-02
4.003707766532897949e-01
0.000000000000000000e+00
1.968201808631420135e-02
4.748782666865736246e-04
9.064147621393203735e-02
8.573973178863525391e-02
8.845294825732707977e-03
9.174225330352783203e-01
0.000000000000000000e+00
4.328380897641181946e-02
5.839053392410278320e-01
0.000000000000000000e+00
0.000000000000000000e+00
9.581825137138366699e-01
9.220705181360244751e-02
1.909590810537338257e-01
0.000000000000000000e+00
0.000000000000000000e+00
1.753522269427776337e-02
1.590219326317310333e-02
8.645906299352645874e-02
1.859444141387939453e+00
3.801724910736083984e-01
1.261929750442504883e+00
1.306190133094787598e+00
0.000000000000000000e+00
1.676551997661590576e-02
0.000000000000000000e+00
6.047694385051727295e-02
0.000000000000000000e+00
0.000000000000000000e+00
3.631351888179779053e-01
1.299731135368347168e-01
4.266732931137084961e-02
0.000000000000000000e+00
1.464977208524942398e-02
4.306647777557373047e-01
3.364516422152519226e-02
3.012570142745971680e-01
2.300043404102325439e-02
0.000000000000000000e+00
1.001597523689270020e+00
7.889956980943679810e-02
3.022112846374511719e-01
1.502610445022583008e+00
7.790314848534762859e-04
4.361347295343875885e-03
0.000000000000000000e+00
1.921626273542642593e-03
2.727577835321426392e-02
8.514880537986755371e-01
0.000000000000000000e+00
2.393354326486587524e-01
7.181241512298583984e-01
3.664036095142364502e-01
1.467888355255126953e-01
6.984004378318786621e-02
3.295870870351791382e-02
0.000000000000000000e+00
1.025458127260208130e-01
0.000000000000000000e+00
5.884625483304262161e-03
0.000000000000000000e+00
3.427785634994506836e-01
0.000000000000000000e+00
1.308571398258209229e-01
5.678345561027526855e-01
2.181190699338912964e-01
0.000000000000000000e+00
8.656654357910156250e-01
1.546700000762939453e+00
3.156319558620452881e-01
7.455869764089584351e-02
7.411217093467712402e-01
2.877905070781707764e-01
2.893631346523761749e-02
1.688778102397918701e-01
6.414516568183898926e-01
1.583090901374816895e+00
1.485100650787353516e+01
3.093598484992980957e-01
6.954414248466491699e-01
9.368091076612472534e-02
2.630378246307373047e+00
4.365234822034835815e-02
2.641721665859222412e-01
1.674177646636962891e-01
5.938112735748291016e-01
1.969543471932411194e-02
1.494444999843835831e-02
1.112020760774612427e-02
6.364663839340209961e-01
0.000000000000000000e+00
2.895150184631347656e-01
1.048263192176818848e+00
0.000000000000000000e+00
1.234883517026901245e-01
1.942505836486816406e+00
2.712191343307495117e-01
6.760175824165344238e-01
0.000000000000000000e+00
2.469628863036632538e-02
1.490076184272766113e-01
8.851404786109924316e-01
7.350992560386657715e-01
4.275003075599670410e-02
4.820949733257293701e-01
1.137311533093452454e-01
2.465403825044631958e-01
1.840848326683044434e-01
0.000000000000000000e+00
0.000000000000000000e+00
6.029312312602996826e-02
1.956053525209426880e-01
1.097793355584144592e-01
3.708359897136688232e-01
2.618451714515686035e-01
1.248249784111976624e-01
1.018037423491477966e-01
2.131351530551910400e-01
8.786624073982238770e-01
6.841166876256465912e-03
1.063026547431945801e+00
1.218243502080440521e-03
0.000000000000000000e+00
0.000000000000000000e+00
0.000000000000000000e+00
6.744416430592536926e-03
1.834538131952285767e-01
5.109250172972679138e-02
0.000000000000000000e+00
4.653566982597112656e-03
2.632682621479034424e-01
3.375999927520751953e-01
3.294094204902648926e-01
1.427972018718719482e-01
0.000000000000000000e+00
1.101225614547729492e-01
6.915568709373474121e-01
1.211153995245695114e-02
4.641486331820487976e-02
3.655119985342025757e-02
3.846453726291656494e-01
5.473478436470031738e-01
4.693145304918289185e-02
0.000000000000000000e+00
1.550128012895584106e-01
7.323908060789108276e-02
7.415268570184707642e-02
0.000000000000000000e+00
6.695088148117065430e-01
8.706494420766830444e-02
1.767001599073410034e-01
0.000000000000000000e+00
1.171015501022338867e-01
6.695608049631118774e-02
2.123867720365524292e-01
0.000000000000000000e+00
0.000000000000000000e+00
1.681627482175827026e-01
4.550305902957916260e-01
4.376311898231506348e-01
9.201696142554283142e-03
1.258969772607088089e-02
1.354714632034301758e+00
9.324287772178649902e-01
5.914344191551208496e-01
1.744822859764099121e+00
3.373081386089324951e-01
6.858169436454772949e-01
1.658850461244583130e-01
0.000000000000000000e+00
0.000000000000000000e+00
1.563865505158901215e-02
4.948193579912185669e-02
4.860024452209472656e-01
8.106888830661773682e-02
2.092007875442504883e+00
1.106303215026855469e+00
8.472000360488891602e-01
2.930174954235553741e-02
7.655241340398788452e-02
2.453148514032363892e-01
2.192081212997436523e-01
0.000000000000000000e+00
0.000000000000000000e+00
0.000000000000000000e+00
1.952688992023468018e-01
3.343636035919189453e+00
3.408349752426147461e-01
0.000000000000000000e+00
0.000000000000000000e+00
1.226149499416351318e-02
0.000000000000000000e+00
4.100854694843292236e-01
3.188779205083847046e-02
1.545275561511516571e-02
7.417951226234436035e-01
0.000000000000000000e+00
8.255618214607238770e-01
1.982103884220123291e-01
0.000000000000000000e+00
1.442748587578535080e-02
5.359538197517395020e-01
6.758363842964172363e-01
4.545128941535949707e-01
7.714587450027465820e-02
0.000000000000000000e+00
0.000000000000000000e+00
1.268881559371948242e+00
1.404936611652374268e-01
2.662873268127441406e-01
2.263008832931518555e+00
1.130062222480773926e+00
7.904409170150756836e-01
3.134441375732421875e-01
2.277333259582519531e+00
1.368165910243988037e-01
1.509787607938051224e-02
2.815747857093811035e-01
1.406008899211883545e-01
0.000000000000000000e+00
6.080452203750610352e-01
1.864188537001609802e-02
1.953054666519165039e-01
4.780004322528839111e-01
1.380516588687896729e-01
1.507558226585388184e-01
1.657875254750251770e-02
7.004863768815994263e-02
4.787270724773406982e-02
6.782103329896926880e-03
1.074803233146667480e+00
3.313207626342773438e+00
6.339115649461746216e-02
1.742485761642456055e-01
0.000000000000000000e+00
1.409932523965835571e-01
0.000000000000000000e+00
7.423245310783386230e-01
0.000000000000000000e+00
5.955901145935058594e-01
0.000000000000000000e+00
9.920923709869384766e-01
0.000000000000000000e+00
5.082911252975463867e-01
1.284260451793670654e-01
6.457852572202682495e-02
1.129478886723518372e-01
1.379131913185119629e+00
4.530351161956787109e-01
7.771311998367309570e-01
1.036852836608886719e+00
0.000000000000000000e+00
6.987123191356658936e-02
6.088548898696899414e-02
1.845012009143829346e-01
9.154448509216308594e-01
4.857515692710876465e-01
0.000000000000000000e+00
1.695105284452438354e-01
1.899003051221370697e-03
2.849971950054168701e-01
0.000000000000000000e+00
1.470147967338562012e-01
0.000000000000000000e+00
2.420668676495552063e-02
1.925960928201675415e-02
1.095587387681007385e-01
2.644602775573730469e+00
1.755363643169403076e-01
8.488243818283081055e-02
1.343725621700286865e-01
7.229285836219787598e-01
3.626190125942230225e-01
7.883043885231018066e-01
0.000000000000000000e+00
3.739473596215248108e-02
2.282591722905635834e-02
8.175637573003768921e-02
2.930530812591314316e-03
0.000000000000000000e+00
1.067969202995300293e+00
0.000000000000000000e+00
1.895856112241744995e-02
2.192787826061248779e-01
0.000000000000000000e+00
1.117624759674072266e+00
1.278756409883499146e-01
0.000000000000000000e+00
3.395163221284747124e-03
5.519292354583740234e-01
5.921881794929504395e-01
4.423321187496185303e-01
5.591606497764587402e-01
3.670972287654876709e-01
1.916972994804382324e-01
6.955739855766296387e-01
1.818407475948333740e-01
2.257526107132434845e-02
1.569144129753112793e-01
1.436225771903991699e-01
1.392899632453918457e+00
3.521520644426345825e-02
0.000000000000000000e+00
5.102489516139030457e-02
6.850860118865966797e-01
2.494943328201770782e-02
1.561891520395874977e-03
3.425993919372558594e-01
1.681886017322540283e-01
6.095685958862304688e-01
3.502012416720390320e-02
7.847206294536590576e-02
0.000000000000000000e+00
0.000000000000000000e+00
0.000000000000000000e+00
5.308777689933776855e-01
5.646136403083801270e-01
8.596242070198059082e-01
9.324595928192138672e-01
0.000000000000000000e+00
1.988455653190612793e-01
9.004897624254226685e-02
0.000000000000000000e+00
5.718961954116821289e-01
4.464011788368225098e-01
7.558501958847045898e-01
1.490023732185363770e-01
9.599728137254714966e-02
5.531436204910278320e-02
1.507336974143981934e+00
3.693034648895263672e-01
3.179067373275756836e-02
5.554947853088378906e-01
2.935763895511627197e-01
0.000000000000000000e+00
2.139028787612915039e+00
5.333474874496459961e-01
9.293791837990283966e-03
2.198749687522649765e-03
1.353410035371780396e-01
7.121425271034240723e-01
1.718191653490066528e-01
1.789127290248870850e-01
0.000000000000000000e+00
1.022019028663635254e+00
1.003765463829040527e+00
4.739099740982055664e-02
1.912145763635635376e-01
7.657043933868408203e-01
6.826369464397430420e-02
4.124817252159118652e-02
4.591100215911865234e-01
7.683130353689193726e-02
1.578036308288574219e+00
3.736193291842937469e-03
1.400296211242675781e+00
3.298320770263671875e-01
8.504268713295459747e-03
1.829944849014282227e-01
2.446390688419342041e-01
1.466971516609191895e+00
1.811465471982955933e-01
3.528974354267120361e-01
0.000000000000000000e+00
3.142984583973884583e-03
3.975385129451751709e-01
0.000000000000000000e+00
1.315942406654357910e+00
9.078076481819152832e-02
4.319127202033996582e-01
0.000000000000000000e+00
1.022353488951921463e-02
6.430937442928552628e-03
2.545867860317230225e-01
4.369885921478271484e-01
0.000000000000000000e+00
0.000000000000000000e+00
2.016557008028030396e-01
6.978245973587036133e-01
0.000000000000000000e+00
4.359872043132781982e-01
1.792764186859130859e+00
0.000000000000000000e+00
4.365732967853546143e-01
4.092736542224884033e-02
0.000000000000000000e+00
2.689260803163051605e-02
0.000000000000000000e+00
7.355269789695739746e-01
0.000000000000000000e+00
7.441826164722442627e-02
4.539589583873748779e-02
2.080404311418533325e-01
6.051680073142051697e-02
0.000000000000000000e+00
9.149561822414398193e-02
7.903059944510459900e-03
1.728097945451736450e-01
0.000000000000000000e+00
2.041004225611686707e-02
2.444017231464385986e-01
4.068377315998077393e-01
0.000000000000000000e+00
0.000000000000000000e+00
4.421042278409004211e-02
7.023237347602844238e-01
8.591486257500946522e-04
1.248689834028482437e-02
1.107682585716247559e+00
1.715264469385147095e-02
2.093618363142013550e-01
5.048796534538269043e-02
0.000000000000000000e+00
2.970520257949829102e+00
4.141689300537109375e+00
6.315166130661964417e-03
4.407747983932495117e-01
2.571382522583007812e-01
1.708633601665496826e-01
2.878404855728149414e-01
5.043426994234323502e-03
2.531034946441650391e-01
1.785713061690330505e-02
4.057243466377258301e-01
6.163356304168701172e-01
1.179233640432357788e-01
7.696732878684997559e-02
2.928344532847404480e-03
7.200348377227783203e-01
6.622604280710220337e-02
2.796998023986816406e-01
2.198989130556583405e-02
6.854341924190521240e-02
4.066777601838111877e-02
2.625100612640380859e-01
4.416312277317047119e-01
2.261812984943389893e-01
2.847940623760223389e-01
4.766098409891128540e-02
0.000000000000000000e+00
5.933630163781344891e-04
5.058814883232116699e-01
6.639319658279418945e-01
5.200485140085220337e-02
2.630922198295593262e-01
4.236717522144317627e-02
1.254485845565795898e-01
0.000000000000000000e+00
0.000000000000000000e+00
3.889441192150115967e-01
2.534001693129539490e-02
2.621506452560424805e-01
2.379706144332885742e+00
4.203136265277862549e-02
1.422848999500274658e-01
0.000000000000000000e+00
2.337273955345153809e-01
3.070539329200983047e-03
1.588414609432220459e-02
2.151180617511272430e-02
1.666434854269027710e-02
5.977024435997009277e-01
1.568872854113578796e-02
3.302230834960937500e-01
9.298782348632812500e-01
1.232616603374481201e-03
5.635979175567626953e-01
0.000000000000000000e+00
3.366933166980743408e-01
4.967407137155532837e-02
7.987701296806335449e-01
6.902785301208496094e-01
0.000000000000000000e+00
5.142388120293617249e-02
0.000000000000000000e+00
7.995231151580810547e-01
1.144032180309295654e-01
8.985391259193420410e-02
0.000000000000000000e+00
7.823542505502700806e-02
9.910249710083007812e-02
2.993030846118927002e-02
6.397843244485557079e-04
4.213441163301467896e-02
2.819578535854816437e-02
0.000000000000000000e+00
6.106130123138427734e+00
9.984532371163368225e-04
3.338214010000228882e-02
3.063604235649108887e-02
8.267148733139038086e-01
3.454213589429855347e-02
4.528558999300003052e-02
5.682105422019958496e-01
2.755121588706970215e-01
4.236012697219848633e-02
8.680505752563476562e-01
8.877019286155700684e-01
6.472785025835037231e-03
2.375337295234203339e-02
3.440611809492111206e-02
3.222304880619049072e-01
0.000000000000000000e+00
3.302257955074310303e-01
5.170426368713378906e-01
0.000000000000000000e+00
3.770512063056230545e-03
5.356068015098571777e-01
8.140108585357666016e-01
1.085623353719711304e-01
1.296757936477661133e+00
2.292990237474441528e-01
0.000000000000000000e+00
5.677955970168113708e-02
2.670149803161621094e-01
5.177174881100654602e-02
6.459791213274002075e-02
1.047600135207176208e-01
1.600805759429931641e+00
0.000000000000000000e+00
6.453493237495422363e-01
4.411648213863372803e-02
7.958676218986511230e-01
9.875918040052056313e-04
1.649154067039489746e+00
3.516069054603576660e-02
1.070040822029113770e+00
1.208258152008056641e+00
0.000000000000000000e+00
0.000000000000000000e+00
0.000000000000000000e+00
3.855554163455963135e-01
1.248533651232719421e-01
3.432154655456542969e-02
1.185719490051269531e+00
0.000000000000000000e+00
0.000000000000000000e+00
2.683186829090118408e-01
1.011138260364532471e-01
1.921358555555343628e-01
6.520684957504272461e-01
8.526184558868408203e-01
0.000000000000000000e+00
7.696741819381713867e-02
1.128384917974472046e-01
0.000000000000000000e+00
5.266376137733459473e-01
1.475674510002136230e-01
5.007566139101982117e-02
4.685319215059280396e-02
1.063494607806205750e-01
3.397572636604309082e-01
2.738911472260951996e-02
4.633960127830505371e-02
0.000000000000000000e+00
2.012447863817214966e-01
0.000000000000000000e+00
3.517121775075793266e-03
4.412125945091247559e-01
1.135181114077568054e-01
0.000000000000000000e+00
1.721922606229782104e-01
2.535386383533477783e-02
1.407747864723205566e-01
1.712576746940612793e-01
2.704969840124249458e-03
1.892590969800949097e-01
1.289705038070678711e-01
9.760665148496627808e-02
6.560900062322616577e-02
6.969113834202289581e-03
1.188480332493782043e-01
2.684877395629882812e+00
5.445306301116943359e-01
0.000000000000000000e+00
2.269681692123413086e+00
1.295190215110778809e+00
4.129252955317497253e-02
0.000000000000000000e+00
1.003139138221740723e+00
2.006747946143150330e-02
1.821854710578918457e-02
1.349649548530578613e+00
0.000000000000000000e+00
1.275613605976104736e-01
1.283414483070373535e+00
1.168642267584800720e-01
1.586262434720993042e-01
4.054383933544158936e-01
0.000000000000000000e+00
4.756907001137733459e-02
1.355694383382797241e-01
4.554601013660430908e-02
3.154852241277694702e-02
8.219807744026184082e-01
2.732195854187011719e-01
3.086155746132135391e-03
0.000000000000000000e+00
2.944412827491760254e-01
1.401978880167007446e-01
2.154510933905839920e-03
1.948009617626667023e-02
9.385070204734802246e-02
7.248054742813110352e-01
3.635340332984924316e-01
4.566124081611633301e-01
0.000000000000000000e+00
6.195893511176109314e-02
2.363804429769515991e-01
0.000000000000000000e+00
9.811944514513015747e-02
4.969298373907804489e-03
3.274166285991668701e-01
1.435047853738069534e-02
2.167710475623607635e-02
3.010989129543304443e-01
4.059991359710693359e+00
1.189857721328735352e-01
5.345261842012405396e-02
5.070311203598976135e-02
0.000000000000000000e+00
1.784911602735519409e-01
1.821269631385803223e+00
2.419870376586914062e+00
5.963733196258544922e-01
0.000000000000000000e+00
6.144671440124511719e-01
2.401882084086537361e-03
2.939565181732177734e-01
0.000000000000000000e+00
6.577530875802040100e-03
1.104532331228256226e-01
3.419027924537658691e-01
6.032490357756614685e-02
1.949730366468429565e-01
3.047700226306915283e-01
1.341849714517593384e-01
0.000000000000000000e+00
2.773097455501556396e-01
1.026364207267761230e+00
1.692765578627586365e-02
3.080278635025024414e+00
3.689055144786834717e-01
1.225526258349418640e-01
1.224889680743217468e-01
0.000000000000000000e+00
2.362851500511169434e-01
1.581304520368576050e-01
7.002496719360351562e-02
3.190923929214477539e-01
2.452182620763778687e-01
2.768248505890369415e-02
2.462757229804992676e-01
1.415580660104751587e-01
5.448945239186286926e-02
1.079714521765708923e-01
1.065463665872812271e-02
1.072101369500160217e-01
6.656919121742248535e-01
1.313044071197509766e+00
5.767680332064628601e-02
4.430912807583808899e-02
1.086020827293395996e+00
1.749247908592224121e-01
3.683106601238250732e-01
5.335259065032005310e-02
1.899384737014770508e+00
0.000000000000000000e+00
5.179697871208190918e-01
0.000000000000000000e+00
8.012189716100692749e-02
0.000000000000000000e+00
0.000000000000000000e+00
1.725138276815414429e-01
3.716861903667449951e-01
5.005838871002197266e-01
5.317780375480651855e-01
8.085954189300537109e-02
9.761137515306472778e-02
2.036700211465358734e-02
8.258123695850372314e-02
2.351561933755874634e-01
0.000000000000000000e+00
9.609997272491455078e-02
8.054403066635131836e-01
2.181494981050491333e-02
0.000000000000000000e+00
1.626925319433212280e-01
1.334903202950954437e-02
1.205590274184942245e-02
0.000000000000000000e+00
0.000000000000000000e+00
8.904674053192138672e-01
2.548364549875259399e-02
1.223205626010894775e-01
1.822970509529113770e-01
5.004435181617736816e-01
2.743095532059669495e-02
0.000000000000000000e+00
5.982126574963331223e-03
5.726910829544067383e-01
4.864605516195297241e-02
7.058017253875732422e-01
3.377854824066162109e-01
1.844233721494674683e-01
3.507127985358238220e-02
0.000000000000000000e+00
8.649017810821533203e-01
5.211561322212219238e-01
1.672121286392211914e-01
1.513224933296442032e-02
3.058372624218463898e-02
5.239960923790931702e-02
6.325747370719909668e-01
6.534112691879272461e-01
4.289225116372108459e-02
2.709843683987855911e-03
5.620036721229553223e-01
4.082957282662391663e-03
4.045300483703613281e-01
3.338221460580825806e-02
1.364506006240844727e+00
1.683845766820013523e-03
0.000000000000000000e+00
0.000000000000000000e+00
1.178884506225585938e+00
2.562822103500366211e+00
5.548108816146850586e-01
1.840249150991439819e-01
6.906417012214660645e-01
2.358276396989822388e-03
3.036498129367828369e-01
3.331366181373596191e-02
2.625620365142822266e-01
6.906280666589736938e-02
3.303436040878295898e-01
1.686482310295104980e+00
1.155290007591247559e-01
2.070507556200027466e-01
6.095035076141357422e-01
1.345790475606918335e-01
2.712111175060272217e-02
2.201930619776248932e-02
1.303527355194091797e-01
1.825728639960289001e-02
0.000000000000000000e+00
3.026012480258941650e-01
0.000000000000000000e+00
3.690576255321502686e-01
3.225609958171844482e-01
0.000000000000000000e+00
0.000000000000000000e+00
1.406969130039215088e-01
1.239151000976562500e+00
3.298780918121337891e-01
4.952753707766532898e-02
2.942306101322174072e-01
0.000000000000000000e+00
6.245851889252662659e-02
2.781938947737216949e-02
9.601908922195434570e-02
7.820983231067657471e-02
4.876171797513961792e-02
4.776055514812469482e-01
1.988335102796554565e-01
1.516554236412048340e+00
6.569590568542480469e-01
3.718259278684854507e-03
5.613006069324910641e-04
1.481129825115203857e-01
0.000000000000000000e+00
3.628462255001068115e-01
1.384345293045043945e-01
6.454445719718933105e-01
8.678480386734008789e-01
1.780205965042114258e-01
2.111005336046218872e-01
1.265881210565567017e-01
7.335941493511199951e-02
7.405466586351394653e-02
2.079057097434997559e-01
1.411343086510896683e-02
0.000000000000000000e+00
5.081722736358642578e-01
2.988646328449249268e-01
0.000000000000000000e+00
1.280510146170854568e-02
3.641450405120849609e-01
3.309878520667552948e-03
5.247719585895538330e-02
4.526740610599517822e-01
0.000000000000000000e+00
5.796487331390380859e-01
1.961804926395416260e-01
0.000000000000000000e+00
5.084050446748733521e-02
7.017967104911804199e-01
1.333660185337066650e-01
1.988281011581420898e-01
3.609900595620274544e-03
2.050063572824001312e-03
2.415297746658325195e+00
5.821614712476730347e-02
0.000000000000000000e+00
0.000000000000000000e+00
1.271769255399703979e-01
7.042893171310424805e-01
1.310921609401702881e-01
6.038091778755187988e-01
5.378771945834159851e-02
0.000000000000000000e+00
6.533344984054565430e-01
0.000000000000000000e+00
2.017118036746978760e-01
3.944584727287292480e-01
1.913951896131038666e-02
4.266869649291038513e-02
1.335104741156101227e-02
1.696320325136184692e-01
1.189385414123535156e+00
1.247316598892211914e-01
6.425743699073791504e-01
6.900445818901062012e-01
1.020387634634971619e-01
8.923308551311492920e-02
0.000000000000000000e+00
9.849031567573547363e-01
0.000000000000000000e+00
0.000000000000000000e+00
7.469220757484436035e-01
4.755341913551092148e-03
3.367680788040161133e+00
1.653349876403808594e+00
0.000000000000000000e+00
1.860901713371276855e-02
0.000000000000000000e+00
2.959938347339630127e-01
0.000000000000000000e+00
1.873135924339294434e+00
5.928292274475097656e-01
5.509020388126373291e-02
2.966165244579315186e-01
2.392780333757400513e-01
8.558847755193710327e-02
8.041104674339294434e-02
0.000000000000000000e+00
2.195686101913452148e-01
9.276667833328247070e-01
8.088728040456771851e-02
0.000000000000000000e+00
1.991318305954337120e-03
1.148622781038284302e-01
0.000000000000000000e+00
6.320874094963073730e-01
1.021921038627624512e+00
8.465608209371566772e-02
1.452200263738632202e-01
4.687997400760650635e-01
1.745864301919937134e-01
8.972847461700439453e-02
8.696877397596836090e-03
0.000000000000000000e+00
7.395172864198684692e-02
1.741969347000122070e+00
8.346292972564697266e-01
6.124235391616821289e-01
4.662308096885681152e-01
1.344385892152786255e-01
5.851900577545166016e-01
4.423674643039703369e-01
2.980703115463256836e-01
5.207122117280960083e-02
0.000000000000000000e+00
7.203254848718643188e-03
1.695385813713073730e+00
3.340486288070678711e-01
0.000000000000000000e+00
6.654340773820877075e-03
1.131190881133079529e-01
4.977302625775337219e-02
2.019519329071044922e+00
5.595124959945678711e-01
1.110643446445465088e-01
3.989822268486022949e-01
5.000967979431152344e-01
1.501140743494033813e-02
1.021621227264404297e+00
1.313025355339050293e-01
2.003519088029861450e-01
4.351140186190605164e-02
1.710076183080673218e-01
9.739369153976440430e-01
3.988302126526832581e-02
9.301268309354782104e-02
1.844127848744392395e-02
3.439055383205413818e-01
3.277108306065201759e-03
0.000000000000000000e+00
3.342078765854239464e-03
8.079092949628829956e-02
1.996199972927570343e-02
2.548588626086711884e-02
3.762275725603103638e-02
6.287842988967895508e-02
2.851398885250091553e-01
6.987736225128173828e-01
0.000000000000000000e+00
2.732401192188262939e-01
5.383744835853576660e-02
2.955418266355991364e-02
8.419089913368225098e-01
6.305874884128570557e-02
1.582323908805847168e-01
0.000000000000000000e+00
0.000000000000000000e+00
5.867917537689208984e-01
2.045982778072357178e-01
0.000000000000000000e+00
0.000000000000000000e+00
0.000000000000000000e+00
1.277099251747131348e-01
3.711890894919633865e-03
0.000000000000000000e+00
3.973021209239959717e-01
6.059817969799041748e-02
1.044756248593330383e-01
3.115291520953178406e-02
2.659589983522891998e-02
5.043787956237792969e-01
6.977665424346923828e-01
1.337356492877006531e-02
5.702815651893615723e-01
1.911309361457824707e-01
5.000858008861541748e-02
1.173571348190307617e+00
0.000000000000000000e+00
6.038516294211149216e-03
0.000000000000000000e+00
0.000000000000000000e+00
1.567776203155517578e-01
0.000000000000000000e+00
1.313263326883316040e-01
8.170932531356811523e-02
0.000000000000000000e+00
6.933011412620544434e-01
0.000000000000000000e+00
2.845638692378997803e-01
5.831413865089416504e-01
0.000000000000000000e+00
3.466883674263954163e-02
1.022759675979614258e+00
2.135750651359558105e-02
3.921571373939514160e-01
1.016371473670005798e-01
1.200423955917358398e+00
1.270929098129272461e+00
6.412028312683105469e+00
2.580707073211669922e+00
5.160956829786300659e-02
1.362559497356414795e-01
1.035242319107055664e+00
0.000000000000000000e+00
2.132693119347095490e-02
8.355783224105834961e-01
2.455563470721244812e-02
2.937654256820678711e-01
7.924540042877197266e-01
1.236027359962463379e+00
1.196003034710884094e-01
1.782557070255279541e-01
1.332318130880594254e-02
0.000000000000000000e+00
3.673499450087547302e-02
0.000000000000000000e+00
5.337643623352050781e-01
1.488816589117050171e-01
5.992628335952758789e-01
1.687038779258728027e+00
7.323382496833801270e-01
1.634613722562789917e-01
4.093827605247497559e-01
2.727122418582439423e-02
5.185326933860778809e-01
5.326034426689147949e-01
2.393662184476852417e-02
0.000000000000000000e+00
2.580373883247375488e-01
1.520275473594665527e-01
2.455891072750091553e-01
1.335151314735412598e+00
5.642506107687950134e-02
0.000000000000000000e+00
1.593313097953796387e+00
7.170175015926361084e-02
0.000000000000000000e+00
0.000000000000000000e+00
5.786185860633850098e-01
0.000000000000000000e+00
0.000000000000000000e+00
2.919539436697959900e-02
8.009002208709716797e-01
3.464500904083251953e-01
9.771370291709899902e-01
0.000000000000000000e+00
2.411769330501556396e-02
1.330579519271850586e+00
0.000000000000000000e+00
5.435182154178619385e-02
0.000000000000000000e+00
6.471978849731385708e-04
1.573950529098510742e+00
6.370988488197326660e-01
3.658145070075988770e-01
1.196203231811523438e-01
6.195272445678710938e+00
4.178746938705444336e-01
1.372746229171752930e-01
0.000000000000000000e+00
1.846775650978088379e+00
4.584084451198577881e-01
1.468197405338287354e-01
0.000000000000000000e+00
3.329851627349853516e-01
2.506740093231201172e-01
3.997039794921875000e-01
3.044628538191318512e-02
4.927403293550014496e-03
0.000000000000000000e+00
6.582641005516052246e-01
0.000000000000000000e+00
2.189290709793567657e-03
7.215129584074020386e-02
5.510641634464263916e-02
2.126945704221725464e-01
7.346630692481994629e-01
5.386950373649597168e-01
2.083185613155364990e-01
2.344748973846435547e-01
8.965864032506942749e-02
4.189186096191406250e+00
2.003787308931350708e-01
9.645714759826660156e-01
1.589432209730148315e-01
1.018773317337036133e+00
3.549625352025032043e-02
5.565805733203887939e-02
1.572639942169189453e-01
8.634707331657409668e-02
1.370307174511253834e-03
3.165158629417419434e-02
3.500160574913024902e-01
3.817917406558990479e-02
2.901656925678253174e-01
1.917525768280029297e+00
4.049341380596160889e-01
3.010761439800262451e-01
0.000000000000000000e+00
4.543479159474372864e-02
2.114515379071235657e-02
0.000000000000000000e+00
1.434277594089508057e-01
1.760939002037048340e+00
3.314165472984313965e-01
1.135939955711364746e-01
1.049572881311178207e-02
1.107803583145141602e-01
3.809961676597595215e-01
7.408361881971359253e-02
2.674731314182281494e-01
1.832591928541660309e-02
4.330222904682159424e-01
4.474196583032608032e-02
1.599394559860229492e+00
0.000000000000000000e+00
0.000000000000000000e+00
2.244953811168670654e-01
2.404811978340148926e-01
3.883709758520126343e-02
5.715550780296325684e-01
7.582209538668394089e-03
2.786491513252258301e-01
3.273865878582000732e-01
0.000000000000000000e+00
9.224849343299865723e-01
8.650992512702941895e-01
9.569285064935684204e-02
1.785600781440734863e-01
0.000000000000000000e+00
9.053953289985656738e-01
1.383604854345321655e-01
6.617709062993526459e-03
1.702289213426411152e-03
0.000000000000000000e+00
1.986116617918014526e-01
5.195817947387695312e-01
1.475355625152587891e-01
1.579141139984130859e+00
0.000000000000000000e+00
9.250388480722904205e-03
2.059259563684463501e-01
3.152700662612915039e-01
0.000000000000000000e+00
2.734975889325141907e-02
0.000000000000000000e+00
2.479947209358215332e-01
3.158057928085327148e-01
8.525758981704711914e-02
0.000000000000000000e+00
3.887918591499328613e-02
5.987040996551513672e-01
2.802464365959167480e-02
2.357002794742584229e-01
4.295106232166290283e-02
4.753301143646240234e-01
2.367066740989685059e-01
1.312695860862731934e+00
1.007224991917610168e-02
2.118568867444992065e-01
2.721573226153850555e-02
0.000000000000000000e+00
5.325818061828613281e-01
2.711010538041591644e-02
1.904641985893249512e-01
6.903058383613824844e-03
1.626154482364654541e-01
4.393197000026702881e-01
6.517602503299713135e-02
0.000000000000000000e+00
2.100203186273574829e-01
2.376576513051986694e-01
5.265143513679504395e-01
2.388186156749725342e-01
0.000000000000000000e+00
1.976132839918136597e-01
1.251142472028732300e-01
2.888088300824165344e-02
0.000000000000000000e+00
4.711174964904785156e-02
1.531164199113845825e-01
0.000000000000000000e+00
1.930836401879787445e-02
4.272189140319824219e-01
0.000000000000000000e+00
0.000000000000000000e+00
0.000000000000000000e+00
2.491181045770645142e-01
3.288551270961761475e-01
3.401923775672912598e-01
1.135162822902202606e-02
6.246128678321838379e-02
0.000000000000000000e+00
0.000000000000000000e+00
0.000000000000000000e+00
0.000000000000000000e+00
9.264371544122695923e-02
1.851345598697662354e-02
4.642365872859954834e-02
2.907077968120574951e-01
1.732256114482879639e-01
2.225186824798583984e-01
1.934250593185424805e-01
8.490376472473144531e-01
2.549619376659393311e-01
0.000000000000000000e+00
9.565173387527465820e-01
0.000000000000000000e+00
0.000000000000000000e+00
6.119096651673316956e-02
1.104472056031227112e-01
7.698531746864318848e-01
0.000000000000000000e+00
6.795406937599182129e-01
1.413589417934417725e-01
6.542867422103881836e-02
4.699105322360992432e-01
1.042672634124755859e+00
3.103874623775482178e-01
1.366487443447113037e-01
0.000000000000000000e+00
7.550722956657409668e-01
0.000000000000000000e+00
0.000000000000000000e+00
0.000000000000000000e+00
4.399164617061614990e-01
2.523541450500488281e-01
0.000000000000000000e+00
2.435518661513924599e-03
6.309361010789871216e-02
0.000000000000000000e+00
2.687673550099134445e-03
0.000000000000000000e+00
2.311617322266101837e-02
6.874898821115493774e-02
1.532718896865844727e+00
7.230905294418334961e-01
5.006789043545722961e-02
1.359297335147857666e-02
0.000000000000000000e+00
2.499675512313842773e+00
9.212374687194824219e-01
3.822391033172607422e-01
4.885866306722164154e-03
3.127843141555786133e-01
4.436754062771797180e-02
2.518470864742994308e-03
2.140599042177200317e-01
1.809263586997985840e+00
0.000000000000000000e+00
3.150722682476043701e-01
3.060866892337799072e-01
3.668013028800487518e-03
4.539397060871124268e-01
1.487104687839746475e-03
0.000000000000000000e+00
5.002613663673400879e-01
2.266854196786880493e-01
8.508096933364868164e-01
0.000000000000000000e+00
3.821711242198944092e-02
3.961279392242431641e-01
2.051326632499694824e-01
0.000000000000000000e+00
7.626771181821823120e-02
1.974890977144241333e-01
2.820311486721038818e-02
2.889207124710083008e+00
2.716991864144802094e-02
0.000000000000000000e+00
3.664295375347137451e-01
3.541464358568191528e-02
1.199957448989152908e-02
1.437913477420806885e-01
9.778713434934616089e-02
0.000000000000000000e+00
9.600454568862915039e-01
4.297326132655143738e-02
1.334966421127319336e-01
3.599646734073758125e-03
7.805675268173217773e-03
0.000000000000000000e+00
1.863749772310256958e-01
5.950603485107421875e-01
4.540319144725799561e-01
1.675119519233703613e+00
2.833396494388580322e-01
1.301543563604354858e-01
8.543421626091003418e-01
2.495986700057983398e+00
2.198181152343750000e-01
2.909863471984863281e+00
1.851932168006896973e+00
0.000000000000000000e+00
4.144528806209564209e-01
4.279767274856567383e-01
6.161354109644889832e-02
2.081116288900375366e-01
5.257220864295959473e-01
0.000000000000000000e+00
5.637380480766296387e-01
4.207709133625030518e-01
5.736676454544067383e-01
6.268425285816192627e-02
2.083579897880554199e-01
2.975269919261336327e-03
1.191700220108032227e+00
5.935462713241577148e-01
0.000000000000000000e+00
5.352721549570560455e-03
2.724863886833190918e-01
0.000000000000000000e+00
9.790766984224319458e-02
6.744393706321716309e-02
0.000000000000000000e+00
4.316056370735168457e-01
2.271828204393386841e-01
8.966519832611083984e-01
2.735221385955810547e-01
1.082456484436988831e-01
4.991886392235755920e-02
2.184593863785266876e-02
6.507628560066223145e-01
2.329077869653701782e-01
5.002278834581375122e-02
0.000000000000000000e+00
1.397803891450166702e-02
0.000000000000000000e+00
0.000000000000000000e+00
1.556355506181716919e-01
0.000000000000000000e+00
1.466784160584211349e-02
1.596000671386718750e+00
1.005515456199645996e-01
9.871851652860641479e-02
1.927580684423446655e-02
3.730996847152709961e-01
1.374164875596761703e-02
3.348748013377189636e-02
0.000000000000000000e+00
0.000000000000000000e+00
5.878151860088109970e-03
0.000000000000000000e+00
8.350699394941329956e-02
1.747022569179534912e-01
1.866444759070873260e-02
9.890232980251312256e-02
9.214128255844116211e-01
2.799335122108459473e-01
2.556184232234954834e-01
2.194346189498901367e-01
0.000000000000000000e+00
1.602986454963684082e-01
5.670106783509254456e-02
7.802869677543640137e-01
0.000000000000000000e+00
1.933072693645954132e-02
2.292535603046417236e-01
1.073175072669982910e-01
0.000000000000000000e+00
3.456835448741912842e-01
3.656246364116668701e-01
0.000000000000000000e+00
0.000000000000000000e+00
3.195534348487854004e-01
1.635100841522216797e-01
5.261426046490669250e-02
1.655312627553939819e-02
5.368174314498901367e-01
5.069091916084289551e-02
8.448225259780883789e-01
6.838223338127136230e-01
1.949699372053146362e-01
3.616027906537055969e-02
7.273256182670593262e-01
0.000000000000000000e+00
4.311269149184226990e-02
1.756402896717190742e-03
3.950334787368774414e-01
8.848425745964050293e-02
0.000000000000000000e+00
1.355010867118835449e-01
0.000000000000000000e+00
7.559106945991516113e-01
4.607363045215606689e-02
1.013532467186450958e-02
0.000000000000000000e+00
1.796131968498229980e+00
6.028296947479248047e-01
6.008312106132507324e-02
4.092802703380584717e-01
1.320502907037734985e-02
4.256081581115722656e-02
5.601815879344940186e-03
0.000000000000000000e+00
1.066641733050346375e-01
0.000000000000000000e+00
7.685045152902603149e-02
3.021600842475891113e-02
0.000000000000000000e+00
2.566928565502166748e-01
9.757337160408496857e-03
6.951159238815307617e-01
3.100675530731678009e-02
5.741425156593322754e-01
1.628097534179687500e+00
7.803603410720825195e-01
2.401495128870010376e-01
4.673284292221069336e-02
2.052410319447517395e-02
1.407496929168701172e-01
3.419710323214530945e-02
5.304312705993652344e-01
1.933831095695495605e+00
8.904189802706241608e-03
0.000000000000000000e+00
1.295896172523498535e-01
3.046107292175292969e-02
1.152938902378082275e-01
8.582156151533126831e-02
7.597178220748901367e-02
0.000000000000000000e+00
1.942303925752639771e-01
5.059975385665893555e-02
5.185251682996749878e-02
6.978074461221694946e-02
1.819363087415695190e-01
6.790046095848083496e-01
0.000000000000000000e+00
1.405972838401794434e-01
1.552462298423051834e-02
5.893277525901794434e-01
5.632334947586059570e-01
0.000000000000000000e+00
5.387596320360898972e-03
7.590921223163604736e-02
9.193445293931290507e-05
6.763830035924911499e-02
1.215449422597885132e-01
5.443025007843971252e-02
3.157835919409990311e-03
4.217641353607177734e-01
1.201770082116127014e-01
2.841410599648952484e-02
1.128455810248851776e-02
1.936594843864440918e-01
0.000000000000000000e+00
2.455121576786041260e-01
0.000000000000000000e+00
5.104928091168403625e-02
2.070549875497817993e-01
1.412958651781082153e-01
2.446975857019424438e-01
4.334208011627197266e+00
1.686445772647857666e-01
1.318918019533157349e-01
8.411726355552673340e-02
2.771997749805450439e-01
0.000000000000000000e+00
1.706855773925781250e+00
1.995227038860321045e-01
6.176900863647460938e-02
0.000000000000000000e+00
0.000000000000000000e+00
3.236490488052368164e-02
4.219892621040344238e-02
0.000000000000000000e+00
2.737008929252624512e-01
2.061463147401809692e-02
3.718909025192260742e-01
0.000000000000000000e+00
3.800004720687866211e-02
1.799008250236511230e-01
3.487516567111015320e-02
1.528270659036934376e-03
3.194486200809478760e-01
6.387919187545776367e-03
1.435612440109252930e-01
0.000000000000000000e+00
1.353334914892911911e-02
0.000000000000000000e+00
0.000000000000000000e+00
0.000000000000000000e+00
0.000000000000000000e+00
9.245385299436748028e-04
6.028246134519577026e-03
4.081962108612060547e-01
0.000000000000000000e+00
2.000439763069152832e-01
3.697724267840385437e-02
2.496194280683994293e-02
5.793004110455513000e-02
0.000000000000000000e+00
1.140507869422435760e-02
3.674507886171340942e-02
0.000000000000000000e+00
6.985421180725097656e-01
2.355092287063598633e+00
1.506871134042739868e-01
2.053941488265991211e+00
1.292571425437927246e+00
3.341559469699859619e-01
0.000000000000000000e+00
2.188675999641418457e-01
1.946127414703369141e-01
3.552547097206115723e-01
1.421144008636474609e-01
0.000000000000000000e+00
0.000000000000000000e+00
3.600438125431537628e-03
5.156677961349487305e-01
1.034306511282920837e-01
3.042497932910919189e-01
3.061149120330810547e-01
9.114230982959270477e-03
5.993380676954984665e-03
4.406632483005523682e-01
1.972121834754943848e+00
8.245275169610977173e-02
0.000000000000000000e+00
4.272874072194099426e-02
0.000000000000000000e+00
3.247783482074737549e-01
2.728021889925003052e-02
5.525780841708183289e-02
5.409051105380058289e-02
0.000000000000000000e+00
2.236634790897369385e-01
6.359152495861053467e-02
2.585320234298706055e+00
0.000000000000000000e+00
0.000000000000000000e+00
0.000000000000000000e+00
1.665580630302429199e+00
1.018601536750793457e+00
7.469960451126098633e-01
0.000000000000000000e+00
6.784153636544942856e-03
4.036960005760192871e-02
2.626422047615051270e-02
1.984652280807495117e-01
2.513110637664794922e+00
2.207829058170318604e-01
1.460474822670221329e-02
2.070379406213760376e-01
1.660626769065856934e+00
0.000000000000000000e+00
0.000000000000000000e+00
3.692158758640289307e-01
0.000000000000000000e+00
2.028073817491531372e-01
2.404847443103790283e-01
2.178475111722946167e-01
2.442962862551212311e-02
0.000000000000000000e+00
0.000000000000000000e+00
1.971642225980758667e-01
1.097339242696762085e-01
8.092388510704040527e-03
2.527542784810066223e-02
0.000000000000000000e+00
2.479477673768997192e-01
2.809011638164520264e-01
6.622104048728942871e-01
1.028052926063537598e+00
4.487088322639465332e-01
1.451857984066009521e-01
4.580163657665252686e-01
1.323096603155136108e-01
6.665392518043518066e-01
4.818672537803649902e-01
1.484152674674987793e+00
0.000000000000000000e+00
0.000000000000000000e+00
2.299109101295471191e-01
8.098626881837844849e-02
8.221913576126098633e-01
2.650122165679931641e+00
2.157209634780883789e+00
0.000000000000000000e+00
2.686278522014617920e-01
2.894538268446922302e-02
0.000000000000000000e+00
1.554660052061080933e-01
2.462235093116760254e-01
4.869582876563072205e-02
0.000000000000000000e+00
0.000000000000000000e+00
7.432928085327148438e-01
4.386207088828086853e-02
2.375286817550659180e+00
9.302600473165512085e-02
6.610268354415893555e-02
0.000000000000000000e+00
7.583205401897430420e-02
3.295392496511340141e-03
0.000000000000000000e+00
2.242228835821151733e-01
5.348538979887962341e-03
0.000000000000000000e+00
1.229354500770568848e+00
6.325020194053649902e-01
1.096037253737449646e-01
7.429406046867370605e-01
9.640501141548156738e-01
0.000000000000000000e+00
6.589981317520141602e-01
1.993526890873908997e-02
4.328173398971557617e-01
0.000000000000000000e+00
2.346337586641311646e-02
1.208813309669494629e+00
1.301976572722196579e-02
0.000000000000000000e+00
9.654874354600906372e-02
0.000000000000000000e+00
7.768657207489013672e-01
4.547057747840881348e-01
4.191702842712402344e+00
0.000000000000000000e+00
1.563791751861572266e+00
0.000000000000000000e+00
0.000000000000000000e+00
3.233866393566131592e-02
9.872187674045562744e-02
5.236610025167465210e-02
1.667870134115219116e-01
3.767809569835662842e-01
3.166341781616210938e-01
2.296504192054271698e-02
0.000000000000000000e+00
1.111184358596801758e-01
1.345038533210754395e+00
6.141927242279052734e-01
1.441419124603271484e+00
3.506772518157958984e-01
4.153623059391975403e-02
4.340511322021484375e+00
1.524893939495086670e-01
1.773109287023544312e-01
2.901746146380901337e-02
3.308999910950660706e-02
3.631297945976257324e-01
3.151689469814300537e-02
1.261114142835140228e-03
1.288235783576965332e-01
0.000000000000000000e+00
1.600677371025085449e-01
1.985013961791992188e+00
2.737234234809875488e-01
0.000000000000000000e+00
0.000000000000000000e+00
4.428066313266754150e-01
1.974773555994033813e-01
2.884525060653686523e-01
1.000232577323913574e+00
2.370125241577625275e-02
2.149054288864135742e+00
5.844910144805908203e-01
6.124379038810729980e-01
2.194667160511016846e-01
1.085286028683185577e-02
8.652471005916595459e-02
7.189591228961944580e-02
2.276980280876159668e-01
0.000000000000000000e+00
2.266554683446884155e-01
7.233155965805053711e-01
3.607628047466278076e-01
4.509104490280151367e-01
1.141403615474700928e-02
1.635289937257766724e-02
0.000000000000000000e+00
4.645203053951263428e-02
1.722292155027389526e-01
2.631322667002677917e-02
1.553080510348081589e-03
4.095841199159622192e-03
1.225329115986824036e-01
6.062896922230720520e-03
2.925213277339935303e-01
7.334485184401273727e-03
0.000000000000000000e+00
3.515059351921081543e-01
6.150862574577331543e-01
5.442180857062339783e-02
2.933237329125404358e-02
1.278403043746948242e+00
0.000000000000000000e+00
9.742546081542968750e-01
6.461737155914306641e-01
1.440948247909545898e-01
1.421239376068115234e-01
8.377268910408020020e-02
6.207140162587165833e-02
2.441095262765884399e-01
6.356544047594070435e-02
2.683924138545989990e-01
2.931594848632812500e-03
0.000000000000000000e+00
0.000000000000000000e+00
5.903002023696899414e-01
2.806326150894165039e-01
3.674660995602607727e-02
0.000000000000000000e+00
4.231517016887664795e-02
1.601526588201522827e-01
0.000000000000000000e+00
0.000000000000000000e+00
0.000000000000000000e+00
1.081073731184005737e-01
2.296098321676254272e-02
8.504832386970520020e-01
6.494701653718948364e-02
1.438770443201065063e-01
1.075055375695228577e-01
4.449380338191986084e-01
0.000000000000000000e+00
2.288800477981567383e-01
0.000000000000000000e+00
1.818201541900634766e+00
4.976148009300231934e-01
8.296497166156768799e-03
5.616024509072303772e-02
7.262781262397766113e-01
0.000000000000000000e+00
1.094335913658142090e+00
5.678664445877075195e-01
3.072682917118072510e-01
3.023243844509124756e-01
0.000000000000000000e+00
4.772320985794067383e-01
1.648593991994857788e-01
4.402470216155052185e-02
1.380681514739990234e+00
0.000000000000000000e+00
3.828314319252967834e-02
1.599021553993225098e-01
1.604902982711791992e+00
1.797047629952430725e-02
2.649629116058349609e-01
2.193301022052764893e-01
2.254936695098876953e-01
2.139459848403930664e-01
8.523135781288146973e-01
0.000000000000000000e+00
5.842555165290832520e-01
5.241639912128448486e-03
7.634829729795455933e-02
3.747186856344342232e-03
3.332154452800750732e-01
0.000000000000000000e+00
1.429931726306676865e-02
3.287387788295745850e-01
4.026830196380615234e-01
2.755103707313537598e-01
3.659319877624511719e-02
8.652068376541137695e-01
0.000000000000000000e+00
0.000000000000000000e+00
0.000000000000000000e+00
1.267841923981904984e-02
1.426785904914140701e-02
5.119298025965690613e-02
3.830922767519950867e-02
1.744670420885086060e-01
2.467867732048034668e-01
1.673494875431060791e-01
6.457925438880920410e-01
8.386440575122833252e-02
4.176069796085357666e-02
3.503138124942779541e-01
9.686832129955291748e-02
0.000000000000000000e+00
1.573973521590232849e-02
6.748847365379333496e-01
2.582198679447174072e-01
2.371016191318631172e-03
2.055012434720993042e-01
1.448091235943138599e-03
5.016909241676330566e-01
3.181812763214111328e-01
1.966433644294738770e+00
4.506526514887809753e-02
0.000000000000000000e+00
0.000000000000000000e+00
2.938211560249328613e-01
4.157032370567321777e-01
8.016560226678848267e-02
2.532840967178344727e-01
2.411951124668121338e-01
9.290451556444168091e-02
6.147308945655822754e-01
1.387600041925907135e-02
6.217518821358680725e-04
4.163872897624969482e-01
3.783504366874694824e-01
1.955491863191127777e-02
4.036003053188323975e-01
2.937713861465454102e-01
1.235418558120727539e+00
1.492526829242706299e-01
1.460437774658203125e-01
9.347430430352687836e-03
2.159098237752914429e-01
1.011186686810106039e-04
4.666856676340103149e-02
3.192752599716186523e-02
0.000000000000000000e+00
2.321386337280273438e+00
7.203900814056396484e-01
5.500214640051126480e-03
0.000000000000000000e+00
1.171364903450012207e+00
0.000000000000000000e+00
9.407568722963333130e-02
6.266963481903076172e+00
2.353931367397308350e-01
2.532555162906646729e-01
4.101428762078285217e-02
9.650502800941467285e-01
6.952377408742904663e-02
6.238357424736022949e-01
1.426758617162704468e-01
5.326023325324058533e-03
0.000000000000000000e+00
7.349030580371618271e-03
8.377314805984497070e-01
6.489960849285125732e-02
1.871168166399002075e-01
2.462762743234634399e-01
1.293563485145568848e+00
2.257564105093479156e-02
0.000000000000000000e+00
0.000000000000000000e+00
1.148521676659584045e-01
0.000000000000000000e+00
3.703882396221160889e-01
1.091198995709419250e-01
1.066256046295166016e+00
0.000000000000000000e+00
3.693481683731079102e-01
1.505000472068786621e+00
1.040038540959358215e-01
0.000000000000000000e+00
1.913691163063049316e-01
6.559234261512756348e-01
5.672976970672607422e-01
2.829677797853946686e-02
7.327739000320434570e-01
4.453980326652526855e-01
0.000000000000000000e+00
0.000000000000000000e+00
7.488001883029937744e-02
4.210098385810852051e-01
4.002254903316497803e-01
1.298147320747375488e+00
1.358797103166580200e-01
0.000000000000000000e+00
1.011014655232429504e-01
1.325526088476181030e-01
6.845052540302276611e-02
8.073480799794197083e-03
9.157183766365051270e-01
1.082989722490310669e-01
7.417475432157516479e-02
0.000000000000000000e+00
1.486374497413635254e+00
0.000000000000000000e+00
1.048518065363168716e-02
3.606382012367248535e-02
8.162149190902709961e-01
1.187180634588003159e-02
1.740663349628448486e-01
1.280108690261840820e-01
3.433502838015556335e-02
8.123032450675964355e-01
0.000000000000000000e+00
1.358874082565307617e+00
1.645501017570495605e+00
0.000000000000000000e+00
3.882370889186859131e-01
1.253509521484375000e-01
2.286086231470108032e-02
6.975272297859191895e-01
0.000000000000000000e+00
2.142175197601318359e+00
0.000000000000000000e+00
1.003242209553718567e-01
6.378120183944702148e-01
1.074180722236633301e+00
9.749669432640075684e-01
1.571265161037445068e-01
0.000000000000000000e+00
3.650106862187385559e-02
4.612450897693634033e-01
2.562755718827247620e-02
2.274183556437492371e-02
5.601158738136291504e-02
1.052764523774385452e-02
5.856002122163772583e-02
0.000000000000000000e+00
6.826560497283935547e-01
1.833294272422790527e+00
1.138980865478515625e+00
0.000000000000000000e+00
6.813582777976989746e-01
0.000000000000000000e+00
1.960728466510772705e-01
0.000000000000000000e+00
0.000000000000000000e+00
0.000000000000000000e+00
4.926818847656250000e+00
5.981118083000183105e-01
1.206758841872215271e-01
9.565159678459167480e-02
1.215066909790039062e+00
2.783263921737670898e-01
0.000000000000000000e+00
8.192665576934814453e-01
4.187606573104858398e-01
3.343377709388732910e-01
1.800973892211914062e+00
0.000000000000000000e+00
0.000000000000000000e+00
0.000000000000000000e+00
9.987195134162902832e-01
3.293006420135498047e-01
5.539507865905761719e-01
0.000000000000000000e+00
1.636294960975646973e+00
8.140589296817779541e-02
9.014036506414413452e-02
2.261024564504623413e-01
2.605737447738647461e-01
1.096585839986801147e-01
9.675469994544982910e-02
3.543612957000732422e-01
3.407956659793853760e-02
1.003214001655578613e+00
1.008798837661743164e+00
5.359268188476562500e-01
2.474180907011032104e-01
0.000000000000000000e+00
5.263873934745788574e-02
2.316445708274841309e-01
4.743145313113927841e-03
1.870750635862350464e-01
3.552745655179023743e-02
4.259661585092544556e-02
9.198989719152450562e-02
8.187735080718994141e-02
3.072844818234443665e-03
1.521299928426742554e-01
1.996128112077713013e-01
0.000000000000000000e+00
2.690634503960609436e-02
0.000000000000000000e+00
7.619314193725585938e-01
1.231991034001111984e-02
8.655398488044738770e-01
1.340401917695999146e-02
2.159430980682373047e-01
1.838146924972534180e+00
1.642523556947708130e-01
3.213459253311157227e-01
6.300565004348754883e-01
3.328611552715301514e-01
8.463531732559204102e-02
0.000000000000000000e+00
1.664430499076843262e-01
4.365766793489456177e-02
1.233836784958839417e-01
5.108225345611572266e-01
7.092826962471008301e-01
0.000000000000000000e+00
8.686363697052001953e-01
5.889362692832946777e-01
5.417251959443092346e-03
2.849304974079132080e-01
1.512847002595663071e-02
2.700475752353668213e-01
1.324548244476318359e+00
2.230041742324829102e+00
1.320271641016006470e-01
3.011664608493447304e-03
6.712327245622873306e-03
0.000000000000000000e+00
7.746708393096923828e-01
0.000000000000000000e+00
3.141629695892333984e-01
3.510486483573913574e-01
2.410377025604248047e+00
0.000000000000000000e+00
4.111901670694351196e-02
3.426402211189270020e-01
0.000000000000000000e+00
3.946356177330017090e-01
1.427247822284698486e-01
3.114357963204383850e-02
0.000000000000000000e+00
3.060200810432434082e-01
0.000000000000000000e+00
2.596417814493179321e-02
5.428062286227941513e-03
0.000000000000000000e+00
1.965234801173210144e-02
4.292194172739982605e-02
1.330274343490600586e-01
3.103269040584564209e-01
2.228744328022003174e-01
3.166447160765528679e-03
1.544588088989257812e+00
6.151455454528331757e-03
2.364185154438018799e-01
1.615929603576660156e+00
3.532560765743255615e-01
1.777992248535156250e-01
1.489395052194595337e-01
1.274203419685363770e+00
1.670740693807601929e-01
4.897630214691162109e-01
6.923235207796096802e-02
1.623595058917999268e-01
1.528537645936012268e-02
1.408772110939025879e+00
