8.507708460092544556e-02
1.209668040275573730e+00
0.000000000000000000e+00
0.000000000000000000e+00
0.000000000000000000e+00
4.163579940795898438e+00
0.000000000000000000e+00
3.903792425990104675e-02
1.964721083641052246e+00
2.923532947897911072e-02
1.037946119904518127e-01
0.000000000000000000e+00
7.212654687464237213e-03
0.000000000000000000e+00
1.336275786161422729e-01
1.231788285076618195e-02
1.215353682637214661e-01
0.000000000000000000e+00
5.997691154479980469e-01
6.543755531311035156e-01
3.530842065811157227e-02
1.031070668250322342e-02
1.005137804895639420e-02
2.674235776066780090e-02
4.154532551765441895e-01
3.398367017507553101e-02
0.000000000000000000e+00
2.308736089617013931e-03
1.562201023101806641e+00
6.612694822251796722e-03
2.330163121223449707e-02
2.437916584312915802e-02
0.000000000000000000e+00
8.607298135757446289e-02
1.401783227920532227e-01
0.000000000000000000e+00
2.132882624864578247e-01
6.163537502288818359e-01
4.760391414165496826e-01
0.000000000000000000e+00
2.119050920009613037e-01
0.000000000000000000e+00
1.314641535282135010e-02
2.509728260338306427e-02
1.246815267950296402e-02
2.623681426048278809e-01
1.493433769792318344e-02
0.000000000000000000e+00
4.227097034454345703e-01
7.546194195747375488e-01
8.583168499171733856e-03
1.010147571563720703e+00
4.248990863561630249e-02
3.792524933815002441e-01
2.692632749676704407e-02
5.606595799326896667e-02
0.000000000000000000e+00
3.167410567402839661e-02
3.622953593730926514e-01
0.000000000000000000e+00
7.140502333641052246e-02
0.000000000000000000e+00
5.528292655944824219e-01
8.296676678583025932e-04
0.000000000000000000e+00
0.000000000000000000e+00
6.482272744178771973e-01
3.964179754257202148e-02
0.000000000000000000e+00
3.413632810115814209e-01
0.000000000000000000e+00
0.000000000000000000e+00
1.669720746576786041e-02
6.991533190011978149e-02
0.000000000000000000e+00
8.920667693018913269e-03
1.876350608654320240e-03
7.282130718231201172e-01
7.235878109931945801e-01
0.000000000000000000e+00
0.000000000000000000e+00
0.000000000000000000e+00
0.000000000000000000e+00
0.000000000000000000e+00
3.395423665642738342e-02
3.622388243675231934e-01
0.000000000000000000e+00
2.841279469430446625e-02
0.000000000000000000e+00
0.000000000000000000e+00
8.701992779970169067e-02
8.162358775734901428e-03
0.000000000000000000e+00
3.494585752487182617e-01
3.403871506452560425e-02
5.109518393874168396e-02
0.000000000000000000e+00
1.703513860702514648e-01
4.298982769250869751e-02
3.228218257427215576e-01
5.022333264350891113e-01
2.292131185531616211e+00
0.000000000000000000e+00
5.979796648025512695e-01
0.000000000000000000e+00
2.916126251220703125e-01
4.654193297028541565e-02
1.357454061508178711e-01
8.386625349521636963e-02
3.658828139305114746e-02
0.000000000000000000e+00
0.000000000000000000e+00
1.197053212672472000e-02
4.685160238295793533e-03
2.413671900285407901e-04
2.257278412580490112e-01
9.025748819112777710e-03
1.752426624298095703e-01
2.928377389907836914e-01
4.956680908799171448e-02
3.872503042221069336e-01
0.000000000000000000e+00
0.000000000000000000e+00
0.000000000000000000e+00
1.137510016560554504e-01
2.055896282196044922e+00
2.553097903728485107e-01
1.612015441060066223e-02
0.000000000000000000e+00
2.247294038534164429e-01
2.190711442381143570e-03
7.148859649896621704e-02
4.675152778625488281e+00
1.065233945846557617e+00
0.000000000000000000e+00
0.000000000000000000e+00
1.673804759979248047e+00
1.176168203353881836e+00
0.000000000000000000e+00
1.887777298688888550e-01
0.000000000000000000e+00
2.540246391296386719e+01
0.000000000000000000e+00
0.000000000000000000e+00
9.550157934427261353e-02
8.309223502874374390e-02
2.207236364483833313e-02
0.000000000000000000e+00
0.000000000000000000e+00
2.358774840831756592e-01
1.122732758522033691e+00
0.000000000000000000e+00
0.000000000000000000e+00
0.000000000000000000e+00
4.414534196257591248e-02
2.410703338682651520e-02
2.591225862503051758e+00
0.000000000000000000e+00
0.000000000000000000e+00
2.361972928047180176e-01
5.246812012046575546e-03
1.194124594330787659e-01
0.000000000000000000e+00
4.731734842061996460e-02
6.268026232719421387e-01
0.000000000000000000e+00
1.393712282180786133e+00
1.755433529615402222e-01
0.000000000000000000e+00
0.000000000000000000e+00
0.000000000000000000e+00
8.832997083663940430e-02
0.000000000000000000e+00
3.886830992996692657e-03
2.649103105068206787e-02
0.000000000000000000e+00
0.000000000000000000e+00
1.056490182876586914e+00
0.000000000000000000e+00
3.040180802345275879e-01
6.245715194381773472e-04
1.330433249473571777e+00
2.928539179265499115e-03
6.885320544242858887e-01
1.867848753929138184e+00
6.694063544273376465e-02
0.000000000000000000e+00
2.063020877540111542e-02
4.976647440344095230e-03
7.588622719049453735e-02
2.228007465600967407e-01
0.000000000000000000e+00
0.000000000000000000e+00
0.000000000000000000e+00
0.000000000000000000e+00
2.494406402111053467e-01
8.691012859344482422e-02
0.000000000000000000e+00
2.427920550107955933e-01
2.182547189295291901e-02
0.000000000000000000e+00
4.596777915954589844e+00
3.876087442040443420e-02
3.990779817104339600e-01
0.000000000000000000e+00
6.370545178651809692e-02
0.000000000000000000e+00
1.814453750848770142e-01
1.475963089615106583e-02
1.009221747517585754e-01
4.196923226118087769e-02
3.769137263298034668e-01
0.000000000000000000e+00
0.000000000000000000e+00
1.752873808145523071e-01
4.575146138668060303e-01
1.078676879405975342e-01
0.000000000000000000e+00
3.627598881721496582e-01
0.000000000000000000e+00
1.510994583368301392e-01
3.131824135780334473e-01
5.662509426474571228e-02
7.671103626489639282e-02
0.000000000000000000e+00
0.000000000000000000e+00
2.493674755096435547e+00
0.000000000000000000e+00
0.000000000000000000e+00
2.881305932998657227e+00
2.555811405181884766e-01
5.286923050880432129e-01
1.509235501289367676e-01
1.151135340332984924e-01
6.862992793321609497e-02
1.257869601249694824e-01
0.000000000000000000e+00
7.018504738807678223e-01
9.859822690486907959e-03
2.120845913887023926e-01
2.693165540695190430e-01
9.679893404245376587e-02
0.000000000000000000e+00
0.000000000000000000e+00
0.000000000000000000e+00
0.000000000000000000e+00
1.428753603249788284e-02
3.884599730372428894e-02
1.497313082218170166e-01
0.000000000000000000e+00
7.522526383399963379e-02
1.196182727813720703e+00
1.149042844772338867e-01
0.000000000000000000e+00
5.063110589981079102e-02
0.000000000000000000e+00
0.000000000000000000e+00
6.821011751890182495e-02
4.104611277580261230e-01
0.000000000000000000e+00
0.000000000000000000e+00
3.746191561222076416e-01
0.000000000000000000e+00
1.228072866797447205e-01
0.000000000000000000e+00
3.761929273605346680e+00
6.428680419921875000e-01
6.721996515989303589e-02
2.509633004665374756e-01
9.297778457403182983e-02
0.000000000000000000e+00
2.181547164916992188e+00
2.961103200912475586e+00
4.110983312129974365e-01
3.777925297617912292e-02
4.409813880920410156e+00
1.064762771129608154e-01
3.431143164634704590e-01
8.510580286383628845e-03
6.839824467897415161e-02
1.424399495124816895e+00
1.887322217226028442e-02
0.000000000000000000e+00
1.872333765029907227e+00
1.255232810974121094e+00
1.733794808387756348e+00
7.189047336578369141e-02
0.000000000000000000e+00
0.000000000000000000e+00
0.000000000000000000e+00
0.000000000000000000e+00
4.436441510915756226e-02
0.000000000000000000e+00
0.000000000000000000e+00
2.064516022801399231e-02
1.140416413545608521e-02
4.424756765365600586e-02
0.000000000000000000e+00
1.363018631935119629e+00
1.288834810256958008e-01
0.000000000000000000e+00
3.229982405900955200e-02
1.472182571887969971e-01
1.684777736663818359e-01
0.000000000000000000e+00
8.424520492553710938e-01
0.000000000000000000e+00
0.000000000000000000e+00
0.000000000000000000e+00
0.000000000000000000e+00
3.183642029762268066e-01
1.638897508382797241e-01
2.927375435829162598e-01
2.992916822433471680e+00
1.302559494972229004e+00
5.318542942404747009e-03
0.000000000000000000e+00
3.322573751211166382e-02
2.040963590843603015e-04
3.258512541651725769e-02
7.043960094451904297e-01
0.000000000000000000e+00
0.000000000000000000e+00
0.000000000000000000e+00
5.980120301246643066e-01
4.543503373861312866e-02
8.360636830329895020e-01
0.000000000000000000e+00
0.000000000000000000e+00
0.000000000000000000e+00
0.000000000000000000e+00
2.014117315411567688e-02
0.000000000000000000e+00
0.000000000000000000e+00
1.353048812597990036e-02
2.204554826021194458e-01
4.153855144977569580e-03
4.019109904766082764e-01
1.229178309440612793e-01
0.000000000000000000e+00
1.737476326525211334e-02
2.399013936519622803e-02
6.756833940744400024e-02
4.250296652317047119e-01
2.758960425853729248e-01
2.566313371062278748e-03
2.869426645338535309e-02
3.336790800094604492e-01
1.290663778781890869e-01
1.296737492084503174e-01
0.000000000000000000e+00
9.428799152374267578e-02
2.120440825819969177e-02
2.760735452175140381e-01
3.437146246433258057e-01
0.000000000000000000e+00
1.043381690979003906e+00
3.874555975198745728e-02
1.022375702857971191e+00
5.187404341995716095e-03
1.539753377437591553e-01
3.914005309343338013e-02
1.257162988185882568e-01
8.061942458152770996e-02
2.277698367834091187e-02
1.448977589607238770e-01
0.000000000000000000e+00
4.248932003974914551e-02
2.416224181652069092e-01
8.523283898830413818e-02
1.277955900877714157e-02
0.000000000000000000e+00
1.030125934630632401e-02
0.000000000000000000e+00
7.232443429529666901e-03
3.293254613876342773e+00
0.000000000000000000e+00
0.000000000000000000e+00
8.534549735486507416e-03
1.992442458868026733e-01
2.752035558223724365e-01
0.000000000000000000e+00
1.327962398529052734e+00
0.000000000000000000e+00
0.000000000000000000e+00
1.391932845115661621e+00
7.479602843523025513e-02
1.329007465392351151e-02
0.000000000000000000e+00
1.685869693756103516e-01
0.000000000000000000e+00
0.000000000000000000e+00
1.962618529796600342e-01
4.444807022809982300e-02
0.000000000000000000e+00
3.168720483779907227e+00
0.000000000000000000e+00
2.177902124822139740e-02
2.512295246124267578e-01
0.000000000000000000e+00
7.701397538185119629e-01
0.000000000000000000e+00
2.603994496166706085e-02
1.086678579449653625e-01
6.488469243049621582e-02
5.493845092132687569e-04
2.618953213095664978e-02
0.000000000000000000e+00
0.000000000000000000e+00
3.862578630447387695e+00
2.123897969722747803e-01
0.000000000000000000e+00
5.268473923206329346e-02
1.737954616546630859e+00
6.770717911422252655e-03
1.703504323959350586e-01
0.000000000000000000e+00
1.380703091621398926e+00
1.321423053741455078e-02
0.000000000000000000e+00
0.000000000000000000e+00
0.000000000000000000e+00
0.000000000000000000e+00
3.408622741699218750e-01
6.113230437040328979e-02
1.409289836883544922e-01
0.000000000000000000e+00
7.208373397588729858e-02
1.380307555198669434e+00
4.610832780599594116e-02
0.000000000000000000e+00
0.000000000000000000e+00
2.464613616466522217e-01
0.000000000000000000e+00
0.000000000000000000e+00
2.894800342619419098e-02
5.848109126091003418e-01
1.327555775642395020e+00
4.345181211829185486e-02
0.000000000000000000e+00
0.000000000000000000e+00
2.218834638595581055e+00
3.746288776397705078e+00
2.043729834258556366e-02
0.000000000000000000e+00
1.203150272369384766e+00
0.000000000000000000e+00
0.000000000000000000e+00
3.012675233185291290e-02
0.000000000000000000e+00
3.599222749471664429e-02
2.525342255830764771e-02
0.000000000000000000e+00
0.000000000000000000e+00
0.000000000000000000e+00
0.000000000000000000e+00
4.740240052342414856e-02
0.000000000000000000e+00
1.707415133714675903e-01
0.000000000000000000e+00
6.046799421310424805e-01
1.052454579621553421e-02
1.022327691316604614e-02
2.099141478538513184e-01
3.127476871013641357e-01
2.490526996552944183e-02
7.510773092508316040e-02
0.000000000000000000e+00
7.492129206657409668e-01
1.445849891752004623e-03
0.000000000000000000e+00
1.411108821630477905e-01
0.000000000000000000e+00
1.232799142599105835e-01
1.740053296089172363e-01
1.471101073548197746e-03
0.000000000000000000e+00
2.530513517558574677e-02
1.876685023307800293e-01
0.000000000000000000e+00
1.379775404930114746e+00
8.372667431831359863e-01
2.212213426828384399e-01
1.086239337921142578e+00
0.000000000000000000e+00
1.834156662225723267e-01
3.291864991188049316e-01
0.000000000000000000e+00
3.305494487285614014e-01
5.175781846046447754e-01
1.072587966918945312e+00
4.112865030765533447e-01
2.734798491001129150e-01
5.335365533828735352e-01
0.000000000000000000e+00
4.902507364749908447e-01
9.070067666471004486e-03
3.515034914016723633e-01
2.984448671340942383e-01
1.639893203973770142e-01
1.172401942312717438e-02
6.230177823454141617e-03
1.538028478622436523e+00
8.623954840004444122e-03
5.124179646372795105e-03
0.000000000000000000e+00
7.520359754562377930e-01
0.000000000000000000e+00
2.442466467618942261e-02
8.789851516485214233e-02
3.506628870964050293e-01
7.551207672804594040e-03
1.515177190303802490e-01
0.000000000000000000e+00
1.022225990891456604e-01
9.534162282943725586e-01
1.897694468498229980e-01
3.064305186271667480e-01
3.119809366762638092e-02
0.000000000000000000e+00
1.532551348209381104e-01
1.009183883666992188e+00
1.918520196340978146e-03
6.904569268226623535e-02
0.000000000000000000e+00
2.181842327117919922e+00
1.025049686431884766e+00
1.034159958362579346e-01
9.103155136108398438e-02
7.082360330969095230e-03
8.981059193611145020e-01
0.000000000000000000e+00
1.594636559486389160e+00
0.000000000000000000e+00
1.628196090459823608e-01
7.529744505882263184e-02
0.000000000000000000e+00
7.730973958969116211e-01
0.000000000000000000e+00
2.714576005935668945e+00
6.857418268918991089e-02
5.656589865684509277e-01
1.714237183332443237e-01
1.986127644777297974e-01
4.151059091091156006e-01
0.000000000000000000e+00
0.000000000000000000e+00
0.000000000000000000e+00
6.336541473865509033e-02
1.668142229318618774e-01
4.024066448211669922e+00
1.159947291016578674e-01
0.000000000000000000e+00
2.423489093780517578e-01
0.000000000000000000e+00
9.219237565994262695e-01
0.000000000000000000e+00
4.782313108444213867e-02
0.000000000000000000e+00
3.471989184617996216e-02
0.000000000000000000e+00
5.018649622797966003e-02
0.000000000000000000e+00
0.000000000000000000e+00
5.757061764597892761e-02
4.758218228816986084e-01
0.000000000000000000e+00
6.316097569651901722e-04
6.720717251300811768e-02
1.855336278676986694e-01
4.287012517452239990e-01
0.000000000000000000e+00
8.214861154556274414e-03
3.795449808239936829e-02
1.184433341026306152e+00
0.000000000000000000e+00
4.652945324778556824e-03
4.568946734070777893e-02
8.178833723068237305e-01
0.000000000000000000e+00
6.808705329895019531e+00
7.551752030849456787e-02
0.000000000000000000e+00
0.000000000000000000e+00
2.812273263931274414e+00
1.300932019948959351e-01
1.695088297128677368e-02
0.000000000000000000e+00
0.000000000000000000e+00
2.297540903091430664e-01
4.235102534294128418e-01
5.688265897333621979e-03
1.959645152091979980e+00
1.100712895393371582e+00
0.000000000000000000e+00
2.997504711151123047e+00
0.000000000000000000e+00
8.245193958282470703e-01
0.000000000000000000e+00
0.000000000000000000e+00
0.000000000000000000e+00
7.705764472484588623e-02
2.216807603836059570e-01
5.691823363304138184e-01
3.463863730430603027e-01
1.133066177368164062e+00
0.000000000000000000e+00
0.000000000000000000e+00
8.716597557067871094e-01
0.000000000000000000e+00
0.000000000000000000e+00
0.000000000000000000e+00
5.580582655966281891e-03
1.024769395589828491e-01
1.470079272985458374e-01
5.633396506309509277e-01
4.007778689265251160e-02
1.154954433441162109e+00
6.249237060546875000e-02
6.463155895471572876e-02
1.042610704898834229e-01
0.000000000000000000e+00
0.000000000000000000e+00
0.000000000000000000e+00
0.000000000000000000e+00
0.000000000000000000e+00
0.000000000000000000e+00
0.000000000000000000e+00
0.000000000000000000e+00
3.260133564472198486e-01
3.150901317596435547e+00
0.000000000000000000e+00
0.000000000000000000e+00
0.000000000000000000e+00
1.001486539840698242e+00
1.159022748470306396e-02
3.450656175613403320e+00
1.151421737670898438e+01
4.272240027785301208e-02
2.252372026443481445e+00
0.000000000000000000e+00
0.000000000000000000e+00
5.248268842697143555e-01
2.619816064834594727e-01
0.000000000000000000e+00
6.472743116319179535e-03
1.546150445938110352e-01
0.000000000000000000e+00
0.000000000000000000e+00
1.682837843894958496e+00
3.128714263439178467e-01
1.654016226530075073e-02
1.023522138595581055e+00
1.792725771665573120e-01
0.000000000000000000e+00
0.000000000000000000e+00
1.714427113533020020e+00
1.402265671640634537e-02
9.322144091129302979e-02
0.000000000000000000e+00
1.656840443611145020e-01
0.000000000000000000e+00
7.558712363243103027e-02
0.000000000000000000e+00
0.000000000000000000e+00
0.000000000000000000e+00
1.858492940664291382e-02
7.358755450695753098e-03
5.553267430514097214e-03
1.083048209547996521e-01
1.307177706621587276e-03
3.950528055429458618e-02
0.000000000000000000e+00
1.392028629779815674e-01
0.000000000000000000e+00
0.000000000000000000e+00
6.454940438270568848e-01
3.087298572063446045e-01
9.659767150878906250e-02
0.000000000000000000e+00
2.499969482421875000e+00
2.954249382019042969e-01
1.274089068174362183e-01
0.000000000000000000e+00
8.577063679695129395e-02
0.000000000000000000e+00
4.689561426639556885e-01
8.955375850200653076e-02
2.404877394437789917e-01
4.370275139808654785e-02
5.504870414733886719e-02
0.000000000000000000e+00
4.659454226493835449e-01
3.705469146370887756e-02
0.000000000000000000e+00
3.270872682332992554e-02
0.000000000000000000e+00
0.000000000000000000e+00
0.000000000000000000e+00
6.155735254287719727e-01
9.145781397819519043e-03
0.000000000000000000e+00
4.050493836402893066e-01
1.359268277883529663e-01
1.257724463939666748e-01
5.609721690416336060e-02
0.000000000000000000e+00
9.834274649620056152e-03
0.000000000000000000e+00
2.482834644615650177e-02
3.644894808530807495e-02
0.000000000000000000e+00
0.000000000000000000e+00
4.096996486186981201e-01
0.000000000000000000e+00
5.593095421791076660e-01
8.208630681037902832e-01
1.940921097993850708e-01
9.414010681211948395e-03
0.000000000000000000e+00
3.318161889910697937e-02
2.232783138751983643e-01
3.135368600487709045e-02
3.377161920070648193e-02
5.196021869778633118e-02
4.195086956024169922e-01
1.669543862342834473e+00
2.017594814300537109e+00
1.083746254444122314e-01
2.286424636840820312e+00
1.830023050308227539e+00
0.000000000000000000e+00
0.000000000000000000e+00
0.000000000000000000e+00
1.132221147418022156e-02
2.804410643875598907e-02
0.000000000000000000e+00
1.387656033039093018e-01
2.215146303176879883e+00
1.506900414824485779e-02
3.994635865092277527e-02
0.000000000000000000e+00
0.000000000000000000e+00
4.351813346147537231e-02
0.000000000000000000e+00
6.292995065450668335e-02
3.115146160125732422e-01
0.000000000000000000e+00
7.883127778768539429e-03
1.847952418029308319e-02
0.000000000000000000e+00
0.000000000000000000e+00
8.001521928235888481e-04
7.067376971244812012e-01
0.000000000000000000e+00
5.918794195167720318e-04
1.539895832538604736e-01
6.024936437606811523e-01
8.205765485763549805e-01
4.726283073425292969e+00
1.078362107276916504e+00
0.000000000000000000e+00
0.000000000000000000e+00
4.506409764289855957e-01
3.236653865315020084e-04
9.069462865591049194e-02
0.000000000000000000e+00
0.000000000000000000e+00
3.954074927605688572e-04
1.648342423141002655e-02
8.265877142548561096e-03
9.687459468841552734e-02
0.000000000000000000e+00
0.000000000000000000e+00
9.199214726686477661e-02
0.000000000000000000e+00
5.294070839881896973e-01
5.880029499530792236e-02
0.000000000000000000e+00
0.000000000000000000e+00
0.000000000000000000e+00
2.926721274852752686e-01
4.858583211898803711e-02
2.304629236459732056e-01
4.123588092625141144e-03
2.131961751729249954e-03
3.731555938720703125e-01
9.776164293289184570e-01
0.000000000000000000e+00
3.951602220535278320e+00
2.013367861509323120e-01
5.403566956520080566e-01
0.000000000000000000e+00
1.723645091056823730e+00
1.517681218683719635e-02
6.169460341334342957e-02
2.488278597593307495e-02
0.000000000000000000e+00
2.556965351104736328e-01
3.644288778305053711e-01
2.645711302757263184e-01
2.110520899295806885e-01
1.409398913383483887e-01
1.868296861648559570e-01
2.205498933792114258e+00
1.877518773078918457e+00
1.257951855659484863e-01
9.621108770370483398e-01
1.563272923231124878e-01
0.000000000000000000e+00
0.000000000000000000e+00
1.229832996614277363e-03
0.000000000000000000e+00
5.742325633764266968e-02
4.067640751600265503e-02
1.048955321311950684e-01
1.720868647098541260e-01
1.685819402337074280e-02
0.000000000000000000e+00
1.047384962439537048e-01
4.483684599399566650e-01
4.920222237706184387e-02
8.047555387020111084e-02
1.850852370262145996e-01
0.000000000000000000e+00
4.744011163711547852e-01
0.000000000000000000e+00
1.164648056030273438e+00
7.080560922622680664e-01
1.079569458961486816e+00
0.000000000000000000e+00
0.000000000000000000e+00
4.302743449807167053e-02
7.430744171142578125e-02
3.947319462895393372e-02
3.468372523784637451e-01
5.691423546522855759e-03
2.686167061328887939e-01
1.556216925382614136e-02
0.000000000000000000e+00
1.536309570074081421e-01
0.000000000000000000e+00
0.000000000000000000e+00
2.099031582474708557e-02
6.322540342807769775e-02
0.000000000000000000e+00
0.000000000000000000e+00
0.000000000000000000e+00
6.769692897796630859e-02
4.834673106670379639e-01
3.193071782588958740e-01
0.000000000000000000e+00
7.137227058410644531e-01
1.938891261816024780e-01
1.487761139869689941e-01
9.923292696475982666e-02
0.000000000000000000e+00
1.119021296501159668e+00
0.000000000000000000e+00
4.836225509643554688e-02
8.392285108566284180e-01
0.000000000000000000e+00
0.000000000000000000e+00
8.620530366897583008e-02
0.000000000000000000e+00
1.515970081090927124e-01
3.090974688529968262e-01
0.000000000000000000e+00
7.227177731692790985e-03
0.000000000000000000e+00
1.467171669006347656e+00
6.693410277366638184e-01
0.000000000000000000e+00
0.000000000000000000e+00
0.000000000000000000e+00
2.075192332267761230e-02
7.812148332595825195e-02
3.318874835968017578e-01
1.297187924385070801e+00
0.000000000000000000e+00
3.516069650650024414e+00
1.636121538467705250e-03
2.278367280960083008e+00
2.735203504562377930e-01
0.000000000000000000e+00
8.108530193567276001e-02
2.335141181945800781e+00
0.000000000000000000e+00
0.000000000000000000e+00
0.000000000000000000e+00
4.328086972236633301e-01
8.074253052473068237e-02
2.594364993274211884e-02
1.206306070089340210e-01
0.000000000000000000e+00
1.105824708938598633e+00
0.000000000000000000e+00
5.840497016906738281e-01
1.460114866495132446e-01
1.359765529632568359e-01
8.342450112104415894e-02
0.000000000000000000e+00
3.436335027217864990e-01
1.702145785093307495e-01
1.414447277784347534e-01
0.000000000000000000e+00
2.871731817722320557e-01
3.828792273998260498e-01
0.000000000000000000e+00
2.616774141788482666e-01
3.062887862324714661e-02
0.000000000000000000e+00
1.132557988166809082e-01
1.008493592962622643e-03
0.000000000000000000e+00
0.000000000000000000e+00
0.000000000000000000e+00
4.917083308100700378e-02
1.147209882736206055e+00
0.000000000000000000e+00
6.466989219188690186e-02
8.465388417243957520e-01
8.662747740745544434e-01
1.618701070547103882e-01
0.000000000000000000e+00
0.000000000000000000e+00
0.000000000000000000e+00
2.729697227478027344e-01
4.004158973693847656e-01
1.934805363416671753e-01
2.808341197669506073e-02
3.904771506786346436e-01
0.000000000000000000e+00
8.851456046104431152e-01
1.487224102020263672e-01
4.401980042457580566e-01
0.000000000000000000e+00
0.000000000000000000e+00
9.440334141254425049e-02
6.327067613601684570e-01
0.000000000000000000e+00
6.705079972743988037e-02
0.000000000000000000e+00
2.329432070255279541e-01
2.488104552030563354e-01
0.000000000000000000e+00
4.335271120071411133e-01
3.170431852340698242e-01
3.061075881123542786e-02
9.173005819320678711e-02
0.000000000000000000e+00
1.420680806040763855e-02
2.208670377731323242e+00
2.109601944684982300e-01
1.836989670991897583e-01
7.970993220806121826e-02
0.000000000000000000e+00
0.000000000000000000e+00
1.020565405488014221e-01
0.000000000000000000e+00
0.000000000000000000e+00
0.000000000000000000e+00
1.477576345205307007e-01
2.788471616804599762e-02
6.103968024253845215e-01
0.000000000000000000e+00
0.000000000000000000e+00
8.364241693925578147e-06
2.303543835878372192e-01
2.032475769519805908e-01
0.000000000000000000e+00
5.976786091923713684e-02
0.000000000000000000e+00
4.526272416114807129e-02
1.949774622917175293e-01
0.000000000000000000e+00
7.034487277269363403e-02
0.000000000000000000e+00
0.000000000000000000e+00
3.974714875221252441e-01
3.176368474960327148e-01
2.259929418563842773e+00
2.660524547100067139e-01
8.801971562206745148e-03
1.058025002479553223e+00
0.000000000000000000e+00
2.403527051210403442e-01
2.116144895553588867e-01
4.834540560841560364e-02
2.668278105556964874e-02
2.966102585196495056e-02
0.000000000000000000e+00
3.888973593711853027e-02
1.891798377037048340e+00
7.714562118053436279e-02
3.736393153667449951e-01
1.846937417984008789e+00
3.851860761642456055e-02
1.294362545013427734e+00
2.775557041168212891e-01
8.091163821518421173e-03
5.042729526758193970e-02
9.645038284361362457e-03
0.000000000000000000e+00
0.000000000000000000e+00
3.580832108855247498e-02
3.366635739803314209e-01
7.939142733812332153e-02
3.252799063920974731e-02
6.083175912499427795e-02
1.431226730346679688e-03
2.203131169080734253e-01
1.793079525232315063e-01
4.447876010090112686e-03
1.732947230339050293e-01
0.000000000000000000e+00
1.791842654347419739e-02
0.000000000000000000e+00
5.239165425300598145e-01
4.014845192432403564e-01
3.016749024391174316e-01
2.303381443023681641e+00
2.725460767745971680e+00
2.808436393737792969e+00
5.282293558120727539e-01
0.000000000000000000e+00
0.000000000000000000e+00
1.549292504787445068e-01
1.034731864929199219e-01
0.000000000000000000e+00
7.516046047210693359e+00
0.000000000000000000e+00
2.986219644546508789e+00
4.637137800455093384e-02
2.162492275238037109e-01
0.000000000000000000e+00
7.635165005922317505e-02
0.000000000000000000e+00
0.000000000000000000e+00
0.000000000000000000e+00
5.476197004318237305e-01
1.466080397367477417e-01
3.581559658050537109e-02
0.000000000000000000e+00
9.809456020593643188e-02
2.888691902160644531e+00
0.000000000000000000e+00
1.257133949548006058e-02
1.820896519348025322e-03
3.399294614791870117e-02
1.393161535263061523e+00
8.908958733081817627e-02
0.000000000000000000e+00
2.159167677164077759e-01
3.023113012313842773e-01
0.000000000000000000e+00
3.009727895259857178e-01
0.000000000000000000e+00
1.967955194413661957e-02
0.000000000000000000e+00
0.000000000000000000e+00
3.017922304570674896e-02
0.000000000000000000e+00
2.243956696474924684e-04
0.000000000000000000e+00
2.143169343471527100e-01
6.545845270156860352e-01
0.000000000000000000e+00
0.000000000000000000e+00
1.370942126959562302e-02
5.037305876612663269e-02
1.930824160575866699e+00
0.000000000000000000e+00
5.361310243606567383e-01
6.268554925918579102e-01
1.650496572256088257e-01
1.570724397897720337e-01
1.979188323020935059e-01
2.173280477523803711e+00
2.082068622112274170e-01
0.000000000000000000e+00
3.473719581961631775e-02
3.527828678488731384e-02
5.513243675231933594e-01
7.891756296157836914e-01
0.000000000000000000e+00
3.839240670204162598e-01
1.676098108291625977e-01
8.600563555955886841e-02
4.372128751128911972e-03
1.397706866264343262e-01
4.633093997836112976e-02
9.814973920583724976e-02
0.000000000000000000e+00
5.276794731616973877e-02
1.435047760605812073e-02
1.253896713256835938e+00
0.000000000000000000e+00
2.077932506799697876e-01
0.000000000000000000e+00
4.599532403517514467e-04
0.000000000000000000e+00
4.015061557292938232e-01
9.797787666320800781e-01
4.967373311519622803e-01
2.856158912181854248e-01
0.000000000000000000e+00
1.596451997756958008e-01
0.000000000000000000e+00
1.203987374901771545e-01
1.475383937358856201e-01
1.074481368064880371e+00
0.000000000000000000e+00
0.000000000000000000e+00
0.000000000000000000e+00
2.368493936955928802e-03
3.234211727976799011e-02
2.058960199356079102e-01
1.053849756717681885e-01
3.022056259214878082e-02
9.150314331054687500e-02
2.968353509902954102e+00
0.000000000000000000e+00
1.453790515661239624e-01
4.313123226165771484e-01
3.256719827651977539e+00
5.525740981101989746e-02
0.000000000000000000e+00
0.000000000000000000e+00
7.664180546998977661e-02
3.229250386357307434e-02
1.447361350059509277e+00
1.622928655706346035e-03
1.114888191223144531e+00
4.411039054393768311e-01
3.242106139659881592e-01
4.774598181247711182e-01
0.000000000000000000e+00
9.248941540718078613e-01
8.341331779956817627e-02
0.000000000000000000e+00
1.106291711330413818e-01
1.161062717437744141e+00
0.000000000000000000e+00
0.000000000000000000e+00
2.096930593252182007e-01
2.260052412748336792e-02
1.114799454808235168e-01
1.276098042726516724e-01
2.158332169055938721e-01
0.000000000000000000e+00
1.313295513391494751e-01
2.965584164485335350e-03
1.410741955041885376e-01
1.162672787904739380e-01
5.926138162612915039e-01
0.000000000000000000e+00
8.676508069038391113e-01
0.000000000000000000e+00
0.000000000000000000e+00
1.453906446695327759e-01
7.491292059421539307e-02
1.647619903087615967e-02
2.028413265943527222e-01
2.037323713302612305e+00
5.555416345596313477e-01
0.000000000000000000e+00
5.523987859487533569e-02
2.054563045501708984e+00
1.624048128724098206e-02
3.520628511905670166e-01
1.338201314210891724e-01
8.703460916876792908e-03
8.648336865007877350e-03
1.277488768100738525e-01
6.944926828145980835e-02
8.521654456853866577e-02
4.239223480224609375e+00
0.000000000000000000e+00
2.006678655743598938e-02
0.000000000000000000e+00
0.000000000000000000e+00
0.000000000000000000e+00
3.529609367251396179e-02
3.900291770696640015e-02
2.473741024732589722e-01
8.646555989980697632e-02
3.750695884227752686e-01
0.000000000000000000e+00
7.291150093078613281e-02
0.000000000000000000e+00
0.000000000000000000e+00
1.999613344669342041e-01
1.202441573143005371e+00
1.348320126533508301e+00
0.000000000000000000e+00
0.000000000000000000e+00
0.000000000000000000e+00
1.712449342012405396e-01
4.817363247275352478e-02
0.000000000000000000e+00
0.000000000000000000e+00
0.000000000000000000e+00
7.210905849933624268e-02
3.021450042724609375e-01
0.000000000000000000e+00
4.115898907184600830e-02
0.000000000000000000e+00
1.431883871555328369e-01
1.050350219011306763e-01
4.983683582395315170e-03
0.000000000000000000e+00
6.991843692958354950e-03
5.441036447882652283e-02
1.192283987998962402e+00
0.000000000000000000e+00
0.000000000000000000e+00
0.000000000000000000e+00
0.000000000000000000e+00
0.000000000000000000e+00
0.000000000000000000e+00
1.133472099900245667e-01
0.000000000000000000e+00
1.340502053499221802e-01
2.523620128631591797e-01
1.370082944631576538e-01
4.256321582943201065e-03
1.417015492916107178e-01
9.591673016548156738e-01
0.000000000000000000e+00
0.000000000000000000e+00
1.191494613885879517e-01
1.780575700104236603e-02
0.000000000000000000e+00
0.000000000000000000e+00
9.998385310173034668e-01
8.488107472658157349e-03
2.812569141387939453e-01
0.000000000000000000e+00
1.943753287196159363e-02
4.805128872394561768e-01
2.363334596157073975e-02
5.963168293237686157e-02
0.000000000000000000e+00
0.000000000000000000e+00
0.000000000000000000e+00
1.828715205192565918e-01
0.000000000000000000e+00
6.834996398538351059e-03
0.000000000000000000e+00
2.219456136226654053e-01
5.222955942153930664e-01
4.014202952384948730e-01
0.000000000000000000e+00
2.637605965137481689e-01
0.000000000000000000e+00
5.174534320831298828e-01
1.610489249229431152e+00
0.000000000000000000e+00
0.000000000000000000e+00
0.000000000000000000e+00
5.237073302268981934e-01
2.195871829986572266e+00
4.865984991192817688e-02
5.379852652549743652e-01
1.549047231674194336e-01
0.000000000000000000e+00
0.000000000000000000e+00
1.361302286386489868e-01
6.291036009788513184e-01
2.770363688468933105e-01
2.470938116312026978e-02
1.035528421401977539e+00
5.441361665725708008e-02
0.000000000000000000e+00
5.000545457005500793e-02
1.033478617668151855e+00
1.493924763053655624e-02
1.376383900642395020e+00
9.330711364746093750e-01
4.276504039764404297e+00
2.480407953262329102e-01
5.428108945488929749e-02
3.072105348110198975e-01
0.000000000000000000e+00
0.000000000000000000e+00
4.035800993442535400e-01
7.570992112159729004e-01
1.635559462010860443e-02
4.208799898624420166e-01
0.000000000000000000e+00
3.962637856602668762e-02
5.982163548469543457e-01
2.693373896181583405e-02
4.230153746902942657e-03
0.000000000000000000e+00
7.589912973344326019e-03
5.624997988343238831e-02
7.842998951673507690e-02
9.223448112607002258e-03
9.182886034250259399e-02
0.000000000000000000e+00
0.000000000000000000e+00
2.618298679590225220e-02
1.618288159370422363e-01
0.000000000000000000e+00
8.438748717308044434e-01
8.158462524414062500e+00
7.528519034385681152e-01
0.000000000000000000e+00
1.634506434202194214e-01
0.000000000000000000e+00
3.072681128978729248e-01
5.075516700744628906e+00
0.000000000000000000e+00
2.550971508026123047e-01
1.091931700706481934e+00
9.197600930929183960e-02
0.000000000000000000e+00
1.212483737617731094e-03
4.832786560058593750e+00
1.320316046476364136e-01
0.000000000000000000e+00
1.804114699363708496e+00
0.000000000000000000e+00
4.058265388011932373e-01
1.283447742462158203e+00
2.272262796759605408e-02
5.127917528152465820e-01
1.010768488049507141e-01
0.000000000000000000e+00
1.177619934082031250e+00
1.000418365001678467e-01
0.000000000000000000e+00
1.527462899684906006e-01
2.385134249925613403e-01
2.290784120559692383e-01
1.264658123254776001e-01
8.010116871446371078e-04
1.077288687229156494e-01
0.000000000000000000e+00
2.203999757766723633e-01
0.000000000000000000e+00
2.462525479495525360e-02
0.000000000000000000e+00
1.500674039125442505e-01
9.116928279399871826e-02
3.264437615871429443e-02
1.163101121783256531e-01
0.000000000000000000e+00
0.000000000000000000e+00
0.000000000000000000e+00
0.000000000000000000e+00
0.000000000000000000e+00
2.176720798015594482e-01
1.475136756896972656e+00
1.816680431365966797e-01
5.273039340972900391e-01
0.000000000000000000e+00
6.743912585079669952e-03
1.182198002934455872e-01
6.100258827209472656e-01
2.844860404729843140e-02
1.876555941998958588e-02
1.382347643375396729e-01
8.043242618441581726e-03
3.270571947097778320e+00
0.000000000000000000e+00
0.000000000000000000e+00
1.724542617797851562e+00
2.834005057811737061e-01
5.463328212499618530e-02
0.000000000000000000e+00
9.806486777961254120e-03
0.000000000000000000e+00
6.952303647994995117e-02
5.944688804447650909e-03
0.000000000000000000e+00
4.473158717155456543e-01
1.771139651536941528e-01
1.132029056549072266e+00
0.000000000000000000e+00
0.000000000000000000e+00
0.000000000000000000e+00
0.000000000000000000e+00
0.000000000000000000e+00
9.711796790361404419e-02
1.630228519439697266e+00
4.408475011587142944e-02
9.825006127357482910e-02
0.000000000000000000e+00
5.843473672866821289e-01
3.120174631476402283e-02
2.870473384857177734e+00
2.940181493759155273e+00
3.661171719431877136e-02
2.061634510755538940e-01
0.000000000000000000e+00
1.698815077543258667e-02
2.184468746185302734e+00
0.000000000000000000e+00
0.000000000000000000e+00
2.150297723710536957e-02
1.022589579224586487e-01
0.000000000000000000e+00
5.157466530799865723e-01
1.393787469714879990e-02
0.000000000000000000e+00
1.129754446446895599e-02
0.000000000000000000e+00
1.795229129493236542e-02
0.000000000000000000e+00
6.318476796150207520e-01
2.773744761943817139e-01
0.000000000000000000e+00
7.012198120355606079e-02
7.412815839052200317e-02
2.491058111190795898e-01
5.985765457153320312e-01
1.585049480199813843e-01
2.047145664691925049e-01
0.000000000000000000e+00
1.276162981986999512e+00
0.000000000000000000e+00
1.532160639762878418e-01
3.649669699370861053e-03
2.513683438301086426e-01
0.000000000000000000e+00
1.631533354520797729e-01
0.000000000000000000e+00
0.000000000000000000e+00
0.000000000000000000e+00
5.832035541534423828e-01
0.000000000000000000e+00
3.825326561927795410e-01
1.462985202670097351e-02
0.000000000000000000e+00
0.000000000000000000e+00
0.000000000000000000e+00
2.567275613546371460e-02
8.687134832143783569e-02
2.364823520183563232e-01
5.010804533958435059e-01
1.798775196075439453e-01
0.000000000000000000e+00
2.272369265556335449e-01
0.000000000000000000e+00
5.456936545670032501e-03
0.000000000000000000e+00
4.650500137358903885e-03
1.028535887598991394e-01
6.297139078378677368e-02
1.859004139900207520e+00
0.000000000000000000e+00
0.000000000000000000e+00
2.534869126975536346e-03
0.000000000000000000e+00
4.036122560501098633e-02
0.000000000000000000e+00
6.325579285621643066e-01
3.212037682533264160e-02
1.046885102987289429e-01
1.199896708130836487e-01
5.516305193305015564e-02
5.638454481959342957e-02
3.498680591583251953e-01
0.000000000000000000e+00
1.035801023244857788e-01
1.610361635684967041e-01
1.550041418522596359e-02
5.542501062154769897e-02
8.705974221229553223e-01
5.347776785492897034e-02
0.000000000000000000e+00
5.420416221022605896e-02
2.422564506530761719e+00
1.123537588864564896e-02
0.000000000000000000e+00
8.838194608688354492e-02
0.000000000000000000e+00
1.651626266539096832e-02
0.000000000000000000e+00
7.307224720716476440e-02
2.613609731197357178e-01
9.291744232177734375e-02
1.585838794708251953e-01
1.211884170770645142e-01
0.000000000000000000e+00
1.880909055471420288e-01
1.244156509637832642e-01
3.390775024890899658e-01
2.447137981653213501e-01
0.000000000000000000e+00
0.000000000000000000e+00
0.000000000000000000e+00
1.283231353759765625e+01
3.596457839012145996e-02
5.885886028409004211e-02
0.000000000000000000e+00
0.000000000000000000e+00
5.370225384831428528e-02
8.330660462379455566e-01
4.081530123949050903e-02
0.000000000000000000e+00
5.314703285694122314e-02
0.000000000000000000e+00
5.488125979900360107e-02
1.223952889442443848e+00
6.016767770051956177e-02
8.791182190179824829e-02
1.276692897081375122e-01
4.615371823310852051e-01
0.000000000000000000e+00
7.237721085548400879e-01
1.210493966937065125e-02
1.345252394676208496e+00
6.868126243352890015e-02
0.000000000000000000e+00
3.177455067634582520e-01
0.000000000000000000e+00
7.367622852325439453e-01
1.396494626998901367e+00
1.650715470314025879e+00
1.964882388710975647e-02
0.000000000000000000e+00
2.917183935642242432e-01
2.764038443565368652e-01
1.117721870541572571e-01
0.000000000000000000e+00
0.000000000000000000e+00
9.275802224874496460e-02
8.334047161042690277e-03
3.128408908843994141e+00
2.240591309964656830e-02
0.000000000000000000e+00
0.000000000000000000e+00
1.138309109956026077e-02
1.323118209838867188e-01
2.707553803920745850e-01
2.364090681076049805e-01
6.902970373630523682e-02
2.806706354022026062e-03
7.950604893267154694e-03
5.124500393867492676e-02
2.472337633371353149e-01
7.943552732467651367e-02
0.000000000000000000e+00
4.255378842353820801e-01
3.296405449509620667e-02
5.114591866731643677e-02
0.000000000000000000e+00
3.295007348060607910e-01
7.184165716171264648e-01
1.705109328031539917e-01
7.616527378559112549e-02
3.953798860311508179e-02
3.035259246826171875e-01
0.000000000000000000e+00
0.000000000000000000e+00
1.357166096568107605e-02
3.230133652687072754e-01
3.433842182159423828e+00
0.000000000000000000e+00
3.751694440841674805e+00
1.553656101226806641e+00
2.475621104240417480e-01
0.000000000000000000e+00
3.782126009464263916e-01
5.971964001655578613e-01
2.198844216763973236e-02
0.000000000000000000e+00
0.000000000000000000e+00
1.243017911911010742e+00
1.971084810793399811e-02
2.422458492219448090e-02
2.312623895704746246e-02
0.000000000000000000e+00
0.000000000000000000e+00
3.174991905689239502e-02
1.693466305732727051e-01
3.913796506822109222e-03
9.546556323766708374e-02
2.245311260223388672e+00
0.000000000000000000e+00
5.754595249891281128e-02
1.206582486629486084e-01
0.000000000000000000e+00
0.000000000000000000e+00
2.688446044921875000e-01
0.000000000000000000e+00
0.000000000000000000e+00
9.539993107318878174e-02
2.193092107772827148e-01
6.105126142501831055e-01
0.000000000000000000e+00
2.762835621833801270e-01
1.695744134485721588e-02
7.924934625625610352e-01
0.000000000000000000e+00
1.784923195838928223e+00
5.757589824497699738e-03
1.895136944949626923e-02
0.000000000000000000e+00
1.079327464103698730e+00
6.772943772375583649e-03
0.000000000000000000e+00
2.606048621237277985e-02
0.000000000000000000e+00
0.000000000000000000e+00
9.524857401847839355e-01
0.000000000000000000e+00
0.000000000000000000e+00
9.247618913650512695e-02
1.801195181906223297e-02
0.000000000000000000e+00
0.000000000000000000e+00
1.665142178535461426e-02
2.832297384738922119e-01
0.000000000000000000e+00
9.232202917337417603e-02
6.572555899620056152e-01
5.853288173675537109e-01
0.000000000000000000e+00
0.000000000000000000e+00
6.848753243684768677e-02
6.422164291143417358e-02
1.868563145399093628e-01
5.407043918967247009e-02
2.156656265258789062e+00
0.000000000000000000e+00
5.034318566322326660e-02
0.000000000000000000e+00
4.825668781995773315e-02
5.052699893712997437e-02
4.631877839565277100e-01
0.000000000000000000e+00
4.830532968044281006e-01
4.461571946740150452e-02
6.884574890136718750e-02
5.145520210266113281e+00
6.409359574317932129e-01
0.000000000000000000e+00
1.695646196603775024e-01
2.120897322893142700e-01
0.000000000000000000e+00
1.547755673527717590e-02
0.000000000000000000e+00
0.000000000000000000e+00
0.000000000000000000e+00
5.070754885673522949e-02
3.173637092113494873e-01
1.974960565567016602e-01
3.255371451377868652e-01
3.821244537830352783e-01
1.319440603256225586e+00
0.000000000000000000e+00
0.000000000000000000e+00
0.000000000000000000e+00
0.000000000000000000e+00
4.103696346282958984e-01
6.827946007251739502e-02
7.647018879652023315e-02
5.019307136535644531e-04
6.383090466260910034e-02
0.000000000000000000e+00
3.745976090431213379e-02
1.413422673940658569e-01
0.000000000000000000e+00
3.315713107585906982e-01
7.613739371299743652e-02
3.797146026045084000e-03
5.580658838152885437e-02
8.131386339664459229e-02
2.606456167995929718e-02
2.620588056743144989e-02
1.719776391983032227e+00
2.211466312408447266e+00
1.165182113647460938e+00
1.530169602483510971e-02
6.006086990237236023e-02
2.510292530059814453e+00
1.018542289733886719e+01
1.336261481046676636e-01
1.235834807157516479e-01
0.000000000000000000e+00
2.399950660765171051e-02
8.316202163696289062e-01
0.000000000000000000e+00
3.159712553024291992e-01
1.413069814443588257e-01
0.000000000000000000e+00
3.440394997596740723e-01
0.000000000000000000e+00
1.812293194234371185e-02
7.392162680625915527e-01
0.000000000000000000e+00
0.000000000000000000e+00
1.316400289535522461e+00
5.485038161277770996e-01
1.074420094490051270e+00
0.000000000000000000e+00
1.724896878004074097e-01
3.558653891086578369e-01
4.497448727488517761e-02
0.000000000000000000e+00
0.000000000000000000e+00
0.000000000000000000e+00
5.081360340118408203e-01
0.000000000000000000e+00
6.516121327877044678e-02
0.000000000000000000e+00
0.000000000000000000e+00
1.278830878436565399e-02
0.000000000000000000e+00
2.604498565196990967e-01
3.534799098968505859e+00
2.218397334218025208e-03
2.016233205795288086e-01
2.197170108556747437e-01
2.118181735277175903e-01
4.144490510225296021e-02
5.226329714059829712e-02
3.672889992594718933e-02
3.876420557498931885e-01
1.199729442596435547e+00
5.026588216423988342e-02
6.822874397039413452e-02
1.025243550539016724e-01
0.000000000000000000e+00
7.460709661245346069e-03
1.078965514898300171e-01
1.100564479827880859e+00
0.000000000000000000e+00
0.000000000000000000e+00
1.143582940101623535e+00
0.000000000000000000e+00
0.000000000000000000e+00
9.800240397453308105e-02
0.000000000000000000e+00
0.000000000000000000e+00
0.000000000000000000e+00
8.176264166831970215e-02
5.386795997619628906e-01
0.000000000000000000e+00
3.824264183640480042e-02
1.495297551155090332e-01
4.445609450340270996e-02
5.694041028618812561e-02
3.835210204124450684e-02
0.000000000000000000e+00
0.000000000000000000e+00
8.884650468826293945e-02
3.618181496858596802e-02
2.365088090300559998e-03
2.297610230743885040e-02
1.395322680473327637e-01
2.554194331169128418e-01
0.000000000000000000e+00
1.977166086435317993e-01
0.000000000000000000e+00
2.482763119041919708e-02
2.126286562997847795e-04
1.669511012732982635e-02
0.000000000000000000e+00
1.000576913356781006e-01
5.397974252700805664e-01
2.206735610961914062e-01
5.955009534955024719e-02
1.231808774173259735e-02
0.000000000000000000e+00
3.682788088917732239e-02
0.000000000000000000e+00
0.000000000000000000e+00
1.231093406677246094e+00
5.684119462966918945e-02
4.525901973247528076e-01
8.511151373386383057e-02
0.000000000000000000e+00
0.000000000000000000e+00
0.000000000000000000e+00
0.000000000000000000e+00
2.115034498274326324e-02
0.000000000000000000e+00
1.452180184423923492e-02
0.000000000000000000e+00
4.185975492000579834e-01
1.421796996146440506e-02
0.000000000000000000e+00
0.000000000000000000e+00
1.497447490692138672e-01
2.223953753709793091e-01
1.837892830371856689e-02
1.214687228202819824e+00
0.000000000000000000e+00
2.173088304698467255e-02
3.456831350922584534e-02
0.000000000000000000e+00
4.534624051302671432e-03
1.044963300228118896e-01
6.584336608648300171e-02
5.224216729402542114e-02
0.000000000000000000e+00
2.226455137133598328e-02
1.621925979852676392e-01
0.000000000000000000e+00
2.436696141958236694e-01
0.000000000000000000e+00
0.000000000000000000e+00
1.763733625411987305e-01
6.449053436517715454e-02
0.000000000000000000e+00
2.135265171527862549e-01
1.274655312299728394e-01
2.371714115142822266e-01
0.000000000000000000e+00
1.267599221318960190e-02
2.557825744152069092e-01
4.421205222606658936e-01
2.610503733158111572e-01
2.474115848541259766e+00
0.000000000000000000e+00
4.612060785293579102e-01
8.893239498138427734e-01
0.000000000000000000e+00
1.454281341284513474e-02
1.691332645714282990e-02
1.466305106878280640e-01
0.000000000000000000e+00
0.000000000000000000e+00
7.355633378028869629e-01
1.323889255523681641e+00
1.926674723625183105e+00
8.494193851947784424e-02
5.318999290466308594e-01
0.000000000000000000e+00
3.679408729076385498e-01
0.000000000000000000e+00
0.000000000000000000e+00
1.188696641474962234e-02
8.554998785257339478e-02
3.071388974785804749e-02
1.270242184400558472e-01
4.840463638305664062e+00
0.000000000000000000e+00
1.241132140159606934e+00
1.668756827712059021e-02
0.000000000000000000e+00
0.000000000000000000e+00
4.332472011446952820e-02
2.202027440071105957e-01
0.000000000000000000e+00
0.000000000000000000e+00
0.000000000000000000e+00
3.624057769775390625e-01
5.335601046681404114e-02
0.000000000000000000e+00
1.682916432619094849e-01
6.851328015327453613e-01
3.577215671539306641e-01
0.000000000000000000e+00
1.745892286300659180e+00
1.320375204086303711e-01
4.365329630672931671e-03
0.000000000000000000e+00
1.878964714705944061e-02
8.091062307357788086e-02
1.676655374467372894e-02
0.000000000000000000e+00
4.399307370185852051e-01
1.937709748744964600e-01
3.397530019283294678e-01
0.000000000000000000e+00
3.624666631221771240e-01
0.000000000000000000e+00
9.246183633804321289e-01
2.336287200450897217e-01
6.397040188312530518e-02
1.355137974023818970e-01
0.000000000000000000e+00
2.577108740806579590e-01
0.000000000000000000e+00
0.000000000000000000e+00
0.000000000000000000e+00
2.368424832820892334e-02
2.836406826972961426e-01
8.619611859321594238e-01
0.000000000000000000e+00
9.587595611810684204e-02
1.030944846570491791e-02
2.199308633804321289e+00
1.365775521844625473e-02
0.000000000000000000e+00
3.491455793380737305e+00
0.000000000000000000e+00
0.000000000000000000e+00
2.635741949081420898e+00
4.465515725314617157e-03
1.498736161738634109e-02
0.000000000000000000e+00
1.343909353017807007e-01
7.424334883689880371e-01
0.000000000000000000e+00
1.317535638809204102e-01
1.309490948915481567e-02
1.731382869184017181e-02
0.000000000000000000e+00
1.910281777381896973e+00
1.836438030004501343e-01
7.202253490686416626e-02
2.502385079860687256e-01
0.000000000000000000e+00
1.836544722318649292e-01
0.000000000000000000e+00
3.158768713474273682e-01
1.260539412498474121e+00
1.896892115473747253e-02
0.000000000000000000e+00
1.345675706863403320e+00
0.000000000000000000e+00
8.852167986333370209e-03
0.000000000000000000e+00
0.000000000000000000e+00
3.207990666851401329e-03
2.373484708368778229e-02
1.039377599954605103e-01
0.000000000000000000e+00
0.000000000000000000e+00
4.187646135687828064e-02
0.000000000000000000e+00
1.037193015217781067e-01
7.246854901313781738e-01
2.018619515001773834e-02
0.000000000000000000e+00
0.000000000000000000e+00
6.650463104248046875e+00
0.000000000000000000e+00
8.288663625717163086e-02
0.000000000000000000e+00
1.415417492389678955e-01
1.207669898867607117e-01
0.000000000000000000e+00
1.712930388748645782e-02
4.352669790387153625e-02
8.308745175600051880e-02
6.507997512817382812e-01
8.910576999187469482e-02
2.284394390881061554e-02
3.038568794727325439e-01
3.220890834927558899e-02
2.170467823743820190e-01
1.914560496807098389e-01
0.000000000000000000e+00
7.535730022937059402e-03
0.000000000000000000e+00
2.052948623895645142e-02
4.679485224187374115e-03
0.000000000000000000e+00
6.303418278694152832e-01
1.449952926486730576e-02
1.761636584997177124e-01
8.770328015089035034e-02
5.445939302444458008e-01
0.000000000000000000e+00
9.125877171754837036e-02
0.000000000000000000e+00
1.553427875041961670e-01
0.000000000000000000e+00
5.452018976211547852e-02
1.699675321578979492e-01
0.000000000000000000e+00
0.000000000000000000e+00
3.437959849834442139e-01
2.748716063797473907e-02
3.505846858024597168e-02
0.000000000000000000e+00
2.684387378394603729e-03
0.000000000000000000e+00
0.000000000000000000e+00
0.000000000000000000e+00
0.000000000000000000e+00
1.984480321407318115e-01
8.833201602101325989e-03
0.000000000000000000e+00
1.651499509811401367e+00
4.353215992450714111e-01
6.817194819450378418e-01
1.941357403993606567e-01
9.141342341899871826e-02
2.116737842559814453e+00
0.000000000000000000e+00
5.437518656253814697e-02
1.672080457210540771e-01
0.000000000000000000e+00
1.147485256195068359e+00
3.622704651206731796e-03
6.803522706031799316e-01
5.654346346855163574e-01
3.136261999607086182e-01
3.606783151626586914e-01
1.878092885017395020e+00
1.933217979967594147e-02
1.256064623594284058e-01
1.315544128417968750e+00
5.918781757354736328e-01
1.426480054855346680e+00
7.249677181243896484e-02
3.340131044387817383e-01
0.000000000000000000e+00
7.020162045955657959e-02
0.000000000000000000e+00
4.007219895720481873e-02
3.937546629458665848e-03
2.313275486230850220e-01
1.219784170389175415e-01
5.049727559089660645e-01
2.255792766809463501e-01
3.801358863711357117e-02
8.830223977565765381e-02
8.138193190097808838e-02
1.099155664443969727e+00
4.498879909515380859e-01
1.009799093008041382e-01
0.000000000000000000e+00
9.365605115890502930e-01
1.278370711952447891e-02
1.129267178475856781e-02
0.000000000000000000e+00
1.476769596338272095e-01
0.000000000000000000e+00
8.503649830818176270e-01
1.455343049019575119e-02
4.523554146289825439e-01
1.048785924911499023e+00
1.794745400547981262e-02
1.650502160191535950e-02
2.809334695339202881e-01
0.000000000000000000e+00
4.159198701381683350e-01
4.626238048076629639e-01
5.423801764845848083e-02
1.021818257868289948e-03
8.771540224552154541e-02
5.565638467669487000e-02
1.799175888299942017e-01
8.115486241877079010e-03
2.626829780638217926e-02
6.072410382330417633e-03
1.229231711477041245e-02
