3.220062020845015915e-12
8.681011638700386612e-12
7.736065121832780278e-10
2.828938992782692452e-11
6.788242745692230073e-10
1.128947046957762268e-09
1.727552684238631286e-10
1.074538502621180669e-08
5.447504491939980653e-08
4.590676172533392219e-10
1.637234681162169636e-09
4.442422818495828096e-10
1.956195490038226126e-07
3.257786262977901970e-10
1.552286077455278246e-09
9.242484555471719432e-10
8.389099193095717055e-09
7.178242444894067376e-10
1.698488127921393698e-09
2.191764991721356637e-09
1.024552734318895375e-10
2.538256012485362589e-06
4.163860722883327981e-08
8.609903829892573413e-07
1.689867445975323790e-08
4.373922751765846328e-11
6.866724550080860467e-11
2.050920960838809037e-10
1.456951204646672604e-12
1.028803127758881608e-12
5.028342109011929573e-13
2.814268262874008997e-11
3.715108515961462743e-12
1.632607569100608114e-12
5.382228950717715676e-13
1.071471210367658244e-11
8.542257179389167732e-11
4.208902323887819819e-12
1.239845465877964514e-11
3.935190784343234327e-10
2.709800162037367954e-09
6.608641411887106187e-11
8.874934565028524958e-08
5.089930255053332075e-07
2.455566132375519572e-11
4.186790150684238654e-11
1.269063586856189474e-11
8.040461629832407198e-10
9.208091754364655657e-12
2.359688182698715941e-12
1.127053242400144484e-10
1.812324422478805985e-11
4.068556066052012032e-14
1.374001715355455122e-12
3.286278801167830110e-12
2.439218792227304533e-11
8.514301460052497994e-13
4.053834958689384038e-12
1.282632680621453858e-11
2.139688252966731596e-11
2.004973791158715102e-11
5.130816778387004007e-12
3.537250006790948476e-11
7.058890798272710043e-12
5.141673892206100049e-11
1.126489613395564859e-11
6.265328533761049812e-12
7.894616904646767352e-11
8.182289915059648422e-12
1.290044633617259962e-11
6.873411284580299707e-10
5.025182700513219913e-11
1.918876030293503732e-10
8.091446401792268261e-10
8.792350736364085151e-10
1.264858877358943090e-11
2.001412750807229912e-11
1.145906633470694658e-11
3.663414294141631444e-10
8.478642093967536653e-11
6.439869471019932234e-12
2.340808276379835462e-11
2.235091667301958296e-09
9.982148441167737474e-11
5.074284742390133829e-11
9.247333454531769803e-10
4.005899778558585922e-10
4.775635886744566960e-09
1.973509711206133943e-07
8.751851510169217363e-08
2.639118035219212288e-09
1.871498795935622184e-07
9.333265182931427262e-08
6.164341814773877104e-10
8.629336356591466028e-09
2.971487722547294652e-09
2.340265758959958475e-09
5.523156584863464502e-12
4.637899786441579408e-11
3.511153607443917579e-12
2.414698996311415158e-11
1.115091768921772086e-10
6.742540011560327340e-13
1.649690106741985574e-11
5.083608230552205676e-13
1.620275913438717907e-09
1.028812885578433978e-12
2.255963593711385329e-08
9.682313544673304406e-13
9.720824839520858518e-12
3.773598621081841742e-12
8.038510135310872329e-11
1.946292987886621972e-10
1.881000910586294594e-10
9.894487573020027682e-13
4.498721273976657997e-12
3.608787530959278733e-13
1.751425393603511793e-12
5.565272635094098419e-13
3.455190647483341593e-11
5.015088171134163275e-12
5.514832687736337391e-11
2.994816172829928291e-09
3.996517250470787985e-08
1.093677415298088818e-08
4.550815280168762911e-11
9.539390978530182252e-12
1.232471760204134625e-07
5.221373555741593009e-09
2.546453359286715568e-08
1.281582284740068189e-09
5.363255325963045550e-11
2.307086882646913750e-10
3.869602416273210110e-10
2.276310667737035942e-10
1.348935074751977936e-09
3.379106716661084420e-11
2.066897868135963989e-12
2.396337295262895850e-11
2.925909568882861800e-13
7.832037427456250978e-13
8.418776092922186649e-11
3.944755286311441012e-11
9.604459588752334298e-12
6.242962768965298892e-08
9.934019579160846547e-11
1.402951532725182915e-09
2.790656811538227977e-12
1.139252646213673170e-12
1.958101866414430070e-12
5.674036934744108862e-11
1.945970051764334130e-10
1.070668293606802379e-11
7.925818334975076596e-11
8.261712425294831519e-10
1.244356978569172156e-10
2.489229302682360867e-07
4.764188488159959434e-10
2.746959881783084256e-10
1.024678453198646366e-09
6.666873275662510423e-09
5.044677869880942467e-11
5.419852934507307651e-12
2.677704058484664529e-09
3.000363195740374245e-12
4.194678979163590782e-11
1.124920035594501044e-11
1.598995415241777351e-11
1.275442085280076299e-09
3.791398792141187357e-11
1.626505041762982273e-10
3.152570565712053963e-11
2.646841730166715756e-12
6.581496458935021110e-11
2.580121394313295013e-10
2.962188827559941728e-10
1.656040304887085313e-10
2.530288305269134952e-11
2.819216041172190046e-11
6.147137660006407600e-11
5.623878966687367864e-12
1.402883920142983243e-10
5.409940551093228578e-11
4.292255717519566360e-10
2.390830289300538425e-08
3.351048771804698845e-09
5.961336313475840143e-09
3.797835101959634585e-10
1.894701756599559417e-10
2.032431445364579758e-10
5.504061789673997396e-11
3.779467849795992151e-09
2.782973573811631240e-10
3.542952153878786703e-09
1.023001908878606869e-11
9.422919389212580654e-11
2.025369039149182981e-10
6.772310490177346765e-10
1.759345585883309582e-10
3.227640654746011251e-10
1.713185326934762998e-08
1.168040247856438896e-10
4.018474886180456451e-09
3.012665117374524471e-11
1.087303913571702196e-09
4.201896330879861807e-10
1.015527453795961321e-10
9.409279577710094600e-09
6.378846062471410505e-11
9.232858921848219325e-11
2.442845752070876841e-11
1.477992311871290099e-10
1.320532683202202406e-09
1.666091634433541913e-06
1.100872171200251159e-09
9.439653503306999482e-10
4.347036342000620834e-10
3.282850657981839504e-09
2.114963759680676958e-09
2.053600489659856976e-08
7.794215939327386877e-09
1.251487447007093579e-07
1.138484792551075486e-10
3.548175087075833289e-08
1.959874901258373825e-10
3.761339330277113646e-12
2.409560884153449933e-10
2.476978691601239291e-11
2.326275172492842103e-08
1.905352681186300856e-10
2.818083266742377191e-10
2.864531667423619865e-10
3.061059392073239849e-11
3.024594810718816973e-11
4.275715198565066544e-11
2.971361490189394772e-10
1.924123360641516456e-11
4.637422390540990591e-11
7.284218367376027459e-11
1.392855449033891801e-11
1.579498684622926419e-11
1.030066136553653422e-11
1.149693007462815331e-09
5.433725691617041775e-11
3.795129099870564460e-09
1.135689764453218231e-09
7.955822112215571451e-11
5.467276076309701693e-10
1.191952647694449752e-10
2.451359081001580620e-11
5.922275864156389957e-11
4.536256439924279960e-11
2.467238635617263753e-10
2.105050439515920857e-10
1.991460052419569138e-10
3.083305832873861618e-09
4.965267086376456973e-10
8.544965846013496957e-10
3.219197824977371170e-11
4.944129106121408768e-09
3.626004385637315863e-08
9.283680768579216647e-11
1.064950461149294370e-09
6.397515850409263294e-10
4.782816365178632623e-10
9.463586536639922997e-08
4.381358387206546467e-09
8.485380398326469731e-09
8.393136012585511452e-12
2.260225340222632440e-10
6.628448484535809371e-11
1.561009321804363026e-09
1.531960149014910400e-11
4.829346922363697558e-10
4.784395102319649595e-10
1.445997141469312908e-11
1.289164608397896927e-10
1.734423160648645990e-10
1.102840804789728679e-10
1.840906420358390250e-11
2.052880608560680997e-11
6.533293350763358376e-11
1.727232246118148851e-11
3.101567225272106043e-09
1.371535957722658239e-11
7.287285358481554454e-12
9.400606681975176571e-11
4.785020470132739234e-12
1.693717735506972133e-11
7.971322170050032518e-13
1.807097440437166469e-12
2.951985877963636540e-10
1.439898287408647448e-11
6.400185936783486795e-11
1.433280516494050971e-08
4.461673530631315998e-10
7.411767033449478959e-11
1.174112976981556145e-11
1.132852318896926391e-11
1.757024942206086848e-10
1.043650409149332603e-11
1.409402325749931073e-12
5.360675445209572842e-12
2.038495622302960442e-10
1.459521197476332244e-12
2.296271679746997307e-12
1.185019421999500278e-12
1.744294487494857382e-12
1.028672112768358460e-11
2.339372306980891381e-10
3.552785886665188464e-12
1.236909064061819663e-08
1.122088311156232976e-09
2.750796568307123380e-07
4.380291329653118737e-08
2.596028814139117458e-08
5.114941109551907061e-11
3.292786876496478499e-11
2.013876354567400995e-08
1.926289087350596674e-06
6.658466986664279830e-07
2.300234847041338071e-08
7.989703343369569666e-11
4.629102434705600899e-09
4.112748752671535613e-10
4.681922557980833233e-11
6.739094417056168407e-13
2.493127579383802583e-11
2.094804885111045678e-10
1.182008158885639038e-12
1.280855282947968021e-11
1.452853948258336914e-10
2.701395877824364078e-11
1.487381190434788891e-10
5.105661379789516729e-11
1.395306536977614087e-08
1.824958656415631708e-10
2.278269795041865109e-10
1.194754017941335178e-11
1.353014855709488984e-08
2.529955585306442600e-11
8.988385665105458333e-13
1.447015337413537495e-11
1.018438944289101755e-10
6.728617229362354735e-12
2.642002450148339676e-10
8.341496243735591065e-11
1.058651430407842042e-10
6.277930397757813807e-10
9.176708004599021251e-12
1.384030445805706222e-09
9.014818752595132878e-11
4.043695933653168595e-12
1.074474509366041275e-09
6.390863660499235266e-08
1.506325553179976851e-08
2.288649714188295548e-09
9.676381917955723111e-10
2.867378036397472130e-11
2.568316566364803322e-11
3.943857827121144410e-12
7.489839477792248346e-12
8.206385874662269764e-13
4.440268985828055293e-11
3.158576191708561964e-06
9.236393570899963379e-01
1.345949485198616458e-08
4.624666416930267587e-06
4.917500336887314916e-05
4.806913420907221735e-05
9.947467294324496834e-10
1.575397057251848310e-08
4.363694738884760227e-09
1.015893147382485040e-07
5.980593797971778258e-09
1.047328127001811993e-10
3.862778186203286168e-08
2.676944355073374027e-08
4.658076250052545220e-06
1.477171736041782424e-05
2.613249137084494578e-07
6.626802587561542168e-06
1.725402512420259882e-06
9.707271653169868841e-10
2.922998509902186015e-09
1.390400988787732217e-10
3.460521591502896399e-10
3.504294410205943677e-09
2.413446525961759903e-11
2.488239128628499941e-11
3.149383531741989373e-12
3.634891554415986548e-10
2.834565264800414930e-12
1.742568654476694956e-12
6.692574012340246625e-12
1.634540974793097234e-10
2.777795238273483847e-08
3.902885501762265452e-13
9.233264847141597897e-11
3.871771306340754393e-11
1.227567630879278227e-10
5.226868590724187413e-11
4.951532239783063005e-11
9.524697475171706174e-09
2.490616957118163555e-08
1.627176793306261970e-08
8.361095019462916333e-13
8.754126590293509480e-11
7.632495330200939065e-12
3.418993754777943650e-09
6.514876138563607810e-11
2.504819442139538666e-11
2.563373471820007410e-11
2.317529675111007492e-11
2.707410511060270863e-11
6.608367741911536086e-10
4.686034338341471539e-10
8.059328138187993318e-07
5.259357619552540442e-12
8.295415569736785955e-12
7.532449664005014256e-11
1.340672572958112596e-10
7.036113358616091773e-10
4.557301584717787790e-12
4.936042130587736665e-10
1.073689331887450749e-10
9.619759433476815502e-10
1.151028647394802817e-10
5.741739115411315098e-12
2.740167537318427549e-10
3.219166089252212259e-08
4.313493312535499058e-11
3.025538486411960548e-09
1.432275392038162565e-11
1.492605483655040643e-09
3.898700806637123151e-11
4.067828972970088941e-13
1.150752715339820043e-09
5.978352535240816223e-11
3.145442517560326223e-10
6.004235303391780576e-11
1.435354612944195196e-11
1.966117268992206846e-09
2.191653976357788025e-11
1.640724882345789837e-11
1.346472489061056876e-09
2.688160978536746626e-11
2.613524119343679786e-10
8.699252429522630337e-10
7.128843088760605795e-12
2.650529752276642448e-12
8.680010044059827123e-10
1.230661579587621901e-11
2.563950440848117296e-11
1.144805517744318379e-11
5.807917341504875708e-11
2.232317456218879670e-06
6.177969247289638588e-11
3.501747225520546181e-10
2.471686411098517056e-09
8.285493402482302372e-10
5.328650853897443085e-10
3.503095058476901613e-07
1.193343823757686550e-08
5.014473536922581243e-13
5.735675389501038168e-12
6.070711641714687801e-12
5.686548121275336598e-08
2.840402357762172869e-10
2.948986055351099367e-10
3.309492957459525542e-10
1.011868366873613923e-08
2.769365292643044540e-10
3.407155460544153414e-11
3.487226783380203976e-12
2.591530545714704203e-09
5.753510556871788140e-09
7.836209979517061441e-12
2.664763592077901144e-12
6.034186171566258139e-12
2.561429679470705878e-10
1.984898703732973502e-11
2.378473459851981886e-11
7.721393663340236913e-11
1.526271331542261578e-09
1.978955194159581765e-12
3.528363712312909684e-10
4.232257946878981159e-11
6.237261374053559848e-08
2.402661181122311973e-08
4.569021272438078540e-10
3.454090631294093328e-07
1.458479031990478347e-10
7.535233721711609434e-12
1.311819808336167625e-08
3.441559374723485165e-13
1.642811303659286182e-10
2.582951214025186459e-11
3.028991280018544785e-09
9.794852706690448940e-10
4.026027775050344815e-11
4.198299208280076300e-10
3.693411028404813834e-12
2.817720232486942145e-12
4.345144383188781489e-11
2.867613264900814585e-11
6.208765446213959649e-11
8.204938811706696811e-11
2.332482818001579972e-11
3.965377505521505697e-12
1.937913083338571596e-07
4.801054952902061856e-12
9.163926562028024136e-11
2.087072042966653385e-10
1.943492172751248859e-10
6.459336399089465885e-10
2.388239050965523802e-10
1.344555057585239410e-02
4.873129677562815232e-11
5.948810020972583601e-12
2.317286466879675544e-11
7.142312999711131205e-13
2.035985269266404885e-10
2.876995530698422954e-09
5.406598085899716466e-11
2.928212533559459985e-11
1.929850584891923404e-10
1.054046953885556803e-11
1.545342499797985880e-11
3.125549818960848825e-11
9.461716965475375218e-10
2.811535943295084827e-12
7.157795623574658705e-12
3.460217945505661419e-10
9.981515614043701135e-12
3.151889339803037871e-12
2.969252932416566182e-07
5.838040606498395846e-10
7.167119675521860245e-10
5.486418611089227682e-12
1.026237782753014471e-06
8.662854461549684970e-11
2.119732445127198162e-10
1.144768394661932476e-11
2.832971053925992244e-12
1.858449283353991177e-09
4.723663238337394432e-09
2.253948555575036039e-10
6.437978188750248520e-12
1.315346026542485447e-10
1.082567060084124733e-13
1.523558189331364332e-12
1.474663863243463879e-10
1.922414866184496418e-10
2.032876551538720378e-07
1.192088703305671515e-07
7.380013267166418700e-11
7.083090736159647349e-07
8.505708637418507578e-11
1.598971129113113676e-11
2.206286152037217896e-12
2.232227597209757164e-10
7.204152274731256966e-10
1.677212513838399754e-12
1.035582522512790149e-10
5.662446900256412619e-11
1.579706504495348440e-11
7.558336768964668551e-12
4.437610348628773238e-11
2.851240771262197882e-11
8.729910891402958839e-12
2.903851985258665280e-11
6.629860722917602089e-12
6.974550277594193659e-12
1.236759916700691520e-09
1.989751419184671022e-10
2.238268737020376875e-10
5.149805470949786468e-09
7.818601321929463666e-10
1.336944999152933633e-09
4.775113637833783287e-10
9.918399435093760985e-11
4.603591674534612821e-10
9.332459249833391368e-09
6.594400719928117383e-11
7.213209196610392837e-11
3.457811370566332698e-09
3.604239129373354444e-10
1.959996184450196743e-12
5.982527667702797203e-11
7.140300937319432606e-12
2.977817992189102370e-10
3.003225923156604971e-12
3.907895188004495424e-11
1.968811558228367176e-09
2.681484201350059493e-10
4.626451999278913263e-10
4.209705067176328086e-12
8.808762053114094215e-11
7.177171357231060256e-11
8.809322607703506947e-04
4.592390009938718265e-11
9.686300472822040319e-06
9.125802891141177042e-10
2.327629755605187256e-11
4.028466742047459581e-13
9.884306914620388795e-12
2.441820877441269744e-11
1.428162310634917276e-10
2.137357402176576215e-09
2.003613941425896883e-10
1.138717176107917339e-10
2.054303394061207655e-10
1.116293689429337377e-11
7.991283849928532135e-12
4.401817105259553387e-11
8.748702384764328599e-05
9.133482303802509250e-10
4.025525246476036045e-09
1.102712504641445435e-10
2.773349258577972876e-11
8.568288301091797621e-10
7.632990593753330444e-12
7.451729788776617625e-10
1.164486584416535297e-12
1.222660159783117706e-07
1.262053178976985102e-12
6.759733831712688712e-12
5.214247700280338904e-09
1.446454284473319696e-12
1.035356869683035086e-11
5.797853516731343859e-12
5.640715672328155961e-11
2.890096384433604726e-09
4.751177673512074762e-09
6.332442209489030915e-11
1.314969799715015597e-10
2.594625070351241902e-10
1.058122547914486233e-10
1.002056770893489102e-10
2.607331397227324876e-13
2.628869778115161537e-12
1.351087158818486955e-10
2.175827573669408821e-10
3.957214000926967401e-10
6.013351678848266602e-02
5.657977905637601168e-11
2.628680779992453864e-11
6.020622889124638277e-11
1.373164915108304740e-10
1.307534969186008311e-09
1.890509797319861462e-11
5.924798429646216391e-10
2.166851767460009626e-11
1.043017668761470063e-11
1.063269333689831342e-10
1.190166454972940713e-11
3.170820273012964208e-10
9.415247748112420823e-11
1.118268563686519723e-12
1.108740543820374569e-09
1.352775443747011863e-11
4.322039687948420195e-12
1.547438066573647575e-09
1.020112744276602257e-10
3.426712255963360043e-12
1.211580946680612669e-09
2.458192982501827828e-09
2.304151713872215623e-08
2.452786862505718091e-10
2.190580911110018292e-10
8.462732181691023925e-10
3.923594088517390333e-11
1.403329384121188017e-12
5.707196173987405530e-11
2.072511433304224937e-12
6.543238839640252991e-09
7.944882085553217621e-09
1.606677985099835837e-11
1.619156614340866440e-10
1.844445603194078132e-11
5.590887475204198154e-11
6.262423024594454546e-09
9.324781918840230333e-11
4.237508260951372563e-11
1.365312919145156290e-12
1.129682068376491877e-12
3.483841362096617988e-13
1.754171113921287883e-11
2.462329298791310350e-11
6.083676340473687105e-10
3.085348599871085007e-12
1.043429492114666957e-11
4.967427025270865215e-10
2.378710561856678396e-10
1.771694901897546970e-09
4.886870352827088482e-10
9.930533478863523555e-11
9.323043448361545416e-10
1.128238946712656343e-09
3.172143103746805082e-11
1.699071248140171519e-07
1.363704704715473781e-08
4.575262738115704053e-11
1.262121795964077364e-10
3.177344845561869136e-11
3.926725888891979821e-10
5.602063604670526331e-11
1.463675225465976837e-08
3.137284702858789132e-12
9.341925150119223531e-11
4.393318174533700216e-12
4.778874865274396200e-11
2.247443550706940130e-11
1.019101539267985856e-10
5.732973557687204291e-12
7.179273175950129371e-09
1.106340227763347173e-10
3.911810892986977706e-07
3.514999923071027155e-12
2.656918608734404330e-11
1.018185882828426259e-11
3.007039062197236490e-11
3.457305188664383522e-12
3.281270153365767328e-07
4.013895986421101014e-12
1.166046751342741938e-12
3.750624116838352506e-11
1.270157579114084001e-08
7.069970303641426312e-11
1.317480430307327310e-10
3.449663221744003749e-09
1.221107199730897541e-12
8.958782418631017208e-04
8.939871759539030904e-11
3.545011784122920062e-10
4.666981801015879228e-10
2.187311720636131440e-10
1.015393741310433029e-10
2.312932484427321356e-11
3.971186990359143465e-10
1.242620867314414568e-10
4.803166753220011742e-10
1.551106088015785645e-08
1.994424903006830618e-10
8.157388826923739344e-12
3.674983095613981732e-10
1.467373965391427504e-11
4.188770857949108972e-11
8.181373634119637472e-11
6.643532512312644300e-12
5.032578173636004237e-11
2.266771437220427288e-09
5.020945898631667959e-12
7.744015562138883979e-08
9.881023999014360015e-09
2.912405039356968928e-11
2.979918395373815088e-11
1.658906825241501792e-07
3.383685345803577604e-11
2.207301876000489216e-11
1.129129081900437370e-11
1.254799153471708451e-09
1.642650598876471690e-11
1.372709168556696113e-10
9.635394912499428699e-12
4.227260763656204290e-09
7.724756390103948434e-10
3.890548327944998164e-09
2.310066721245007670e-11
8.300717752041109065e-12
5.485741375044206336e-11
1.106927811633795500e-07
3.749312926099035437e-12
8.856450295358087033e-12
4.905257866560930324e-10
6.074006853040714304e-10
1.011355177382711190e-08
7.050679595721476289e-09
1.186343800974043461e-10
2.907310374666849384e-07
6.677280395273044178e-10
1.878623784312694056e-10
4.165725542293330363e-09
1.686973893910703737e-10
2.072899837890496144e-11
2.654311492822358787e-10
1.009034744647863135e-09
9.235210252783732088e-13
2.392787357141656912e-12
2.647307720260450026e-11
2.929422482367272096e-09
1.189406906298984268e-10
5.831913944820410478e-12
2.036652617387613162e-11
4.234214429743587971e-06
3.578827900696524011e-08
3.170897225346358539e-11
2.748586731479707446e-12
4.667371003574949384e-11
1.724190755447718715e-11
3.482502480833815639e-11
9.445047174927445610e-12
1.262860926942721562e-10
7.118258673471933307e-12
2.780289054538087612e-10
3.479583288168441868e-10
5.383310153206366522e-08
5.504872668815607994e-10
1.021533638928540100e-11
1.056599946425151870e-10
5.485061363441623428e-11
1.121218140553992271e-08
4.735067372918511097e-12
2.141639990349553102e-11
8.888516589422579273e-09
2.860409409333186659e-10
7.091210865034502930e-12
1.343217315152855917e-09
2.469975557417569689e-09
1.891779441431928888e-11
2.018524680735822585e-09
2.149490169189860467e-10
1.792875570227892013e-10
3.837958839625343899e-10
7.403073813694316385e-12
2.521232667085371304e-10
8.286824460142228066e-13
2.344724858716062954e-09
4.388917285158555615e-10
3.408467108556578751e-08
9.236499586007251850e-12
7.323907339014112949e-04
2.660207387705781912e-09
3.146634688921956524e-11
9.547615142935228505e-09
1.684392209044816013e-10
1.837360125156450863e-11
2.276625285860256476e-12
8.109419127322325949e-07
6.492075044661760330e-06
5.895632593233557373e-11
1.565305551842754994e-09
3.883836598106427118e-06
1.868293159068556974e-10
1.281875716685476618e-09
1.100707719414728558e-10
2.394886511325466927e-09
2.217776136348437177e-11
4.753699170412239994e-12
2.329667481149044761e-08
3.363278988643969569e-09
6.921402895265771349e-10
1.101657765012475920e-09
6.492861248652559425e-10
1.812226035902142485e-09
1.547020644920849008e-07
5.467826191818403458e-11
3.378085295935306931e-07
3.911345639734387092e-12
7.211380104177322892e-11
2.166756704613526097e-11
4.686904198081265349e-09
4.779513460562156979e-07
3.910490420366841136e-07
4.443106993434753349e-11
8.046149163609683796e-11
5.198374022907792380e-11
1.029698895593789132e-11
4.275011768195557949e-12
6.332984830992316461e-11
1.618842615513926830e-09
2.713120172970207022e-09
1.752129774601485224e-09
9.870964490232836397e-09
1.074698463554568661e-08
4.861710686809850301e-11
2.073881760766838056e-10
2.147923505724236293e-11
2.952962852020846185e-08
8.949195162699652428e-09
2.272770582845140552e-10
2.770728368961528076e-10
2.311367069962599885e-11
9.136949530308413614e-10
4.176124723809238048e-12
2.336783327602787175e-12
4.185973182663227377e-12
5.459971363919180476e-10
5.495371269148563442e-09
3.424121814532554708e-06
6.417353627663491267e-13
2.510608387851220868e-10
8.986722498972865569e-13
5.671580566302125703e-11
2.366491287375538377e-07
3.563646253090801963e-11
4.615388279893828383e-11
6.283180642441266173e-09
3.217086319562412200e-11
1.130958615647159604e-08
3.971574859349541464e-13
3.150013139219254299e-09
4.818379584214937950e-10
1.662455034745491389e-10
1.175966962696506357e-10
1.100565055756064226e-10
1.019830140475130875e-11
1.442572550303111711e-08
1.370299186620460574e-11
1.060368633176711484e-11
3.169375040190658410e-10
1.123343085218664328e-09
9.368228006678691600e-07
7.388153283605092270e-11
4.296236144618603703e-10
1.085796730304622315e-10
1.058160330191793008e-11
4.584618795711037365e-11
1.769099000625828921e-08
3.173105938003573101e-07
9.748258866792980371e-10
2.688774767070634120e-12
7.465831880666684572e-13
5.276224335909462937e-13
1.786006672416240448e-12
1.703358157648104942e-12
1.120642858024045729e-12
9.303516984582316240e-11
2.276357401187478757e-11
4.495661135028861111e-11
1.333650551105236559e-11
2.044937774670074759e-09
2.299022517499027529e-13
1.421310985572077357e-11
1.579830190279185587e-11
2.060336710268950711e-12
2.676322531647290504e-11
1.743177824309327661e-11
2.114783174966827772e-12
2.979678569853261294e-12
5.303509801463102136e-12
2.110375025773936208e-12
5.628259663881252095e-11
1.624247090992181342e-11
1.872575662240083538e-12
3.290729355676091927e-10
5.616121109830451985e-11
2.059854196934107762e-11
9.746947172983855268e-12
2.801918697059591068e-10
1.748222400177468216e-11
3.755842858943481133e-11
4.743732073819728612e-10
5.699260618996504490e-09
2.520529444882679826e-11
1.235391788867445939e-10
2.359965001197394940e-10
1.154769724287518784e-09
9.601180094021000144e-12
7.755814740439959110e-11
3.333441107779971935e-13
1.341792389003559904e-11
9.495347216836869109e-13
2.571198462475443591e-11
9.666055933096884267e-13
1.708999747274120296e-10
1.820818344190622273e-13
7.340816843282027548e-11
3.518724547846296957e-11
4.554082666530234746e-10
6.324258947643102147e-07
8.332317236181552289e-08
1.365565105437838156e-09
1.442130095896665409e-11
2.736494017496760023e-11
1.476297661895387137e-08
1.803057286808851245e-10
2.191927750416766685e-09
4.393328756346903674e-11
1.516614567265150981e-08
7.764950904487477601e-10
5.573681099990679400e-11
5.805450564722036688e-10
3.906145962240259450e-10
3.227165409902532645e-11
1.277242200892203527e-11
1.955895001515273179e-09
1.151231110441131023e-09
5.721171314476691805e-10
1.232052654343007703e-10
5.736337516104583756e-10
6.836418930955545648e-11
3.959010896892323217e-10
2.867175941112520832e-11
1.237662888842194775e-10
8.471573269275278761e-12
6.899986766846499808e-13
6.847844957746929140e-09
5.450780105054064961e-11
