5.199927272769855335e-06
6.598664185730740428e-05
5.456676603898813482e-07
4.576472747430671006e-06
2.427733988952240907e-06
9.909657388925552368e-02
1.913057118654251099e-01
7.572313052151002921e-07
9.313011446465679910e-07
4.475007919779727672e-09
6.667081109412720252e-09
1.444225006252963794e-08
2.439284507715910877e-08
1.790342807339584397e-08
3.964064632100416929e-08
6.744846903217194267e-09
3.077162080700190927e-09
1.309920918401985546e-07
3.348699317839987089e-09
5.223826704536804755e-09
4.397032515868204428e-09
1.538020555358343699e-08
6.135378782801126363e-08
9.561912861499877181e-08
5.839720174094509275e-08
1.248676539944426622e-06
5.112008807373058517e-07
7.244695552799385041e-06
1.571921711729373783e-05
1.702624649624340236e-05
3.000700189659255557e-06
1.091808098863111809e-05
1.404750400979537517e-05
2.210670936619862914e-04
1.634034924791194499e-05
5.602305009233532473e-06
6.110488902777433395e-05
3.746955553651787341e-05
4.825681116926716641e-06
1.751322145082667703e-07
2.081574024259680300e-07
2.353220907025388442e-07
1.018640105598933587e-07
5.557824351853923872e-07
6.206067126868219930e-08
9.268971012943438836e-08
1.830360361054772511e-07
3.756769615392840933e-07
2.210280847236845148e-08
1.107438265535165556e-07
6.667564207418763544e-07
2.248335113108623773e-05
1.775188422925566556e-07
7.668813140071506496e-08
1.873878545666229911e-07
3.238006627270806348e-07
2.778455154839321040e-07
3.501305201325521921e-08
5.140411758475238457e-07
1.151913906483059691e-07
2.291156988576403819e-06
3.842914964025112567e-07
4.025036162147443974e-07
5.841477559442864731e-07
3.098436707205109997e-08
2.672750815690960735e-05
2.592995542727294378e-07
3.120630154285208846e-08
3.313414254080271348e-08
2.023670333528571064e-07
2.786988595460115903e-08
7.164421731431502849e-07
1.148863315592052459e-08
3.546735172221815446e-08
4.612064969933271641e-07
2.232571638671743131e-08
3.977532401222561020e-07
7.524466383301842143e-08
2.398593039742991095e-07
2.256016529145199456e-08
7.094796306006401210e-09
4.490931004852427577e-08
9.220154595368512673e-08
1.287814370698470157e-07
1.082986145206632500e-07
2.651946147125272546e-07
1.188603732771298382e-06
8.955415964351232105e-09
1.954708466200827388e-07
1.841149099846006720e-08
4.285390886593631876e-08
2.807656551695458802e-09
2.029570733697028118e-09
1.090616450483139488e-07
1.392564968227816280e-06
4.479645099308982026e-09
3.491681255241019244e-08
1.866271418293763418e-06
2.268889076617597311e-08
9.192032734972599428e-08
1.201922028570834300e-08
1.636245315239648335e-06
1.708032044689389295e-07
1.766198920449824072e-06
5.037781303229849073e-09
2.576009450194760575e-08
1.916424530179483554e-08
3.445005277171730995e-04
1.639686815906316042e-04
4.922896623611450195e-04
1.593175344169139862e-02
6.524822993014822714e-07
2.033127937465906143e-03
2.177314367145299911e-03
7.824780419468879700e-03
5.764169692993164062e-01
4.233890213072299957e-04
1.287888735532760620e-04
1.308867649640887976e-04
1.174457604065537453e-03
5.859678640263155103e-05
5.204849003348499537e-06
1.380892854285775684e-06
3.304324491182342172e-05
3.412342493902542628e-06
1.534198061563074589e-03
5.711601716029690579e-06
1.020545870034084146e-09
5.635455213592877044e-09
2.999299510975106386e-07
1.766833293004310690e-07
1.426765106060656763e-08
6.462523405303954860e-09
1.550035477748679114e-07
9.886646168411061808e-09
4.348684967681037961e-08
5.055380114526997204e-08
6.435216359790274510e-09
1.213524924992270826e-08
7.701093984735507547e-09
2.902351603495390009e-08
2.953646038861279521e-08
5.274356507101174429e-09
1.330649990194388010e-08
1.985837059237383073e-07
2.110763972495988128e-07
7.939126334122192929e-08
9.486756198384682648e-07
4.817893568542785943e-07
1.967268508451525122e-05
1.123671268032921944e-06
3.533026301738573238e-06
4.611822479461125113e-09
5.193162522232341871e-08
2.460567998241458554e-07
1.586105042861163383e-07
8.571594634076973307e-08
1.376757836624165066e-07
1.306804051637300290e-07
4.847893251280765980e-07
2.415404232181117550e-08
6.355445236749801552e-08
2.348700860466124141e-07
8.721436728365006275e-08
3.270504578267718898e-08
5.118153012517723255e-08
2.704391732777366997e-08
3.121509717374237880e-09
4.185267812317761127e-07
4.623986971097338028e-09
7.099371757135486405e-09
5.854232654201041441e-07
8.745266200094192754e-08
2.987448510793910827e-08
6.895477966395446856e-09
2.697450929289857413e-09
2.847621694002100412e-08
4.061582625780602029e-09
5.177716388971020933e-07
1.025048419478480355e-07
1.489560332856854075e-07
3.229811973426421901e-09
6.945541741742999875e-08
3.873409148980044847e-09
5.716544038136817107e-08
6.320713197283112095e-08
2.357737294289563579e-08
1.160604199412773596e-07
3.841053253239579135e-09
9.018908286861915258e-09
1.277660865994789674e-09
7.085773034987141727e-08
3.234591616774196154e-08
1.609362811905157287e-07
2.597910997437224978e-09
7.863621931392117403e-08
1.669610760757223034e-08
5.336854513871003292e-09
3.422094607685721712e-09
6.269480223863865831e-08
8.452627042743188213e-09
2.422863758511084598e-07
1.008366190546894359e-08
1.295071001550240908e-07
7.548364777676397352e-08
3.868725002575956751e-07
2.350171968146241852e-08
4.253236056683817878e-07
1.071553128895175178e-06
2.517583084227226209e-07
6.754601855618602713e-08
3.211339389963541180e-06
7.480528552150644828e-08
4.854653070651693270e-07
1.548578723031823756e-07
1.616458433773004799e-07
1.271753458098601186e-08
8.986613408978882944e-08
3.086044841893453849e-08
2.814587105604005046e-07
1.647409959559809067e-07
1.437988998986838851e-07
1.155215922921115634e-08
1.118163268643002084e-07
1.963533513560378196e-08
1.078450040381540020e-07
3.566088224715713295e-08
1.348812332935267477e-07
5.144909387411189527e-09
7.209562280507952892e-09
9.090602048900109367e-08
1.061020782344712643e-07
6.311244504786373000e-08
1.225382373348793408e-08
4.767006771544402000e-07
3.596018416374135995e-08
1.430419871439880808e-07
1.733564545247645583e-06
4.631006333966070088e-08
1.290327755754105965e-08
5.133746938668082294e-08
2.608413751659099944e-08
3.435642668137006694e-07
1.132556093352832249e-07
1.834593632565884036e-08
3.723936714550291072e-08
4.647552742653715541e-08
1.802052551624910848e-08
5.781433110030320677e-09
2.708464386103059951e-08
4.191624469740418135e-08
1.486178348386602011e-06
3.663063807834987529e-08
8.837886156243257574e-08
1.229300607974437298e-07
5.425855675866841921e-08
2.298746011319963145e-07
8.648467542116122786e-08
6.744251379586785333e-08
1.233944203704595566e-06
1.800773787863363395e-07
1.189255058875460236e-07
1.190934195705040111e-08
1.780376379656445351e-07
7.455545159018583945e-08
4.060947844664042350e-07
4.819425569735358295e-08
2.402332377471338987e-08
2.221298878168909141e-08
1.081049649798160317e-08
4.518276419673838973e-09
3.790066926967483596e-09
2.176536639808546170e-08
8.825092834285896970e-08
1.221024170661166863e-08
1.567110774480795499e-09
1.245087588586102356e-08
1.739156374469530419e-08
3.207068166588555869e-09
1.868549226458071644e-08
2.011489641517982818e-08
1.122543302756184858e-08
7.388394607232839917e-08
1.497157597896148218e-08
5.089201948749177973e-08
1.123057202789823350e-08
5.770661815063249378e-08
2.553497324697673321e-08
3.023800729806680465e-07
2.336174276251767878e-08
3.411006730402732501e-07
3.551798855028209800e-08
1.937536175944387651e-08
1.241814260311002727e-07
2.651229280559164181e-08
2.371949925361604983e-08
3.683499301132542314e-07
2.335691862143107755e-09
1.355970482563861879e-07
1.536683669201011071e-08
7.905988042011813377e-08
1.811680135688220616e-06
8.421564245963963913e-08
1.879866751153258519e-08
2.074905978588503785e-06
3.117226015092455782e-07
1.570248741700197570e-06
8.764694570118081174e-08
8.878834023562376387e-08
1.194094807033252437e-06
3.019220685018808581e-06
1.114666137169706417e-08
3.440276685751086916e-08
1.618486145105180185e-08
2.417898770090687321e-07
5.216262621843270608e-08
7.508538857337043737e-08
3.544867013260954991e-07
5.943211434100703627e-08
2.054532899364858167e-07
5.123749247104569804e-08
1.207676064041152131e-06
2.111033791152294725e-05
5.973569159323233180e-07
2.162035457331512589e-07
1.437005494153709151e-06
7.932478069960779976e-07
4.024861846119165421e-04
9.707301796879619360e-05
1.421425113221630454e-04
1.471376975814564503e-07
2.236262197641281091e-08
2.138517629646230489e-08
3.447782091825501993e-06
6.528899803015519865e-07
6.086677384331551366e-09
1.682246697498612775e-08
1.510187672693064087e-07
3.272405990628612926e-07
2.304996904456402262e-08
1.228486041782161919e-07
3.902283879142487422e-06
3.036408600110007683e-07
5.693885363200479333e-09
7.170084245444741100e-06
1.468696382289635949e-07
3.189854069773900846e-08
3.888556676656662603e-08
6.668616236993329949e-08
6.548423581165252472e-09
4.619321036791745883e-10
4.793661911861590852e-09
4.486778593104645552e-08
6.313481737407755645e-09
3.131121806276837560e-09
1.052679010626889067e-08
2.774938536731497152e-07
4.157982047559016792e-08
9.447710880294835079e-08
3.273855853080931411e-08
5.283877158035465982e-07
8.105089221999151050e-08
6.510818479910085443e-07
6.552619197464082390e-06
2.469025446316663874e-07
1.692260838126458111e-07
2.973173041098675640e-09
4.627559668790581782e-09
1.463728249717632934e-09
8.749143076691723309e-10
3.708249263212337610e-09
5.978418649021932652e-09
1.278417194328085316e-08
1.169508365705951292e-07
2.552961575474910205e-08
1.631639712229571160e-09
8.854188493501169432e-09
7.324881323711451842e-08
9.443603232739405939e-08
3.845482510200781689e-08
2.379961330234436900e-07
2.140949995066421252e-08
1.341526996156972018e-07
1.284896966602389057e-09
2.559104217425556271e-08
1.933836756506934762e-06
8.809171276880078949e-07
1.541847094443937749e-09
3.378907109663487063e-08
3.801230548106104834e-07
6.354440003633499146e-02
2.086574681925412733e-07
5.782760563306510448e-04
1.096967025659978390e-03
2.134180249413475394e-06
7.271971753652906045e-07
2.043924323515966535e-04
1.237414870411157608e-02
2.512250496522483445e-08
3.518436386684697936e-08
5.229908062176491512e-09
1.212779210391090601e-07
3.459748043610488821e-08
4.582027257615806093e-10
6.873939195628508969e-10
1.128484861112610815e-09
3.789418201449734624e-08
1.110525893466274283e-08
1.572164975982559554e-08
8.733142209393918165e-09
1.630638735150569119e-08
5.369257110032776836e-07
5.549421544515098503e-08
1.292248885675917336e-08
1.902571256096052821e-07
6.271983875194564462e-05
1.083050094052850909e-07
1.766639314837448183e-07
1.398960169929353015e-09
5.052821052231593058e-06
3.134523396397526085e-08
3.772644063815278059e-08
1.176307495853734508e-08
7.457649076059169602e-08
2.002241750176381174e-08
4.531492336923292896e-08
8.636944492934617301e-10
2.348612682112616312e-08
6.848129601166874636e-07
2.605096369734383188e-07
9.489269814366707578e-09
3.656109868188650580e-07
4.186972102360186909e-09
4.820037702302215621e-06
9.582969369148486294e-07
2.359476184210507199e-06
2.503826479482995637e-08
8.625868908040956740e-09
1.267921678760330906e-08
4.099196537765692483e-09
2.336205362496457383e-08
5.993032345941173844e-07
1.449257602814668644e-09
1.491572447775979526e-06
2.343751415168071617e-09
2.318631004527560435e-06
3.042613272441485606e-08
1.648060532488671015e-07
2.529623941427416867e-07
1.327534437933763911e-08
4.930410746339930483e-09
1.353252372382485191e-07
3.500454185996204615e-04
2.792456932354525634e-09
1.026371343471055297e-08
2.719076803714415291e-07
3.755800648264084884e-08
6.612974175368435681e-06
5.224135790626860398e-09
3.105663836322491989e-06
5.326522778403841585e-09
1.112020839855176746e-07
6.069219580240314826e-07
4.463114692043745890e-06
2.181708254056502483e-07
1.808725280660894441e-09
2.953836064634174363e-09
1.220566673509893008e-06
3.885983801410475280e-08
3.432652420087833889e-07
1.886018935692845844e-06
6.644166994362876721e-09
1.816639496610150672e-07
5.864172258895905543e-09
2.084325387841090560e-07
2.178371403260825900e-07
7.999887543519434985e-07
3.016175365022633059e-10
1.190373222215157512e-08
1.802468574396698386e-08
1.315875692853296641e-07
9.013090829235181900e-10
3.076874532936813011e-09
2.878299376618542738e-08
1.365459656454959259e-08
1.983922537363014271e-08
2.972193868799877237e-08
1.506111573235102696e-07
2.388825848242959182e-08
2.777880148130407179e-09
2.452815408560127253e-07
2.580400959573125874e-08
2.922704709362733411e-07
9.487279406528159598e-09
8.272384377505659359e-08
1.170111296744380525e-08
3.584840726489346707e-07
1.450569087069197849e-08
2.110803087873591721e-08
7.593117743454058655e-07
1.652615999603312957e-08
1.469894499450674630e-07
2.409741910014417954e-06
8.244452232020194060e-09
7.604071328159989207e-08
8.051608091363959829e-08
3.774097478981275344e-08
3.484356980720804131e-08
3.440887397232472722e-08
1.086025349650299177e-06
2.239334273568260869e-09
2.510348728890221537e-08
1.826317569397772900e-10
2.674256371903993568e-08
1.189857457006837649e-07
1.279126536246621981e-05
6.983577236496785190e-07
4.470014913771080955e-10
6.613752816519991029e-07
1.238956159888005004e-09
1.395768407519426546e-07
8.230210255533165764e-07
4.016657726424455177e-07
5.996728447144050733e-08
1.176259942781143764e-07
3.653627844713014383e-09
6.379939243572607666e-09
7.761761011693124601e-09
1.323314506862516282e-07
1.162762418971396983e-05
3.977272555744093552e-08
4.202744463555063703e-08
7.488869080418680824e-09
7.634859144900474348e-08
9.189109029250630556e-09
4.689911126121160123e-09
7.591220985148083855e-09
1.246890923845000998e-09
2.163209877892313671e-08
2.103015184218293143e-08
7.161439219416365631e-10
7.495218312669749139e-08
1.219006122710197815e-07
2.386799025089203496e-08
2.343557099493409623e-07
8.356508374163240660e-09
1.312936319664004259e-07
9.740438455807520768e-10
5.196079677638465455e-10
6.169129846966825426e-07
2.630856865692976498e-09
4.859847990701382514e-08
2.710239641601219773e-06
5.261405089385107203e-09
3.253689262461278986e-10
1.229451207507281651e-08
3.260182790398857833e-09
1.820426291487819981e-06
2.320861796079043415e-07
3.355075151034725423e-08
7.017889203098093276e-08
2.939267162993530746e-10
6.790004931644944008e-07
9.344536255895263821e-10
3.777295631834931555e-08
7.245334554539795135e-09
8.648500227081967751e-08
9.500743658463761676e-07
1.023017190959762956e-07
6.372377470142964739e-08
3.734442444169872033e-08
1.605844124341615498e-09
7.685492420250739087e-08
2.736753934584612580e-09
2.119229236541286809e-07
3.991475949760570074e-08
2.413110777865767886e-08
1.048672544357032166e-07
4.074304058576672105e-07
8.761907643872746121e-09
1.960431283976049599e-08
1.895605805657396559e-07
2.886441734517575242e-06
7.001835555797697452e-09
6.587280495295999572e-06
6.122589724100180320e-08
2.487969119613353541e-08
3.863841158135983278e-08
1.046502120516379364e-06
9.480854146204364952e-08
1.863619480957368069e-08
8.781562428339384496e-06
3.947560944794759052e-09
7.389980538619056460e-08
6.230511218063838896e-08
2.529346510016239336e-09
3.552949578988773283e-07
2.453675129743260186e-08
1.286602113736989850e-08
4.526216628164547728e-07
3.767049605585270911e-08
1.464000547457544599e-07
7.643426869208269636e-08
6.971076493833550103e-10
1.581211073187205329e-08
7.641393295898524229e-08
6.463303492409977480e-08
1.167282675851311069e-06
1.424130591232142251e-08
1.162204021909474250e-08
1.245088299128838116e-07
1.749697844388720114e-07
1.331825494332861126e-08
1.196599086483729479e-08
8.124824489641468972e-06
8.965123754478554474e-09
2.898650564020499587e-08
1.647385516889698920e-08
3.362840061527094804e-06
4.896513701169169508e-07
5.020881843620372820e-08
1.777826952320538112e-08
7.275561841879607528e-08
5.510813583242679670e-09
1.309080399636286529e-09
1.353334999620869894e-09
2.808200463277898962e-07
8.395262085514332284e-08
2.517262842616219132e-08
5.070986119903864164e-08
1.341554511924414328e-08
2.517602410989638884e-07
1.026141838167404785e-09
1.420061934709337947e-08
4.972439526795824349e-08
5.914958300934358704e-09
2.119769106911917333e-07
1.287033001062809490e-06
1.252012498298427090e-05
3.187275751770357601e-06
1.179380770821580882e-08
2.942930905192042701e-06
4.061306313474233320e-08
6.845606549177318811e-06
1.038033872191590490e-07
6.644468442118522944e-08
1.303507435324036123e-08
2.436424750840160414e-08
3.141392923566854734e-09
2.266163079411853687e-07
5.177604478490138717e-08
2.808493526629263215e-08
1.102241053985153485e-08
1.771848801013220509e-08
1.737959109959774651e-08
4.004513698419032153e-07
1.996766201273203478e-07
4.495734617915303488e-10
1.099549308491987176e-06
3.213918944311444648e-06
6.418940756702795625e-08
1.090051604535346996e-09
2.051956160542545149e-09
2.427739342891754859e-09
1.331152077455044491e-07
7.314036487571229372e-09
1.289194244691316271e-07
1.295298375225684140e-07
1.096527046939854699e-08
4.406849640758991882e-08
1.390209636298322948e-08
5.554343207592182807e-09
1.060361256577380118e-07
2.384069475169781072e-08
4.464327574282833666e-08
2.867858395205757915e-09
9.368476838744754787e-08
1.157322628841939149e-07
3.156652041980123613e-07
2.059883001948037418e-07
5.430129021988250315e-07
8.055774713966457057e-09
1.413576189435161723e-08
2.046644187458923625e-09
1.282458015339216217e-06
1.409457084378118452e-08
4.658822216896396640e-09
3.102544887667590956e-09
1.277173589109281693e-09
9.068322981420351425e-08
2.662717868417985301e-08
1.982519037824204133e-08
2.273426616739016026e-06
1.485264647271833383e-06
1.254482118184796491e-08
5.731400278818910010e-07
1.523938635727972724e-06
3.232143171771895140e-06
1.067951282962553705e-09
7.359421516639486072e-08
7.604118081872002222e-07
4.998170055614536977e-08
2.169656099226813240e-08
1.263103843740509546e-08
1.625927303905427834e-08
1.477585787057478228e-08
1.497423163243638555e-08
2.798645084567397134e-07
5.008330639100222470e-09
3.503118932712823153e-06
2.047259073378882022e-07
8.887436706572771072e-07
2.770911180505208904e-07
1.620988498984843318e-08
1.664117803557019215e-07
8.778455651281547034e-08
5.739988182540400885e-07
2.918188712897062942e-08
2.039992352820263477e-08
7.405279029626399279e-05
9.572601378238232428e-09
1.085137591871898621e-05
1.149171851011487888e-07
1.399531538481824100e-05
3.264009285075530897e-09
1.049432398758654017e-06
2.395742049188243072e-09
1.692501427896786481e-07
3.506392829422111390e-07
3.914772062074689529e-09
4.782695839367079316e-08
2.131053236098523485e-07
1.876882471663066099e-08
1.607856319196798722e-07
4.890782445698960146e-09
2.360657617828110233e-06
2.185200997928404831e-08
1.228909098927033483e-07
9.944286460950024775e-08
4.291122124300272844e-09
6.248517081530735595e-08
4.004065345952767530e-08
2.043777946880709351e-08
5.584562257077152481e-10
3.180100627275805891e-10
1.559543605367252894e-08
1.011333905509559372e-09
4.409624310142135073e-08
1.903170982586743776e-06
6.108778194402475492e-08
8.722547590878093615e-07
4.530063879570889185e-09
1.076451017212320949e-08
5.150731396952323848e-09
7.002757040908136332e-09
3.372627732645128162e-09
3.093364142614518641e-08
1.387661097140835409e-08
1.209381935041164979e-06
2.779692698240410209e-09
3.758982458634818613e-08
4.832969011658860836e-07
1.533744438120265841e-07
1.709660857329708961e-08
1.784094472156994016e-08
7.793287437607432366e-08
4.113969396257743938e-07
4.454937041487028182e-08
2.826711842374152184e-08
2.661575315698883060e-08
2.718780045540825085e-08
9.368830156120111496e-09
1.947975505345311831e-07
4.812414999832981266e-07
8.828582167552667670e-07
9.915347618516534567e-06
1.151471717975027786e-08
5.143849790556487278e-09
2.610484273191104876e-08
1.445283270840036494e-08
5.657421753291203004e-10
1.829310569689823751e-08
1.786467862530116690e-08
6.235536531562502205e-09
1.845772601427597692e-08
1.847459003556650714e-07
1.079024603001244031e-08
1.772904596464286442e-07
3.186388042308863078e-08
3.513358048934378530e-09
5.892452392686209350e-08
5.928945157052112336e-08
8.825085387798026204e-06
3.012055458384566009e-05
6.705278821073079598e-08
4.904430639385282120e-09
2.441412618736649165e-07
1.722489173516805749e-07
2.405686760909020450e-10
6.226824389443663677e-09
5.520264068081814912e-08
1.182047981274081394e-05
8.616167335162572272e-09
2.733118176223570117e-09
8.970858544898874243e-08
7.259745871124323457e-08
1.595319503167047515e-07
4.871712477871881219e-10
1.114423412218457088e-05
5.791554826828360092e-07
1.088717782593562333e-09
2.439013213617613474e-09
3.051078945048857349e-09
1.889119812403805554e-05
5.084700660518137738e-08
4.345478714640194084e-07
3.578222731448477134e-06
7.501693488620730932e-09
2.782718979688070249e-07
1.104211833080626093e-06
3.373920920424211545e-09
5.072066322497903457e-09
9.091847346098802518e-07
2.838581814046392537e-08
1.978569798666285351e-06
4.104127526716183638e-08
2.618153516209531517e-08
9.969472358761777286e-09
5.600050826615188271e-06
3.641536627796426728e-09
2.750266858697614225e-08
5.251532186889562581e-08
4.141795173495665949e-08
3.632706935263740888e-08
2.791787601097439619e-08
9.280027057911865995e-08
1.040829829435097054e-06
1.613891527085797861e-06
2.106030024151550606e-06
6.742338687359961114e-09
3.165512225677957758e-07
5.010311454611837689e-08
2.900094159485888667e-06
1.025308165480964817e-06
5.991032114849303980e-09
2.168893900034163380e-07
3.416129246147647791e-08
1.246323222403589170e-08
2.330960979790575038e-09
4.145948878431227058e-06
5.165546099306084216e-06
1.603274135675292200e-08
1.002693039708901779e-08
1.336245958327708649e-07
4.461475811012860504e-08
1.133550213694434206e-07
1.558172257887235901e-09
6.334580859856941970e-08
1.026504481416168346e-08
1.829598545555199962e-06
1.243138925133280281e-09
1.244922032128670253e-07
1.614663005966576748e-06
2.617159822193571017e-08
1.934902904565660720e-08
9.342216458207985852e-07
5.490745991210133070e-08
3.626020017577502585e-08
8.438496479357127100e-06
7.077263575183678768e-08
1.601639780801633606e-07
4.567902056606953920e-09
1.622744938423181793e-09
5.300989092127394997e-10
6.687403408811576355e-10
1.243610796564098564e-07
5.114088253321824595e-06
6.658349871457858171e-09
1.905449131811565167e-09
3.687274511321447790e-05
3.706320583773958788e-08
2.592837056170083088e-09
2.857413194945479518e-09
1.156162099391622178e-07
6.725782153438331079e-09
6.497941171801357996e-07
1.789892145609428553e-08
6.359567805702681653e-08
1.739633326280909387e-09
1.269283416149846744e-07
2.290152956163638009e-09
2.123770492801213550e-08
7.138082125379696663e-09
6.564518457707890775e-07
6.422271781048038974e-08
1.101920998891614545e-09
7.830366399730337434e-08
9.777802567612070561e-09
4.076585469192650635e-07
1.690251281161181396e-07
2.988073344312169866e-09
8.426805919725666172e-09
5.427998317486526503e-08
9.323853760179190431e-07
6.105936734002170851e-08
1.268916172136869136e-08
7.338571350601341692e-08
2.107215024693687155e-08
7.065474871836840975e-10
3.413774720684159547e-06
9.653732377046253532e-06
3.791860763158183545e-07
7.636272414401901187e-08
2.865291719444940099e-07
3.473881737825479377e-10
1.478375200036907700e-08
2.026918011210909754e-08
1.989049707162848790e-07
8.154128039450370125e-08
2.070497728823283978e-08
8.895864489488758409e-09
1.674286522757029161e-07
1.339276600731409417e-08
1.399297161697177216e-06
4.429713499121135101e-06
3.354437296820833581e-07
5.853685252077411860e-07
5.917216299167193938e-07
5.174611578695476055e-05
4.078603888046927750e-05
2.180387355110724457e-07
2.234477142337709665e-05
2.876496637327363715e-06
4.168269806541502476e-04
1.387438828714948613e-06
9.244406555808382109e-07
1.802143003715173109e-07
7.837958037271164358e-06
1.429343228664947674e-06
3.353221700308495201e-07
1.604333306204352994e-07
1.694489668579990393e-07
1.527799753375802538e-07
3.059076902900415007e-07
5.652157142321811989e-07
1.410927097822423093e-06
8.395782202796908678e-08
1.877035596407949924e-03
2.563317821113741957e-06
1.063207764673279598e-05
6.321006935650075320e-07
3.684549767513090046e-07
1.281866843783063814e-05
6.372126222231599968e-07
1.406713863616460003e-06
3.116689640592085198e-06
3.795576333232020261e-07
5.420265097200172022e-06
1.500181845415227144e-08
9.743161655251242337e-08
1.254496055480558425e-05
9.132733680417004507e-07
8.306766176247037947e-06
6.327152277663117275e-07
1.144329871749505401e-06
1.187288376058859285e-06
6.790403261902611121e-08
1.121990536034900288e-07
2.121834086210583337e-07
3.697641091093828436e-07
1.012031081160102985e-08
1.076390617527067661e-04
3.241595436520583462e-08
2.328237751498818398e-03
6.917305395148787284e-09
3.994583153144048993e-08
5.585398810126207536e-08
9.920553338815807365e-07
8.757225344879771001e-08
1.466112387049633980e-08
5.422040771918545943e-07
2.383478303613628668e-08
4.153751262947480427e-07
2.158185270673129708e-05
1.246651226693984427e-08
5.658067152580770198e-07
3.090323298238217831e-05
1.357483711217355449e-06
4.356399756488826824e-07
3.380133648533956148e-07
2.534191480663139373e-06
3.219712743884883821e-05
1.376447640359401703e-02
1.486713608755962923e-05
1.327904919889988378e-05
4.093953975825570524e-05
7.367157377302646637e-05
1.759129459969699383e-03
7.124841090444533620e-07
5.128246627350563358e-08
