7.727486081421375275e-05
2.563816087786108255e-05
1.816975302062928677e-03
9.855499491095542908e-03
8.803050965070724487e-03
1.740126907825469971e-01
5.916208028793334961e-01
3.435253290717810160e-07
3.805899950748425908e-07
3.937127530662110075e-06
5.918577130614721682e-07
3.476910421795764705e-07
7.519816449530480895e-07
9.109419806918594986e-06
1.194205424326355569e-06
1.053891764968284406e-06
5.429959628600045107e-07
1.140700760515755974e-06
8.745454920244810637e-07
8.314888191307545640e-07
2.852387069651740603e-06
9.810328265302814543e-07
3.640445356722921133e-06
3.219070322302286513e-06
5.490346666192635894e-07
1.638718640606384724e-05
1.181800762424245477e-04
1.179192804556805640e-05
2.956291427835822105e-05
8.283711504191160202e-04
1.438471663277596235e-04
6.936964382475707680e-06
1.636933884583413601e-04
5.048867687582969666e-02
1.717037521302700043e-02
5.413261824287474155e-04
1.177833531983196735e-03
3.359268521307967603e-05
7.515336619690060616e-05
2.506056989659555256e-05
2.636920044096768834e-06
1.201797931571491063e-05
4.773716227646218613e-06
1.651067213970236480e-05
8.436646567133720964e-06
1.412048186466563493e-05
5.770497864432400092e-06
5.679382411472033709e-06
1.814065763028338552e-05
6.585702067241072655e-05
4.636157827917486429e-04
7.176250164775410667e-06
3.433409801800735295e-05
3.493492840789258480e-05
3.402099900995381176e-05
8.075109690253157169e-06
1.227728034791653045e-06
5.645130841003265232e-06
3.383145085535943508e-04
5.372630766942165792e-06
3.433222809690050781e-05
5.440126187750138342e-06
1.935786713147535920e-05
1.428919131285510957e-05
1.702373447187710553e-05
1.436023693531751633e-02
1.831745430536102504e-05
1.629135294933803380e-05
2.272260098834522069e-05
1.705620961729437113e-04
1.072588133865792770e-06
3.826462852885015309e-05
8.308388146360812243e-07
3.973720595240592957e-06
1.857512756942014676e-06
3.271405512350611389e-05
7.476261816918849945e-05
1.449689352739369497e-05
3.831505819107405841e-05
8.333619007316883653e-06
8.807232347862736788e-07
1.406559704264509492e-06
5.242573593022825662e-07
4.757189060455857543e-07
1.399397660861723125e-06
4.001294655608944595e-06
8.695573114891885780e-07
1.205095827572222333e-06
5.380524612519366201e-07
6.059769930288894102e-07
1.192265841609696508e-07
1.058021936728437140e-07
2.755443233581900131e-07
9.161680623037682381e-07
1.009766720017069019e-06
1.769992366007500095e-07
1.099554651773360092e-06
2.167208322134683840e-06
4.949981303070671856e-06
2.994505848619155586e-06
1.825181971071287990e-05
9.049500476976390928e-06
2.104379746015183628e-06
8.343500085175037384e-04
1.135781712946482003e-05
5.326841346686705947e-06
4.318584615248255432e-05
4.997952375560998917e-03
5.389301077229902148e-05
5.863461410626769066e-04
7.120376685634255409e-04
1.197036835947073996e-04
1.359007414430379868e-02
2.416019851807504892e-04
1.048926351359114051e-04
4.014361184090375900e-04
2.249872341053560376e-04
4.116629424970597029e-04
3.266750718466937542e-04
4.424836079124361277e-04
1.349332014797255397e-04
2.419613447273150086e-04
6.408167973859235644e-05
6.297697836998850107e-05
4.751349479192867875e-05
4.272057209163904190e-03
1.378757442580536008e-04
1.698753493428739603e-07
5.896582138120720629e-07
2.481791852915193886e-06
4.348551101429620758e-07
2.322413365618558601e-06
1.886026552710973192e-06
6.837682917648635339e-07
4.179453014785394771e-07
2.528792322209483245e-07
5.406928380580211524e-07
1.027968846756266430e-05
6.219366355253441725e-07
5.258745204628212377e-06
4.590653588820714504e-06
1.342140990345797036e-06
2.403435246378649026e-06
3.023344561370322481e-06
9.017900083563290536e-06
9.923839388648048043e-05
1.415128554071998224e-05
2.424170495942234993e-03
3.857526171486824751e-04
1.371629629284143448e-02
2.725464291870594025e-03
2.028964672717847861e-06
2.616463063986884663e-07
7.448599603776528966e-07
7.092816076692542993e-07
1.087301143343211152e-06
4.750338575831847265e-07
3.065011355829483364e-07
4.871531018579844385e-07
6.472763516285340302e-07
8.362944754480849952e-07
1.610027197784802411e-06
3.691407073347363621e-06
1.992534862438333221e-06
5.183238044992322102e-06
2.154661842723726295e-06
7.661917607038049027e-07
1.666867461835863651e-07
1.596795641489734408e-06
1.383731273563171271e-06
1.284176619265053887e-06
5.460163265524897724e-06
7.388072390313027427e-06
3.593874851048894925e-07
6.866674993943888694e-06
9.210704092765809037e-07
1.052810830515227281e-06
2.972860784211661667e-06
8.560715286876074970e-06
6.416414635168621317e-06
4.475757577893091366e-06
1.187304519589815754e-06
1.429489543625095394e-06
4.181305030215298757e-06
5.963495368632720783e-07
1.270866164304607082e-06
6.431347401303355582e-07
1.145447072303795721e-06
1.029584382195025682e-06
2.162284545192960650e-06
2.045753944912576117e-06
3.861061031784629449e-06
9.097399242818937637e-07
1.181116886073141359e-06
1.402323391630488914e-06
7.604065558552974835e-06
2.245773430331610143e-06
2.499623178664478473e-06
1.988747726500150748e-06
4.647815785574493930e-06
3.889724382588610752e-07
1.008784920486505143e-06
7.861760877858614549e-07
3.880311396642355248e-06
2.373561983404215425e-06
6.214650056790560484e-06
3.417899506530375220e-06
9.970341352527611889e-07
1.149980107584269717e-05
7.084105618559988216e-06
3.056565446968306787e-06
6.198812911861750763e-07
3.246227151976199821e-06
1.329578481090720743e-06
3.673332230391679332e-06
5.528407314159267116e-07
2.877906126741436310e-07
5.811521077703218907e-06
1.123341462516691536e-06
1.460034923184139188e-06
3.299230399989028228e-07
3.816431672021280974e-06
7.908292900538071990e-07
1.324227741861250252e-05
3.493174745017313398e-06
8.237197107519023120e-06
2.104642817357671447e-06
5.142077952768886462e-06
4.506340474108583294e-07
2.655055823197471909e-06
1.266776394004409667e-06
2.000858330575283617e-06
3.161290578646003269e-06
1.776295562194718514e-06
4.674527190218213946e-06
1.320506180491065606e-05
8.890757271728944033e-06
1.284261725231772289e-05
4.157519015279831365e-06
2.768129206742742099e-06
3.328045977468718775e-06
5.073105967312585562e-06
3.315887170174391940e-06
2.186469146181480028e-06
2.080132844639592804e-06
5.454453912534518167e-06
8.801560397841967642e-06
1.023258846544194967e-06
4.438657924765720963e-06
8.795174835540819913e-06
8.693520612723659724e-06
2.852041461665066890e-06
6.725681487296242267e-07
4.226356793424201896e-07
5.705467174266232178e-06
1.063569470716174692e-06
3.749270490516209975e-06
1.913641881401417777e-06
3.583875468393671326e-06
1.076280909728666302e-06
1.039272774505661801e-06
2.544226845202501863e-06
5.066948460807907395e-07
1.714425707177724689e-06
3.614772140281274915e-06
1.588601207913598046e-06
6.787655593143426813e-07
6.109849550739454571e-07
8.674435321154305711e-07
7.296408966794842854e-06
8.427800821664277464e-06
5.512544589691970032e-07
2.313908680662279949e-06
3.064977590838680044e-06
1.083326651496463455e-06
5.951814046056824736e-07
1.039970356941921636e-05
1.000114821181341540e-06
9.483392204856500030e-07
3.383101284271106124e-05
6.518900590890552849e-06
3.217382300135795958e-06
3.405236839171266183e-06
2.674242978173424490e-07
4.205520326650002971e-06
3.895974259648937732e-06
2.187817699450533837e-05
2.682771082618273795e-06
2.479324166415608488e-06
1.504765441495692357e-05
6.224603566806763411e-06
1.473792053729994223e-06
2.844880782504333183e-06
1.019715909933438525e-06
1.270837856282014400e-05
2.381294507358688861e-05
1.102061709389090538e-03
1.998607149289455265e-05
9.934193258231971413e-06
7.824560270819347352e-06
1.531205384708300699e-06
8.089979019132442772e-06
9.317984222434461117e-06
1.626021003175992519e-06
4.120568519283551723e-06
2.191212843172252178e-05
2.688983840926084667e-05
1.654180664445448201e-06
2.807888677125447430e-06
1.471942255193425808e-06
3.186299363733269274e-05
4.703779552528430941e-07
1.347453121525177266e-06
2.293983243362163194e-07
2.405415580142289400e-05
8.030372669054486323e-07
1.430809675184718799e-06
1.000449628918431699e-06
2.252697868243558332e-06
7.330064022426086012e-07
1.177628973891842179e-06
7.090388294272997882e-07
2.387615040788659826e-06
2.214476637618645327e-07
2.254455694128409959e-06
6.150878562038997188e-07
2.178090426241396926e-06
5.604379693977534771e-04
1.213187351822853088e-04
6.914980243891477585e-03
2.308908369741402566e-05
2.679067438293714076e-05
1.479361344536300749e-06
4.819737660000100732e-05
1.400808287144172937e-05
5.214941666054073721e-06
9.675845831225160509e-06
1.075896143447607756e-04
3.675669404401560314e-06
1.835786918036319548e-07
2.490056203896529041e-06
2.844876871677115560e-05
2.753778062469791621e-05
8.763819096202496439e-06
1.675024279393255711e-03
4.270537374395644292e-06
1.498221445217495784e-05
4.136234565521590412e-06
2.711820116019225679e-06
1.992479838008875959e-06
5.953764684818452224e-06
1.392967760693863966e-06
1.569199639561702497e-06
1.778897740223328583e-06
2.286054268552106805e-06
3.484477247184258886e-06
2.138327545253559947e-05
2.247312841063831002e-05
4.496786459640134126e-06
1.062201590684708208e-05
5.832235910929739475e-04
1.047172736434731632e-05
6.053053220966830850e-05
1.469290873501449823e-05
7.257746347022475675e-06
9.295037557421892416e-07
3.302297955087851733e-06
9.494528057985007763e-06
4.367111898773146095e-07
2.296146703884005547e-06
4.902063665213063359e-06
1.538142782919749152e-06
9.395573215442709625e-06
9.246361514669843018e-06
1.356481789116514847e-05
5.741399490943877026e-06
4.184171018550841836e-07
8.345031346834730357e-06
3.208077032468281686e-06
2.654759327924693935e-06
5.646450063068186864e-06
3.259812274336582050e-06
3.752242719201603904e-06
5.024619440519018099e-06
1.925847755046561360e-06
1.747087299008853734e-05
3.209053375030634925e-06
3.488349022973125102e-07
3.786468141697696410e-06
1.939729554578661919e-04
2.861440926790237427e-02
2.034342323895543814e-04
1.398614491336047649e-03
5.034618152421899140e-05
4.920255392789840698e-03
3.123965871054679155e-04
3.403880109544843435e-04
1.112456619739532471e-02
4.651229801311274059e-08
1.487676286160422023e-06
7.710836769092566101e-08
2.145309139223172679e-07
3.110096997716027545e-07
7.641136221536726225e-07
1.387857935242209351e-07
2.478994360899378080e-07
2.108020282776124077e-07
4.420942048000142677e-07
3.465582631179131567e-05
8.227434591390192509e-07
4.963171136296296027e-07
2.612660239265096607e-07
2.880079136957647279e-06
2.235557076346594840e-06
2.551247462179162540e-07
2.716114067879971117e-06
2.960249503303202800e-07
8.438001941613038070e-07
3.177065650561416987e-07
1.281607296732545365e-06
8.446044716947653797e-07
4.100581634247646434e-07
9.148802746494766325e-07
3.112637045887822751e-07
1.827482805083491257e-07
1.146733438872615807e-06
2.613233220927213551e-07
1.671888185228453949e-06
6.369123184413183481e-06
1.151035121438326314e-06
8.731108636084172758e-08
1.548954173813399393e-07
1.514779199851545854e-07
4.062603111378848553e-04
1.830997121032851283e-06
2.649204361659940332e-05
8.004132041605771519e-07
1.129604061134159565e-05
2.281841943840845488e-06
1.053689189234319201e-07
3.939553607779089361e-06
1.000674842543958221e-06
5.889939416192646604e-07
9.369708777740015648e-07
2.307166795390003244e-07
1.414666985510848463e-05
7.021402552709332667e-07
5.217319539951859042e-06
1.029266286423080601e-06
2.848176336556207389e-06
1.485596158090629615e-06
8.746648063606698997e-07
1.549838543724035844e-06
1.427883660198858706e-07
1.346096070165003766e-07
1.438318577129393816e-05
7.259701533257612027e-07
6.513068342428596225e-07
7.569001354568172246e-07
3.252837586842360906e-06
8.735498340683989227e-06
1.782520143933652434e-06
2.398507831458118744e-06
3.223609382985159755e-05
6.285667382144310977e-07
3.599187721192720346e-07
9.580038522472023033e-07
1.798176867850997951e-06
5.196718007027811836e-07
1.726247319311369210e-05
2.803805500661837868e-06
3.975191248173359782e-06
4.828199962503276765e-06
5.510029950528405607e-06
9.328969667876663152e-07
4.383878695080056787e-05
4.668171698085643584e-07
3.158275774239882594e-07
1.809940499697404448e-07
1.341644406238629017e-06
2.225429625468677841e-06
2.593600811451324262e-06
1.117873921430145856e-06
1.382535060656664427e-06
1.040786810335703194e-05
9.435265155843808316e-07
4.430341107308777282e-07
1.696431013442634139e-06
3.319345069030532613e-06
3.073420771215751301e-07
4.404323590279091150e-07
7.670995728403795511e-06
5.528829092327214312e-07
4.853165336271558772e-08
5.173141062186914496e-07
2.622275587782496586e-07
1.914100806743590510e-07
4.991466653336829040e-07
4.086001865744037786e-07
9.048663741850759834e-06
8.623403573437826708e-07
1.521526883152546361e-06
9.245952128367207479e-07
6.597356332349590957e-07
6.755953450010565575e-07
2.665302190507645719e-06
1.122038383982726373e-06
7.908640213827311527e-07
1.079010530702362303e-06
1.022949120965677139e-07
4.780390099767828360e-06
5.558096063396078534e-07
2.659118933934223605e-07
1.067179368874349166e-06
5.927049642195925117e-07
4.830429134017322212e-06
2.200869460011745105e-07
7.624183808729867451e-07
5.828927896800450981e-06
1.208012179176876089e-07
6.208642844285350293e-08
1.464917113480623811e-05
5.361971489037387073e-07
6.429145855690876488e-07
9.976961337088141590e-07
6.873835900478297845e-06
5.420317705784327700e-08
1.856983828929514857e-07
5.086869805381866172e-06
1.834071326811681502e-06
8.132435027619067114e-07
1.656163362895313185e-06
5.947061865185787610e-08
1.389661861139757093e-07
2.390901840954029467e-07
2.629438995427335612e-06
9.808906042962917127e-07
1.412287133462086786e-06
2.180998308176640421e-06
2.349648184463148937e-06
3.159611878800205886e-06
1.107509888242930174e-06
1.033132093652966432e-06
5.815537633679923601e-07
3.484027547528967261e-05
1.444049189558427315e-06
5.138177812114008702e-07
2.870091861950641032e-07
2.058163346418950823e-07
1.477045202591398265e-06
2.166382699897440034e-07
1.672966391197405756e-06
3.263126302499586018e-07
4.748244109009647218e-08
6.783763637940865010e-06
2.551524858063203283e-07
3.463057964836480096e-07
8.617065532234846614e-07
1.035239847624325193e-06
2.421109002170851454e-07
4.434767220118374098e-07
9.299337762058712542e-07
4.045836249133571982e-06
1.447111657171262777e-07
1.105074218799018126e-07
3.526558316480077337e-07
8.989320008367940318e-07
1.319858420174568892e-04
9.755869996297406033e-07
1.606436740075878333e-06
6.936819318070774898e-06
2.011079686781158671e-06
3.586386867482360685e-07
1.341300389867683407e-06
7.461116183549165726e-06
1.844296889430552255e-06
2.270420054628630169e-06
3.691744950629072264e-06
1.490783688495866954e-06
1.633897994679500698e-07
5.961164220025239047e-07
7.153847150220826734e-07
1.933813962295971578e-07
6.434726742554630619e-07
3.882893224727013148e-07
6.739119271514937282e-07
3.014410822288482450e-06
2.289194071636302397e-06
3.833197581570857437e-07
1.123011429626785684e-06
1.459003442505490966e-06
2.754664365056669340e-06
6.825135301369300578e-07
4.473660339954221854e-07
3.028358150913845748e-07
6.652801857853773981e-06
3.816719072347041219e-06
2.328041546206804924e-06
6.024723120390262920e-07
5.709432002731773537e-07
5.336747108231065795e-06
5.217336251917004120e-07
1.099667414905525220e-07
1.793592900867224671e-07
1.760780378390336409e-06
2.218430608991184272e-06
3.061475126742152497e-06
1.108289552576025017e-06
6.225235438250820152e-07
1.298889856116147712e-05
3.703556785694672726e-07
1.341739107374451123e-06
1.146846742017260112e-07
5.930267548137635458e-07
1.032941483458671428e-07
8.423048143413325306e-07
1.900963866319216322e-06
3.477749714875244536e-07
7.371842457359889522e-06
3.121706697584158974e-07
2.464387989675742574e-06
1.980986780836246908e-06
4.724259724753210321e-06
1.122304865930345841e-06
1.830935936197874980e-08
2.146466158592374995e-06
4.288327090762322769e-06
6.771059588572825305e-07
1.583997686793736648e-06
3.969632018652191618e-07
8.210002420128148515e-07
1.344584120488434564e-06
6.108887760092329700e-07
4.286801868147449568e-06
2.923007741628680378e-06
2.616314532133401372e-06
5.860300120730244089e-07
3.704319624375784770e-07
1.102974874811479822e-05
1.614739448996260762e-05
1.748579848026565742e-06
2.787848814023163868e-07
2.381578099175385432e-07
2.279186674059019424e-06
2.376300244577578269e-06
3.324565867046658241e-08
3.129840706606046297e-06
1.599288907527807169e-06
2.725217314036854077e-07
1.779928606993053108e-05
6.005168984302144963e-07
6.596142156922724098e-07
1.245424670059946948e-07
1.805096076168410946e-06
2.957028982564224862e-06
3.568696911315782927e-07
2.647003157107974403e-06
1.889838131319265813e-06
1.171958729173638858e-06
8.274240826722234488e-06
1.906846705423959065e-06
8.447547372725239256e-08
8.024944690987467766e-07
6.559469625244673807e-07
1.868457047748961486e-06
7.278176781255751848e-07
5.496269295690581203e-06
5.609953745988605078e-07
1.060794943441578653e-06
2.030490122706396505e-06
7.791420557623496279e-07
2.586373739177361131e-06
8.673653610458131880e-06
8.264512985078908969e-07
2.064942600554786623e-05
3.507497012833482586e-07
1.126491156355768908e-06
2.146865426766453311e-06
1.554612481413641945e-06
9.777479590411530808e-07
1.584923893460654654e-06
2.625533852551598102e-07
3.650720827863551676e-07
2.954724322989932261e-07
1.359386442345567048e-05
1.869956122391158715e-06
3.192950089214718901e-06
2.745432503559186443e-08
2.520484940760070458e-06
2.411278785530157620e-07
3.182087198183580767e-07
1.403358237439533696e-05
2.416888492007274181e-06
9.433389095647726208e-06
1.036026515066623688e-05
6.169452262838603929e-06
2.124727188856923021e-06
8.061314105134442798e-08
2.190186876305233454e-07
6.055944936633750331e-07
3.575709570213803090e-06
3.478000280665582977e-06
1.560505751285745646e-07
3.634324627910245908e-07
1.277117348763567861e-06
7.333867415582062677e-07
2.073564075999456691e-07
1.361449903924949467e-06
9.261902533808097360e-08
3.766283782624668675e-07
1.338312927146034781e-06
1.051239564731076825e-06
6.504499197035329416e-06
4.818826937480480410e-07
4.029182946396758780e-06
4.685984549723798409e-06
3.221175006729026791e-07
3.499434910736454185e-07
1.420876401425630320e-06
3.187215270372689702e-06
4.786614908880437724e-07
3.594460906697349856e-07
1.157671135842974763e-06
2.089855257736417116e-07
6.302035444605280645e-07
8.840670489007607102e-06
3.329302899146568961e-06
4.078563961229519919e-06
1.539106051495764405e-05
1.790383237221249146e-07
3.123861688436591066e-06
2.965962039525038563e-06
8.769868031777150463e-07
1.190647139992506709e-06
5.095373580843443051e-07
1.373308805341366678e-06
7.657403671146312263e-07
2.595194246168830432e-06
1.812528154232495581e-07
2.068587718895287253e-06
4.579621418088208884e-06
7.183949151112756226e-07
2.941456500593631063e-07
1.811733199019727181e-07
1.229084659826185089e-06
2.575263351900503039e-06
6.428799679270014167e-06
2.772011100660165539e-07
1.507240654063934926e-06
1.469168182666180655e-06
1.573178423086574185e-07
5.484558300850039814e-07
4.041981753744039452e-07
3.777200561216886854e-07
1.427092684025410563e-07
2.299585048604058102e-06
3.637530426203738898e-06
1.310822767663921695e-06
4.041409283672692254e-06
8.822498216431995388e-07
2.202051661015502759e-07
1.613836502656340599e-06
2.003297367991763167e-07
1.589498083376383875e-06
1.490397039560775738e-06
6.689000286996815703e-08
7.009045930317370221e-07
1.977851297851884738e-06
1.997398726416577119e-07
6.195065793690446299e-07
1.020683839669800363e-06
4.060422327256674180e-07
4.845084617954853456e-07
2.761463520073448308e-06
2.829800905601587147e-06
5.032105036661960185e-06
4.457545230707182782e-07
7.869809905969304964e-07
4.449365462733112508e-07
4.724676330170041183e-07
9.490386787547322456e-07
1.483322051853974699e-07
1.208285766551853158e-06
5.467474238685099408e-06
1.912155312311369926e-06
7.925023055577185005e-07
4.573299463572766399e-07
3.098298520853859372e-06
2.075303058290955960e-07
1.927866435380565235e-07
7.309390781529145897e-08
5.945472025814524386e-07
1.082914532162249088e-04
3.006577207997906953e-05
1.310605284743360244e-06
2.128381765942322090e-06
1.048016429194831289e-06
1.875304860732285306e-06
1.142853918167929805e-07
4.510201279117609374e-07
7.572440807734892587e-08
4.822386428713798523e-03
1.796033757273107767e-05
1.012032680591801181e-05
9.140377414951217361e-07
1.278450440622691531e-06
2.946243853330088314e-07
1.753041374286112841e-06
1.634338332223705947e-06
5.265912022878183052e-06
1.375822336058263318e-07
3.193414386259973980e-07
2.177431952077313326e-06
3.381202986929565668e-06
1.337983212579274550e-05
5.494798642757814378e-07
1.336288960374076851e-06
1.618195568653391092e-07
3.420270104470546357e-06
1.012345933304459322e-06
9.799078952710260637e-07
4.039257532895135228e-07
5.259016234049340710e-06
4.481632913666544482e-07
1.090796104108449072e-06
4.206648895888065454e-07
3.313386741865542717e-06
5.010078439227072522e-06
3.058372840314405039e-06
2.429152914373844396e-07
7.354101398959755898e-07
8.060767697770643281e-08
2.009335986485893955e-07
5.379883441491983831e-05
4.843176384383696131e-07
1.191684418699878734e-06
7.722552254563197494e-06
9.511094503977801651e-06
1.280524247704306617e-05
2.839095714080031030e-07
9.788133183974423446e-07
5.818816362079815008e-07
3.893346365657635033e-05
1.852730520113254897e-06
2.169381559724570252e-06
1.320757291978225112e-06
1.001643425979636959e-07
3.881407337757991627e-06
3.518130142765585333e-07
2.871536253223894164e-06
4.054617761539702769e-07
1.607198328201775439e-06
3.205214852641802281e-06
6.322870262920332607e-07
8.512341054256467032e-08
1.248257717634260189e-06
8.648259495203092229e-07
2.008469976999549544e-07
7.989701771293766797e-07
2.121689931300352328e-06
4.249046980930870632e-08
2.969669822050491348e-06
7.810712645550665911e-07
3.334980078761873301e-07
1.165224148280685768e-06
8.878098611830864684e-08
9.012243026518262923e-06
2.058028940155054443e-06
6.061669409973546863e-06
1.771204694023253978e-07
1.477828504903300200e-06
2.141038294212194160e-06
6.905008831381564960e-07
8.357271497061447008e-08
1.992467701938949176e-07
7.094933494045108091e-07
5.902687553316354752e-05
2.270936221293595736e-07
8.772614989993599011e-08
2.089136842187144794e-06
1.282775087929621805e-06
3.500267453659944294e-08
8.429830700151796918e-07
3.893171935942518758e-07
4.640270958589098882e-07
4.219286893203388900e-06
5.586697398030082695e-07
9.516351155980373733e-07
3.977639551067113644e-07
6.705706141474365722e-07
1.239663902197207790e-06
6.076249064790317789e-06
1.299857359526868095e-07
5.817706778543652035e-07
1.692309723466678406e-07
1.785172344170860015e-06
7.832444680389016867e-06
7.968685054038360249e-07
6.323736670310609043e-06
4.205788627587025985e-06
2.732532493610051461e-07
2.995216846102266572e-06
1.884791231532290112e-06
4.676954858950921334e-07
1.757125346557586454e-06
3.157311994073097594e-07
9.931947886343550636e-08
1.060787781170802191e-06
2.037741296589956619e-06
2.027412665484007448e-05
2.805105395964346826e-06
1.773842541297199205e-06
1.480390920960417134e-07
5.304301157593727112e-03
8.492139045301883016e-07
1.495640958637522999e-06
8.897767997950722929e-07
8.310543080369825475e-07
6.941394872228556778e-07
9.752632195159094408e-07
9.593084087100578472e-07
6.555665095220319927e-06
2.798098250877956161e-07
2.240209596493514255e-06
2.994665919686667621e-06
2.157795734092360362e-06
3.156175580443232320e-06
2.088208702843985520e-06
4.994035407435148954e-06
9.767390110937412828e-06
8.627788474768749438e-07
4.808262474398361519e-06
9.095386985791265033e-07
6.953158390388125554e-06
1.286273572986829095e-06
4.365756467450410128e-06
1.310669176746159792e-06
9.170907105726655573e-06
1.699515792097372469e-06
4.191985681245569140e-06
2.806303882607608102e-06
1.075596082955598831e-05
4.609161806001793593e-06
4.218803951516747475e-06
4.326858231706864899e-07
2.671338506843312643e-06
6.187021739378906204e-08
4.644824912247713655e-06
3.316370793982059695e-06
1.066477352651418187e-06
3.130304548903950490e-07
1.743502934914431535e-06
1.389402314089238644e-05
6.184051812851976138e-07
1.651496290833165403e-06
1.233506736753042787e-06
5.166374648979399353e-06
1.384554934702464379e-06
1.181244101644551847e-06
1.605315674169105478e-06
3.012074557773303241e-06
3.037857823073863983e-05
3.130126970063429326e-06
4.246069693181198090e-06
3.467809165158541873e-06
3.690847506732097827e-06
2.525170259559672559e-07
5.931092346145305783e-07
5.780398169008549303e-07
1.700508164503844455e-06
2.059215876215603203e-05
4.187009471934288740e-05
6.082666459406027570e-06
2.216727240011096001e-03
1.407819945598021150e-04
3.092685437877662480e-05
3.533655399223789573e-05
4.515400505624711514e-04
7.105354598024860024e-05
2.095379386446438730e-05
9.745566785568371415e-05
2.671229708539613057e-07
2.279016825923463330e-06
4.369347356259822845e-03
4.938176516589010134e-07
5.108288902988533664e-08
7.196360911621013656e-07
1.681320213720027823e-06
3.719252617884194478e-06
3.084119839513732586e-07
8.397086048717028461e-07
2.848714302672306076e-06
9.104464311349147465e-07
2.650195938258548267e-06
1.840956201704102568e-06
5.054908797319512814e-06
2.672964001249056309e-06
4.466077371034771204e-05
1.044839905262051616e-06
4.944005809193185996e-07
