5.054762830525305617e-09
5.006248748884445376e-10
1.589591818174085347e-07
1.206183384283576743e-07
6.827229981354321353e-08
7.050415007370247622e-08
8.850440735841402784e-08
3.186459935022867285e-06
3.324555564176989719e-07
4.466709680855274200e-03
5.069161090887064347e-08
3.028042883101988991e-08
1.358549610586123890e-07
2.653603381475022616e-08
9.658087662955949781e-09
4.674294018514046911e-07
4.472207137951045297e-07
1.364301827067038175e-08
1.685597680989303626e-06
1.329118592963141054e-08
2.533240639479572565e-08
8.108913789328653365e-06
1.654068546486087143e-05
4.502299998421221972e-04
1.592919147697102744e-06
9.954700885828060564e-08
1.186303055789039718e-08
2.345905159018002450e-08
1.023412288247982360e-08
1.222164147662851974e-08
7.942025703755462018e-09
4.317140422926968313e-09
3.976197504584888520e-08
2.016397075976783526e-07
5.678785441887157504e-07
6.454870344896335155e-07
5.425485838372878789e-08
2.242354035786320310e-08
2.149622702063425095e-07
3.277466248619020917e-06
1.384462944287179198e-08
8.908349400371662341e-07
6.276001158767030574e-07
5.502062663254037034e-07
2.195001087557102437e-07
5.782746484328527004e-06
2.370485852054571296e-08
1.170612549117322487e-07
9.990880244004074484e-06
8.048468589549884200e-05
9.091166361940850038e-07
1.594616065858645015e-07
9.281482959977438441e-08
7.720541361777577549e-07
2.086160151293370291e-07
5.195364138899094542e-08
1.831051008593931329e-07
1.894073342612045963e-08
1.539213769774505636e-07
4.989892659068573266e-07
1.119557964557316154e-06
5.796798419055448903e-08
1.509660933152190410e-06
1.103963882087555248e-06
1.160473033223752282e-07
1.980841943804989569e-06
4.686249667429365218e-06
2.144675818271934986e-05
6.380384547810535878e-06
1.377441520844513434e-07
8.974057053023898334e-09
5.235203204279059719e-08
1.288746220851066937e-09
2.505414897768787341e-07
6.094277971158135188e-09
1.197175070188905011e-08
7.274091444742225576e-07
2.254321884720411617e-07
1.866403067651845049e-07
1.428102081035831361e-07
5.299875738273840398e-06
9.128542046710208524e-07
6.510285402328008786e-06
1.000136180664412677e-04
3.121380416359897936e-07
1.838969910750165582e-05
7.897733667050488293e-06
1.866430565655718965e-08
1.044812734107836150e-07
1.573180696823328617e-07
4.248063234513210773e-08
1.370526206301292405e-06
1.873661858553532511e-05
8.652074029669165611e-05
6.621553438890259713e-08
1.311706032680604039e-08
7.672161217442408088e-08
3.866917452910456632e-08
1.485702227910223883e-07
5.271540885587455705e-06
5.229869202594272792e-06
2.205808646976947784e-03
3.646647746791131794e-05
6.439262989488270250e-08
1.175100769614800811e-04
3.502778156416752608e-07
3.696930798469111323e-05
2.509143648410372407e-08
6.302415034298292085e-09
6.917780837056852761e-08
4.217514160131941026e-08
6.907747263085184386e-08
4.795040808858175296e-07
1.466650179082762406e-08
1.420536666074667664e-08
2.711624169648985117e-08
2.523104569718270795e-08
2.606117810444175120e-08
8.538361129240001901e-08
2.141228705454523151e-08
3.211067109987197910e-07
4.271045295212161363e-09
3.451160468515013235e-09
3.627522815463635197e-08
2.545272366205608705e-07
2.242217256309686491e-08
7.282246805573322490e-09
4.186715159448795021e-05
2.253724596812389791e-05
2.223181809313246049e-06
3.400637638151238207e-07
1.201849272547406144e-06
5.660928763973060995e-06
4.739496489492012188e-06
1.551382229081355035e-05
5.439399319584481418e-05
2.058853141306826728e-07
2.280680973854032345e-06
5.898514296859502792e-03
1.171910497532735462e-07
3.133935138066590298e-07
3.083131559833418578e-06
4.257980435795616359e-06
8.972321552391804289e-07
4.760292995342751965e-06
1.148918363469420001e-05
4.139769953326322138e-05
7.270494961630902253e-08
1.255364310281947837e-07
3.480201016259343305e-08
8.079962299234466627e-07
9.229045645042788237e-06
3.747175014723325148e-07
6.137558727914438350e-08
7.840028501959750429e-07
2.072810502795618959e-06
7.991117854544427246e-06
1.408081402587413322e-07
3.259127652199822478e-07
1.143428835348458961e-05
6.138036496849963441e-07
3.228375646813219646e-07
2.651502200023969635e-07
4.615303623722866178e-06
2.711745764827355742e-06
1.594930836290586740e-07
9.837182233241037466e-07
5.184250539969070815e-07
3.250087956985225901e-06
6.499630558209901210e-07
7.711324542469810694e-06
1.350263005406304728e-06
1.213469477079343051e-05
3.247943823225796223e-06
1.937123442985466681e-06
1.654706693443586119e-06
5.759926807513693348e-06
2.549870259827002883e-06
5.526946551981382072e-06
4.128661657887278125e-06
7.434705935338570271e-07
2.579298836735688383e-07
4.251149618994531920e-07
2.219163661720813252e-06
1.783291736501269042e-05
1.029079703585011885e-05
2.841995228664018214e-05
4.032107483453728491e-07
8.298124157590791583e-06
7.542090543211088516e-07
1.746244606692926027e-07
8.882218025973998010e-06
1.250085097126429901e-05
3.281090585005586036e-06
7.142542557403430692e-08
1.904359464788285550e-06
2.609048124213586561e-07
7.542683761130319908e-06
4.514772911079489859e-07
4.071488547197077423e-06
1.547104147903155535e-06
1.019990918393887114e-07
2.401013625785708427e-05
7.019085387582890689e-06
9.481497045271680690e-07
2.043665153905749321e-05
8.900100510800257325e-06
3.507903159061243059e-07
1.521599278930807486e-05
2.234108687844127417e-04
3.384215597179718316e-05
3.247431232011877000e-05
1.048815101967193186e-05
1.532642158963426482e-06
9.326651024821330793e-07
6.326265520328888670e-06
6.690067493764217943e-06
1.848558167694136500e-05
5.843753569934051484e-07
3.177839573709206888e-07
5.931431587669067085e-06
7.118373468983918428e-05
2.814001618389738724e-06
3.625783392635639757e-06
1.562826014378515538e-06
3.188253003827412613e-06
8.196700946427881718e-06
1.443499604647513479e-05
1.173624582406773698e-06
5.947174486209405586e-07
1.266037656932894606e-06
1.936431726790033281e-05
8.659094419272150844e-06
1.324102959188167006e-05
4.874587830272503197e-06
4.019953394163167104e-06
8.994613835966447368e-07
2.932514178155543050e-07
5.159274587640538812e-05
7.545429525634972379e-07
5.279349352349527180e-06
7.518256097682751715e-07
1.830580458772601560e-06
5.709853212465532124e-07
3.231969458283856511e-06
9.321084917246480472e-07
3.846237177640432492e-06
1.291418669779886841e-07
2.583278273959876969e-06
2.195803062932100147e-05
1.854070069384761155e-05
2.466375690346467309e-06
1.126166125686722808e-06
3.310898364361491986e-06
3.483704404061427340e-06
5.094036623631836846e-06
6.985139043536037207e-05
4.647684363590087742e-06
1.508134846517350525e-05
2.391664384049363434e-05
1.933912608365062624e-05
4.341467501944862306e-05
4.340912198586011073e-07
1.133063847191806417e-06
2.998114325691858539e-07
2.885091817006468773e-06
5.164086360309738666e-06
1.302606688113883138e-05
1.795570938156743068e-06
3.115324361715465784e-04
2.944292646134272218e-05
2.854250487871468067e-05
4.398048669099807739e-02
3.130351833533495665e-04
1.427297480404376984e-03
2.641242370009422302e-02
1.459877640008926392e-01
1.632129533390980214e-05
1.202642306452617049e-05
7.892496114436653443e-07
5.181300002732314169e-05
2.572998482719413005e-06
8.072825039562303573e-06
2.985860646731453016e-06
1.738217889624138479e-07
2.686040943444822915e-06
3.149609710817458108e-06
7.647273378097452223e-06
4.672946524806320667e-04
6.861521910650481004e-07
2.137618508868399658e-07
3.928041830658912659e-02
2.382181082793977112e-05
4.472171887755393982e-02
2.341766812605783343e-04
4.248744062351761386e-06
2.926524302893085405e-07
1.254951348528265953e-05
5.536719691008329391e-04
1.373662234982475638e-05
9.026386749155790312e-08
2.236496765561923894e-09
7.770948329266502697e-09
3.004616289103978488e-08
3.320462127476275782e-09
1.170068458122841548e-06
2.916572157118935138e-07
4.534927100507957221e-08
1.439613583897880744e-08
1.970569130094190768e-08
6.365019800114168902e-08
4.325104185909367516e-08
3.315116003932416788e-08
3.895856437452493992e-08
7.403700763575216115e-09
1.206056232661012473e-08
4.345891202461871217e-09
6.486372328140532773e-09
6.275605812788853655e-09
6.771806937422297779e-08
5.222125842863079015e-09
9.907887843496610003e-09
6.702494914634371526e-08
6.307421074325247901e-08
9.285665569791490270e-09
1.032086505148299693e-08
2.939533727541743247e-09
8.361165271253412357e-08
3.288778316345997155e-08
5.407468250950842048e-08
3.917549474863335490e-05
2.088505243591498584e-05
7.172484970396908466e-07
7.704447746448295220e-09
1.498464916949160397e-05
4.381307050493887800e-08
7.330933158300467767e-07
2.484582182660233229e-06
8.360997583167772973e-08
4.396691224428650457e-07
1.294834166765213013e-02
9.962256444850936532e-05
1.910339458845555782e-03
9.427601099014282227e-02
7.696884131291881204e-05
3.826327447313815355e-04
1.873177709057927132e-03
1.553108333609998226e-03
9.001990547403693199e-04
1.330688362941145897e-03
9.315149509347975254e-05
5.583594087511301041e-03
9.190816432237625122e-03
4.244980402290821075e-03
8.930522017180919647e-04
3.633384949353057891e-06
1.067572611646028236e-06
6.172128337311733048e-07
1.201747295453969855e-06
3.031061055480677169e-07
1.048472654474608134e-06
2.383322680543642491e-06
1.382981736242072657e-05
2.564914757385849953e-05
1.098161305890243966e-06
9.337539097487024264e-08
5.142960048942768481e-07
3.090760287705052178e-07
7.346008032982354052e-07
6.719330372106924187e-07
1.076652893061691429e-06
4.909614290227182209e-05
5.377238988876342773e-01
3.668846693472005427e-05
2.360134822083637118e-04
1.548456793898367323e-07
1.741415331935058930e-07
1.124412392528029159e-06
1.939998128364095464e-06
1.393201358723672456e-07
1.107614707507309504e-06
5.254302095636376180e-07
3.867970690407673828e-07
2.805589076615433441e-07
2.244068895151940524e-07
3.885666083078831434e-04
5.755191668868064880e-03
1.865010901269670285e-08
1.054139744383064681e-07
4.087224425575186615e-08
1.354972027911571786e-07
3.901686440599405614e-08
3.123845848662654134e-09
2.207234839346483568e-09
3.693260097747952386e-08
4.643835893602954457e-07
6.794950824229317732e-09
8.044247934435588832e-09
2.044800595513152075e-08
4.160905859862396028e-07
7.600786666728254204e-09
1.506799094386224169e-07
2.625195349992281990e-08
5.333539387919472574e-09
2.129502973957642098e-08
1.978198014285226236e-07
2.767871265518806467e-08
4.241580313646409195e-07
3.806173367593146395e-07
1.320436581409012433e-06
2.742388824117369950e-05
2.473803029090504424e-08
2.337087153136963025e-06
2.600581410661106929e-06
7.991221195879916195e-07
1.246917680219894464e-09
3.391816605358144443e-08
1.511361205075445469e-07
2.900593543131435581e-08
1.748737155082835670e-08
1.600530623591112089e-07
2.871406650228891522e-07
2.559548573088932244e-09
2.580387636896830372e-08
1.038100183592405301e-08
1.391682326357113197e-05
2.109103007796875318e-07
3.136798113700933754e-06
5.618471732304897159e-06
1.987866582453534647e-08
1.206295419109437717e-08
2.060307480178380501e-08
7.760296227843355155e-08
3.429893880024792452e-08
6.866827106932760216e-08
9.574657269695308059e-06
1.222330979544494767e-06
2.870935986720724031e-07
5.405506264821724471e-09
7.411016156311234226e-08
1.702721164065224002e-07
1.610280122577023576e-07
2.194862958049270674e-07
1.021581041982244642e-08
1.374248540741973557e-06
1.814777306208270602e-07
1.534555060800357751e-08
3.451553993727429770e-06
1.260713474948715884e-06
6.256119604586274363e-07
1.519134862348892057e-08
6.450566303328741924e-08
1.936159144122484577e-08
7.214033104219197412e-08
4.807273157325653301e-08
3.761429923088144278e-08
2.982212436108966358e-06
5.845203077115002088e-07
4.955653025717765559e-07
2.526754805387554370e-08
2.277445787512988318e-07
1.819606154640496243e-08
1.455428105145983864e-06
8.676564675624831580e-07
1.658854031916234817e-08
8.237269355504395207e-08
5.619797516231983536e-09
3.210521626328954881e-09
2.018472855525033083e-07
2.652960802151937969e-06
3.985498508995988232e-08
4.480535835682530887e-07
5.186757903175021056e-07
6.856818224321159505e-09
7.637768817403411958e-08
6.147250246613111813e-07
1.692162499011828913e-08
7.216458097758504664e-09
1.826446691666205879e-07
1.470167809713984752e-08
7.865813813623390161e-07
2.760895512210481684e-08
4.614449977680123993e-08
3.676570088373409817e-07
2.311152513811975950e-08
3.343441967729177122e-09
5.047809636948841217e-08
8.659750250217257417e-09
3.175220442130921583e-08
7.092912710504606366e-07
1.235024349455215997e-08
3.337959242344368249e-07
3.938722556995344348e-07
3.466441356181348965e-08
2.575553992301138351e-08
1.976887205046296003e-07
1.759745060780915082e-08
1.416655436514702160e-06
6.128034080177258147e-09
4.260998665017723397e-08
4.885785983788082376e-06
1.449332444281026255e-06
1.978262886837001133e-08
5.623528309683933912e-09
5.723619551645242609e-07
1.189593632489049924e-07
8.822786945472671505e-09
3.309373397542003659e-08
2.007083388377850497e-08
1.806936711368223314e-09
9.844778503520501545e-08
3.550123039985919604e-07
1.138279372980832704e-07
4.914811668754737184e-08
6.930879976607684512e-07
1.237875608239846770e-06
4.739545644838472072e-08
4.741715997624851298e-08
1.923714592066971818e-07
3.071780838581616990e-07
1.005948213617102738e-08
1.022797668781549874e-08
3.706621214405458886e-07
7.139444733184063807e-06
1.205350130817350873e-08
1.853021700526369386e-07
5.546155179558809323e-08
3.205776692993822508e-07
1.382929504245566932e-08
7.516538857998966705e-08
3.307745188863009389e-08
2.774778806724498281e-07
1.501187398389447480e-06
3.756316591108088687e-09
6.331540447490624501e-08
3.340573595522755568e-09
2.135897325672431180e-08
3.994136022811289877e-06
2.012794624306479818e-07
1.504548436059849337e-06
3.072817778004832689e-09
6.733670687708581681e-08
3.201143528031025198e-08
1.197805410413366189e-08
1.038100208461401053e-06
2.666423029040743131e-07
6.820491282866214533e-09
4.396693142894037010e-08
3.389643765672190057e-08
2.175840307927501271e-08
1.500586144231874641e-08
3.622420408078141918e-08
5.882977305304848414e-08
1.195468371406605002e-06
1.063855759042553473e-08
7.638596457582025323e-07
3.152153169594384963e-07
3.456836168425070355e-07
1.035598984344687779e-07
2.141491250995386508e-07
2.343955074479708856e-08
2.855961511727400648e-08
1.291300435468656360e-07
1.338490740465658746e-08
1.459784559898480438e-08
1.631898953746713232e-07
2.401779575222917629e-08
2.193533177319295646e-08
6.871609912195708603e-06
5.098787596580223180e-07
1.103685391967701435e-07
9.597658390703145415e-06
8.470242818248152616e-08
4.610473425259442593e-08
6.624351556183682987e-08
1.091558146981697064e-06
8.525493200295386487e-09
4.278811900348955533e-07
1.139056394094950520e-06
2.740209481544297887e-08
3.183454282407183200e-07
1.186046958423503384e-07
1.218860834484303268e-08
1.523675621228903765e-07
1.598880672304403561e-08
1.013905670532722070e-08
3.016403411493229214e-07
5.730914409696197254e-08
7.776135646508919308e-08
3.928067116021338734e-08
3.667526371486928838e-08
9.279061963241019839e-09
2.291355771788516904e-09
5.170215899852337316e-08
3.183585022270563059e-07
5.200631107982189860e-07
2.033117880273493938e-06
7.564524651115789311e-08
2.125623410620391951e-08
2.726678758335765451e-07
1.981386930083317566e-07
4.611924353525864717e-08
8.235581105964229209e-08
5.590478031081147492e-05
3.566647421848756494e-08
4.774605244506346935e-08
4.742120029987972885e-09
2.645229812969773775e-08
1.441358961074001854e-07
6.592083082068711519e-05
2.132807821908500046e-06
6.055505252788861981e-08
1.069069298864633311e-06
6.043418920853582677e-08
2.143247179731133656e-08
3.712419260892829698e-09
1.611171818183265714e-08
6.604676627830485813e-08
8.623327829582194681e-08
1.155109657702269033e-06
3.546157074652001029e-07
1.348678665635816287e-06
1.100920670182858885e-07
1.073903064252590411e-07
4.290332711320843373e-08
5.658283441789535573e-08
9.713306603487126267e-09
3.020780070528417127e-08
5.993850038521486567e-08
6.723258838547963023e-09
9.182103610783087788e-08
4.965135147472210519e-08
6.993647616582165938e-08
2.266862537680935930e-07
2.462820702930912375e-07
1.711994173092534766e-07
3.214734931589191547e-07
2.918177779065445065e-05
2.207345417559736234e-08
3.223029239052266348e-07
1.697973317504875013e-07
1.464852505961289353e-08
3.036602791439690918e-08
1.419095951860072091e-08
5.487711973728437442e-08
2.400390428647369845e-07
1.146271915786201134e-05
1.107721381288229168e-08
1.207745814468808021e-08
4.210766292089829221e-06
4.003166154120663123e-08
2.101740079751834855e-07
4.408424956636736169e-06
2.460410769344889559e-06
8.972891009761951864e-06
3.068954868012951920e-07
2.519656391086755320e-06
3.965741598221939057e-06
1.388535508795030182e-08
1.561372009462047572e-08
3.446636583248618990e-06
5.670513658628806297e-08
6.713901257171528414e-08
1.555402036501618568e-06
4.023054032131767599e-07
1.451920041972698527e-07
3.003421852554311045e-06
5.950371217977590277e-08
1.798739077685240773e-07
3.114768531986555899e-08
2.802179892569256481e-07
4.899714440398383886e-06
6.694720468658488244e-06
3.520526092870568391e-08
8.213681468305367162e-08
2.205863935955676425e-08
3.886675585818011314e-06
2.019260421093349578e-07
2.751247905052878195e-07
7.534749713045130193e-09
3.483269139792355418e-08
3.909842121174733620e-07
5.435838829725980759e-06
2.586156142569961958e-07
1.085430323399805275e-08
1.232275508300517686e-07
1.072995026163425791e-09
4.301375700066500940e-09
6.133778640560194617e-08
2.437532309329526470e-08
4.853107384406030178e-04
1.715260111723182490e-08
2.718293856673881237e-08
1.870156438599224202e-06
9.014213731006748276e-08
1.361062800242507365e-07
3.765816103395991377e-08
7.166956805804147734e-08
1.303618120118699153e-07
7.453571981841378147e-08
1.651476281949726399e-06
1.921779926306044217e-07
6.314580218713672366e-07
2.866263639589305967e-05
7.290468033716024365e-07
1.258401596260227961e-07
2.525245861306757433e-07
2.154597638082123012e-07
3.971761657339811791e-07
1.981915076498808048e-08
3.340549881158949574e-08
6.673289476566424128e-08
2.646959984531349619e-09
2.324233072670267575e-08
1.130530513648864144e-08
5.575056150064483518e-08
5.450755793390271720e-07
2.830487346727750264e-06
4.135350195610953961e-07
3.575188500803960778e-08
2.544693522565921739e-08
9.017661994903392042e-08
1.097830875096406089e-07
7.625301634561765241e-08
1.089024692646489711e-07
4.821860784431919456e-06
1.405905059037593219e-09
7.291875903092659428e-08
2.743394588833325543e-06
8.478853175120093510e-09
4.451021959539502859e-05
5.821640414183093526e-08
2.240613028448024124e-09
7.496179932786617428e-06
4.695429467460598971e-08
6.700731347564214957e-08
2.927416176135011483e-08
5.345968290271230217e-08
1.870372216217219830e-06
3.199518205931894954e-09
5.454826812467672426e-09
3.579951268761760730e-08
4.570190270669627353e-08
1.062882315494562135e-08
2.647309656822471879e-06
1.231423318870383810e-08
5.226361121657419062e-09
1.707878816148422629e-08
1.400513411908832495e-07
2.246108188330708799e-08
5.349670928467276099e-08
1.182357394213795487e-07
1.398857474299575188e-08
3.272140958188174409e-08
3.944388993204483995e-08
2.138290483344462700e-06
7.423115562232851516e-07
1.295149587576815975e-07
8.330840017833907041e-08
5.582675655091406952e-08
3.533695007718051784e-06
5.038834416382087511e-08
2.821418298992739437e-08
8.377795097658236045e-07
2.295187550771515816e-05
1.701398275599785848e-07
2.941442289738915861e-08
1.545646988176940795e-08
1.621804983642505249e-07
6.079385883595023188e-08
5.986903062193960068e-08
6.073741332102144952e-08
4.288044124223233666e-07
1.078693934175589675e-08
1.249360224164774991e-07
1.050907627586639137e-07
7.315808403518531122e-08
3.779201449560787296e-07
7.731224549445414596e-09
3.765706821923231473e-07
2.967520229546494193e-09
3.355107081048913642e-09
4.879655648437619675e-07
1.874772515009226481e-08
6.439152144821491675e-08
2.563962198109948076e-08
1.030094907150669314e-07
2.588233485312230187e-07
4.808389242327848478e-09
1.974876653321189224e-07
5.785156531601387542e-08
5.289216915116412565e-06
8.741326382732950151e-06
2.929041720278746652e-08
7.796450773867036332e-08
1.217445788626037029e-08
5.516572088026805432e-08
7.535340387221367564e-07
2.518732555856217914e-09
1.373108062807659735e-07
8.256967554132188525e-09
3.917427804367434874e-08
2.680220916317921365e-07
1.964361473483222653e-07
9.961927815993476543e-08
1.309956587647320703e-07
1.155108630968015859e-08
1.468723667130689137e-07
3.072040044571622275e-08
1.183013793593090668e-07
4.056755997794425639e-08
2.000505716637235309e-08
3.208215559880045475e-08
1.239347469095264387e-08
2.004138650590903126e-07
7.790569043208961375e-07
6.205995717323276040e-09
8.879143109652432031e-08
7.066428509006073000e-08
3.787987701286965603e-09
5.407863454820471816e-07
3.425512034027633490e-07
8.423673136803699890e-08
5.988593443362333346e-08
2.188322056895231071e-08
6.447410669352393597e-06
2.346446592582651647e-08
7.608151975091459462e-08
5.559659399523297907e-08
2.033563077930011787e-07
3.378256678843172267e-07
1.278728234410664300e-07
6.615674692511674948e-07
6.729134582883489202e-09
1.905115993849904044e-07
2.265185514715994941e-07
9.350630847393404110e-08
1.849108031137802755e-07
2.288597613642195938e-07
2.994362660047045210e-07
1.466172534492216073e-07
2.183239047326424043e-07
3.686776608446962200e-07
9.380609640174952801e-07
3.443889795562427025e-08
2.009895361254621093e-08
1.138558332058892120e-07
1.699673703114967793e-06
1.270696969868367887e-08
1.029003087182900344e-07
3.682075373490079073e-07
9.103477509597723838e-07
7.443634331139037386e-08
7.223980901471804827e-06
2.113773689416120760e-08
3.996909825332295441e-08
2.709931095523643307e-06
9.688258018059059395e-08
8.064783685313159367e-08
3.963168921927717747e-07
3.648457536087335029e-08
3.124670001852791756e-06
2.540892296565289143e-07
5.363343120734498370e-07
7.108325803528714459e-07
9.043803927966109768e-09
3.835800725937588140e-06
1.285182861465727910e-06
2.303682720139477169e-07
2.994832357217092067e-06
8.773183139965112787e-07
4.816349985503620701e-08
2.781177954602753744e-06
1.009493530546023976e-06
4.893325566968087514e-08
1.241511853322663228e-07
1.261344277736498043e-05
2.748192855506204069e-07
1.270432825606349070e-08
9.959966291717137210e-07
1.022621177071414422e-06
2.340193816507962765e-08
9.793051702899902011e-08
5.379351364354079124e-07
4.863553044742729980e-07
7.957173586703447654e-09
3.674955806332036445e-08
7.485559727626878157e-09
2.578608928160974756e-06
1.443997916794614866e-07
5.515962087088155386e-08
6.760808357597625218e-09
3.301900619590014685e-07
4.263551645067309437e-08
8.128613337987644627e-09
1.945410730286312173e-07
7.092700116118066944e-08
2.679137196537340060e-07
3.271702553320210427e-07
5.845647137903142720e-06
5.819683792651630938e-07
4.210270390103687532e-07
1.776502500661081285e-08
1.144630061844509328e-07
5.601447483627453039e-08
1.362148882577685072e-08
3.561936523510667030e-08
8.707213083880560589e-08
2.533475873534030143e-09
1.019780260236302638e-08
2.410491219961841125e-07
1.311669137749049696e-07
4.904889465251471847e-06
2.937300678240717389e-07
9.000993372865195852e-08
1.089602392312372103e-05
9.622045382684518700e-08
1.867605803340666171e-08
2.813529498268962925e-08
4.524029009189689532e-06
1.225394044013228267e-07
9.949404500275704777e-08
1.301153229604778971e-08
4.056591507151097176e-09
2.800111920109316088e-09
7.422293446524008687e-09
1.024615592370992090e-08
1.123692072724225000e-08
7.262840995281294454e-09
3.019098215872872970e-08
7.332869866871760678e-09
3.060026676493521336e-09
1.542369254536879453e-08
3.291906469637950750e-10
3.355114941427927988e-08
3.096711553851605458e-09
1.520266152965632500e-07
1.493986268030766951e-08
2.685354338893830572e-08
7.373218924300317667e-09
1.349855960341983518e-08
4.639044703935724101e-08
1.583176256758633826e-08
5.423488858014025027e-08
1.783469372185209068e-08
2.109512386994083499e-08
5.000716214453859720e-07
1.022848010734378477e-07
3.695235193390544737e-07
1.061526866408257774e-08
4.749038140516859130e-08
2.029483781029739475e-08
9.421590618785558036e-09
5.653903656366310315e-08
5.171971650952400523e-08
5.415106230088895245e-08
7.086831033120688517e-08
2.107201169110339833e-07
4.022238954348722473e-06
3.652147739785505109e-08
1.255883308459715408e-08
2.249734176729134560e-09
2.995573344932722648e-09
3.150220528880254278e-09
3.352241595422356113e-09
2.750502936521570518e-09
1.417583206375638838e-07
1.072829736159519598e-08
1.326897290709894150e-06
2.568210533127057715e-08
3.242819843762845267e-07
1.392779012121536653e-07
2.650662054293206893e-06
4.532832349468662869e-07
7.091425118233019020e-07
2.204194461228325963e-04
5.467159667205123696e-07
3.055611887248232961e-05
4.872887075180187821e-06
1.793094270396977663e-05
1.658470682741608471e-05
2.778649754731077337e-09
4.833820526073395740e-07
3.935139147870359011e-08
6.794710998292430304e-07
1.085583178905835666e-07
5.533127023227280006e-08
4.416924781480702222e-08
1.270399536679178709e-07
2.699200081224262249e-07
1.007413814591018308e-07
1.976249208723857009e-08
2.199729820517859480e-08
1.692249718132643466e-08
2.838057966414453404e-08
3.251791724778740900e-07
3.310650527055258863e-07
3.166203299542758032e-08
8.985811916772945551e-08
5.528305990765147726e-08
