1.862926757301153202e-10
8.242154354853870046e-12
4.948405921134657603e-11
1.084819317709317943e-10
3.334580441632928327e-12
2.003625931834562834e-09
9.706080383864446048e-11
8.551546276658328338e-11
1.390947801382935722e-09
1.736294663601256616e-08
5.072415404372421222e-11
3.170932613705268466e-11
1.504850549727265729e-10
1.421724182826267224e-09
5.435380010659907057e-12
2.687980740767592636e-11
4.801708475277166599e-10
5.359582916364402649e-11
4.259940733497558085e-10
6.781129477384517656e-12
2.540904431302948296e-10
9.154228763907923394e-11
6.982951022971306543e-11
2.801397336327227094e-08
2.955750089128628133e-09
1.301875135473196110e-10
7.002771279518427150e-11
2.744841506863160419e-11
3.025869138584269535e-11
1.963776190272437105e-11
1.214757044953884701e-10
3.929807434327470261e-12
1.966074664183636855e-10
6.742682800986443681e-12
1.862158344190234516e-11
1.199014082464699982e-10
2.968064127806258057e-10
2.652239712574999686e-11
5.749455425640981332e-11
4.144767307145968971e-10
2.478778814152260423e-11
2.023622935887203766e-10
2.533693532758007905e-10
2.129730836131216165e-09
1.040694821985432839e-10
4.054510893691798401e-10
2.815658123322961615e-11
8.585426120033545772e-11
9.789452581898672179e-10
3.705303286416494757e-10
1.031766772713327285e-11
1.791179843335655164e-10
2.776381208269285139e-11
3.669404710637813594e-11
3.086813140165678426e-12
4.009382756353652155e-11
2.427474670926854650e-12
1.591009268775422925e-11
9.350206373048841613e-12
4.486357466082502299e-11
3.928127600971720312e-09
2.612291286063772588e-11
3.729009809272376685e-11
7.306580895871661596e-10
1.201649335591525869e-10
9.151505941940030198e-11
7.981827004899244571e-11
2.096087470260243890e-10
1.223590499754845240e-11
1.145780068045887390e-10
8.966008491206878261e-12
4.510332107798831203e-10
4.295649339708385028e-12
2.979101132449812894e-10
3.088650646007606859e-12
2.831093137700690932e-10
7.992311257254414159e-10
1.843388441891136154e-09
8.434277276592183625e-09
3.174630350266660628e-11
2.134742903281416915e-11
5.366177988075371275e-12
7.535972401662149878e-10
1.232303148412938754e-11
1.001236420161699670e-11
4.687416427229251781e-11
5.188390828081423933e-10
2.540231081038513139e-10
6.383920475583337861e-11
1.378409365815347343e-11
9.740239864663990943e-11
8.793718531130423344e-11
1.025267544474406378e-11
1.324865130797325818e-11
4.591574342960313970e-11
1.143271241565990692e-11
1.000274429258096731e-11
1.623757378554913089e-11
4.482159920993211699e-10
1.210996636302752449e-08
7.416548486460783352e-10
1.611739769424858082e-10
1.269041050022678974e-08
4.259033126174927020e-09
3.000315871304337634e-07
1.874820918601471931e-05
1.507524558519435232e-07
3.530089198386376914e-12
1.026778315149634579e-11
2.628063391907353719e-11
7.272208529807144828e-11
7.118854117305062346e-12
2.178030672483899366e-11
5.078177878203860018e-10
8.311841492858462743e-11
4.307126703906316578e-12
3.065185050221685970e-10
3.766665798710100432e-12
1.547049467698347058e-11
6.465803586985785500e-11
1.435328960720794189e-12
1.827238534091168987e-11
5.272443506093571486e-12
1.480925972130453516e-11
2.465831150377795211e-10
1.932696364059793837e-11
3.597752998296677163e-11
8.497821370190283830e-12
4.959915464453068523e-11
2.318016195657079948e-10
4.025428254617047230e-11
2.078767019630944901e-11
4.314348184264460428e-11
3.750752139430879595e-11
1.671941363134976655e-09
5.661868307527129218e-09
2.110135122190825996e-10
1.232179219767814971e-10
1.186239301231850618e-10
1.066224907843305036e-12
1.002924219367651304e-11
6.536108460020173538e-11
4.171116577134093006e-12
2.539299499837444074e-11
1.177018465331469699e-11
2.158401679608346058e-09
2.136483628900620602e-10
8.553581454240344328e-12
1.396269818515483152e-12
4.342278203672833570e-10
7.187954120801975932e-10
1.999144405573360928e-09
1.608336380742869665e-11
6.787292949894663252e-11
1.871266162856155546e-11
1.152849170293901437e-11
1.006380525789274394e-12
2.269368373775115799e-11
1.216356182442979161e-11
4.734068692613391249e-10
1.719284992152125824e-10
2.626348357542829248e-12
7.286574989218141951e-12
5.765399962998074557e-11
6.929997548033028920e-11
8.032020361314895496e-12
1.885622387398644406e-11
1.036892655070786873e-10
8.859207117906109374e-11
6.464319964732956336e-12
1.162543394883641668e-10
2.214036176617639740e-10
1.117288622731749115e-10
1.289776618840221545e-10
2.497017481672969552e-09
2.203019537627692870e-11
2.733847002944767013e-12
9.304264025900010893e-10
1.920864800553090390e-09
3.833348638515587936e-10
3.266485526509654846e-09
9.240767179230502393e-11
2.874245563777577672e-10
1.193050432751752155e-11
6.531120262665002230e-12
5.833294264290245223e-11
4.342154413805587865e-10
5.132802169405259463e-12
2.171348344182089107e-11
1.533502600077618627e-12
2.394663026900056835e-12
2.430917012824496126e-12
1.203723093423647583e-10
1.694009821306963204e-09
4.267108368039007615e-12
2.114497466010334392e-11
7.641549610963582762e-13
9.951249893558333781e-12
2.671770790718674959e-12
3.694271624721245928e-11
4.757619298523252382e-11
7.634445159387936997e-12
1.442891162453663334e-12
1.192413442291373471e-11
2.630930846445056481e-12
2.862624581823070002e-10
4.691184662952707640e-10
6.966066178754060090e-12
2.691614431338251734e-10
3.411408933118309506e-10
2.986206837363170052e-10
3.244850832473389346e-09
7.177480398218305524e-12
2.612799386569886195e-11
2.189685412157249544e-11
1.118230924523899716e-10
8.677619733887809161e-11
1.831757488746088569e-11
3.838773483116897367e-12
3.180418081671909647e-11
1.224377960129530152e-10
3.324782937852432951e-07
1.069168781286933267e-10
2.083858419155149022e-09
5.652114332121982443e-09
2.115120745216358955e-09
2.750117191266387984e-12
6.718042233622156800e-10
1.031719987221180190e-10
4.220930549525547804e-11
7.154313166196635265e-12
8.165344789201611775e-11
5.595504962152553219e-11
6.921292011741186911e-11
1.149854378379444597e-10
6.900139348786638038e-10
1.691829454308901859e-10
2.117485214947478767e-10
7.451620917531265320e-12
8.744301940519227934e-13
4.433920591795370569e-11
7.810051216861069179e-12
4.905394840326593453e-11
5.200763084078907639e-11
1.207724614760152804e-10
7.834933873560046003e-13
1.011402073203271357e-10
2.237241425104286030e-12
2.592428216541264874e-10
1.032692611979690867e-10
2.881513361252530103e-10
1.596232174216893895e-10
8.855827876574906554e-11
3.780632751304580097e-10
5.096366471196711601e-12
7.580847061205986392e-11
5.821337856204422678e-10
4.228762826019583088e-11
8.608282836553016182e-11
1.619256906337795954e-08
1.115090686454323077e-08
5.312268740453873761e-07
4.418572452369318171e-11
1.480132509612541725e-11
2.413978739124189588e-12
1.217850043033763541e-09
5.566110683474789766e-09
5.660011570540746106e-09
8.181894273207035440e-09
1.252448385002935538e-07
4.249434137904017916e-09
8.255040739868491073e-08
5.113862222572151950e-09
9.432331360414991650e-09
2.105052132606033410e-08
3.913787622877862304e-07
7.507542250095866621e-07
2.401289833642294980e-09
1.846774821956387314e-08
7.969006565744507498e-10
2.034360413460944983e-08
1.191523324450827204e-09
4.041007806154794935e-10
4.966679512108385097e-09
2.143758504047355018e-09
3.442699181288588761e-10
5.140233239053770831e-10
7.469062701659368031e-09
6.750178749292956581e-10
9.979106430080264545e-10
1.302044694284631987e-09
2.433206691687672674e-10
7.287357522978155089e-11
4.872740544392684114e-10
7.526843859295695438e-08
2.970330870155635239e-09
2.057761738782915018e-10
5.011482784311738214e-08
3.465619010967202485e-05
9.321854577137855813e-07
2.290387931397352972e-12
6.249777778633003322e-11
1.584302550261540432e-10
5.906819477985436606e-11
6.591176389403319291e-12
9.341730722312036050e-10
2.841633373051877243e-09
2.031535495383707257e-10
1.060418940157514811e-11
3.284977567741265148e-10
1.369461544165062605e-09
1.341249680764100560e-11
6.651192790974036484e-11
9.741838585819451168e-11
1.119839811158929166e-11
3.894380044139333918e-12
5.654114329511905623e-11
1.879984362629372185e-11
1.054068898137527910e-11
4.541397466417684825e-11
2.488746361772875559e-11
1.440373931238525529e-10
1.439943986270009191e-08
6.799131570256466972e-12
4.565028216552136087e-11
5.608348507823990303e-11
5.479536095698289699e-12
1.042735550682571954e-10
1.057599632869887785e-10
3.141602950007538197e-11
2.289569089874987640e-10
1.800266463680699758e-10
9.630771735658072430e-10
2.353217898320991708e-10
8.719671313883736730e-07
5.464160235391091192e-09
4.713276435808211318e-09
5.508876022020103846e-09
5.309447548285106677e-09
9.111854066407021335e-13
8.761256303779774157e-11
8.518110803379386198e-07
1.022337073663948104e-06
1.011728589794813615e-09
1.133797833396954502e-09
6.111144923437450416e-10
5.322108864724839350e-10
1.510614300315182845e-09
1.766218282739373535e-09
1.112887646620430715e-11
4.326994318404331352e-09
6.925061652590658312e-13
7.491423280325815170e-12
9.728302191591708947e-11
1.843994922035019357e-11
4.855083349242228508e-11
2.792817088703714035e-09
2.734529269687868691e-09
9.682971091606873415e-10
8.740342477553397771e-11
4.775942419321665966e-10
2.170999557904451649e-08
1.804325506782333832e-07
3.995142439094934161e-09
8.562392963540332858e-07
1.636202000554476399e-06
7.315287007259030361e-07
1.055869436328293887e-08
1.323114815932058264e-06
2.069038487206853461e-07
2.510718442499637604e-02
3.785381268244236708e-04
7.948004007339477539e-01
8.336326107382774353e-03
5.565917490457650274e-06
1.938748113161636866e-07
2.917169581451162230e-07
3.828678745776414871e-03
1.258200354641303420e-04
5.040352116338908672e-04
1.654718071222305298e-01
1.787178916856646538e-04
1.009303145110607147e-03
2.553420017648022622e-06
1.852808345574885607e-04
3.643664536756574535e-10
5.476735818327194139e-12
4.450572410608089058e-10
3.947172311224989016e-10
1.391933790451105324e-11
2.784312336245875485e-09
1.864066713486156601e-11
2.286311331228807475e-12
7.830531362218451363e-12
2.727582743000667165e-11
3.222754008103123624e-11
1.303646166711525112e-11
1.225104462321269239e-10
3.761819414999090228e-12
2.066771233322217682e-12
4.211238129048222589e-12
2.353009063635336240e-12
1.316654684585527590e-12
5.880156084270282690e-11
2.700935395477666034e-12
2.744054983239152534e-12
1.606803232134801362e-11
1.604141407381132201e-12
4.351645779832047367e-11
3.018080793962263364e-12
1.463661310208141941e-11
3.917840878109313252e-12
1.988727404977908009e-09
5.536975739017790943e-11
2.132788520445294544e-12
2.130219958762502586e-11
3.452113248036958737e-11
1.552115380665242128e-11
1.531477548943893652e-11
3.880530966005046878e-11
1.344243466538941334e-11
9.968637720847439709e-11
1.380564239317205733e-11
1.698825216785160297e-12
2.907653111339225660e-11
1.465177978943188464e-11
1.123590370050164822e-11
1.080147013499122011e-10
3.123564948359636162e-11
1.159283988250159325e-10
9.582851179246176798e-11
1.263085989966494793e-12
2.084651548606153426e-11
2.975168722496590590e-12
2.026032813740030747e-10
8.069241455577191857e-12
1.195925563440836115e-11
1.574081837096841241e-11
9.853626942168958180e-11
8.498830805780954734e-11
1.300170388018884182e-10
8.329299056031302939e-11
2.030116699747175346e-11
5.865445282249304171e-12
1.472556885456777209e-12
9.716545623650318930e-11
7.656099712538555480e-12
3.520061186979006607e-10
3.290118177901035779e-11
3.595509653897543956e-11
5.418032342219269992e-12
9.549637990102777252e-12
7.154631054273608015e-11
1.708033887937165929e-11
3.248594102056578947e-11
8.536835682804166936e-10
4.351871918384375704e-10
9.311183768456743337e-11
1.322282647958639146e-11
3.214404784013247252e-11
1.639088517690900915e-11
4.809884712742018564e-10
4.051347451961007096e-11
1.104021249420661377e-10
3.619914914695931962e-12
1.032942689715987683e-10
5.883608270723650335e-12
1.836820834322239193e-10
6.585525180735629647e-11
7.157428816295663410e-11
1.774157730449754666e-11
2.752947175777009647e-11
2.816223643176130054e-10
1.344368409997298563e-12
1.000024542341382272e-11
4.781606534332016878e-12
6.996709461803973795e-11
8.553678598754999030e-12
8.342571425346001490e-12
9.028365620215861309e-13
1.065152827051107920e-10
1.693484762144148448e-11
4.142756016706217181e-12
3.545613247446510741e-10
1.534429918195745479e-12
8.500285544887908884e-12
1.931339419988797879e-12
4.167754336092954759e-11
1.613308375780775350e-10
2.981590807582534808e-10
6.878523861608698553e-10
2.015149297429630337e-10
6.637138061371672393e-11
1.223725222716798289e-12
2.439934712605840161e-11
2.586651596039879486e-12
1.178177520821943602e-11
2.084672434676804187e-10
7.654905875842388241e-11
1.629836821059882368e-10
4.453820558886212311e-12
1.490240569834710982e-10
2.958339953215705087e-12
3.481609965605425572e-12
7.390069112211961055e-11
1.760102827375042978e-11
3.289490554947427370e-11
2.877913879428817268e-11
3.365848225134193683e-11
1.363546255073178060e-11
9.390510070927948760e-12
4.641224037038593764e-12
1.826632248236315093e-11
5.601011841827041593e-12
1.635907528147947931e-13
5.958349785784022856e-11
1.494021052705907238e-12
2.610335003705444024e-10
9.504954115446828666e-12
1.175921165996740569e-11
1.164590667825093906e-12
4.833878089471888018e-11
6.098892224581931032e-11
2.033314905336425227e-10
6.496832932745277844e-11
1.516035560977790908e-12
5.092566993103453399e-12
5.090268137553088934e-11
3.052476674203496998e-11
1.626051654435300975e-10
1.127356125119050034e-10
1.751431790396329458e-12
1.353727546726801734e-11
2.426075562233370730e-13
1.381457188226464794e-11
3.116968922550755750e-12
3.126789452356781851e-11
2.927325881696418719e-10
1.147341596730022673e-10
3.482286015099589349e-09
1.676666860905839940e-10
4.149780172268968670e-11
3.361953770930625751e-11
2.383627323299108980e-11
5.988953777347205687e-11
7.035585308790004433e-11
7.950476214879653725e-12
1.767325348567272414e-11
5.736953447021964081e-12
9.364235949160804040e-12
2.105297880472534189e-11
1.255434922686760046e-10
1.188098230908707365e-10
3.781386228446370623e-12
1.505061375008109881e-12
1.420688011677384566e-10
1.305357905101445226e-11
2.367009539760989156e-11
3.857330080347942669e-11
4.609596124943715623e-12
8.902090870011036827e-12
4.470049330684844335e-12
9.782075149900038014e-11
2.282089447969148921e-12
9.226531864914289116e-12
2.321891463819003576e-11
8.094121727031389213e-12
4.493716232456534954e-10
3.727198827352395938e-10
1.596688753435770991e-10
4.582563148392004848e-11
6.854483994289672921e-12
7.204801859284071242e-12
3.260728926451905707e-12
1.533076270099353877e-11
1.123266757385721348e-11
4.387153834661816632e-12
5.026890570469788599e-10
1.967336883679227100e-12
7.646711497506786248e-13
1.300817786820118727e-10
5.762176760043535850e-12
6.396974616684758530e-11
1.754689275823562156e-11
4.138680717580278667e-12
7.863642376149115876e-11
4.790582167069068475e-11
2.303110827051035869e-11
2.005507739044620763e-12
5.703366667830778169e-10
1.054902137864743850e-10
3.614342158897443369e-11
3.551425126202545357e-11
1.474485637753542022e-11
5.921108655465578963e-12
1.027948628995467573e-10
1.747026134868434610e-10
3.113114627195656681e-11
4.097961900373370270e-11
2.228262296899430339e-10
3.952873098289622078e-11
1.037301104386822992e-12
4.916701074053619891e-11
1.127448551185850079e-10
4.315458754233780780e-11
3.466477452307437090e-11
2.522447702102414979e-11
1.084638802384407796e-11
5.829090682363258225e-11
3.554183336529348480e-11
1.341224006856656104e-11
4.890839122584367260e-11
1.592050276333356607e-11
6.114651146527094738e-11
5.045742469678149433e-12
4.649268817158436207e-12
3.334179720509977685e-12
3.226462846894762038e-11
4.583780299771689215e-10
1.961621004520353040e-10
1.191016729684690745e-09
2.097933979317012643e-11
3.468521303506832965e-11
1.823981937709717727e-12
1.247506546848964337e-12
9.605025108605502737e-12
2.947409330489314527e-11
2.914431283113083637e-12
1.130094021833949469e-11
3.275195869720248787e-12
2.174078191780060010e-12
5.311464809643062779e-12
2.087003764250638937e-10
3.437579734755225047e-11
3.614875065949263444e-10
3.181473487434693936e-11
2.246076068190827613e-11
2.373750501716287431e-11
5.471851791116755237e-11
4.818805944550863529e-12
6.081616113484678010e-12
7.861583779800174199e-12
2.201159046699707744e-11
1.948179118027582035e-10
2.584926717119628847e-11
4.912705225262881115e-12
8.537303503031168361e-11
5.418861886985482101e-11
1.528850071715048831e-12
8.941762608127845624e-11
4.538178721702479379e-10
1.320686507204349436e-12
5.750149800753945328e-10
4.316644264257263330e-11
1.341032840329603459e-10
1.198933573948179898e-11
2.226711592889785152e-10
7.188101502908494922e-11
3.007659676868001952e-10
7.345867837627029218e-12
1.234421037610289318e-10
3.634019083917361392e-13
1.387910064654107600e-10
1.839954577587121776e-11
9.672482259581727249e-11
5.537175926106918666e-11
5.474137809713397473e-11
5.344688927544360979e-11
1.571936504574100724e-11
8.283939506581461387e-11
2.062385678902600716e-11
6.749309444664675084e-12
1.754036672851899681e-11
1.247367986678682428e-09
6.919398387594810629e-09
3.683701347428902650e-12
7.203020124801895463e-11
1.714906133765126128e-10
2.897713752975095147e-12
1.522789533359159009e-10
6.196956142678899937e-11
5.383518630885930634e-10
3.396960143731142523e-11
4.682767194841286340e-12
7.161402026945040689e-11
1.085591408434005700e-10
5.692916624222554844e-12
1.675067723416745480e-11
3.521107017068203504e-11
2.380790660103104806e-12
4.853556098693978527e-11
2.929798764705893177e-11
3.530501585524703501e-11
3.862314287839119231e-11
1.795940826609943031e-11
6.817146847026833711e-11
1.873339807931251322e-12
5.424401813142187834e-12
2.092779838314129393e-10
1.759828394121143447e-10
5.028374591709017238e-11
2.197538678805344148e-11
9.640342690797609748e-11
8.695384412504836291e-10
9.348428975375355776e-11
4.746833134894323791e-11
2.554430191675782780e-12
2.002775549569957292e-11
7.508647349718788888e-12
3.091145395206496005e-11
1.742589059161581133e-11
1.181070952843699118e-11
5.171811312543184158e-10
3.775212087386847770e-11
1.262303803151176851e-11
6.035726606012925544e-12
1.667640886493515495e-10
6.478329591524945030e-12
5.662456267763182893e-11
1.630486579085044241e-10
7.386277700582866146e-11
4.255415117504490752e-11
1.030756702213864173e-09
8.124777760298851348e-12
8.432241710432109016e-11
7.834374121662435186e-11
7.396872827789002791e-13
6.424740080224200511e-12
1.137306013254679726e-10
2.444422702446713558e-13
1.329680376221942240e-11
1.411071259838081460e-10
1.894930826834562154e-12
1.535696431131938766e-10
5.730449795238179433e-11
3.146512564389247757e-12
2.222628504855439502e-11
2.590113887257494696e-11
1.731136761717877448e-11
7.447387324888143922e-12
1.813762334768043161e-11
2.419909550521737174e-10
8.640447246577309670e-10
3.188362768247188228e-11
9.160866509816401049e-11
4.303924404369663392e-12
1.893092800575590928e-11
6.515844114263202869e-11
4.785833188081234368e-11
1.167210859215339624e-11
6.974060218212230211e-11
1.013663111781859527e-11
1.826809883920255118e-11
2.627335632041094549e-12
2.487740222156809011e-11
1.932239437896221546e-11
2.414445032794532153e-11
2.930916620513812632e-11
2.350292009623000666e-11
1.389278535962601424e-11
5.440817588131530158e-11
1.072391953016449406e-09
2.397700094025623230e-10
1.295345254670454693e-11
4.914760612373392235e-11
1.121992689728790182e-11
1.534992792595613054e-11
9.503249749631681453e-12
5.067812142156569166e-11
9.833256431335257730e-11
1.726395068568642444e-11
2.352897911228613026e-11
4.146433543739114214e-11
8.333653211956004725e-11
3.899843555726922872e-12
1.830465119756485848e-11
3.340782858685109602e-11
9.225586961036924549e-11
2.140263140326670310e-11
9.689358343445420019e-11
3.008723478692409969e-12
1.992779856060944432e-12
2.368052282042398815e-11
9.569480624582737960e-11
4.358215871524961926e-11
2.485970977683660266e-11
7.783357292012738071e-12
1.119497050616757861e-09
1.384239858154279190e-11
1.139905010660857698e-11
1.319435121056866667e-12
1.313389588059044044e-11
2.278008476297443963e-10
3.581052988865796038e-12
1.927021597847300427e-10
6.894160589632214453e-12
9.967458802773165871e-11
4.723351917923501730e-11
4.475656650848591767e-11
5.034439531925727351e-11
1.318741383454780092e-11
7.445352385830605879e-13
1.681075417758748358e-11
3.987522985415825616e-12
2.035933401034473178e-11
5.089032494021150654e-12
7.992821682289985574e-12
1.715013200898063417e-11
2.638349434758158196e-11
3.094466349828906004e-11
3.184096042385675673e-11
5.446985570922713293e-11
4.056154717657634023e-12
5.584080832281290707e-13
1.874402542900721613e-11
5.446476603054861698e-11
6.654766581543070103e-12
1.577101990668516862e-11
1.909813002187732422e-10
1.434394547583650592e-10
7.045975781994062714e-12
1.445803719801741494e-11
1.464122226235708979e-11
2.265131693324207163e-10
9.423972886779541369e-12
1.639648312956598630e-11
6.150030137930251328e-12
3.201781895167954417e-11
2.485060768275815235e-11
7.681935643155668458e-11
3.240814908100908553e-11
1.341809996446841069e-11
4.427455624345100205e-11
1.681927492246104716e-12
3.253604677344590357e-11
7.368361996940020475e-12
4.583463122931341616e-11
6.385954265386573070e-11
1.738892141389669632e-09
4.290972958898020551e-12
1.080923458379734470e-11
9.566250569470469145e-11
2.121134171084726461e-11
7.566311292783733933e-12
1.306067753947814936e-11
5.530433888623065286e-10
6.157941344342443557e-12
5.721789014812017626e-11
1.048054698582490118e-11
1.505304075832825106e-10
3.640601153875877571e-10
6.032115779097679820e-11
1.505968127979429028e-09
1.919618630719099883e-10
2.656365752362610522e-11
1.090630502575962169e-10
3.157956188215571558e-11
9.991094757078045063e-12
3.187852065655860656e-11
1.241760444470330071e-10
1.798910603811876285e-10
2.916957300702627265e-11
1.499395330117891945e-10
8.018749726723672921e-12
2.499426013380379175e-11
4.956718716031538463e-11
7.206726534980667509e-12
2.551208029555329659e-11
5.691852371370043073e-12
3.986336868239126474e-12
6.473451115429629255e-12
7.687453104643360291e-13
8.757989450845771184e-13
3.127797673641019571e-11
3.917797683494761429e-11
6.826394050724049478e-12
1.963264273374676350e-10
5.928781337399824380e-12
7.935981732876129513e-11
1.417388567626076679e-10
5.095744139149704921e-12
4.511919050181889546e-12
2.691125274012495794e-11
7.645708718917454405e-12
3.884376431617653225e-10
1.183000203873463274e-12
1.067162742722504998e-12
1.099679902694106204e-09
9.600962386224765055e-11
5.898510152535507700e-11
7.208623888782517142e-12
3.896684711013342906e-11
5.214745735920844893e-12
3.994772568294280291e-11
3.969917276858137001e-12
5.406349326553261392e-11
1.479969480300269424e-10
3.351600594281300971e-11
7.185456396552325486e-11
7.576239080542279680e-10
1.409440446298315663e-11
7.480732699960412901e-11
1.079763362055174980e-11
1.476310629300314758e-09
2.654499509091579057e-09
3.040210444504864995e-11
1.055634746283118375e-10
1.869547433530627245e-10
6.015361819766695817e-12
2.731900539121312477e-10
5.029813371359992402e-11
4.607473569340214681e-10
3.442494206362667342e-11
9.336716295937907972e-12
1.810940937138627582e-12
3.042981882098172441e-12
8.169583065598118310e-11
6.660053064599935624e-11
4.329373231443112147e-12
5.458956550685734044e-11
8.937755396898339200e-11
2.256434206149293686e-10
2.949921990708093134e-12
2.183032834363052288e-12
5.519961115800497975e-13
9.506477202658736303e-12
1.722983908325481650e-11
1.903185508494997791e-12
2.584546075420912636e-12
4.808289322255632214e-10
1.796711737722667124e-11
9.413409288172580602e-12
6.546635629434138792e-12
1.172250339333269498e-12
2.179285571446420988e-11
2.152679293501713609e-12
2.531953119389029894e-11
1.226294954470574794e-09
1.226903669805656794e-12
1.056454056180822221e-11
7.559718476213284077e-12
1.466987295528632274e-11
5.787918321703555691e-12
4.980695370027099500e-11
2.117605223117546842e-11
2.422428577175672615e-12
2.380501525067746371e-11
8.149381863775673196e-11
1.586225595318069281e-10
1.305814345542444244e-10
5.140113681911806509e-11
2.461197218250887886e-11
1.273929517431326985e-09
1.380688757768311348e-10
1.503975277650226872e-10
4.966714817200568177e-10
1.012851746917675655e-10
6.680616060350530461e-10
1.496344159690465858e-10
1.245699984137038641e-11
2.590056804013113334e-13
1.250105162615977594e-12
2.877720197552724457e-12
1.483436290472539554e-11
9.232337117026645501e-13
2.172287523471982951e-12
5.324634136383288308e-11
1.410440861326911488e-11
1.583094350054992105e-10
1.476525282248508653e-12
1.533137505838055858e-11
9.120192101530477657e-11
2.094460715973411880e-10
1.118572318103971952e-10
3.594371328352607975e-11
2.536985378720491013e-11
2.983294817779369446e-12
1.674745064850213794e-11
1.258531820425012882e-11
2.279523965420526821e-11
3.263530418129434452e-11
5.957519894073115552e-11
8.779289101257248262e-11
8.194880884992983283e-11
6.737094215836236799e-11
8.028828712980384807e-10
1.222277227347356998e-11
4.529453756507706430e-10
3.695783457047241427e-09
6.986857759017084391e-10
6.124610818503128939e-10
4.184872934298589087e-11
6.447229035366763839e-12
8.020539093989142998e-12
3.027647230147145763e-11
2.519376651743954199e-10
1.604729717163966285e-11
2.264721327138730089e-10
4.674615139421689491e-10
6.633025378954826579e-11
