1.570191383361816406e-01
1.584203243255615234e+00
6.553159561008214951e-03
2.708791732788085938e+00
2.048891305923461914e+00
3.005350939929485321e-02
2.525820732116699219e+00
6.240391731262207031e-01
1.742359399795532227e+00
0.000000000000000000e+00
7.723277062177658081e-02
2.103566527366638184e-01
1.884173788130283356e-02
6.741527467966079712e-03
1.907114833593368530e-01
8.849051594734191895e-02
4.027889072895050049e-01
5.264078825712203979e-02
1.244168043136596680e+00
3.289400935173034668e-01
3.224736154079437256e-01
1.783125661313533783e-02
1.653784871101379395e+00
0.000000000000000000e+00
3.261911869049072266e-01
1.935304142534732819e-02
1.386973142623901367e+00
1.570075511932373047e+00
6.665499508380889893e-02
6.259790062904357910e-01
4.518578052520751953e-01
1.803019046783447266e-01
8.976357430219650269e-02
0.000000000000000000e+00
1.244986414909362793e+00
1.043637275695800781e+00
9.237542748451232910e-02
2.597877057269215584e-03
2.826511263847351074e-01
7.329149842262268066e-01
7.386337518692016602e-01
1.401281714439392090e+00
0.000000000000000000e+00
1.430672258138656616e-01
9.988387674093246460e-02
0.000000000000000000e+00
3.311124816536903381e-02
0.000000000000000000e+00
1.043986529111862183e-01
6.968178153038024902e-01
3.757613301277160645e-01
5.855246782302856445e-01
9.428824782371520996e-01
4.294062614440917969e+00
5.825433135032653809e-02
2.529889643192291260e-01
1.283463120460510254e+00
1.426449865102767944e-01
5.296708106994628906e+00
7.865057885646820068e-02
4.826110363006591797e+00
1.071714878082275391e+00
2.516377866268157959e-01
2.925133407115936279e-01
1.548652291297912598e+00
1.515373349189758301e+00
8.591706305742263794e-02
4.558211266994476318e-01
1.336754441261291504e+00
3.581101596355438232e-01
6.593543291091918945e-02
5.956988930702209473e-01
1.119389105588197708e-02
0.000000000000000000e+00
4.739445745944976807e-01
1.372829675674438477e-01
8.992617726325988770e-01
0.000000000000000000e+00
7.396783679723739624e-02
0.000000000000000000e+00
4.902357757091522217e-01
1.281204670667648315e-01
2.141865253448486328e+00
1.930184811353683472e-01
1.192424654960632324e+00
7.074314635246992111e-03
1.344212144613265991e-01
4.044635593891143799e-02
4.787035286426544189e-01
0.000000000000000000e+00
1.930312365293502808e-01
5.794199109077453613e-01
9.968248754739761353e-02
3.753269314765930176e-01
2.947544306516647339e-02
1.215034816414117813e-02
4.637115597724914551e-01
1.852617502212524414e+00
5.527213960886001587e-02
7.833088636398315430e-01
9.870234131813049316e-02
2.452653050422668457e-01
4.013245105743408203e-01
5.288793444633483887e-01
2.960834980010986328e+00
1.136700510978698730e+00
7.459108829498291016e-01
7.921690493822097778e-02
5.737021565437316895e-01
6.626565933227539062e+00
1.532210558652877808e-01
4.483607411384582520e-01
9.377161040902137756e-03
5.298728868365287781e-02
1.259939074516296387e-01
3.636074364185333252e-01
4.358458518981933594e-01
1.697844117879867554e-01
7.392838597297668457e-02
1.564763784408569336e-01
2.021506726741790771e-01
5.853911861777305603e-02
8.534991145133972168e-01
5.964977201074361801e-03
1.842520236968994141e-01
4.501509189605712891e+00
1.778584718704223633e+00
2.658808827400207520e-01
2.615681290626525879e-02
0.000000000000000000e+00
5.882008373737335205e-02
1.944338381290435791e-01
8.397560566663742065e-02
4.223772585391998291e-01
5.994735360145568848e-01
3.252902925014495850e-01
6.695228815078735352e-02
1.840799808502197266e+00
5.990384221076965332e-01
5.343862771987915039e-01
4.065376222133636475e-01
1.579333066940307617e+00
4.135126471519470215e-01
7.419362068176269531e-01
6.458722352981567383e-01
1.632061786949634552e-02
7.247537374496459961e-01
3.079375922679901123e-01
9.344345331192016602e-01
1.573981717228889465e-02
4.795433580875396729e-02
0.000000000000000000e+00
1.352700144052505493e-01
3.878187537193298340e-01
7.790402173995971680e-01
0.000000000000000000e+00
2.658035755157470703e-01
5.699640512466430664e-01
5.549943447113037109e-01
1.601842790842056274e-01
1.769510209560394287e-01
1.615366488695144653e-01
5.752399563789367676e-01
1.358052611351013184e+00
1.133144259452819824e+00
5.978240966796875000e-01
3.696780204772949219e-01
1.063974857330322266e+00
7.623999595642089844e+00
7.643362998962402344e+00
2.762430906295776367e-01
1.289291977882385254e-01
1.108128810301423073e-03
0.000000000000000000e+00
3.439128398895263672e-01
2.239848971366882324e-01
5.127316340804100037e-03
6.292366236448287964e-02
5.468654155731201172e+00
1.783234000205993652e+00
0.000000000000000000e+00
6.467478275299072266e-01
7.449921369552612305e-01
8.436587452888488770e-02
4.139558598399162292e-02
3.006801605224609375e-01
2.181813001632690430e+00
1.568500399589538574e+00
0.000000000000000000e+00
0.000000000000000000e+00
1.802114963531494141e+00
1.135865449905395508e+00
3.053053140640258789e+00
7.445955872535705566e-01
0.000000000000000000e+00
3.500142097473144531e-01
1.853920668363571167e-01
3.657717704772949219e-01
1.510977298021316528e-01
1.032698750495910645e-01
3.313379883766174316e-01
2.157690048217773438e+00
3.947478532791137695e-02
3.080799579620361328e-01
1.137406304478645325e-01
1.049576774239540100e-01
1.257474124431610107e-01
2.650781869888305664e-01
0.000000000000000000e+00
8.544977903366088867e-01
1.855586320161819458e-01
0.000000000000000000e+00
3.656639456748962402e-01
1.443741202354431152e+00
1.863914355635643005e-02
1.966368257999420166e-01
8.427619338035583496e-01
6.994864940643310547e-01
2.553504705429077148e-01
2.788455188274383545e-01
1.941895484924316406e+00
0.000000000000000000e+00
1.269873231649398804e-01
4.615545272827148438e-02
3.116260282695293427e-02
0.000000000000000000e+00
0.000000000000000000e+00
8.105711936950683594e-01
8.151692152023315430e-02
9.961932152509689331e-02
0.000000000000000000e+00
2.963789366185665131e-02
1.958067417144775391e+00
9.912312030792236328e-02
2.442769147455692291e-02
4.782324433326721191e-01
6.677892804145812988e-01
3.421380743384361267e-02
2.636521123349666595e-02
1.659100800752639771e-01
2.531022019684314728e-02
5.437028035521507263e-02
3.581802845001220703e-01
2.120536804199218750e+00
6.732134819030761719e-01
1.297912895679473877e-01
8.164884895086288452e-02
0.000000000000000000e+00
1.682715564966201782e-01
1.746380090713500977e+00
1.271237581968307495e-01
3.458612263202667236e-01
0.000000000000000000e+00
3.701164126396179199e-01
1.208335310220718384e-01
0.000000000000000000e+00
5.149943828582763672e-01
0.000000000000000000e+00
2.537429630756378174e-01
1.875315308570861816e+00
1.247475385665893555e+00
4.798040688037872314e-01
8.651755750179290771e-03
0.000000000000000000e+00
4.177539646625518799e-01
1.033611521124839783e-01
1.179675579071044922e+00
0.000000000000000000e+00
1.919177293777465820e+00
2.829165756702423096e-02
7.670392394065856934e-01
1.327796131372451782e-01
5.317620187997817993e-02
4.649057984352111816e-01
3.657170385122299194e-02
2.619435787200927734e-01
3.735041618347167969e-01
8.240150809288024902e-01
1.227002620697021484e+00
3.270633146166801453e-02
9.700643830001354218e-03
0.000000000000000000e+00
1.272818922996520996e+00
1.274379134178161621e+00
4.601497352123260498e-01
2.795467853546142578e+00
5.606190115213394165e-02
8.976234197616577148e-01
7.990923523902893066e-01
1.333630561828613281e+00
3.123623132705688477e-01
8.386616706848144531e-01
6.926552951335906982e-02
4.173508882522583008e-01
2.733986079692840576e-01
1.822527125477790833e-02
6.764146685600280762e-01
3.725562989711761475e-01
3.544481843709945679e-02
2.096036374568939209e-01
1.478208601474761963e-01
1.683034300804138184e-01
4.224004447460174561e-01
1.125747561454772949e+00
4.692477732896804810e-02
6.488981246948242188e-01
7.731215953826904297e-01
7.996295392513275146e-02
0.000000000000000000e+00
5.665507912635803223e-02
1.330729842185974121e+00
3.647139668464660645e-01
0.000000000000000000e+00
2.248923778533935547e+00
1.279449820518493652e+00
9.937626123428344727e-02
1.633686661720275879e+00
1.375071704387664795e-02
2.114531099796295166e-01
4.692133665084838867e-01
1.769326031208038330e-01
0.000000000000000000e+00
1.475767374038696289e+00
1.197391033172607422e+00
2.636449933052062988e-01
2.742998674511909485e-02
7.699505984783172607e-02
1.613354563713073730e+00
2.015872113406658173e-02
1.864449232816696167e-01
5.135261267423629761e-02
1.919786095619201660e+00
4.132429510354995728e-02
9.605465531349182129e-01
5.016355514526367188e-01
4.433812499046325684e-01
1.399362087249755859e-02
0.000000000000000000e+00
4.350300878286361694e-02
1.993830204010009766e+00
1.068220883607864380e-01
6.226284801959991455e-02
2.510715089738368988e-02
2.281375408172607422e+00
0.000000000000000000e+00
8.591794967651367188e-02
8.500603027641773224e-03
3.358263373374938965e-01
1.465546935796737671e-01
5.488923564553260803e-02
1.177511215209960938e-01
5.564993023872375488e-01
1.588078975677490234e+00
0.000000000000000000e+00
6.318762898445129395e-01
3.487402573227882385e-02
2.380200624465942383e-01
3.738543018698692322e-02
2.570223569869995117e+00
2.053342819213867188e+00
7.971015572547912598e-02
0.000000000000000000e+00
8.182151317596435547e-01
4.201392233371734619e-01
0.000000000000000000e+00
2.342340230941772461e+00
8.454402089118957520e-01
1.149410009384155273e-01
4.524220824241638184e-01
1.049840077757835388e-01
1.689133495092391968e-01
2.745000123977661133e+00
3.356203809380531311e-02
6.944053769111633301e-01
1.276403069496154785e-01
3.375189304351806641e-01
5.757482051849365234e-01
9.379754066467285156e-01
4.452252984046936035e-01
1.579903066158294678e-01
1.453283190727233887e+00
7.250676155090332031e-01
0.000000000000000000e+00
4.693713411688804626e-02
1.689247250556945801e+00
6.591236591339111328e-01
2.787871956825256348e-01
3.842546939849853516e-01
1.118999570608139038e-01
2.501353502273559570e+00
1.369089603424072266e+00
8.306781947612762451e-02
1.009484976530075073e-01
0.000000000000000000e+00
3.726444020867347717e-02
2.624554157257080078e+00
6.822247803211212158e-02
1.163120746612548828e+00
8.273783326148986816e-01
2.019842386245727539e+00
1.675464957952499390e-02
1.747035831212997437e-01
5.152090191841125488e-01
4.795652866363525391e+00
9.223681688308715820e-01
2.064066566526889801e-02
9.729942679405212402e-01
1.254073143005371094e+00
1.238733053207397461e+00
0.000000000000000000e+00
8.353998661041259766e-01
2.134908735752105713e-01
1.771844148635864258e+00
0.000000000000000000e+00
0.000000000000000000e+00
0.000000000000000000e+00
1.034801602363586426e-01
2.114216610789299011e-02
1.426000475883483887e+00
1.253580689430236816e+00
5.587866902351379395e-01
1.258962750434875488e-01
1.323085874319076538e-01
1.334462035447359085e-02
0.000000000000000000e+00
1.751854777336120605e+00
2.731768846511840820e+00
2.346923351287841797e-01
1.210139513015747070e+00
1.104502439498901367e+00
1.033237099647521973e+00
0.000000000000000000e+00
1.525157541036605835e-01
1.332089304924011230e+00
4.299401342868804932e-01
6.087655425071716309e-01
6.658652424812316895e-02
1.281635016202926636e-01
1.474511861801147461e+00
3.512290492653846741e-02
0.000000000000000000e+00
1.105099618434906006e-01
5.625908374786376953e-01
6.143392920494079590e-01
2.350465580821037292e-02
8.421093970537185669e-02
9.493854828178882599e-03
1.376738678663969040e-02
7.185518741607666016e-02
2.158581018447875977e-01
1.381908178329467773e+00
5.268551111221313477e-01
1.240233778953552246e+00
5.276548266410827637e-01
7.449516057968139648e-01
1.062961935997009277e+00
7.805532217025756836e-02
7.857338786125183105e-01
1.435674548149108887e+00
4.263009727001190186e-01
0.000000000000000000e+00
2.659445285797119141e+00
1.101005673408508301e-01
5.810878276824951172e-01
3.238816976547241211e+00
1.269198507070541382e-01
6.925934553146362305e-02
4.594699442386627197e-01
1.764419674873352051e-02
2.126052826642990112e-01
1.180810928344726562e-01
4.691131114959716797e-01
3.143475353717803955e-01
8.710728883743286133e-01
5.288746356964111328e-01
4.533252492547035217e-02
6.479172036051750183e-03
2.158481031656265259e-01
8.198333978652954102e-01
1.244166493415832520e+00
1.612725496292114258e+00
3.325674235820770264e-01
5.584983825683593750e-01
4.366959631443023682e-01
1.723090052604675293e+00
1.421777606010437012e-01
9.813586249947547913e-03
6.843559741973876953e-01
1.351659297943115234e+00
0.000000000000000000e+00
4.833125770092010498e-01
8.635773062705993652e-01
6.882635354995727539e-01
0.000000000000000000e+00
4.104829430580139160e-01
6.996683478355407715e-01
4.476203396916389465e-02
1.684076428413391113e+00
3.350169062614440918e-01
3.109369993209838867e+00
5.462503992021083832e-03
7.756645083427429199e-01
0.000000000000000000e+00
2.782434225082397461e-01
6.292551755905151367e-01
5.710594058036804199e-01
7.277038097381591797e-01
5.827100872993469238e-01
1.069402322173118591e-01
1.042714416980743408e-01
1.818083524703979492e-01
1.169299125671386719e+00
2.232393920421600342e-01
8.416017889976501465e-02
1.072389006614685059e+00
1.047932952642440796e-01
1.716453433036804199e+00
1.791925579309463501e-01
7.340908646583557129e-01
5.082301497459411621e-01
4.150283709168434143e-02
1.569605350494384766e+00
1.049727916717529297e+00
6.252974867820739746e-01
5.801639333367347717e-02
1.976647496223449707e+00
7.908442988991737366e-03
3.938020467758178711e-01
1.495390653610229492e+00
2.187931686639785767e-01
6.994286179542541504e-02
2.551542043685913086e+00
1.486993789672851562e+00
2.457679212093353271e-01
1.354906260967254639e-01
9.310832619667053223e-02
1.147508144378662109e+00
8.331280946731567383e-01
0.000000000000000000e+00
2.053434371948242188e+00
7.982065528631210327e-02
1.299782752990722656e+00
6.094382610172033310e-03
9.747890871949493885e-04
1.591990232467651367e+00
3.567070364952087402e-01
2.993958234786987305e+00
7.483811378479003906e-01
3.441545665264129639e-01
0.000000000000000000e+00
1.335076428949832916e-02
9.636923670768737793e-02
4.715466347988694906e-04
2.967167831957340240e-02
4.902037680149078369e-01
0.000000000000000000e+00
4.909958243370056152e-01
2.254266291856765747e-01
1.038107201457023621e-01
1.551862247288227081e-02
4.167938709259033203e+00
8.738590031862258911e-02
8.630213737487792969e+00
1.069812178611755371e+00
0.000000000000000000e+00
8.803738355636596680e-01
3.563983201980590820e+00
7.921486161649227142e-03
1.021361708641052246e+00
1.527125760912895203e-02
5.102838277816772461e-01
2.550067901611328125e-01
2.940106987953186035e-01
2.886121749877929688e+00
1.119033217430114746e+00
3.676095485687255859e+00
2.611905150115489960e-02
4.434910044074058533e-02
1.544036436825990677e-02
5.532473921775817871e-01
2.186666280031204224e-01
0.000000000000000000e+00
5.127562284469604492e-01
2.073051691055297852e+00
1.197410374879837036e-01
4.953603148460388184e-01
7.513732463121414185e-02
6.578117012977600098e-01
4.017588198184967041e-01
1.864032626152038574e+00
0.000000000000000000e+00
5.161369964480400085e-02
7.578550577163696289e-01
0.000000000000000000e+00
1.566078066825866699e+00
7.186423242092132568e-02
1.642841547727584839e-01
2.530144453048706055e+00
6.097304075956344604e-02
1.598809845745563507e-02
4.575565755367279053e-01
2.468813419342041016e+00
6.165432929992675781e-01
2.501913070678710938e+00
0.000000000000000000e+00
2.132452428340911865e-01
2.497978210449218750e-01
4.115289151668548584e-01
6.481933593750000000e-01
2.443039566278457642e-01
5.609027575701475143e-03
1.414975523948669434e-01
0.000000000000000000e+00
2.117042303085327148e+00
9.704429656267166138e-03
6.353754997253417969e+00
2.652300335466861725e-02
4.577032625675201416e-01
1.112823843955993652e+00
1.445444226264953613e+00
1.276573985815048218e-01
3.377303123474121094e+00
9.444826841354370117e-02
2.262241765856742859e-02
3.083079457283020020e-01
0.000000000000000000e+00
0.000000000000000000e+00
8.495420217514038086e-01
0.000000000000000000e+00
3.650469705462455750e-02
2.012735843658447266e+00
1.088881418108940125e-01
3.324582874774932861e-01
2.019609689712524414e+00
0.000000000000000000e+00
1.245415955781936646e-02
2.700064420700073242e+00
1.548399180173873901e-01
3.260611057281494141e+00
9.538183212280273438e-01
3.057264089584350586e-01
5.197836160659790039e-01
1.149636059999465942e-01
4.131047725677490234e-01
6.980605125427246094e-01
1.823203086853027344e+00
2.000653743743896484e-01
3.546785712242126465e-01
8.166337013244628906e-01
5.824444890022277832e-01
4.873352050781250000e-01
9.882118701934814453e-01
4.172225892543792725e-01
2.465877532958984375e-01
1.096629858016967773e+00
3.714963421225547791e-02
3.100713968276977539e+00
4.922548770904541016e+00
6.490461528301239014e-02
1.107289418578147888e-01
2.436175346374511719e+00
5.747669935226440430e-01
3.256042301654815674e-01
5.562284588813781738e-02
9.988099932670593262e-01
5.671274185180664062e+00
4.532887637615203857e-01
1.005458235740661621e-01
2.928768992424011230e-01
1.650922775268554688e+00
2.555527925491333008e+00
9.547292254865169525e-03
8.342487812042236328e-01
2.390428632497787476e-02
0.000000000000000000e+00
3.097139596939086914e-01
1.378838062286376953e+00
2.235755681991577148e+00
1.908672899007797241e-01
1.232833117246627808e-01
2.902889549732208252e-01
1.443515658378601074e+00
9.137389659881591797e-01
3.077364861965179443e-01
4.260460138320922852e-01
3.101457096636295319e-02
4.165024757385253906e-01
4.149130582809448242e-01
0.000000000000000000e+00
1.492462120950222015e-02
1.211701780557632446e-01
3.430908620357513428e-01
1.098437309265136719e-01
0.000000000000000000e+00
6.721151061356067657e-03
3.614678978919982910e-01
4.826079010963439941e-01
8.912638761103153229e-03
2.070007324218750000e-01
2.581758201122283936e-01
1.310931801795959473e+00
1.493469476699829102e-01
1.546413302421569824e-01
1.601610630750656128e-01
1.886163838207721710e-02
0.000000000000000000e+00
0.000000000000000000e+00
0.000000000000000000e+00
1.205580830574035645e+00
2.545632123947143555e-01
4.068105518817901611e-01
7.833325862884521484e-01
1.207160353660583496e+00
3.536474704742431641e+00
2.530526220798492432e-01
2.185817956924438477e-01
3.911205768585205078e+00
5.189614295959472656e-01
4.218820035457611084e-01
3.455464839935302734e-01
7.795471549034118652e-01
1.551053486764431000e-02
6.322794407606124878e-02
1.086794398725032806e-02
4.825899600982666016e+00
0.000000000000000000e+00
2.798516750335693359e+00
4.277290701866149902e-01
0.000000000000000000e+00
1.167903468012809753e-01
4.523657858371734619e-01
1.616417020559310913e-01
1.153320908546447754e+00
1.776351928710937500e-01
9.656382799148559570e-01
3.979980945587158203e-01
0.000000000000000000e+00
2.056251317262649536e-01
1.385673165321350098e+00
4.528704285621643066e-01
2.538099884986877441e-01
0.000000000000000000e+00
1.178869485855102539e+00
5.390793681144714355e-01
1.723820924758911133e+00
5.113477259874343872e-02
2.245003283023834229e-01
1.328300684690475464e-01
2.483728379011154175e-01
5.911451578140258789e-01
5.228771567344665527e-01
2.079835891723632812e+00
1.828556776046752930e+00
3.826596021652221680e+00
3.729153797030448914e-02
1.803003787994384766e+00
5.638922005891799927e-02
7.484060525894165039e-01
6.714940071105957031e-01
3.576393842697143555e+00
0.000000000000000000e+00
8.847311139106750488e-03
1.221228122711181641e+00
2.535464763641357422e-01
5.941578149795532227e-01
1.146955266594886780e-01
5.994883179664611816e-01
4.467898905277252197e-01
1.406526803970336914e+00
8.779155015945434570e-01
1.838456749916076660e+00
6.034783124923706055e-01
4.131603717803955078e+00
3.875218331813812256e-01
4.689670503139495850e-01
1.213088750839233398e+00
1.095040701329708099e-02
1.586622186005115509e-02
7.913835346698760986e-02
4.594647586345672607e-01
1.030320763587951660e+00
4.059983789920806885e-01
1.551073938608169556e-01
3.493134677410125732e-01
2.297810077667236328e+00
1.222511231899261475e-01
1.120646715164184570e+00
5.242278575897216797e-01
3.123224079608917236e-01
9.775164127349853516e-01
8.580367565155029297e-01
9.536018967628479004e-02
7.670752704143524170e-02
1.960889339447021484e+00
6.839234232902526855e-01
3.955190628767013550e-02
4.209833741188049316e-01
1.996603727340698242e+00
3.198642730712890625e+00
3.741376399993896484e+00
3.023088216781616211e+00
2.483171671628952026e-01
2.028741359710693359e+00
1.263225078582763672e-01
0.000000000000000000e+00
4.450910389423370361e-01
2.851083278656005859e-01
1.179388165473937988e-01
3.962399661540985107e-01
6.465145945549011230e-01
5.354536697268486023e-02
7.189187407493591309e-02
2.739948220551013947e-02
1.022809267044067383e+00
1.622141003608703613e-01
0.000000000000000000e+00
3.443495333194732666e-01
8.522486686706542969e-01
6.732231378555297852e-02
2.417342662811279297e-01
1.878178417682647705e-01
4.314903616905212402e-01
5.530377030372619629e-01
0.000000000000000000e+00
2.219592183828353882e-01
6.273500323295593262e-01
1.354501843452453613e-01
7.196643948554992676e-02
2.711564064025878906e+00
4.388202726840972900e-01
4.379414916038513184e-01
7.884641885757446289e-01
1.032089293003082275e-01
1.271875947713851929e-01
3.486667200922966003e-02
4.936929792165756226e-02
3.699259599670767784e-03
1.284816265106201172e-01
1.813397160731256008e-03
5.312464833259582520e-01
1.236534953117370605e+00
2.456024736166000366e-01
1.061300560832023621e-01
1.565887033939361572e-02
7.747857272624969482e-02
8.542047441005706787e-02
5.876399874687194824e-01
9.806638360023498535e-01
5.295602232217788696e-02
1.355468332767486572e-01
2.078194171190261841e-01
0.000000000000000000e+00
6.873208284378051758e-02
0.000000000000000000e+00
7.409818172454833984e-01
2.163532376289367676e-01
6.022941470146179199e-01
3.093785643577575684e-01
4.702475070953369141e-01
6.762385368347167969e-01
1.331095546483993530e-01
6.371032446622848511e-03
2.233040630817413330e-01
1.056675910949707031e-01
0.000000000000000000e+00
8.620353341102600098e-01
6.008052453398704529e-02
0.000000000000000000e+00
1.266503453254699707e+00
4.141586780548095703e+00
5.964927375316619873e-02
1.032125428318977356e-01
1.004166677594184875e-01
2.794083654880523682e-01
4.640447348356246948e-02
0.000000000000000000e+00
5.892555713653564453e-01
5.170379206538200378e-02
5.113428831100463867e-02
1.014886188507080078e+01
2.977722883224487305e-01
1.522504687309265137e-01
3.268633186817169189e-01
3.318354487419128418e-01
1.007623970508575439e-01
9.539507031440734863e-01
5.688518751412630081e-03
1.540208607912063599e-01
5.542721748352050781e-01
5.318207144737243652e-01
1.585942506790161133e-01
1.988038867712020874e-01
3.247449919581413269e-02
3.731028437614440918e-01
0.000000000000000000e+00
2.703906595706939697e-01
1.394424557685852051e+00
6.070021152496337891e+00
1.213219761848449707e-01
1.731855571269989014e-01
6.569519042968750000e-01
3.971611857414245605e-01
5.215138196945190430e-01
1.001450121402740479e-01
1.139086089096963406e-03
2.325221151113510132e-01
7.408099770545959473e-01
9.347705245018005371e-01
1.016569137573242188e+00
1.164960384368896484e+00
2.765276134014129639e-01
1.157324090600013733e-01
3.155617043375968933e-02
3.048990666866302490e-02
8.258185982704162598e-01
8.172724246978759766e-01
3.988750278949737549e-02
2.813383750617504120e-02
2.034032344818115234e-01
3.064461946487426758e-01
1.865651369094848633e+00
4.730579555034637451e-01
2.646794915199279785e-01
1.064846396446228027e+00
2.653819918632507324e-01
4.088052511215209961e-01
1.685003757476806641e+00
2.629376715049147606e-03
1.233693122863769531e+00
4.072158783674240112e-02
3.894861936569213867e-01
4.298910796642303467e-01
2.208109758794307709e-02
4.610820412635803223e-01
4.702516555786132812e+00
7.996202707290649414e-01
8.201470375061035156e-01
9.654390215873718262e-01
9.979571402072906494e-02
3.652740418910980225e-01
0.000000000000000000e+00
4.141454994678497314e-01
1.159709572792053223e+00
7.132595032453536987e-02
1.076928734779357910e+00
1.915325671434402466e-01
6.032841205596923828e-01
6.188406422734260559e-02
5.180284753441810608e-02
2.466595321893692017e-01
2.831963300704956055e-01
7.433161139488220215e-02
2.152403593063354492e+00
4.517931640148162842e-01
6.220440268516540527e-01
5.902824997901916504e-01
7.781201601028442383e-02
3.894681334495544434e-01
1.577389478683471680e+00
8.900308609008789062e-02
0.000000000000000000e+00
4.846652746200561523e-01
7.395864725112915039e-01
6.064918041229248047e-01
5.034667849540710449e-01
2.324601173400878906e+00
1.255286335945129395e+00
3.850431740283966064e-01
9.225521683692932129e-01
1.583346575498580933e-01
1.931995451450347900e-01
1.334910839796066284e-01
1.195137143135070801e+00
1.241899728775024414e+00
3.014973178505897522e-02
2.001680806279182434e-02
0.000000000000000000e+00
7.703817486763000488e-01
1.942766189575195312e+00
1.522089481353759766e+00
1.661840081214904785e-02
5.562255382537841797e-01
4.253984093666076660e-01
5.113671533763408661e-03
3.403269052505493164e-01
2.025169432163238525e-01
9.750106185674667358e-02
1.127034202218055725e-01
7.298047840595245361e-02
1.376279115676879883e+00
4.886141300201416016e+00
0.000000000000000000e+00
0.000000000000000000e+00
4.840979352593421936e-02
7.604962825775146484e+00
5.839295983314514160e-01
0.000000000000000000e+00
2.295779466629028320e+00
3.062763437628746033e-02
2.534705400466918945e+00
4.430717468261718750e+00
2.562690712511539459e-02
0.000000000000000000e+00
8.133529424667358398e-01
3.728158771991729736e-01
6.556727886199951172e-01
1.704912036657333374e-01
3.756709992885589600e-01
1.018706709146499634e-01
5.592350959777832031e-01
1.342684868723154068e-02
3.529986599460244179e-03
0.000000000000000000e+00
1.894731260836124420e-02
9.004195928573608398e-01
1.176269948482513428e-01
8.628145605325698853e-02
0.000000000000000000e+00
5.551970601081848145e-01
9.646379351615905762e-01
5.405523180961608887e-01
7.527964115142822266e-01
4.697616100311279297e-01
5.484857410192489624e-02
1.815612167119979858e-01
0.000000000000000000e+00
1.903746873140335083e-01
9.991031140089035034e-02
2.791282236576080322e-01
1.087746918201446533e-01
9.668360352516174316e-01
3.515566289424896240e-01
5.853993296623229980e-01
2.853046059608459473e-01
4.266373440623283386e-02
5.818606019020080566e-01
7.083611488342285156e-01
5.295959115028381348e-01
7.637072801589965820e-01
0.000000000000000000e+00
8.832628726959228516e-01
5.642164945602416992e-01
3.407444059848785400e-01
3.615116477012634277e-01
7.958961725234985352e-01
4.792007803916931152e-01
6.630510836839675903e-02
8.289737105369567871e-01
0.000000000000000000e+00
1.866352915763854980e+00
5.986623764038085938e-01
6.799341440200805664e-01
8.208703948184847832e-04
6.727693229913711548e-02
3.856754004955291748e-01
2.292896807193756104e-01
6.173468232154846191e-01
2.307472825050354004e-01
1.690274775028228760e-01
2.070091485977172852e+00
1.024344325065612793e+00
0.000000000000000000e+00
7.851289957761764526e-02
5.123388171195983887e-01
3.724136054515838623e-01
3.488587439060211182e-01
0.000000000000000000e+00
9.425224065780639648e-01
5.072764307260513306e-02
8.560638129711151123e-02
8.207194623537361622e-04
3.259294480085372925e-02
9.107763171195983887e-01
2.516360521316528320e+00
9.560450911521911621e-01
3.266759682446718216e-03
9.317529201507568359e-02
2.326670140027999878e-01
6.800951901823282242e-03
1.339216381311416626e-01
9.644846916198730469e-01
1.137685999274253845e-01
6.073079109191894531e-01
1.399187684059143066e+00
5.856456160545349121e-01
3.030839681625366211e+00
7.740002870559692383e-02
0.000000000000000000e+00
3.387703418731689453e+00
1.035202369093894958e-01
1.146591186523437500e+00
1.196542024612426758e+00
4.749151766300201416e-01
9.593120962381362915e-02
5.151163339614868164e-01
9.652552008628845215e-02
8.057156801223754883e-01
8.486484885215759277e-01
4.337424784898757935e-02
1.695317149162292480e+00
3.291128575801849365e-01
0.000000000000000000e+00
6.479478627443313599e-02
2.787321507930755615e-01
1.030742898583412170e-01
0.000000000000000000e+00
5.098116397857666016e-01
5.210657417774200439e-02
1.089131906628608704e-01
6.294686317443847656e+00
4.690442681312561035e-01
1.059586405754089355e-01
1.258899718523025513e-01
3.097968734800815582e-02
1.032308936119079590e+00
9.834162145853042603e-02
1.027590781450271606e-01
5.727010965347290039e-01
3.373785614967346191e-01
3.541774675250053406e-02
9.493394754827022552e-03
0.000000000000000000e+00
6.705324053764343262e-01
7.817777991294860840e-02
1.949382662773132324e+00
5.905913710594177246e-01
5.939579606056213379e-01
1.633514046669006348e+00
1.875699758529663086e+00
5.026868358254432678e-02
1.593989580869674683e-01
9.385317564010620117e-02
1.218953132629394531e+00
1.925984174013137817e-01
2.702678442001342773e-01
1.544646359980106354e-02
2.667135000228881836e-01
5.018173456192016602e-01
3.570360839366912842e-01
4.198957979679107666e-01
5.461394041776657104e-02
1.875906229019165039e+00
2.217558957636356354e-02
6.126770749688148499e-02
3.389574587345123291e-01
3.092046380043029785e-01
1.132461190223693848e+00
1.650586426258087158e-01
4.606450498104095459e-01
6.943760871887207031e+00
7.376855611801147461e-01
1.795640140771865845e-01
1.108595967292785645e+00
1.790013551712036133e+00
1.450518728233873844e-03
8.442527055740356445e-01
2.861936390399932861e-01
1.861319094896316528e-01
5.481034517288208008e-01
1.673575490713119507e-01
1.137594699859619141e+00
5.734943747520446777e-01
2.264998674392700195e+00
9.546871781349182129e-01
9.510769248008728027e-01
1.014077901840209961e+00
9.574052691459655762e-01
1.193274855613708496e+00
6.731251254677772522e-03
5.042883157730102539e-01
2.141663432121276855e-01
2.569309175014495850e-01
2.939597964286804199e-01
1.381778955459594727e+00
4.157844185829162598e-01
3.562883377075195312e+00
1.427162766456604004e+00
3.902506530284881592e-01
0.000000000000000000e+00
0.000000000000000000e+00
6.203382834792137146e-02
3.963913202285766602e+00
1.963654607534408569e-01
2.041937708854675293e-01
1.516096144914627075e-01
1.068121269345283508e-01
2.864547729492187500e+00
4.688333868980407715e-01
4.669773280620574951e-01
2.686542034149169922e+00
4.956919550895690918e-01
2.954847097396850586e+00
5.805189609527587891e-01
1.985403150320053101e-01
3.075467109680175781e+00
3.894811868667602539e-02
5.082501769065856934e-01
1.623426795005798340e+00
5.622160807251930237e-02
7.903805971145629883e-01
6.834860146045684814e-02
1.630657911300659180e+00
9.129889607429504395e-01
4.292413234710693359e+00
4.238447546958923340e-01
0.000000000000000000e+00
2.687003016471862793e-01
3.449664115905761719e+00
4.598317742347717285e-01
5.165482684969902039e-02
2.813004732131958008e+00
7.737766206264495850e-02
0.000000000000000000e+00
2.943226695060729980e-01
3.216927647590637207e-01
0.000000000000000000e+00
8.322288393974304199e-01
5.442751049995422363e-01
1.080752611160278320e+00
7.893952131271362305e-01
7.718879580497741699e-01
7.067704200744628906e-01
4.875041916966438293e-02
2.176675081253051758e+00
2.731597423553466797e-01
8.587038516998291016e-01
7.473405450582504272e-02
5.272511243820190430e-01
4.054615199565887451e-01
1.490609496831893921e-01
1.580418467521667480e+00
1.223344802856445312e-01
7.729690074920654297e-01
2.622948773205280304e-02
2.573087930679321289e+00
1.650783121585845947e-01
1.592806935310363770e+00
7.483227849006652832e-01
1.416345119476318359e+00
6.892333030700683594e-01
3.720142645761370659e-03
3.406485319137573242e+00
2.084403336048126221e-01
1.992698758840560913e-01
6.745607852935791016e-01
0.000000000000000000e+00
1.553582400083541870e-01
6.488846987485885620e-02
4.977720081806182861e-01
7.018122076988220215e-01
1.991051286458969116e-01
1.882838457822799683e-02
1.625280231237411499e-01
7.956864684820175171e-02
8.138211816549301147e-02
2.497440427541732788e-01
1.807765662670135498e-02
9.016253948211669922e-01
1.099087297916412354e-02
1.071530699729919434e+00
1.453429907560348511e-01
0.000000000000000000e+00
8.438286185264587402e-01
1.104596853256225586e-01
8.329066038131713867e-01
2.501316368579864502e-02
1.306631416082382202e-02
3.336208105087280273e+00
1.675445914268493652e+00
4.606256633996963501e-02
8.311974406242370605e-01
8.446811139583587646e-02
3.201389551162719727e+00
4.664864018559455872e-02
2.576255083084106445e+00
1.224764347076416016e+00
1.108766674995422363e+00
4.686493277549743652e-01
8.971381187438964844e-01
7.594444155693054199e-01
4.291813373565673828e-01
8.137804269790649414e-02
1.792426966130733490e-02
2.893421649932861328e+00
1.143052577972412109e+00
0.000000000000000000e+00
0.000000000000000000e+00
8.101338744163513184e-01
3.381228685379028320e+00
0.000000000000000000e+00
1.573053449392318726e-01
1.705095320940017700e-01
0.000000000000000000e+00
6.967911124229431152e-01
1.066772341728210449e+00
2.195533514022827148e+00
2.629318535327911377e-01
1.340444564819335938e+00
2.206369638442993164e-01
4.055473506450653076e-01
5.858304724097251892e-02
4.454535543918609619e-01
3.543336391448974609e-01
5.194425582885742188e-01
4.635821878910064697e-01
9.964841604232788086e-01
4.605678319931030273e-01
1.225914433598518372e-01
1.002050876617431641e+00
1.153321504592895508e+00
1.256514191627502441e-01
1.633305549621582031e+00
6.492300629615783691e-01
0.000000000000000000e+00
1.297949552536010742e-01
1.026609353721141815e-02
9.538482666015625000e+00
3.008719921112060547e+00
7.859482765197753906e-01
9.740614332258701324e-03
1.710569143295288086e+00
4.733418300747871399e-02
6.354701519012451172e+00
1.576883047819137573e-01
5.176436305046081543e-01
2.132108807563781738e-01
1.415006875991821289e+00
8.071001768112182617e-01
1.023423075675964355e-01
8.360388875007629395e-01
7.445767521858215332e-01
2.284130454063415527e-02
4.696662425994873047e-01
1.789313197135925293e+00
3.061967901885509491e-02
7.541323304176330566e-01
4.157586395740509033e-01
3.085226416587829590e-01
3.680001795291900635e-01
2.818724215030670166e-01
1.431410312652587891e-01
3.801287412643432617e-01
3.563556373119354248e-01
5.027123540639877319e-02
4.402845799922943115e-01
5.762619525194168091e-02
6.453974246978759766e-01
1.245478630065917969e+00
3.244331851601600647e-02
1.031280606985092163e-01
4.949880763888359070e-02
5.596550181508064270e-03
4.151661694049835205e-02
9.126608073711395264e-02
6.332150101661682129e-01
1.314522981643676758e+00
3.571548461914062500e+00
1.703687608242034912e-01
5.675165057182312012e-01
1.941225826740264893e-01
4.366018474102020264e-01
3.197892606258392334e-01
5.865165591239929199e-01
7.132791876792907715e-01
8.297343254089355469e-01
0.000000000000000000e+00
5.824137851595878601e-02
2.978178858757019043e-01
3.806329965591430664e-01
3.898851871490478516e-01
2.986633777618408203e-01
6.428185105323791504e-01
9.124512672424316406e-01
7.117921710014343262e-01
3.370685100555419922e+00
2.801853232085704803e-02
1.492880105972290039e+00
3.056825995445251465e-01
4.482932686805725098e-01
4.399111866950988770e-01
1.811082601547241211e+00
2.913394868373870850e-01
6.184310317039489746e-01
8.228237926959991455e-02
4.803716242313385010e-01
9.900065660476684570e-01
7.368955612182617188e-01
2.958770394325256348e-01
1.459970951080322266e+00
4.817604422569274902e-01
2.048902958631515503e-01
0.000000000000000000e+00
6.366480886936187744e-02
0.000000000000000000e+00
1.166191577911376953e+00
0.000000000000000000e+00
3.863125666975975037e-02
0.000000000000000000e+00
1.561098814010620117e+00
0.000000000000000000e+00
4.605503082275390625e-01
7.194377947598695755e-03
1.218450441956520081e-01
0.000000000000000000e+00
1.581502437591552734e+00
2.119531389325857162e-03
4.883828461170196533e-01
2.400560379028320312e-01
6.699157357215881348e-01
2.530877113342285156e+00
1.279019117355346680e-01
5.951036885380744934e-02
6.775161027908325195e-01
7.477230429649353027e-01
2.100651502609252930e+00
7.825389504432678223e-02
1.108253598213195801e-01
1.668868958950042725e-02
2.945231199264526367e+00
3.356214165687561035e-01
2.555090002715587616e-02
6.549528799951076508e-03
1.136749051511287689e-02
3.059194609522819519e-02
1.268870290368795395e-02
8.701884746551513672e-01
1.896598935127258301e-01
1.438745260238647461e+00
0.000000000000000000e+00
2.330700755119323730e-01
2.288420349359512329e-01
1.687475293874740601e-01
2.927370369434356689e-01
1.804028004407882690e-01
1.555143296718597412e-02
3.074145875871181488e-02
0.000000000000000000e+00
6.171153187751770020e-01
2.319277971982955933e-01
2.807136178016662598e-01
1.571866393089294434e+00
3.237758874893188477e-01
3.340964913368225098e-01
4.223201889544725418e-03
4.539437294006347656e-01
1.330998301506042480e+00
1.448228001594543457e+00
3.382668271660804749e-02
1.343283414840698242e+00
3.682503104209899902e-02
4.084421694278717041e-02
0.000000000000000000e+00
7.470830082893371582e-01
8.572199344635009766e-01
6.306314468383789062e-02
4.176569879055023193e-01
2.375837415456771851e-01
3.589679673314094543e-02
6.120055541396141052e-02
1.915557235479354858e-01
3.703013062477111816e-01
2.354376554489135742e+00
1.243498921394348145e+00
3.858270347118377686e-01
6.735092401504516602e-01
0.000000000000000000e+00
7.375741004943847656e-01
3.616002947092056274e-02
0.000000000000000000e+00
1.404460072517395020e+00
2.947191148996353149e-02
2.724274098873138428e-01
3.309788554906845093e-02
4.682058095932006836e-02
1.179179400205612183e-01
3.355016410350799561e-01
3.630158305168151855e-01
7.301702499389648438e-01
0.000000000000000000e+00
2.020405292510986328e+00
9.706739336252212524e-02
9.971068501472473145e-01
0.000000000000000000e+00
0.000000000000000000e+00
7.579219341278076172e-01
7.633447647094726562e-01
1.565751805901527405e-02
2.858229577541351318e-01
1.593826293945312500e+00
2.860395237803459167e-03
7.874456644058227539e-01
8.843217790126800537e-02
5.356779694557189941e-01
1.259754449129104614e-01
3.247297182679176331e-02
5.572289824485778809e-01
8.293197304010391235e-02
2.089601382613182068e-02
2.335865497589111328e-01
1.781985014677047729e-01
1.270947098731994629e+00
0.000000000000000000e+00
1.467336202040314674e-03
1.179811239242553711e+00
1.934519052505493164e+00
5.566313862800598145e-01
5.377363562583923340e-01
3.010492026805877686e-01
3.503532111644744873e-01
0.000000000000000000e+00
1.156559288501739502e-01
2.793443918228149414e+00
2.332704067230224609e-01
3.327944874763488770e-01
4.556106328964233398e-01
1.097414612770080566e+00
1.003087759017944336e+00
3.537512302398681641e+00
3.810985088348388672e-01
0.000000000000000000e+00
1.568595468997955322e-01
0.000000000000000000e+00
2.860754355788230896e-02
1.250826939940452576e-02
6.447378396987915039e-01
2.121208906173706055e+00
1.767812967300415039e+00
2.785970866680145264e-01
4.926519691944122314e-01
2.527086734771728516e+00
3.697132170200347900e-01
1.288538891822099686e-02
1.930513530969619751e-01
1.383731245994567871e+00
5.607851222157478333e-02
4.768777191638946533e-01
0.000000000000000000e+00
8.467295765876770020e-01
2.084214705973863602e-03
1.043219447135925293e+00
2.222210466861724854e-01
1.300453990697860718e-01
5.693042874336242676e-01
4.701207205653190613e-02
6.127760186791419983e-02
6.602632999420166016e+00
1.030351407825946808e-02
3.194019198417663574e-02
1.795402526855468750e+00
4.690712317824363708e-02
7.746122479438781738e-01
7.212867140769958496e-01
1.025649309158325195e-01
4.508760273456573486e-01
9.556047618389129639e-03
8.697160482406616211e-01
5.266631245613098145e-01
3.144179657101631165e-02
1.165116298943758011e-02
1.166284456849098206e-01
1.722034215927124023e-01
0.000000000000000000e+00
4.364248830825090408e-03
4.820923879742622375e-02
5.538938567042350769e-02
9.107240438461303711e-01
2.428309917449951172e-01
5.861496925354003906e+00
1.133837997913360596e-01
8.024385571479797363e-01
1.011695742607116699e+00
1.849937319755554199e+00
2.916133217513561249e-02
4.812590405344963074e-02
7.127472162246704102e-01
4.639487862586975098e-01
1.136808991432189941e+00
6.634525656700134277e-01
1.572195887565612793e-01
2.957151830196380615e-01
1.962474882602691650e-01
2.900231480598449707e-01
9.162093997001647949e-01
4.099164307117462158e-01
2.176542952656745911e-02
2.452365636825561523e+00
2.396045476198196411e-01
3.924325108528137207e-01
2.019603252410888672e+00
1.828330516815185547e+00
3.130861282348632812e+00
0.000000000000000000e+00
5.801149606704711914e-01
8.458095043897628784e-02
8.121808767318725586e-01
1.447028160095214844e+00
5.539071559906005859e-01
6.427457928657531738e-01
2.931572089437395334e-05
7.554645836353302002e-02
2.378092408180236816e-01
1.617666721343994141e+00
1.120442152023315430e-01
1.754903346300125122e-01
0.000000000000000000e+00
0.000000000000000000e+00
9.358166903257369995e-02
5.855277180671691895e-01
1.400069915689527988e-03
4.656484127044677734e+00
3.115884959697723389e-01
1.514417827129364014e-01
5.460589528083801270e-01
1.923937699757516384e-03
9.971525520086288452e-02
3.116581141948699951e-01
1.098792180418968201e-01
9.176012128591537476e-02
2.405175447463989258e+00
5.478174090385437012e-01
4.268557071685791016e+00
3.390712663531303406e-02
0.000000000000000000e+00
1.241480946540832520e+00
1.535523653030395508e+00
4.296678304672241211e-02
0.000000000000000000e+00
2.802323317155241966e-03
2.890508174896240234e-01
6.736572980880737305e-01
1.350222826004028320e+00
4.358746528625488281e+00
4.942961633205413818e-01
1.068126708269119263e-01
1.728080064058303833e-01
2.115763165056705475e-02
0.000000000000000000e+00
1.482906103134155273e+00
2.630091905593872070e-01
1.858187317848205566e-01
6.195681691169738770e-01
8.604477643966674805e-01
1.703137606382369995e-01
3.824748039245605469e+00
1.019993200898170471e-01
8.952401876449584961e-01
2.216783612966537476e-01
1.599546521902084351e-01
3.343991339206695557e-01
1.772743821144104004e+00
9.334324598312377930e-01
2.876010239124298096e-01
2.435847669839859009e-01
3.079345449805259705e-03
0.000000000000000000e+00
7.293576598167419434e-01
2.735275983810424805e+00
1.004726886749267578e+00
7.956167310476303101e-02
4.792042076587677002e-01
1.222049966454505920e-01
3.186212107539176941e-02
1.082226168364286423e-02
3.220416978001594543e-02
0.000000000000000000e+00
1.200633570551872253e-01
2.405203580856323242e-01
7.826809883117675781e-01
7.095385342836380005e-03
1.420912798494100571e-02
9.320679120719432831e-03
4.954942315816879272e-02
2.711803019046783447e-01
1.505732685327529907e-01
2.139704823493957520e-01
3.042909801006317139e-01
0.000000000000000000e+00
6.203919053077697754e-01
2.213089227676391602e+00
8.483533859252929688e-01
4.018277395516633987e-04
2.528101503849029541e-01
4.937778711318969727e-01
0.000000000000000000e+00
0.000000000000000000e+00
3.537230491638183594e-01
3.463337197899818420e-02
1.192004323005676270e+00
2.227962017059326172e+00
4.685762524604797363e-02
3.197270035743713379e-01
8.164337277412414551e-01
0.000000000000000000e+00
2.722433805465698242e-01
3.626755475997924805e+00
0.000000000000000000e+00
4.941341280937194824e-02
1.197721362113952637e-01
1.039134144783020020e+00
8.280319720506668091e-02
6.823818683624267578e-01
6.332115530967712402e-01
2.697236776351928711e+00
4.604637157171964645e-03
2.610785886645317078e-02
2.266051769256591797e+00
2.150714695453643799e-01
6.394679099321365356e-02
1.257930546998977661e-01
9.255822747945785522e-02
1.114232167601585388e-01
3.085045143961906433e-03
2.471137791872024536e-01
9.333721995353698730e-01
9.028989672660827637e-01
3.996358215808868408e-01
2.434659004211425781e+00
1.508989185094833374e-01
1.844744198024272919e-03
6.402330938726663589e-03
0.000000000000000000e+00
3.093290328979492188e+00
2.363723516464233398e-01
1.152868151664733887e+00
3.029531538486480713e-01
2.501563787460327148e+00
5.025809258222579956e-02
5.852550268173217773e-01
0.000000000000000000e+00
2.325125455856323242e+00
9.429204463958740234e-01
1.191308535635471344e-02
7.100954651832580566e-01
1.818587630987167358e-01
1.285712003707885742e+00
1.146219730377197266e+00
3.697630763053894043e-01
5.686456561088562012e-01
0.000000000000000000e+00
6.320869922637939453e-01
9.963117241859436035e-01
4.630592465400695801e-01
2.128676325082778931e-01
6.981880664825439453e-01
3.351830542087554932e-01
6.353158950805664062e-01
2.728655189275741577e-02
2.685777842998504639e-01
6.324726343154907227e-02
8.201357126235961914e-01
1.244652390480041504e+00
2.278295606374740601e-01
6.484177708625793457e-02
1.013134837150573730e+00
4.965170919895172119e-01
2.470330595970153809e-01
9.434779286384582520e-01
0.000000000000000000e+00
9.852809309959411621e-01
2.343269437551498413e-02
9.211813658475875854e-02
9.878063946962356567e-02
2.153287678956985474e-01
1.197643876075744629e-01
5.837542533874511719e+00
8.330714702606201172e-02
2.648278772830963135e-01
0.000000000000000000e+00
2.918993473052978516e+00
1.646904051303863525e-01
6.187093257904052734e-01
1.394568979740142822e-01
6.795644164085388184e-01
3.880006372928619385e-01
5.610071420669555664e-01
7.365072369575500488e-01
0.000000000000000000e+00
1.014756318181753159e-02
2.960503101348876953e-01
1.504531383514404297e+00
1.382835507392883301e+00
4.122582376003265381e-01
5.846322327852249146e-02
2.314346283674240112e-01
4.219238087534904480e-02
5.477841943502426147e-02
1.434510797262191772e-01
4.975474476814270020e-01
1.840527892112731934e+00
3.699293851852416992e+00
0.000000000000000000e+00
1.470885276794433594e+00
5.935496836900711060e-02
4.733200650662183762e-03
6.124801039695739746e-01
1.467921137809753418e-01
3.024438619613647461e-01
6.155075430870056152e-01
1.926264464855194092e-01
1.698495149612426758e+00
7.906699776649475098e-01
2.289760589599609375e+00
5.501823425292968750e-01
1.815535426139831543e-01
4.795997962355613708e-02
0.000000000000000000e+00
6.354027986526489258e-02
5.201858878135681152e-01
4.243286252021789551e-01
1.235859274864196777e+00
1.674153506755828857e-01
0.000000000000000000e+00
3.730003833770751953e-01
9.364706277847290039e-01
2.614217758178710938e+00
2.409291028976440430e+00
2.721067667007446289e-01
2.251554094254970551e-02
2.860866785049438477e-01
9.372794628143310547e-02
0.000000000000000000e+00
1.599374115467071533e-01
2.228485643863677979e-01
1.787434704601764679e-02
2.061978131532669067e-01
6.890900433063507080e-02
1.242158532142639160e+00
9.951516985893249512e-03
6.589041948318481445e-01
1.529170751571655273e+00
2.389817982912063599e-01
2.511212825775146484e-01
3.040015511214733124e-02
1.276886224746704102e+00
1.432374585419893265e-02
4.962657988071441650e-01
1.281201094388961792e-01
6.577673554420471191e-02
1.599714279174804688e+00
0.000000000000000000e+00
4.076943695545196533e-01
7.300139218568801880e-02
2.223129272460937500e+00
1.855720400810241699e+00
1.330420672893524170e-01
8.098193258047103882e-02
1.691690564155578613e+00
1.849466860294342041e-01
4.491404294967651367e-01
4.224150627851486206e-02
1.650154948234558105e+00
6.571347266435623169e-02
3.919801414012908936e-01
8.036788105964660645e-01
5.805832147598266602e-01
1.312891244888305664e+00
9.315783530473709106e-02
1.274588704109191895e+00
0.000000000000000000e+00
2.937501072883605957e-01
2.313606382813304663e-04
4.302364289760589600e-01
9.496998786926269531e-01
2.354772090911865234e-01
6.201809644699096680e-01
2.580209732055664062e+00
8.710437268018722534e-02
0.000000000000000000e+00
2.388237714767456055e-01
2.062202692031860352e+00
0.000000000000000000e+00
1.431533098220825195e-01
6.604301929473876953e-01
2.481110095977783203e+00
2.347589492797851562e+00
3.813200891017913818e-01
1.399226337671279907e-01
5.839614272117614746e-01
3.779526948928833008e-01
1.513081908226013184e+00
1.362429261207580566e+00
2.295652389526367188e+00
6.226363182067871094e-01
3.818287223111838102e-04
1.573371887207031250e+00
1.263783723115921021e-01
1.328334957361221313e-01
0.000000000000000000e+00
1.036737561225891113e-01
1.052745699882507324e+00
5.739775896072387695e-01
0.000000000000000000e+00
6.233791708946228027e-01
1.032570153474807739e-01
1.118817090988159180e+00
1.728322863578796387e+00
2.546737194061279297e-01
2.661085687577724457e-02
1.063439529389142990e-02
4.798431396484375000e-01
4.922223687171936035e-01
1.536276889964938164e-03
0.000000000000000000e+00
8.896998316049575806e-02
9.110297560691833496e-01
4.034313932061195374e-02
7.428213357925415039e-01
2.187223911285400391e+00
3.345394134521484375e-01
2.582859396934509277e-01
7.861818671226501465e-01
1.000743508338928223e+00
9.915641695261001587e-02
3.412795782089233398e+00
4.049747288227081299e-01
1.350147724151611328e-01
8.435699939727783203e-01
3.936275839805603027e-02
3.744622319936752319e-02
2.198685556650161743e-01
4.990873485803604126e-02
2.716947495937347412e-01
1.893985457718372345e-02
4.046116828918457031e+00
8.495718985795974731e-02
1.031148433685302734e-02
9.422802366316318512e-03
6.102062389254570007e-02
1.390777230262756348e+00
1.682113051414489746e+00
1.563471108675003052e-01
2.796263933181762695e+00
5.670142769813537598e-01
3.239409327507019043e-01
2.766981720924377441e-01
4.253514707088470459e-01
3.379681706428527832e-02
6.475298106670379639e-02
5.341067910194396973e-01
6.666933000087738037e-02
6.230981945991516113e-01
5.241741538047790527e-01
4.687958061695098877e-01
0.000000000000000000e+00
0.000000000000000000e+00
1.152043700218200684e+00
1.548177242279052734e+00
7.851105183362960815e-02
9.141080975532531738e-01
0.000000000000000000e+00
3.512053191661834717e-01
1.440292000770568848e-01
2.364792525768280029e-01
4.156084656715393066e-01
7.095582783222198486e-02
4.395096004009246826e-02
4.247472807765007019e-02
3.573844432830810547e+00
0.000000000000000000e+00
3.333064556121826172e+00
3.318241564556956291e-03
1.613457314670085907e-02
0.000000000000000000e+00
6.684910506010055542e-02
0.000000000000000000e+00
1.469839930534362793e+00
1.389549732208251953e+00
3.863900899887084961e+00
1.918208479881286621e+00
6.310753226280212402e-01
5.806054919958114624e-02
4.467901885509490967e-01
2.867151498794555664e-01
3.075507655739784241e-02
4.018988460302352905e-03
8.422448039054870605e-01
3.157922327518463135e-01
1.847860030829906464e-02
1.122657656669616699e+00
1.961969882249832153e-01
6.734741926193237305e-01
9.595870971679687500e-02
2.090976387262344360e-02
2.009729444980621338e-01
1.301115274429321289e+00
2.618119120597839355e-01
2.002158612012863159e-01
1.988100290298461914e+00
4.376270226202905178e-04
0.000000000000000000e+00
6.724935173988342285e-01
1.919389963150024414e+00
1.023250341415405273e+00
1.061667203903198242e+00
8.336061239242553711e-02
2.073738574981689453e+00
1.722018361091613770e+00
2.326232492923736572e-01
8.247070312500000000e-01
4.485812187194824219e-01
0.000000000000000000e+00
1.143393635749816895e+00
1.453862041234970093e-01
2.622690200805664062e+00
5.933001637458801270e-01
0.000000000000000000e+00
1.841555237770080566e-01
1.574712246656417847e-01
6.160197034478187561e-02
1.513684391975402832e-01
5.559100955724716187e-02
2.702706456184387207e-01
9.076294898986816406e-01
3.364194333553314209e-01
3.893794119358062744e-01
1.072098612785339355e+00
2.467950731515884399e-01
2.431720122694969177e-02
5.605363845825195312e-01
2.830122597515583038e-02
1.160763502120971680e+00
2.966176532208919525e-02
4.085846990346908569e-02
3.121412515640258789e+00
4.272723197937011719e-01
4.567058682441711426e-01
3.697409331798553467e-01
4.049594402313232422e+00
2.642310261726379395e-01
0.000000000000000000e+00
6.450467109680175781e-01
1.868546485900878906e+00
0.000000000000000000e+00
8.284899592399597168e-01
1.438089460134506226e-01
1.017094135284423828e+00
2.246940433979034424e-01
3.300492465496063232e-01
8.451589345932006836e-01
4.541180729866027832e-01
5.798188447952270508e-01
1.694849133491516113e-01
2.727243602275848389e-01
1.518585681915283203e+00
5.366347432136535645e-01
4.268789887428283691e-01
6.500628590583801270e-01
1.048460483551025391e+00
