0.000000000000000000e+00
1.362754940986633301e+00
8.709699511528015137e-01
2.702115774154663086e-01
1.727270334959030151e-01
4.866434335708618164e-01
3.909758627414703369e-01
2.020245790481567383e-01
9.583232551813125610e-02
4.509486854076385498e-01
2.356191575527191162e-01
1.771478503942489624e-01
4.472564756870269775e-01
1.768543601036071777e+00
6.549784541130065918e-01
9.909411892294883728e-03
4.713615775108337402e-02
3.903486728668212891e-01
0.000000000000000000e+00
1.113986372947692871e+00
1.081586182117462158e-01
2.562616765499114990e-02
0.000000000000000000e+00
0.000000000000000000e+00
1.273822877556085587e-02
2.168777883052825928e-01
4.134073853492736816e-01
2.722472883760929108e-02
9.816020727157592773e-02
3.562608500942587852e-03
7.915753126144409180e-01
4.484238028526306152e-01
1.179217398166656494e-01
3.265068233013153076e-01
1.796621829271316528e-01
3.669057413935661316e-02
8.565887212753295898e-01
3.927643895149230957e-01
2.630574703216552734e-01
1.986185014247894287e-01
0.000000000000000000e+00
1.548724323511123657e-01
0.000000000000000000e+00
3.593945503234863281e-02
1.024733304977416992e+00
1.241613999009132385e-01
1.414019942283630371e+00
4.646448493003845215e-01
1.715402007102966309e-01
1.611498743295669556e-01
1.008151099085807800e-01
3.199609518051147461e-01
1.623762398958206177e-02
1.182041764259338379e-01
2.599221169948577881e-01
0.000000000000000000e+00
2.344162017107009888e-01
0.000000000000000000e+00
1.360707171261310577e-02
1.506176829338073730e+00
2.975067496299743652e-01
7.569233328104019165e-02
2.964997887611389160e-01
7.236390113830566406e-01
2.136935107409954071e-02
3.231871500611305237e-02
2.645423710346221924e-01
1.835280098021030426e-02
2.507336204871535301e-03
2.069828033447265625e+00
0.000000000000000000e+00
1.361299455165863037e-01
5.128523707389831543e-02
1.665746271610260010e-01
1.744866222143173218e-01
2.964627742767333984e-01
2.791135311126708984e-01
3.804072380065917969e+00
0.000000000000000000e+00
4.333547502756118774e-02
5.938253998756408691e-01
9.507312178611755371e-01
9.344933032989501953e-01
1.479742050170898438e+00
6.999639272689819336e-01
1.307497262954711914e+00
4.329975247383117676e-01
1.132547035813331604e-01
4.717411398887634277e-01
0.000000000000000000e+00
9.158784747123718262e-01
2.225666195154190063e-01
5.343831330537796021e-02
8.109394907951354980e-01
7.062314748764038086e-01
2.936431905254721642e-03
0.000000000000000000e+00
3.983535617589950562e-02
1.420553177595138550e-01
2.143508046865463257e-01
7.102102041244506836e-01
0.000000000000000000e+00
2.948018312454223633e-01
2.743522167205810547e+00
1.147794961929321289e+00
1.125399351119995117e+00
9.703444689512252808e-02
6.984629482030868530e-02
3.197866082191467285e-01
1.363134235143661499e-01
1.109261989593505859e+00
0.000000000000000000e+00
6.619392335414886475e-02
1.861008070409297943e-02
8.866486549377441406e-01
0.000000000000000000e+00
2.273879945278167725e-01
2.343852631747722626e-02
1.229815557599067688e-02
3.978257477283477783e-01
2.348283305764198303e-02
1.269421726465225220e-01
1.332973241806030273e-01
7.527318596839904785e-01
2.518309652805328369e-01
6.952024698257446289e-01
1.489475071430206299e-01
3.729013800621032715e-01
2.046413272619247437e-01
3.132460117340087891e-01
1.235777974128723145e+00
2.018375396728515625e-01
5.459333583712577820e-02
9.460148811340332031e-01
4.021509587764739990e-01
1.569060683250427246e+00
1.608456015586853027e+00
3.530899286270141602e-01
1.591912388801574707e+00
1.616259515285491943e-01
8.610363304615020752e-02
1.437511295080184937e-01
1.263774037361145020e-01
2.808944880962371826e-02
2.096521556377410889e-01
2.623101174831390381e-01
8.749227225780487061e-02
2.105619199573993683e-02
7.144840955734252930e-01
3.626633882522583008e-01
1.934154629707336426e-01
1.938097625970840454e-01
6.666127592325210571e-02
1.929983049631118774e-01
1.238276213407516479e-01
6.133571267127990723e-01
6.160268187522888184e-01
5.059790611267089844e-01
2.238857792690396309e-03
1.439124345779418945e-01
1.376416981220245361e-01
1.091223907470703125e+01
8.857444524765014648e-01
4.628783836960792542e-02
2.412950515747070312e+00
3.190700054168701172e+00
9.263063967227935791e-02
5.279904603958129883e-01
9.796385765075683594e-01
6.590758562088012695e-01
3.730152547359466553e-01
6.001559495925903320e-01
0.000000000000000000e+00
1.213551610708236694e-01
6.545718759298324585e-03
2.705307304859161377e-02
2.519413471221923828e+00
1.919753670692443848e+00
3.461968302726745605e-01
4.394530057907104492e-01
3.660289570689201355e-02
1.495807319879531860e-01
8.425674438476562500e-01
0.000000000000000000e+00
8.041044473648071289e-01
4.131630957126617432e-01
2.707789838314056396e-01
1.978046959266066551e-03
7.806892991065979004e-01
1.416469961404800415e-01
2.798275351524353027e-01
6.059548258781433105e-01
1.046809256076812744e-01
6.921704858541488647e-02
1.132224917411804199e+00
3.752330780029296875e+00
1.325858384370803833e-01
5.513799935579299927e-02
1.543090641498565674e-01
3.313549458980560303e-01
2.247055917978286743e-01
9.641665816307067871e-01
0.000000000000000000e+00
7.669636607170104980e-02
3.668302297592163086e-01
0.000000000000000000e+00
7.714352011680603027e-01
0.000000000000000000e+00
1.453252881765365601e-01
4.256715532392263412e-03
7.270300984382629395e-01
7.043293118476867676e-02
0.000000000000000000e+00
2.100106887519359589e-02
3.530277013778686523e-01
1.672596484422683716e-01
5.511391758918762207e-01
2.097553491592407227e+00
6.837299093604087830e-03
1.531662464141845703e+00
1.611695140600204468e-01
7.587788701057434082e-01
3.452333211898803711e-01
1.101792603731155396e-02
1.847537904977798462e-01
1.283236861228942871e+00
1.795768737792968750e+00
1.330078989267349243e-01
4.341656863689422607e-01
5.319691896438598633e-01
1.038072556257247925e-01
2.732973992824554443e-01
7.741661071777343750e-01
2.877209186553955078e-01
1.567743569612503052e-01
8.033944964408874512e-01
4.410275816917419434e-01
1.561683177947998047e+00
1.864767819643020630e-02
1.000546216964721680e+00
1.491931676864624023e-01
1.258408784866333008e+00
1.859797239303588867e-01
4.017879962921142578e-01
4.628146886825561523e-01
3.379416167736053467e-01
4.424568638205528259e-02
1.942626535892486572e-01
6.478043645620346069e-02
8.926506042480468750e-01
1.948176980018615723e+00
2.863175272941589355e-01
1.159759163856506348e+00
6.585401296615600586e-01
5.548473596572875977e-01
5.322636365890502930e-01
4.567129313945770264e-01
3.103453218936920166e-01
4.647749364376068115e-01
3.000053018331527710e-02
4.392122626304626465e-01
5.620012525469064713e-03
0.000000000000000000e+00
1.411902785301208496e+00
1.216160133481025696e-01
1.221713516861200333e-02
2.591786384582519531e-01
5.412767454981803894e-02
2.465070039033889771e-01
1.428619384765625000e+00
2.242516279220581055e-01
1.136083722114562988e+00
3.668864071369171143e-01
2.204214222729206085e-02
1.526023745536804199e+00
2.908684015274047852e+00
1.352716088294982910e+00
1.017601847648620605e+00
6.775374412536621094e-01
1.332833290100097656e+00
3.794690072536468506e-01
2.294853329658508301e-02
0.000000000000000000e+00
1.952434144914150238e-02
1.582245901226997375e-02
9.536483883857727051e-01
0.000000000000000000e+00
0.000000000000000000e+00
4.327996820211410522e-02
1.499076843261718750e+00
4.567943885922431946e-02
3.783227503299713135e-01
5.319736525416374207e-02
6.277248263359069824e-02
5.215042456984519958e-02
3.486435115337371826e-01
0.000000000000000000e+00
2.977942824363708496e-01
3.585755825042724609e-01
3.173520863056182861e-01
1.156252846121788025e-01
8.079650811851024628e-03
5.623338818550109863e-01
3.404299169778823853e-02
1.399881243705749512e-01
2.018660008907318115e-01
8.766220808029174805e-01
5.759297013282775879e-01
1.251395046710968018e-01
9.058095812797546387e-01
1.761185824871063232e-01
5.569926500320434570e-01
5.454127788543701172e-01
6.349177956581115723e-01
3.191766738891601562e+00
3.245142102241516113e-01
1.406729817390441895e+00
3.345480561256408691e-01
3.474137559533119202e-02
2.819740772247314453e-01
1.022763997316360474e-01
8.491614460945129395e-01
3.986842185258865356e-02
7.122820708900690079e-03
5.167620182037353516e-01
2.936834655702114105e-02
2.572159290313720703e+00
2.450115233659744263e-01
2.505852282047271729e-01
4.618040323257446289e-01
5.560852885246276855e-01
2.736274003982543945e+00
4.408145789057016373e-03
4.950941503047943115e-01
1.213533952832221985e-01
2.779654040932655334e-02
5.235168933868408203e-01
7.809121012687683105e-01
8.131657242774963379e-01
6.477320194244384766e-01
5.417094752192497253e-02
8.414795249700546265e-02
3.788797557353973389e-01
6.086229085922241211e-01
9.828712344169616699e-01
1.863185763359069824e-01
0.000000000000000000e+00
1.328772068023681641e+00
1.770952641963958740e-01
1.122751235961914062e+00
1.561109423637390137e-01
4.001996517181396484e-01
3.853240981698036194e-02
0.000000000000000000e+00
1.859656125307083130e-01
4.799890220165252686e-01
3.856845945119857788e-02
0.000000000000000000e+00
1.220809295773506165e-02
8.413295447826385498e-02
1.387568563222885132e-01
0.000000000000000000e+00
2.670770585536956787e-01
5.414659380912780762e-01
6.612769961357116699e-01
1.423472166061401367e+00
2.002231478691101074e-01
0.000000000000000000e+00
3.167214989662170410e-01
7.543740272521972656e-01
3.082447648048400879e-01
3.080683387815952301e-02
8.015772104263305664e-01
2.062310457229614258e+00
2.524558544158935547e+00
2.539505250751972198e-02
6.097832322120666504e-02
6.573975086212158203e-01
0.000000000000000000e+00
5.329969525337219238e-01
2.020328342914581299e-01
0.000000000000000000e+00
0.000000000000000000e+00
4.115131795406341553e-01
4.253769293427467346e-02
1.317645460367202759e-01
1.329915285110473633e+00
3.761731386184692383e-01
9.184437990188598633e-02
5.872334912419319153e-02
6.615273356437683105e-01
5.237400159239768982e-02
2.318024188280105591e-01
8.407998830080032349e-02
1.681104600429534912e-01
0.000000000000000000e+00
2.372511625289916992e-01
1.010441854596138000e-01
2.054561860859394073e-02
4.427155554294586182e-01
4.855563044548034668e-01
7.621406018733978271e-02
1.131288409233093262e-01
5.264113843441009521e-02
1.409982204437255859e+00
3.634252250194549561e-01
6.955528855323791504e-01
0.000000000000000000e+00
1.150015518069267273e-01
2.789237499237060547e-01
1.218645498156547546e-01
1.916326761245727539e+00
1.972780346870422363e+00
5.424007773399353027e-02
9.892923757433891296e-03
1.772717386484146118e-02
2.488837540149688721e-01
5.804133415222167969e-01
9.671083092689514160e-02
1.045309901237487793e-01
1.999098062515258789e+00
1.324837505817413330e-01
6.744285225868225098e-01
1.099780201911926270e+00
0.000000000000000000e+00
1.252592951059341431e-01
1.114063486456871033e-01
1.602571904659271240e-01
2.782337926328182220e-02
9.293604493141174316e-01
7.040528059005737305e-01
1.674432039260864258e+00
6.199027970433235168e-02
3.398212492465972900e-01
1.917119771242141724e-01
8.241991996765136719e-01
1.423477381467819214e-02
4.442801326513290405e-02
5.440177917480468750e+00
1.527697294950485229e-01
2.386012524366378784e-01
3.913194406777620316e-03
4.568542912602424622e-02
0.000000000000000000e+00
1.131483390927314758e-01
1.277077645063400269e-01
9.038029313087463379e-01
1.685933947563171387e+00
1.029093503952026367e+00
5.438838619738817215e-03
1.351867318153381348e-01
1.406307667493820190e-01
4.514139592647552490e-01
0.000000000000000000e+00
1.159048005938529968e-01
2.093616724014282227e-01
3.856724202632904053e-01
6.442621946334838867e-01
2.497047483921051025e-01
6.521903723478317261e-02
8.199784159660339355e-02
4.588762521743774414e-01
3.298137784004211426e-01
1.513697803020477295e-01
6.653912663459777832e-01
1.865217089653015137e-01
0.000000000000000000e+00
3.676246404647827148e-01
3.886575577780604362e-03
1.493050307035446167e-01
1.062955558300018311e-01
1.643679440021514893e-01
1.008940100669860840e+00
7.916688919067382812e-02
1.983048915863037109e-01
7.341862469911575317e-02
7.914469242095947266e-01
6.087571978569030762e-01
3.367852186784148216e-03
4.953296184539794922e-01
6.647587567567825317e-02
0.000000000000000000e+00
9.279883503913879395e-01
0.000000000000000000e+00
1.092071413993835449e+00
4.027996957302093506e-01
2.536589279770851135e-02
2.104266583919525146e-01
5.142554044723510742e-01
1.066530495882034302e-01
6.613154709339141846e-02
1.388187333941459656e-02
1.560517847537994385e-01
7.048814892768859863e-01
0.000000000000000000e+00
4.496709629893302917e-02
4.790533706545829773e-02
2.347014844417572021e-01
3.255213499069213867e-01
8.710140734910964966e-02
5.574482679367065430e-01
5.159670710563659668e-01
3.707462456077337265e-03
3.265347704291343689e-02
1.287753432989120483e-01
6.532879173755645752e-02
4.214634001255035400e-01
2.271310091018676758e-01
1.511370092630386353e-01
3.283570408821105957e-01
2.076339721679687500e-01
1.320081502199172974e-01
1.600323677062988281e+00
7.189456224441528320e-01
1.271018028259277344e+00
9.434944391250610352e-02
1.369475107640028000e-02
1.183623313903808594e+00
4.975782036781311035e-01
2.273577153682708740e-01
3.456858396530151367e-01
1.340746134519577026e-02
1.035298928618431091e-01
1.713983565568923950e-01
2.734230458736419678e-01
0.000000000000000000e+00
0.000000000000000000e+00
2.466901391744613647e-02
1.723952740430831909e-01
9.247138351202011108e-02
1.273090541362762451e-01
6.378624439239501953e-01
0.000000000000000000e+00
0.000000000000000000e+00
1.361497789621353149e-01
7.436161488294601440e-02
1.160924583673477173e-01
1.276566386222839355e-01
1.576555669307708740e-01
1.492333054542541504e+00
2.600248157978057861e-01
9.482669234275817871e-01
1.837759837508201599e-02
8.189233392477035522e-02
0.000000000000000000e+00
6.240447759628295898e-01
1.979210525751113892e-01
4.431343078613281250e-02
5.650317296385765076e-02
3.290417790412902832e-01
0.000000000000000000e+00
3.780742585659027100e-01
2.689141631126403809e-01
3.100237846374511719e+00
3.342416509985923767e-02
1.807217150926589966e-01
2.324566617608070374e-02
0.000000000000000000e+00
4.032836854457855225e-01
7.671251893043518066e-01
9.581358171999454498e-03
1.971357822418212891e+00
6.691933423280715942e-02
1.427800580859184265e-02
7.315957918763160706e-03
4.582064151763916016e-01
6.272796541452407837e-03
3.002614021301269531e+00
0.000000000000000000e+00
1.975514888763427734e-01
0.000000000000000000e+00
1.018269300460815430e+00
3.916889429092407227e-01
1.089288108050823212e-02
2.690161578357219696e-02
0.000000000000000000e+00
7.689068913459777832e-01
1.727640181779861450e-01
5.249583125114440918e-01
1.707509279251098633e+00
7.637085318565368652e-01
6.338843144476413727e-03
1.004770025610923767e-01
1.426246315240859985e-01
2.290248423814773560e-01
5.993655323982238770e-02
2.851885259151458740e-01
1.811035871505737305e-01
1.297309547662734985e-01
9.359637498855590820e-01
1.379961609840393066e+00
7.706046104431152344e-02
1.197430044412612915e-01
2.704586274921894073e-02
1.191789880394935608e-01
1.257560253143310547e-01
1.641245484352111816e-01
6.023862957954406738e-01
7.780426144599914551e-01
9.076724946498870850e-02
2.455822825431823730e-01
4.291935265064239502e-02
3.528715111315250397e-03
2.850580513477325439e-01
2.145209461450576782e-01
4.083255529403686523e-01
3.237312436103820801e-01
4.324324727058410645e-01
2.973504662513732910e-01
0.000000000000000000e+00
9.220723807811737061e-02
1.685578584671020508e+00
3.594983834773302078e-03
9.539904594421386719e-01
1.055952385067939758e-01
1.990904957056045532e-01
8.065180778503417969e-01
1.098578721284866333e-01
1.767702028155326843e-02
9.608910977840423584e-02
1.788475215435028076e-01
1.532978892326354980e+00
0.000000000000000000e+00
1.221282109618186951e-01
1.564428821438923478e-04
1.773075014352798462e-02
1.000075973570346832e-02
7.177917659282684326e-02
2.126470357179641724e-01
5.306546092033386230e-01
3.290663361549377441e-01
4.367077052593231201e-01
2.714682556688785553e-02
1.675867885351181030e-01
3.965051651000976562e+00
1.853172667324542999e-02
1.633624583482742310e-01
0.000000000000000000e+00
6.735488176345825195e-01
2.115276157855987549e-01
2.168248295783996582e-01
3.441345095634460449e-01
1.291179805994033813e-01
4.691705107688903809e-02
1.227496981620788574e+00
0.000000000000000000e+00
7.945336401462554932e-02
0.000000000000000000e+00
4.658313691616058350e-01
1.108466237783432007e-01
8.810666203498840332e-02
1.096031591296195984e-01
5.942975878715515137e-01
9.781342148780822754e-01
0.000000000000000000e+00
6.139268279075622559e-01
3.510793447494506836e-01
5.746302604675292969e-01
1.708871960639953613e+00
1.191540732979774475e-01
0.000000000000000000e+00
1.472953474149107933e-03
1.048353910446166992e-01
4.483811259269714355e-01
2.498579621315002441e-01
8.644286394119262695e-01
4.326546564698219299e-02
1.218215972185134888e-01
1.172377914190292358e-01
1.181103944778442383e+00
0.000000000000000000e+00
1.085140347480773926e+00
6.653189659118652344e-01
4.793355166912078857e-01
9.109150618314743042e-02
5.202617496252059937e-02
1.734319776296615601e-01
2.288105711340904236e-02
4.836876392364501953e-01
3.007250130176544189e-01
1.622156649827957153e-01
4.784537479281425476e-02
0.000000000000000000e+00
4.137825965881347656e-02
2.801716804504394531e+00
1.337348818778991699e-01
1.076233237981796265e-01
4.137360751628875732e-01
1.056738376617431641e+00
8.002924919128417969e-01
1.276803493499755859e+00
1.023011922836303711e+00
1.404625028371810913e-01
1.034286096692085266e-01
1.722676038742065430e+00
6.116657853126525879e-01
1.779970899224281311e-02
3.803320169448852539e+00
8.364500105381011963e-02
1.151800036430358887e+00
1.611646823585033417e-02
3.301495909690856934e-01
4.993337094783782959e-01
6.639913469552993774e-02
1.838240742683410645e+00
1.345746755599975586e+00
3.371665477752685547e-01
6.853058338165283203e-01
1.566452831029891968e-01
2.808068990707397461e-01
8.685225248336791992e-02
7.509347051382064819e-02
9.180922061204910278e-02
7.788263261318206787e-02
9.045709371566772461e-01
2.538484148681163788e-02
6.589142084121704102e-01
4.389920532703399658e-01
5.087527632713317871e-01
4.498168453574180603e-02
1.051906228065490723e+00
1.070648208260536194e-01
1.624501466751098633e+00
6.749460473656654358e-03
1.406621456146240234e+00
1.357692852616310120e-02
1.292230784893035889e-01
1.494848132133483887e-01
6.907073259353637695e-01
4.047718048095703125e-01
6.409549117088317871e-01
8.180592060089111328e-01
1.850052833557128906e+00
7.265006899833679199e-01
8.094349503517150879e-02
7.617908995598554611e-03
6.017812490463256836e-01
0.000000000000000000e+00
2.946975529193878174e-01
3.785764276981353760e-01
1.162015870213508606e-01
4.124678671360015869e-01
8.910830020904541016e-01
0.000000000000000000e+00
1.411741077899932861e-01
1.089260727167129517e-01
1.060783416032791138e-01
2.719826102256774902e-01
1.001606732606887817e-01
1.393340826034545898e-01
1.575807034969329834e-01
2.770588397979736328e-01
1.828144304454326630e-03
1.646679043769836426e+00
3.877941519021987915e-02
1.672379672527313232e-01
1.096250787377357483e-01
6.838419288396835327e-02
9.701600670814514160e-02
3.787536621093750000e-01
9.651868343353271484e-01
2.836993038654327393e-01
0.000000000000000000e+00
6.646095216274261475e-02
5.742177367210388184e-01
1.454715132713317871e-01
5.092323943972587585e-02
0.000000000000000000e+00
7.538637518882751465e-01
5.875590071082115173e-02
1.292129307985305786e-01
8.957228660583496094e-01
1.119690313935279846e-01
1.763090789318084717e-01
7.695007324218750000e-01
3.115403652191162109e-01
4.566342830657958984e-01
3.007600083947181702e-02
9.505239129066467285e-01
4.885999485850334167e-03
6.471133232116699219e-02
1.192494183778762817e-01
8.540337532758712769e-02
2.821768224239349365e-01
3.838569521903991699e-01
3.136954456567764282e-02
2.597026526927947998e-01
1.174543425440788269e-01
2.793184109032154083e-02
1.627598553895950317e-01
1.113002061843872070e+00
0.000000000000000000e+00
1.158083528280258179e-01
3.412934765219688416e-02
2.799393534660339355e-01
1.071895241737365723e+00
2.014863193035125732e-01
5.036911964416503906e-01
7.839794456958770752e-02
2.626813054084777832e-01
4.348764121532440186e-01
1.175612807273864746e+00
0.000000000000000000e+00
1.911270320415496826e-01
7.371602654457092285e-01
1.201372891664505005e-01
0.000000000000000000e+00
4.935745298862457275e-01
9.442796558141708374e-02
7.706894874572753906e-01
3.570225462317466736e-02
2.165631800889968872e-01
1.085009336471557617e+00
2.829745709896087646e-01
2.749470993876457214e-03
3.125327587127685547e+00
2.732192575931549072e-01
1.297323465347290039e+00
1.028270423412322998e-01
4.166268743574619293e-03
1.080178022384643555e+00
5.743463337421417236e-02
9.412903338670730591e-02
2.497767657041549683e-01
2.098547518253326416e-01
3.382666409015655518e-01
1.594841480255126953e+00
1.966200023889541626e-01
7.704006135463714600e-02
5.562287569046020508e-02
1.837567687034606934e-01
4.751997888088226318e-01
5.491960644721984863e-01
0.000000000000000000e+00
5.539045810699462891e+00
2.632452249526977539e-01
8.189512044191360474e-02
2.050059735774993896e-01
2.862152457237243652e-02
5.562621355056762695e-01
8.809803724288940430e-01
4.269784688949584961e-02
8.181089162826538086e-02
0.000000000000000000e+00
5.101408809423446655e-02
6.771832704544067383e-01
9.550364017486572266e-01
7.622629404067993164e-01
0.000000000000000000e+00
1.827130839228630066e-02
1.443979563191533089e-03
4.619071483612060547e-01
2.701264321804046631e-01
4.909162409603595734e-03
2.342819236218929291e-02
1.685999035835266113e+00
6.572228074073791504e-01
1.089419722557067871e-01
3.489448130130767822e-02
4.111728444695472717e-02
4.038566946983337402e-01
8.704465627670288086e-02
2.174008786678314209e-01
6.675622891634702682e-03
1.016805529594421387e+00
1.335238456726074219e+00
6.954825520515441895e-01
2.141309976577758789e+00
5.399993658065795898e-01
1.282202005386352539e-01
0.000000000000000000e+00
1.969193853437900543e-02
2.218864202499389648e+00
4.958204627037048340e-01
1.775260083377361298e-02
0.000000000000000000e+00
3.188752532005310059e-01
3.046307945623993874e-03
1.069257736206054688e+00
9.262503981590270996e-01
2.008668929338455200e-01
1.026389151811599731e-01
1.263293027877807617e-01
0.000000000000000000e+00
6.570160388946533203e-01
1.269232869148254395e+00
2.691622078418731689e-01
3.246056288480758667e-02
5.372015759348869324e-02
2.053900063037872314e-02
8.202519416809082031e-01
3.826119601726531982e-01
0.000000000000000000e+00
3.514592647552490234e-01
1.339674443006515503e-01
0.000000000000000000e+00
5.380759015679359436e-02
0.000000000000000000e+00
2.338610775768756866e-02
4.582465291023254395e-01
1.876580417156219482e-01
1.326428771018981934e+00
2.131659984588623047e+00
7.358455061912536621e-01
1.138536036014556885e-01
4.243288189172744751e-02
1.452276259660720825e-01
6.792576909065246582e-01
7.305392622947692871e-02
5.286241173744201660e-01
0.000000000000000000e+00
5.147564411163330078e-01
4.386478364467620850e-01
1.022503599524497986e-01
3.892065882682800293e-01
2.222429960966110229e-01
2.202257663011550903e-01
7.226588726043701172e-01
9.387215599417686462e-03
2.543858289718627930e-01
5.190665721893310547e-01
2.918831631541252136e-02
5.390300154685974121e-01
2.649906277656555176e-01
1.109706282615661621e+00
2.872356027364730835e-02
0.000000000000000000e+00
1.804799795150756836e+00
7.996143698692321777e-01
2.456339299678802490e-01
1.205719828605651855e+00
1.042513132095336914e+00
1.541905045509338379e+00
1.462325453758239746e-01
1.378440022468566895e+00
2.714429497718811035e-01
7.682230323553085327e-02
6.285796873271465302e-03
7.458713054656982422e-01
1.096829026937484741e-01
0.000000000000000000e+00
4.020339548587799072e-01
6.880527138710021973e-01
4.835333824157714844e-01
9.352318942546844482e-02
3.924550414085388184e-01
2.016950696706771851e-01
1.758375167846679688e+00
2.695214450359344482e-01
2.519678771495819092e-01
4.777497649192810059e-01
1.350826118141412735e-03
5.764074921607971191e-01
1.999146640300750732e-01
9.791899919509887695e-01
6.080673933029174805e-01
9.812995195388793945e-01
5.535109639167785645e-01
1.220799088478088379e+00
9.229997992515563965e-01
0.000000000000000000e+00
3.945398330688476562e-02
7.564156502485275269e-02
0.000000000000000000e+00
5.891495347023010254e-01
3.340786322951316833e-02
1.275385916233062744e-01
1.218157038092613220e-01
5.148472189903259277e-01
3.619132637977600098e-01
3.716241568326950073e-02
1.015754640102386475e-01
4.240223765373229980e-01
7.529116272926330566e-01
4.376066625118255615e-01
4.342975467443466187e-02
3.605653345584869385e-01
4.033078849315643311e-01
8.144207596778869629e-01
5.304634571075439453e-01
7.084515690803527832e-02
2.862917780876159668e-01
5.403368473052978516e-01
2.522501349449157715e-01
2.834121465682983398e+00
1.001882776618003845e-01
1.493117511272430420e-01
7.712305523455142975e-04
2.206883132457733154e-01
2.453978173434734344e-02
1.160552948713302612e-01
1.370759159326553345e-01
7.031163573265075684e-01
4.736291468143463135e-01
7.730613648891448975e-02
1.872487425804138184e+00
2.897586822509765625e-01
2.645573616027832031e-01
0.000000000000000000e+00
3.957343846559524536e-02
1.206601783633232117e-02
1.933768540620803833e-01
1.993932574987411499e-01
2.663766741752624512e-01
0.000000000000000000e+00
1.099666506052017212e-01
7.064272761344909668e-01
4.105904698371887207e-01
1.865237355232238770e-01
6.332986354827880859e-01
7.246076464653015137e-01
4.782610535621643066e-01
1.262269765138626099e-01
2.450435638427734375e+00
6.097682118415832520e-01
1.232941627502441406e+00
1.066773295402526855e+00
1.421025693416595459e-01
6.548802554607391357e-02
2.913387492299079895e-02
3.758564293384552002e-01
1.451525688171386719e+00
2.527085244655609131e-01
9.139886498451232910e-02
1.188174337148666382e-01
9.691681861877441406e-01
2.305070161819458008e-01
6.012937426567077637e-01
0.000000000000000000e+00
2.172135114669799805e-01
7.529610395431518555e-01
8.810079693794250488e-01
2.069371640682220459e-01
6.942008137702941895e-01
3.512959927320480347e-02
1.038796305656433105e+00
5.440648198127746582e-01
3.747334778308868408e-01
7.100750803947448730e-01
5.948367714881896973e-01
4.725057780742645264e-01
1.449632197618484497e-01
1.328574866056442261e-02
1.827798038721084595e-01
1.579070985317230225e-01
5.136221051216125488e-01
4.639846682548522949e-01
0.000000000000000000e+00
8.626232296228408813e-02
3.251491114497184753e-03
1.132429242134094238e+00
2.391955375671386719e+00
0.000000000000000000e+00
3.209607005119323730e-01
2.333705276250839233e-01
1.210324019193649292e-01
1.996305435895919800e-01
3.931911885738372803e-01
7.103528380393981934e-01
1.277204751968383789e-01
9.186363965272903442e-02
1.587579771876335144e-02
1.468184497207403183e-02
1.484929323196411133e-01
8.301711678504943848e-01
7.891302108764648438e-01
2.296459227800369263e-01
4.753691703081130981e-02
4.086441397666931152e-01
5.192655324935913086e-01
4.732677713036537170e-02
7.170342653989791870e-02
0.000000000000000000e+00
6.666643023490905762e-01
2.883460372686386108e-02
1.446360111236572266e+00
1.316669136285781860e-01
2.503213584423065186e-01
1.379059314727783203e+00
1.436907410621643066e+00
1.369018405675888062e-01
2.368729263544082642e-01
3.264937400817871094e-01
1.713132858276367188e+00
0.000000000000000000e+00
2.076102495193481445e+00
1.628138720989227295e-01
1.469586044549942017e-01
2.252017498016357422e+00
3.578687906265258789e-01
8.277434110641479492e-02
1.451451539993286133e+00
4.810038208961486816e-01
6.493830680847167969e-02
1.141013503074645996e+00
8.859997987747192383e-01
3.664048910140991211e-01
5.438200235366821289e-01
0.000000000000000000e+00
9.946749210357666016e-01
7.335799336433410645e-01
4.850450158119201660e-01
1.952619105577468872e-02
5.241229534149169922e-01
8.729850649833679199e-01
2.318789362907409668e-01
1.136670634150505066e-02
1.581472009420394897e-01
1.591766953468322754e+00
6.555702090263366699e-01
3.645652830600738525e-01
5.986904725432395935e-03
2.094592340290546417e-02
6.243982352316379547e-03
3.447646200656890869e-01
3.097790479660034180e-01
7.331245541572570801e-01
4.206537604331970215e-01
6.688267588615417480e-01
6.183825060725212097e-02
2.215649336576461792e-01
6.524259448051452637e-01
4.689308404922485352e-01
5.030338764190673828e-01
3.965073823928833008e-01
1.991062238812446594e-02
3.192021250724792480e-01
2.627162337303161621e-01
1.059222295880317688e-01
6.684058159589767456e-02
1.638640835881233215e-02
7.788397371768951416e-02
0.000000000000000000e+00
9.277343153953552246e-01
1.218831896781921387e+00
1.034497618675231934e-01
3.650330603122711182e-01
4.607513248920440674e-01
9.171651005744934082e-01
3.262424468994140625e-02
1.593047194182872772e-02
1.836658418178558350e-01
1.307604551315307617e+00
9.693489968776702881e-02
1.667038649320602417e-01
3.136769294738769531e+00
4.062606692314147949e-01
0.000000000000000000e+00
8.304770588874816895e-01
5.336831882596015930e-02
6.893132627010345459e-02
2.365810610353946686e-02
1.049694642424583435e-01
2.811390757560729980e-01
4.594828188419342041e-02
0.000000000000000000e+00
5.834009125828742981e-02
2.281563282012939453e-01
1.878911070525646210e-02
9.654258936643600464e-02
2.733982503414154053e-01
5.396491661667823792e-02
1.045041382312774658e-01
6.120750904083251953e-01
3.146354436874389648e+00
4.412924051284790039e-01
9.444237351417541504e-01
8.715261518955230713e-02
1.633941233158111572e-01
1.624095082283020020e+00
1.189462184906005859e+00
5.508928745985031128e-02
8.246856927871704102e-01
1.312340497970581055e-01
2.651355564594268799e-01
4.543224275112152100e-01
1.373764276504516602e-01
2.453184843063354492e+00
1.913674920797348022e-02
9.932736307382583618e-02
2.259898662567138672e+00
6.294832229614257812e-01
7.761330604553222656e-01
1.621426463127136230e+00
0.000000000000000000e+00
2.495117634534835815e-01
8.171621561050415039e-01
7.010037899017333984e-01
1.923251599073410034e-01
5.128746032714843750e-01
6.770897507667541504e-01
1.106048524379730225e-01
4.951512813568115234e-01
0.000000000000000000e+00
3.062231242656707764e-01
2.264661192893981934e-01
3.750208020210266113e-02
1.910717368125915527e+00
1.107996940612792969e+00
4.007450044155120850e-01
2.176900058984756470e-01
4.755345880985260010e-01
7.775219678878784180e-01
2.207710742950439453e-01
1.516693234443664551e-01
1.790129244327545166e-01
1.452994532883167267e-03
0.000000000000000000e+00
1.107149478048086166e-02
6.447458267211914062e-01
0.000000000000000000e+00
1.376131176948547363e-01
3.508815765380859375e-01
3.610265254974365234e-01
4.958421289920806885e-01
3.314766287803649902e-02
1.298716757446527481e-02
2.295500366017222404e-03
1.163504645228385925e-01
1.900113373994827271e-01
1.814472913742065430e+00
3.464481234550476074e-02
6.717863027006387711e-03
1.336083747446537018e-02
4.866830259561538696e-02
2.046555876731872559e-01
1.542853843420743942e-02
1.297594904899597168e-01
5.027830004692077637e-01
7.665969729423522949e-01
7.608104348182678223e-01
3.126071691513061523e-01
5.814411640167236328e-01
1.169335395097732544e-01
3.049913793802261353e-02
6.576617360115051270e-01
2.021033763885498047e-01
1.070252060890197754e-01
1.977406859397888184e+00
1.226189613342285156e+00
4.720953479409217834e-02
1.085481643676757812e+00
3.040477931499481201e-01
4.381585717201232910e-01
5.768606066703796387e-01
7.484221830964088440e-03
9.375950694084167480e-01
1.330580264329910278e-01
4.151327311992645264e-01
8.243199586868286133e-01
5.975998640060424805e-01
7.712485641241073608e-02
7.797498106956481934e-01
5.697077512741088867e-01
3.277862966060638428e-01
0.000000000000000000e+00
8.197895884513854980e-01
7.098452653735876083e-03
2.695402503013610840e-01
4.324050992727279663e-02
1.575340926647186279e-01
7.013266682624816895e-01
0.000000000000000000e+00
1.790080033242702484e-02
1.338752388954162598e+00
4.080416262149810791e-01
2.731291353702545166e-01
4.288453981280326843e-02
1.129467114806175232e-01
9.119412899017333984e-01
4.650197457522153854e-03
2.195060439407825470e-02
1.971038579940795898e-01
4.634917974472045898e-01
7.881398797035217285e-01
2.898528277873992920e-01
2.140135914087295532e-01
2.005106061697006226e-01
3.086099624633789062e+00
0.000000000000000000e+00
2.609410881996154785e-01
2.595710456371307373e-01
9.892486780881881714e-02
4.543530344963073730e-01
3.227739781141281128e-02
4.122526347637176514e-01
4.577344655990600586e-02
1.835705637931823730e-01
5.095374584197998047e-01
4.209168553352355957e-01
5.522250533103942871e-01
6.079170107841491699e-01
8.131083250045776367e-01
1.996203064918518066e+00
2.736461348831653595e-03
3.564879000186920166e-01
1.941407322883605957e-01
1.888273954391479492e-01
3.218744695186614990e-01
9.648476243019104004e-01
8.426439166069030762e-01
7.516587972640991211e-01
1.442416310310363770e-01
2.572466135025024414e-01
3.053946197032928467e-01
0.000000000000000000e+00
4.662117063999176025e-01
2.045378923416137695e+00
3.199774265289306641e+00
4.695309102535247803e-01
1.021089076995849609e+00
2.658078670501708984e-01
7.802428305149078369e-02
2.491272091865539551e-01
1.651481509208679199e+00
7.586327195167541504e-01
0.000000000000000000e+00
1.137375831604003906e-01
3.482426106929779053e-01
8.074923157691955566e-01
2.473451048135757446e-01
5.450694356113672256e-03
0.000000000000000000e+00
2.017145156860351562e-01
2.454646974802017212e-01
8.546639233827590942e-02
0.000000000000000000e+00
3.527823388576507568e-01
1.430566906929016113e+00
3.978196680545806885e-01
1.189972553402185440e-02
8.454678654670715332e-01
1.040071472525596619e-01
2.297409027814865112e-01
1.005303338170051575e-01
4.130028188228607178e-01
4.268823191523551941e-02
6.588114798069000244e-02
1.428287476301193237e-01
2.606401685625314713e-04
1.439364850521087646e-01
3.482874631881713867e-01
3.806693553924560547e-01
6.198678538203239441e-02
1.417989253997802734e+00
9.528028964996337891e-02
5.164699256420135498e-02
1.675781048834323883e-02
3.186245448887348175e-03
3.178208470344543457e-01
1.868577301502227783e-01
8.107582330703735352e-01
2.358456104993820190e-01
0.000000000000000000e+00
2.755463123321533203e-01
1.960111379623413086e+00
2.982281707227230072e-02
1.968982517719268799e-01
6.584205031394958496e-01
1.611935973167419434e+00
3.553515076637268066e-01
4.464064911007881165e-02
1.870511174201965332e-01
8.366884291172027588e-02
7.800264358520507812e-01
5.880417227745056152e-01
7.371025532484054565e-02
0.000000000000000000e+00
2.448132932186126709e-01
3.795510232448577881e-01
1.343104392290115356e-01
9.949157238006591797e-01
6.574320048093795776e-02
4.275292903184890747e-02
6.790085434913635254e-01
1.474276185035705566e+00
4.648990929126739502e-01
1.365686178207397461e+00
0.000000000000000000e+00
4.984701797366142273e-02
3.712767839431762695e+00
7.406329512596130371e-01
4.762269258499145508e-01
1.631082892417907715e-01
2.567834453657269478e-03
4.056536406278610229e-02
5.722042173147201538e-02
2.033241838216781616e-01
1.114883124828338623e-01
2.559761404991149902e-01
1.009794138371944427e-02
1.345152616500854492e+00
1.018981099128723145e+00
0.000000000000000000e+00
0.000000000000000000e+00
1.044216565787792206e-02
4.419726133346557617e-02
2.584547363221645355e-02
2.269224449992179871e-02
7.080591917037963867e-01
1.127397790551185608e-01
5.054287146776914597e-03
6.515029817819595337e-02
0.000000000000000000e+00
5.893945693969726562e-01
5.715249776840209961e-01
1.617179624736309052e-02
8.234708011150360107e-02
1.312608718872070312e+00
3.671810626983642578e+00
3.062226176261901855e-01
8.419800400733947754e-01
2.408819198608398438e+00
4.719484969973564148e-02
1.137268900871276855e+00
6.640561670064926147e-02
1.577151566743850708e-01
2.434789836406707764e-01
3.488793373107910156e-01
2.366072386503219604e-01
8.310844898223876953e-01
4.384293854236602783e-01
2.699070870876312256e-01
2.890041470527648926e-01
3.835184574127197266e-01
7.162734866142272949e-02
1.680813729763031006e-02
5.703791975975036621e-04
2.944779098033905029e-01
2.728644907474517822e-01
8.718073368072509766e-02
5.895830988883972168e-01
3.030092641711235046e-02
9.444818133488297462e-04
1.806763559579849243e-01
6.510702371597290039e-01
9.599687904119491577e-02
8.072226643562316895e-01
2.702770829200744629e-01
3.005604147911071777e-01
1.783431768417358398e-01
8.038671687245368958e-03
1.668680459260940552e-02
1.258417218923568726e-01
1.733063161373138428e-01
1.187330782413482666e-01
1.513096451759338379e+00
3.649692237377166748e-01
1.857296079397201538e-01
0.000000000000000000e+00
4.593259096145629883e-01
3.091661632061004639e-01
0.000000000000000000e+00
2.365929335355758667e-01
3.981804251670837402e-01
9.312147647142410278e-02
1.975796371698379517e-01
1.010958552360534668e-01
5.834519863128662109e-01
1.462350487709045410e+00
2.965985834598541260e-01
2.704786658287048340e-01
2.991499304771423340e-01
2.872029542922973633e-01
1.063290908932685852e-01
3.138635754585266113e-01
3.567042876966297626e-04
2.215092658996582031e+00
3.503607958555221558e-02
1.719050109386444092e-01
2.024222016334533691e-01
1.765796095132827759e-01
1.492193639278411865e-01
2.344027757644653320e-01
2.059586048126220703e-01
5.341377854347229004e-01
5.224898830056190491e-02
3.194178044795989990e-01
6.994445323944091797e-01
1.250690221786499023e-01
5.495106577873229980e-01
7.616326212882995605e-01
1.043352708220481873e-01
0.000000000000000000e+00
1.387911587953567505e-01
2.947274222970008850e-02
1.690506458282470703e+00
1.439777482300996780e-02
2.631236612796783447e-01
4.375481233000755310e-02
1.814650297164916992e-01
1.083583235740661621e+00
1.554166525602340698e-01
0.000000000000000000e+00
1.706724166870117188e-01
5.856503844261169434e-01
3.672501444816589355e-02
0.000000000000000000e+00
6.447582840919494629e-01
8.165152668952941895e-01
5.628172159194946289e-01
4.908070713281631470e-02
6.804794818162918091e-02
4.140350818634033203e-01
3.150350227952003479e-02
1.228684186935424805e-01
9.112262167036533356e-03
1.123599290847778320e+00
9.532963484525680542e-02
7.137586474418640137e-01
1.000528037548065186e-01
4.487590491771697998e-01
1.238953828811645508e+00
1.175788998603820801e+00
5.059916060417890549e-03
1.298054903745651245e-01
0.000000000000000000e+00
0.000000000000000000e+00
1.636975705623626709e-01
4.225932061672210693e-01
1.110159873962402344e+00
4.291306436061859131e-01
2.998862788081169128e-02
2.041700780391693115e-01
1.356796473264694214e-01
3.338642418384552002e-01
3.336174190044403076e-01
3.236658871173858643e-01
1.430664118379354477e-02
7.507798820734024048e-02
8.399887084960937500e-01
2.396848648786544800e-01
3.460008651018142700e-02
1.324474960565567017e-01
1.006178855895996094e-01
3.840650916099548340e-01
2.570729143917560577e-02
1.249236583709716797e+00
4.216600656509399414e-01
9.514819830656051636e-03
5.834577083587646484e-01
0.000000000000000000e+00
6.803019046783447266e-01
7.596947550773620605e-01
0.000000000000000000e+00
5.301833152770996094e-03
2.242590785026550293e-01
3.941720724105834961e-01
1.073161140084266663e-01
7.643004506826400757e-02
1.963352697202935815e-04
5.512192845344543457e-02
3.996160924434661865e-01
1.270588874816894531e+00
1.999064683914184570e+00
2.535610496997833252e-01
8.315333127975463867e-01
6.934846937656402588e-02
2.929060757160186768e-01
2.426203489303588867e-01
0.000000000000000000e+00
9.617618471384048462e-02
2.081814289093017578e+00
0.000000000000000000e+00
1.126118674874305725e-01
1.871924102306365967e-01
4.050577059388160706e-02
2.501089811325073242e+00
1.651693484745919704e-03
1.129057288169860840e+00
2.668185345828533173e-02
1.283951401710510254e-01
3.025268316268920898e-01
8.110912889242172241e-02
5.037729144096374512e-01
8.869756460189819336e-01
0.000000000000000000e+00
1.592804193496704102e-01
6.485800445079803467e-02
3.209857642650604248e-01
4.297177791595458984e-01
4.565686285495758057e-01
6.735966801643371582e-01
2.105886638164520264e-01
9.144452959299087524e-02
4.399829357862472534e-02
3.503571450710296631e-01
2.110637426376342773e-01
0.000000000000000000e+00
3.537492454051971436e-01
2.417171299457550049e-01
2.052390813827514648e+00
2.664449214935302734e+00
2.757884860038757324e-01
2.142440825700759888e-01
4.104966819286346436e-01
1.197619512677192688e-01
5.065809935331344604e-02
2.338742613792419434e-01
1.002187803387641907e-01
4.584593474864959717e-01
1.102664113044738770e+00
4.822091199457645416e-03
1.926139593124389648e-01
1.436576366424560547e+00
0.000000000000000000e+00
1.402317643165588379e+00
5.243210792541503906e-01
2.294202893972396851e-01
7.785537838935852051e-01
9.523700177669525146e-02
2.251914739608764648e-01
7.764366865158081055e-01
1.947556138038635254e+00
2.675645351409912109e-01
1.205313682556152344e+00
2.419642545282840729e-02
7.693928480148315430e-01
6.631979346275329590e-02
6.936567835509777069e-03
4.419023096561431885e-01
1.127428293228149414e+00
1.448391377925872803e-01
1.143094673752784729e-01
6.036157160997390747e-02
1.030567139387130737e-01
0.000000000000000000e+00
1.173084136098623276e-02
2.243598252534866333e-01
3.524387478828430176e-01
9.502297043800354004e-01
5.765683650970458984e-01
6.403200626373291016e-01
1.287308335304260254e+00
2.106358297169208527e-02
7.809277176856994629e-01
1.240692846477031708e-02
0.000000000000000000e+00
6.879280805587768555e-01
1.990342140197753906e+00
6.926544476300477982e-03
2.993384003639221191e-01
1.477613449096679688e-01
3.205440472811460495e-03
0.000000000000000000e+00
1.461531817913055420e-01
0.000000000000000000e+00
1.068253591656684875e-01
0.000000000000000000e+00
1.049082398414611816e+00
2.958280563354492188e+00
1.868687942624092102e-02
2.889231778681278229e-02
1.520346663892269135e-02
6.962360739707946777e-01
1.869855821132659912e-02
2.136183500289916992e+00
7.570242881774902344e-01
1.092146150767803192e-02
2.726744115352630615e-01
5.667566657066345215e-01
7.030131667852401733e-02
6.340209841728210449e-01
6.101393699645996094e-01
1.310239553451538086e+00
4.940995872020721436e-01
3.639005497097969055e-02
4.522972404956817627e-01
1.979153305292129517e-01
2.463211864233016968e-01
1.958742380142211914e+00
5.321626365184783936e-02
3.182069957256317139e-01
2.564613148570060730e-02
2.114761918783187866e-01
6.909897923469543457e-02
8.445112407207489014e-02
6.514045596122741699e-01
0.000000000000000000e+00
1.182901263236999512e-01
1.167460799217224121e+00
5.284039974212646484e-01
6.599135398864746094e-01
6.389325261116027832e-01
1.312056303024291992e+00
0.000000000000000000e+00
2.772946953773498535e-01
2.402563691139221191e-01
4.311422258615493774e-02
6.761194020509719849e-02
2.924547716975212097e-02
2.717688307166099548e-02
1.490768551826477051e+00
6.510540843009948730e-01
1.678743362426757812e-01
0.000000000000000000e+00
6.873412728309631348e-01
9.058754146099090576e-02
4.571895673871040344e-02
5.337174609303474426e-02
1.416800171136856079e-02
1.402790427207946777e+00
1.319716721773147583e-01
1.163882836699485779e-01
1.780327916145324707e+00
6.760101318359375000e-01
3.324522018432617188e+00
2.142864465713500977e-01
2.980638854205608368e-02
1.592301279306411743e-01
6.145333647727966309e-01
5.230145454406738281e-01
6.747462749481201172e-01
2.637161016464233398e-01
9.295110404491424561e-02
6.419765949249267578e-02
2.941035926342010498e-01
9.802609682083129883e-02
2.521411418914794922e+00
1.705858230590820312e+00
1.775713711977005005e-01
4.234782606363296509e-02
7.293457388877868652e-01
4.864965081214904785e-01
1.499970257282257080e-01
4.954614341259002686e-01
2.984758019447326660e-01
8.553852081298828125e+00
2.917380928993225098e-01
8.606910109519958496e-01
9.144083410501480103e-02
7.918835282325744629e-01
2.547060549259185791e-01
3.375819325447082520e-01
6.130603700876235962e-02
2.257076740264892578e+00
7.073897123336791992e-02
0.000000000000000000e+00
3.637666702270507812e+00
3.240350484848022461e-01
1.039495766162872314e-01
9.062299877405166626e-02
8.193500339984893799e-02
1.396610289812088013e-01
1.647888541221618652e+00
4.748746380209922791e-02
1.314565539360046387e+00
0.000000000000000000e+00
5.837707966566085815e-02
1.081777572631835938e+00
3.376427590847015381e-01
9.138889145106077194e-04
2.330355793237686157e-01
2.183681488037109375e+00
3.768499791622161865e-01
3.955690562725067139e-01
7.288538850843906403e-03
1.637702882289886475e-01
1.505762618035078049e-02
3.465180750936269760e-03
1.385077238082885742e-01
9.865266084671020508e-02
4.024173915386199951e-01
9.784721136093139648e-01
1.172028183937072754e+00
3.233838081359863281e-01
2.901074290275573730e-01
3.262130320072174072e-01
2.570653915405273438e+00
8.648386225104331970e-03
1.049542147666215897e-02
4.995800852775573730e-01
0.000000000000000000e+00
4.915358126163482666e-02
1.484683156013488770e-01
4.091464579105377197e-01
6.061902046203613281e-01
3.706227615475654602e-02
1.212449669837951660e-01
7.803054898977279663e-02
3.536581993103027344e-01
5.432869791984558105e-01
1.980377435684204102e-01
2.978657186031341553e-01
7.593403458595275879e-01
1.902220547199249268e-01
8.029312640428543091e-02
7.145294547080993652e-02
5.904296040534973145e-02
4.076299071311950684e-01
1.301190614700317383e+00
4.281770810484886169e-02
1.188469305634498596e-01
5.775301456451416016e-01
1.516494005918502808e-01
5.126520246267318726e-02
5.507899522781372070e-01
4.885265827178955078e-01
1.634576022624969482e-01
9.400227069854736328e-01
9.156481623649597168e-01
4.241228401660919189e-01
1.494589567184448242e+00
0.000000000000000000e+00
2.598272869363427162e-03
2.399295806884765625e+00
9.297734498977661133e-02
5.959248170256614685e-02
2.518430054187774658e-01
7.417184114456176758e-02
1.079727172851562500e+00
0.000000000000000000e+00
6.394904255867004395e-01
3.731941059231758118e-02
1.363196820020675659e-01
1.569592393934726715e-02
2.214790135622024536e-01
1.331621035933494568e-02
3.399835824966430664e-01
8.490375243127346039e-03
1.956464350223541260e-01
1.848444193601608276e-01
2.438734024763107300e-01
2.714048139750957489e-03
2.213796675205230713e-01
2.421031147241592407e-02
1.020983904600143433e-01
8.890290744602680206e-03
0.000000000000000000e+00
8.877004683017730713e-02
1.290252208709716797e-01
7.319608330726623535e-01
1.437286257743835449e+00
8.381006866693496704e-02
2.669386148452758789e+00
5.152429342269897461e-01
6.174014881253242493e-02
0.000000000000000000e+00
0.000000000000000000e+00
4.105883538722991943e-01
1.586212590336799622e-02
3.464662283658981323e-02
1.263954937458038330e-01
4.339925944805145264e-02
9.285923093557357788e-02
1.041616797447204590e+00
0.000000000000000000e+00
1.572515070438385010e-01
1.575720608234405518e-01
9.072201699018478394e-02
1.990795880556106567e-02
0.000000000000000000e+00
1.334369897842407227e+00
4.059155583381652832e-01
1.144574165344238281e+00
5.492108315229415894e-02
2.172701656818389893e-01
5.199875831604003906e-01
1.735630482435226440e-01
2.683947682380676270e-01
3.091466903686523438e+00
3.922404944896697998e-01
1.023637056350708008e+00
4.300769567489624023e-01
7.285562157630920410e-02
2.189133316278457642e-01
1.430228114128112793e+00
2.854946553707122803e-01
1.439986109733581543e+00
1.088955327868461609e-01
1.558825969696044922e-01
1.229166507720947266e+00
2.462310045957565308e-01
7.071635685861110687e-03
5.212244987487792969e-01
9.162957221269607544e-02
1.722049266099929810e-01
1.988552324473857880e-02
1.396399140357971191e-01
5.019713565707206726e-02
3.024188615381717682e-02
3.187514841556549072e-02
5.252363085746765137e-01
7.705779075622558594e-01
3.812103271484375000e-01
8.959265053272247314e-02
1.300945971161127090e-02
8.693876117467880249e-02
4.595648497343063354e-02
6.964533329010009766e-01
2.557214498519897461e+00
0.000000000000000000e+00
3.205986926332116127e-03
1.937718689441680908e-01
0.000000000000000000e+00
9.012514352798461914e-01
2.186448313295841217e-02
6.252540647983551025e-02
2.211597748100757599e-02
2.314400523900985718e-01
4.021547138690948486e-01
1.373572796583175659e-01
0.000000000000000000e+00
6.023958921432495117e-01
1.870724439620971680e+00
1.239444375038146973e+00
5.488472431898117065e-02
3.640081360936164856e-02
4.797308892011642456e-02
1.579087257385253906e+00
7.774738967418670654e-02
5.762034654617309570e-01
9.421471506357192993e-02
2.263824641704559326e-02
5.430018529295921326e-03
1.488659083843231201e-01
8.146408945322036743e-03
8.900649845600128174e-02
2.893405556678771973e-01
5.320372059941291809e-02
1.711196154356002808e-01
3.832484409213066101e-02
1.800012737512588501e-01
0.000000000000000000e+00
1.055511385202407837e-01
1.094537675380706787e-01
7.791137695312500000e-01
3.330781161785125732e-01
1.342350363731384277e+00
3.900741413235664368e-02
0.000000000000000000e+00
9.738770313560962677e-03
1.943574845790863037e-01
6.893188506364822388e-02
2.796030603349208832e-02
2.200310975313186646e-01
2.245564609766006470e-01
6.862477064132690430e-01
0.000000000000000000e+00
3.567748889327049255e-02
4.788848385214805603e-02
5.169529840350151062e-02
7.344537228345870972e-02
6.474929302930831909e-02
1.468890905380249023e-01
9.962259232997894287e-02
0.000000000000000000e+00
1.378183811902999878e-01
9.459832683205604553e-03
2.653970122337341309e-01
4.855709969997406006e-01
1.241298690438270569e-01
6.035231053829193115e-02
0.000000000000000000e+00
3.703146278858184814e-01
1.547175765037536621e+00
2.102599620819091797e+00
9.221645444631576538e-02
7.602599263191223145e-01
2.929880619049072266e-01
4.026654362678527832e-02
3.611618652939796448e-02
1.013077259063720703e+00
6.701774150133132935e-02
3.485283851623535156e-01
8.647251725196838379e-01
2.796014770865440369e-03
2.704985141754150391e-01
0.000000000000000000e+00
6.958228945732116699e-01
3.433322906494140625e-02
2.980731010437011719e+00
1.168237067759037018e-02
1.187481045722961426e+00
5.100218057632446289e-01
2.645148523151874542e-02
1.520818471908569336e-01
1.920054554939270020e-01
0.000000000000000000e+00
1.532272100448608398e-01
0.000000000000000000e+00
2.831765711307525635e-01
2.560505568981170654e-01
7.734284400939941406e-01
4.765768945217132568e-01
5.086871623992919922e+00
0.000000000000000000e+00
2.186908759176731110e-02
3.165627419948577881e-01
2.727574110031127930e-01
1.148223519325256348e+00
7.277064323425292969e-01
1.140183210372924805e-01
1.292928159236907959e-01
3.708149194717407227e-01
2.858895361423492432e-01
1.118946075439453125e+00
2.995578944683074951e-01
1.466297745704650879e+00
1.939710080623626709e-01
3.338400125503540039e-01
1.059258473105728626e-03
1.932826280593872070e+00
5.965973436832427979e-02
1.310196995735168457e+00
3.791988790035247803e-01
7.881298661231994629e-01
4.658182337880134583e-02
0.000000000000000000e+00
7.029507756233215332e-01
7.499567866325378418e-01
1.802336275577545166e-01
4.402509331703186035e-01
2.000828236341476440e-01
0.000000000000000000e+00
2.316418476402759552e-02
1.941933870315551758e+00
0.000000000000000000e+00
4.867473244667053223e-01
6.902801990509033203e-02
7.751790690235793591e-04
8.328399062156677246e-01
2.445929348468780518e-01
5.213353037834167480e-01
1.193332076072692871e+00
3.601201474666595459e-01
7.099927663803100586e-01
3.748598694801330566e-01
8.073700964450836182e-02
8.461355209350585938e+00
3.069732785224914551e-01
1.094462051987648010e-01
1.958565413951873779e-02
1.511889696121215820e-01
6.912524998188018799e-02
2.250612378120422363e-01
6.613769382238388062e-02
5.092589855194091797e-01
3.264470696449279785e-01
4.359836280345916748e-01
4.981293976306915283e-01
4.352269768714904785e-01
5.608424544334411621e-01
5.674277782440185547e+00
2.932493388652801514e-01
1.046127676963806152e+00
4.429972767829895020e-01
8.748033642768859863e-01
