6.215343996882438660e-02
1.040034294128417969e-01
1.244228929281234741e-01
2.663291692733764648e+00
2.953656017780303955e-01
5.931268259882926941e-02
2.156472653150558472e-01
0.000000000000000000e+00
2.203276395797729492e+00
2.930792331695556641e+00
1.944751292467117310e-01
1.738541722297668457e-01
6.678950786590576172e-02
1.117311954498291016e+00
7.822424173355102539e-01
4.997309207916259766e+00
0.000000000000000000e+00
1.175122782588005066e-01
1.018356978893280029e-01
6.889847517013549805e-01
3.146035596728324890e-02
0.000000000000000000e+00
5.620783660560846329e-03
5.693667531013488770e-01
2.330496907234191895e-02
1.504631161689758301e+00
1.322399675846099854e-01
2.733018435537815094e-02
2.845522761344909668e-02
0.000000000000000000e+00
7.030354738235473633e-01
2.783656120300292969e-01
5.666265636682510376e-02
1.243405863642692566e-01
1.894063800573348999e-01
1.586585402488708496e+00
9.969620965421199799e-03
0.000000000000000000e+00
4.607031047344207764e-01
9.155445694923400879e-01
5.541983246803283691e-01
3.992444574832916260e-01
5.064396932721138000e-02
0.000000000000000000e+00
2.335358381271362305e+00
1.096069216728210449e+00
3.270373344421386719e+00
7.319799661636352539e-01
2.213729172945022583e-01
1.425942331552505493e-01
1.900071740150451660e+00
3.213153779506683350e-01
2.935832738876342773e+00
4.338909089565277100e-01
1.451274991035461426e+00
0.000000000000000000e+00
1.780880838632583618e-01
5.438739061355590820e-01
1.515264362096786499e-01
5.803219676017761230e-01
4.804559946060180664e-01
1.518205285072326660e+00
4.019256234169006348e-01
9.632946550846099854e-02
7.710997015237808228e-02
4.259763360023498535e-01
4.572890996932983398e-01
5.464317277073860168e-02
4.701658710837364197e-02
5.937822461128234863e-01
0.000000000000000000e+00
6.692772507667541504e-01
4.139145910739898682e-01
0.000000000000000000e+00
7.511636614799499512e-01
0.000000000000000000e+00
1.904343724250793457e+00
4.358666539192199707e-01
0.000000000000000000e+00
8.693886399269104004e-01
2.372863531112670898e+00
3.083464503288269043e-01
2.852991104125976562e+00
0.000000000000000000e+00
2.361377716064453125e+00
3.129159927368164062e+00
6.750171631574630737e-02
2.824419438838958740e-01
2.357713937759399414e+00
2.263867557048797607e-01
1.540650129318237305e-01
8.472697138786315918e-01
1.109255999326705933e-01
8.182737976312637329e-02
4.146152436733245850e-01
1.093637496232986450e-01
6.109748501330614090e-03
2.516112327575683594e-01
6.826989054679870605e-01
0.000000000000000000e+00
1.396143078804016113e+00
0.000000000000000000e+00
1.827377796173095703e+00
9.689576148986816406e+00
1.342981934547424316e+00
2.600008845329284668e-01
2.284402251243591309e-01
7.292056083679199219e-02
4.040809273719787598e-01
2.250461652874946594e-02
5.938248634338378906e-01
9.842138737440109253e-02
1.009980440139770508e-01
3.619663417339324951e-01
4.465154185891151428e-02
8.643209002912044525e-03
7.623409479856491089e-02
7.833287864923477173e-02
0.000000000000000000e+00
1.505890250205993652e+00
6.909617781639099121e-01
1.747319549322128296e-01
3.543761000037193298e-02
5.509039163589477539e-01
2.428231984376907349e-01
5.674432590603828430e-02
2.742078304290771484e+00
1.927178539335727692e-02
0.000000000000000000e+00
1.371359336189925671e-03
1.456798017024993896e-01
3.221458792686462402e-01
2.023019075393676758e+00
1.731814384460449219e+00
0.000000000000000000e+00
4.849428534507751465e-01
1.518063902854919434e+00
3.378547355532646179e-02
2.503885030746459961e-01
1.056352376937866211e+00
9.310436248779296875e-02
7.968637347221374512e-02
2.192913740873336792e-01
0.000000000000000000e+00
1.569374799728393555e-01
1.078542508184909821e-02
6.699155569076538086e-01
0.000000000000000000e+00
6.252040266990661621e-01
3.400777339935302734e+00
3.190061151981353760e-01
9.280925244092941284e-02
0.000000000000000000e+00
3.496755361557006836e-01
6.497618198394775391e+00
2.911411523818969727e-01
1.003540754318237305e-01
2.465207688510417938e-02
1.249992474913597107e-01
1.872014850378036499e-01
1.159712791442871094e+00
1.070022106170654297e+01
4.694092273712158203e-01
2.708719670772552490e-01
0.000000000000000000e+00
2.427452325820922852e+00
2.978353202342987061e-01
3.150147676467895508e+00
0.000000000000000000e+00
1.201628684997558594e+00
6.720749735832214355e-01
1.296845316886901855e+00
3.170993551611900330e-02
3.998360037803649902e-01
8.514022827148437500e-02
2.996400833129882812e+00
7.144417166709899902e-01
9.314582943916320801e-01
0.000000000000000000e+00
3.320156931877136230e-01
7.552390545606613159e-02
2.489465624094009399e-01
3.812083959579467773e+00
0.000000000000000000e+00
2.722219705581665039e+00
0.000000000000000000e+00
3.963215649127960205e-02
1.628131628036499023e+00
2.220841169357299805e+00
2.928427048027515411e-02
3.761930167675018311e-01
3.124625682830810547e+00
1.109348893165588379e+00
0.000000000000000000e+00
1.067104563117027283e-01
4.290898799896240234e+00
1.318482160568237305e-01
0.000000000000000000e+00
5.289034247398376465e-01
7.523894906044006348e-01
2.521174848079681396e-01
0.000000000000000000e+00
1.733534038066864014e-01
1.992641389369964600e-01
0.000000000000000000e+00
2.606511712074279785e-01
1.420875918120145798e-02
3.700431436300277710e-02
8.754752874374389648e-01
1.102366764098405838e-02
2.419855594635009766e+00
8.482435345649719238e-01
0.000000000000000000e+00
1.575101725757122040e-02
1.588075794279575348e-02
0.000000000000000000e+00
3.097271919250488281e-01
5.332660302519798279e-02
7.248408347368240356e-02
4.410321116447448730e-01
5.347608923912048340e-01
5.471857190132141113e-01
1.368705034255981445e-01
4.179452359676361084e-01
1.501401662826538086e-01
5.274708867073059082e-01
9.768821597099304199e-01
1.321550369262695312e+00
0.000000000000000000e+00
8.430384397506713867e-01
4.427367150783538818e-01
6.194214820861816406e-01
1.491419911384582520e+00
6.027177572250366211e-01
2.274793863296508789e+00
9.399672597646713257e-02
7.023265212774276733e-02
1.268518805503845215e+00
1.324731558561325073e-01
0.000000000000000000e+00
0.000000000000000000e+00
7.164521515369415283e-02
1.816760420799255371e+00
4.045594111084938049e-02
1.411104679107666016e+00
4.152101278305053711e-01
1.317143678665161133e+00
1.905216127634048462e-01
7.236394286155700684e-01
2.467432975769042969e+00
1.381858944892883301e+00
6.624717265367507935e-03
6.353656053543090820e-01
3.167599141597747803e-01
5.340342521667480469e-01
6.608294695615768433e-02
0.000000000000000000e+00
3.319269657135009766e+00
1.152093261480331421e-01
1.685786545276641846e-01
1.616307735443115234e+00
0.000000000000000000e+00
3.647357225418090820e-02
6.367848068475723267e-02
0.000000000000000000e+00
0.000000000000000000e+00
8.197488635778427124e-02
4.448568075895309448e-02
6.367358565330505371e-01
7.999487966299057007e-02
5.824105143547058105e-01
2.935163080692291260e-01
2.679855227470397949e-01
0.000000000000000000e+00
1.183952212333679199e+00
2.956212460994720459e-01
1.429506670683622360e-02
2.207038104534149170e-01
3.855116963386535645e-01
3.582808971405029297e-01
0.000000000000000000e+00
4.256613552570343018e-02
1.002827426418662071e-03
0.000000000000000000e+00
1.515751704573631287e-02
1.410033583641052246e+00
1.100836545228958130e-01
7.474424690008163452e-02
4.582757353782653809e-01
2.330822795629501343e-01
3.588395565748214722e-02
5.492182374000549316e-01
4.312596842646598816e-02
0.000000000000000000e+00
6.120287254452705383e-02
4.931307315826416016e+00
1.808089464902877808e-01
5.698279738426208496e-01
8.138474076986312866e-02
3.617908656597137451e-01
3.115139007568359375e-01
0.000000000000000000e+00
1.609775424003601074e+00
0.000000000000000000e+00
8.550960570573806763e-03
1.811533570289611816e-01
9.438282996416091919e-02
6.624473333358764648e-01
3.625345528125762939e-01
1.375210583209991455e-01
7.140606641769409180e-02
8.996270895004272461e-01
2.397746592760086060e-01
7.469161152839660645e-01
1.214123249053955078e+00
8.051244914531707764e-02
2.652391910552978516e+00
1.357674241065979004e+00
3.982473909854888916e-01
0.000000000000000000e+00
4.871731251478195190e-02
7.723752260208129883e-01
6.107808351516723633e-01
0.000000000000000000e+00
4.250934422016143799e-01
0.000000000000000000e+00
5.298122763633728027e-01
0.000000000000000000e+00
2.053639106452465057e-02
8.277297616004943848e-01
3.007295131683349609e-01
2.709100246429443359e-01
5.374288931488990784e-02
7.319142818450927734e-01
2.426132857799530029e-01
1.480907648801803589e-01
8.479483723640441895e-01
0.000000000000000000e+00
4.883989691734313965e-01
5.984304547309875488e-01
1.073892135173082352e-02
4.294732511043548584e-01
3.908210992813110352e-02
2.776044607162475586e+00
3.441224619746208191e-02
1.187628135085105896e-01
6.386741995811462402e-02
2.470798015594482422e+00
2.032329082489013672e+00
1.339879930019378662e-01
0.000000000000000000e+00
0.000000000000000000e+00
5.647765994071960449e-01
6.584285944700241089e-02
0.000000000000000000e+00
8.175089359283447266e-01
2.480611324310302734e+00
3.559450805187225342e-01
5.502632856369018555e-01
0.000000000000000000e+00
1.838721781969070435e-01
7.605105638504028320e-02
4.915258884429931641e-01
9.104630351066589355e-01
2.866044640541076660e-01
1.565485477447509766e+00
8.191346377134323120e-02
1.147295720875263214e-02
1.930812716484069824e+00
0.000000000000000000e+00
1.291197896003723145e+00
5.177955031394958496e-01
3.495230525732040405e-02
2.565576314926147461e+00
6.179358959197998047e-01
4.278922080993652344e-02
1.178375929594039917e-01
0.000000000000000000e+00
0.000000000000000000e+00
4.151113703846931458e-02
1.287238478660583496e+00
2.613604366779327393e-01
6.647345066070556641e+00
2.115212678909301758e+00
1.510490197688341141e-02
0.000000000000000000e+00
1.620557010173797607e-01
0.000000000000000000e+00
2.197304219007492065e-01
2.291087508201599121e-01
8.449909836053848267e-02
1.484212372452020645e-02
0.000000000000000000e+00
0.000000000000000000e+00
2.315106242895126343e-02
2.904788553714752197e-01
9.207598865032196045e-02
0.000000000000000000e+00
0.000000000000000000e+00
1.111721873283386230e+00
0.000000000000000000e+00
0.000000000000000000e+00
2.218699604272842407e-01
2.569675445556640625e-01
8.040822744369506836e-01
3.100304603576660156e-01
4.342313110828399658e-01
5.556232452392578125e+00
3.048058412969112396e-02
7.278221249580383301e-01
2.773653157055377960e-02
2.742507159709930420e-01
9.998363852500915527e-01
1.620972901582717896e-01
0.000000000000000000e+00
6.695067882537841797e-01
0.000000000000000000e+00
4.917661190032958984e+00
1.314446926116943359e-01
7.095226645469665527e-02
2.432669550180435181e-01
3.075916767120361328e-01
2.934748306870460510e-02
7.446044683456420898e-01
5.149181932210922241e-03
0.000000000000000000e+00
0.000000000000000000e+00
2.761870145797729492e+00
0.000000000000000000e+00
5.448623299598693848e-01
8.778886795043945312e-01
2.924677848815917969e+00
8.509721606969833374e-02
1.099354743957519531e+00
1.392900496721267700e-01
6.866139918565750122e-02
1.936779260635375977e+00
2.995818555355072021e-01
5.445401668548583984e+00
1.656435430049896240e-01
0.000000000000000000e+00
1.808339357376098633e-01
4.071736633777618408e-01
0.000000000000000000e+00
8.150429278612136841e-02
1.431823730468750000e+00
9.626795053482055664e-01
8.090914487838745117e-01
1.205938085913658142e-01
3.633647561073303223e-01
2.516721487045288086e-01
1.967952847480773926e+00
5.051977038383483887e-01
1.194340288639068604e-01
1.392332836985588074e-02
0.000000000000000000e+00
3.596766948699951172e+00
1.001589894294738770e+00
1.686258241534233093e-02
1.081391470506787300e-03
0.000000000000000000e+00
2.392730861902236938e-01
0.000000000000000000e+00
1.664572805166244507e-01
3.276943564414978027e-01
9.572168439626693726e-02
1.047541946172714233e-01
1.615851998329162598e+00
2.980061434209346771e-02
3.818623423576354980e-01
5.181575194001197815e-02
9.568243026733398438e-01
1.091056540608406067e-01
0.000000000000000000e+00
0.000000000000000000e+00
2.293052524328231812e-01
2.639675140380859375e-01
5.287738442420959473e-01
0.000000000000000000e+00
1.561850756406784058e-01
3.770141601562500000e-01
6.735201179981231689e-02
1.331190943717956543e+00
1.339719295501708984e-01
4.011226594448089600e-01
1.468605175614356995e-02
1.146028518676757812e+00
1.203902810811996460e-01
4.999359250068664551e-01
7.191244363784790039e-01
9.695473127067089081e-03
1.512345552444458008e+00
3.484890162944793701e-01
1.209769472479820251e-01
5.040525197982788086e-01
1.293222457170486450e-01
5.432467460632324219e-01
1.355772763490676880e-01
1.085515499114990234e+00
0.000000000000000000e+00
5.132346749305725098e-01
5.514927208423614502e-02
2.132262587547302246e-01
2.057467550039291382e-01
1.677242368459701538e-01
0.000000000000000000e+00
0.000000000000000000e+00
1.191269885748624802e-02
2.687080204486846924e-01
6.186540722846984863e-01
7.952064275741577148e-02
1.551857404410839081e-02
1.686374545097351074e-01
6.468905806541442871e-01
6.394751667976379395e-01
1.955143660306930542e-01
6.136217713356018066e-01
5.242170095443725586e-01
1.451914429664611816e+00
0.000000000000000000e+00
1.122295577079057693e-02
6.129114031791687012e-01
3.336887359619140625e-01
2.889828979969024658e-01
5.212669372558593750e-01
0.000000000000000000e+00
1.066623777151107788e-01
0.000000000000000000e+00
1.439581632614135742e+00
1.204626113176345825e-01
2.175374329090118408e-02
4.175770878791809082e-01
0.000000000000000000e+00
0.000000000000000000e+00
0.000000000000000000e+00
3.172726929187774658e-01
0.000000000000000000e+00
1.499677170068025589e-02
3.876613378524780273e-01
3.735564351081848145e-01
3.190738677978515625e+00
3.879688680171966553e-01
6.759028881788253784e-02
1.401067733764648438e+00
2.810227125883102417e-02
4.186995625495910645e-01
5.047668814659118652e-01
0.000000000000000000e+00
1.238848447799682617e+00
1.588066481053829193e-02
4.125413596630096436e-01
1.708572804927825928e-01
1.742246508598327637e+00
1.007271528244018555e+00
1.154243666678667068e-02
0.000000000000000000e+00
5.397905707359313965e-01
0.000000000000000000e+00
1.384898722171783447e-01
1.462378352880477905e-01
2.667587697505950928e-01
0.000000000000000000e+00
7.815984077751636505e-03
8.084834553301334381e-03
5.065122246742248535e-01
9.605422616004943848e-01
0.000000000000000000e+00
1.406074881553649902e+00
5.845298618078231812e-02
1.474924571812152863e-02
5.589890480041503906e-01
2.009710073471069336e-01
1.643396615982055664e-01
3.507141768932342529e-02
5.915638804435729980e-01
0.000000000000000000e+00
2.586263418197631836e-01
1.958263516426086426e-01
6.351149082183837891e-01
0.000000000000000000e+00
6.363955736160278320e-01
0.000000000000000000e+00
0.000000000000000000e+00
1.610686630010604858e-02
2.067064791917800903e-01
9.262958914041519165e-02
4.915411174297332764e-01
5.008666776120662689e-03
5.401651859283447266e-01
2.643463313579559326e-01
6.421672105789184570e-01
2.420844286680221558e-01
3.333438932895660400e-01
0.000000000000000000e+00
0.000000000000000000e+00
1.211881041526794434e+00
0.000000000000000000e+00
2.299375534057617188e+00
2.567417733371257782e-02
4.147133603692054749e-02
1.013401970267295837e-01
4.167637601494789124e-02
7.196737569756805897e-04
7.376257181167602539e-01
0.000000000000000000e+00
1.045288145542144775e-02
2.393567562103271484e-01
4.740123823285102844e-02
1.292771548032760620e-01
0.000000000000000000e+00
5.962322279810905457e-02
3.144150972366333008e+00
0.000000000000000000e+00
3.982539772987365723e-01
1.245849967002868652e+00
3.027518093585968018e-01
1.459554433822631836e-01
9.758607745170593262e-01
1.863322034478187561e-02
0.000000000000000000e+00
0.000000000000000000e+00
7.394905090332031250e-01
1.854313015937805176e-01
1.672444492578506470e-02
1.192810684442520142e-01
5.509724840521812439e-02
1.358841918408870697e-02
2.016284316778182983e-02
2.004925012588500977e-01
1.032677888870239258e-01
2.075515538454055786e-01
0.000000000000000000e+00
2.667190134525299072e-01
6.347504258155822754e-01
8.562523722648620605e-01
7.349977642297744751e-02
2.131195813417434692e-01
1.213689520955085754e-01
3.427650630474090576e-01
5.716576427221298218e-02
1.501021683216094971e-01
5.280420184135437012e-01
8.433765172958374023e-02
4.010562971234321594e-02
2.630534954369068146e-02
8.185042068362236023e-03
1.281221024692058563e-02
7.150805904529988766e-04
3.201202452182769775e-01
5.115585327148437500e-01
0.000000000000000000e+00
1.484432816505432129e+00
2.455482482910156250e+00
0.000000000000000000e+00
0.000000000000000000e+00
9.792460203170776367e-01
2.576619200408458710e-02
2.211476564407348633e+00
1.427644014358520508e+00
7.279943227767944336e-01
5.890988111495971680e-01
6.907654553651809692e-02
0.000000000000000000e+00
7.575877010822296143e-02
0.000000000000000000e+00
6.213451027870178223e-01
1.842126250267028809e-01
7.902806997299194336e-02
5.802924633026123047e-01
0.000000000000000000e+00
1.909348964691162109e-01
7.970960736274719238e-01
3.856032490730285645e-01
0.000000000000000000e+00
2.477175444364547729e-01
2.055340528488159180e+00
4.850435256958007812e-02
1.252631694078445435e-01
2.157630175352096558e-01
4.311069250106811523e-01
2.407548874616622925e-01
1.627230793237686157e-01
4.959074407815933228e-02
3.918254002928733826e-02
1.703720688819885254e+00
1.064164657145738602e-02
1.413075327873229980e+00
6.067668646574020386e-02
2.096919715404510498e-02
1.370449829846620560e-02
1.477419137954711914e+00
1.539877414703369141e+00
4.130493849515914917e-02
5.300076603889465332e-01
6.979454159736633301e-01
1.891955267637968063e-03
9.753083437681198120e-02
1.614656895399093628e-01
7.404681295156478882e-03
2.277085065841674805e+00
8.400856703519821167e-02
1.142560958862304688e+00
2.299199551343917847e-01
2.918021567165851593e-02
1.618516296148300171e-01
1.013041615486145020e+00
1.973687112331390381e-02
1.302444338798522949e-01
5.555814504623413086e-01
6.241896376013755798e-02
7.356913089752197266e-01
5.573387742042541504e-01
2.048645466566085815e-01
0.000000000000000000e+00
2.289146482944488525e-01
0.000000000000000000e+00
5.957534536719322205e-02
2.026569396257400513e-01
5.211377143859863281e-01
2.103735208511352539e-01
9.940789639949798584e-02
3.245345549657940865e-03
5.983850359916687012e-02
2.186422608792781830e-02
1.480696797370910645e+00
8.633503317832946777e-01
1.858207732439041138e-01
1.177835837006568909e-01
5.093487501144409180e-01
3.502835333347320557e-01
5.184295177459716797e-01
1.256208270788192749e-01
1.083453774452209473e+00
9.989013522863388062e-02
1.414647251367568970e-01
0.000000000000000000e+00
3.056334495544433594e+00
5.039037019014358521e-02
3.607790470123291016e-01
1.480479359626770020e+00
4.176913797855377197e-01
1.593269944190979004e+00
2.284524202346801758e+00
8.161082863807678223e-02
8.116841912269592285e-01
0.000000000000000000e+00
1.639255404472351074e+00
1.821347624063491821e-01
1.651280820369720459e-01
1.557730555534362793e+00
7.121060043573379517e-02
8.158006668090820312e-01
2.744469642639160156e-01
1.694873452186584473e+00
5.581722594797611237e-03
1.088041663169860840e+00
1.148792635649442673e-02
1.166805148124694824e+00
0.000000000000000000e+00
4.933021664619445801e-01
7.449933886528015137e-02
6.557802110910415649e-02
4.142023921012878418e-01
8.013399690389633179e-02
2.365954220294952393e-01
1.287385914474725723e-02
3.133539576083421707e-03
1.609910652041435242e-02
1.861557662487030029e-01
0.000000000000000000e+00
0.000000000000000000e+00
1.173552423715591431e-01
8.773901313543319702e-02
1.348046958446502686e-01
3.240649774670600891e-02
0.000000000000000000e+00
1.403227210044860840e+00
0.000000000000000000e+00
5.531850084662437439e-02
3.515736460685729980e-01
0.000000000000000000e+00
7.103949319571256638e-03
4.243085160851478577e-02
6.580938100814819336e-01
8.405736088752746582e-02
9.922724962234497070e-01
1.627312451601028442e-01
6.573791056871414185e-02
0.000000000000000000e+00
1.691278368234634399e-01
1.222263947129249573e-01
0.000000000000000000e+00
6.732685025781393051e-03
1.128831386566162109e+00
1.398381143808364868e-01
1.450425386428833008e-01
9.649423509836196899e-02
8.584096282720565796e-02
1.291256695985794067e-01
1.736284494400024414e+00
4.162314534187316895e-02
3.063795715570449829e-02
4.537914320826530457e-02
0.000000000000000000e+00
2.290515154600143433e-01
0.000000000000000000e+00
1.091837957501411438e-01
2.346406877040863037e-01
9.504292607307434082e-01
0.000000000000000000e+00
7.069821469485759735e-03
0.000000000000000000e+00
1.785002797842025757e-01
7.421955931931734085e-03
2.783262431621551514e-01
2.537441015243530273e+00
1.358333975076675415e-02
7.880829572677612305e-01
0.000000000000000000e+00
2.691371440887451172e-01
2.784536600112915039e+00
8.662061691284179688e-01
0.000000000000000000e+00
0.000000000000000000e+00
2.181004434823989868e-01
1.355549454689025879e+00
1.263099014759063721e-01
4.435514211654663086e-01
6.317057181149721146e-03
0.000000000000000000e+00
0.000000000000000000e+00
1.026222389191389084e-02
0.000000000000000000e+00
0.000000000000000000e+00
4.503086090087890625e+00
1.577029377222061157e-01
7.218612432479858398e-01
2.568807899951934814e-01
5.046752095222473145e-02
2.806980013847351074e-01
2.424840815365314484e-02
7.178527768701314926e-03
1.537474058568477631e-02
2.002805620431900024e-01
5.331960320472717285e-01
0.000000000000000000e+00
1.331773996353149414e-01
3.923692181706428528e-02
2.248464338481426239e-02
2.525238990783691406e-01
3.070692420005798340e-01
2.659293115139007568e-01
3.282853841781616211e+00
3.407059982419013977e-02
1.622946500778198242e+00
0.000000000000000000e+00
7.968872785568237305e-02
3.545207530260086060e-02
1.110756754875183105e+00
8.638520240783691406e-01
2.698973193764686584e-02
9.823396801948547363e-01
2.672975696623325348e-02
3.728662252426147461e+00
3.237714767456054688e+00
2.709448337554931641e+00
1.893861889839172363e-01
4.528723359107971191e-01
2.726992130279541016e+00
7.255127187818288803e-03
4.008961915969848633e-01
1.375848948955535889e-01
5.612917244434356689e-02
8.525545597076416016e-01
0.000000000000000000e+00
1.189033538103103638e-01
2.484751939773559570e-01
5.954763293266296387e-01
1.939900591969490051e-02
8.977391570806503296e-02
2.212799787521362305e+00
7.367631435394287109e+00
2.829043865203857422e-01
0.000000000000000000e+00
3.402566015720367432e-01
1.525120973587036133e+00
3.530696630477905273e-01
3.071718513965606689e-01
1.590865254402160645e-01
3.961997270584106445e+00
1.700864583253860474e-01
0.000000000000000000e+00
2.737437188625335693e-01
0.000000000000000000e+00
4.807061702013015747e-02
4.186656773090362549e-01
8.798051625490188599e-02
4.255114588886499405e-03
1.435297876596450806e-01
8.778966069221496582e-01
1.473115291446447372e-02
1.662749767303466797e+00
9.346190690994262695e-01
2.503740549087524414e+00
6.567144393920898438e-01
1.420144587755203247e-01
5.375414490699768066e-01
6.880428791046142578e-01
1.282216608524322510e-01
8.644276112318038940e-02
0.000000000000000000e+00
3.731271326541900635e-01
8.892133235931396484e-01
9.145648777484893799e-02
0.000000000000000000e+00
2.078503184020519257e-02
2.522847175598144531e+00
7.386790513992309570e-01
1.702797114849090576e-01
1.383131593465805054e-01
9.540445804595947266e-01
1.107414215803146362e-01
5.570602416992187500e-01
0.000000000000000000e+00
1.084962606430053711e+00
1.260831356048583984e-01
3.256070017814636230e-01
4.257220327854156494e-01
1.445207238197326660e+00
6.272190809249877930e-01
1.160736829042434692e-01
2.023842930793762207e-02
4.218975454568862915e-02
2.964620888233184814e-01
9.783042669296264648e-01
2.327074050903320312e+00
7.661668956279754639e-02
0.000000000000000000e+00
0.000000000000000000e+00
0.000000000000000000e+00
1.230419725179672241e-01
5.634722113609313965e-01
1.943161010742187500e+00
9.904452413320541382e-02
0.000000000000000000e+00
0.000000000000000000e+00
0.000000000000000000e+00
7.183618545532226562e-01
7.263171486556529999e-03
2.000822275876998901e-01
7.772021889686584473e-01
2.254359982907772064e-02
3.718153536319732666e-01
9.448778033256530762e-01
0.000000000000000000e+00
4.925680458545684814e-01
0.000000000000000000e+00
3.231399059295654297e-01
2.117968164384365082e-02
9.852322340011596680e-01
2.637571990489959717e-01
6.519686579704284668e-01
1.009958744049072266e+00
2.284166775643825531e-02
3.673488199710845947e-01
0.000000000000000000e+00
1.558926582336425781e+00
8.260872960090637207e-02
1.916243553161621094e+00
0.000000000000000000e+00
3.002017140388488770e-01
1.167769506573677063e-01
4.805932566523551941e-02
0.000000000000000000e+00
1.227734327316284180e+00
6.932507455348968506e-02
4.357812702655792236e-01
2.234324455261230469e+00
3.492988273501396179e-02
4.616490006446838379e-02
4.715734720230102539e-02
0.000000000000000000e+00
7.385780215263366699e-01
3.242559731006622314e-02
6.653333455324172974e-02
0.000000000000000000e+00
1.043717384338378906e+00
3.781354427337646484e-01
1.398539692163467407e-01
2.056933939456939697e-02
2.792406678199768066e-01
4.593670740723609924e-02
3.083753883838653564e-01
7.741490378975868225e-03
1.600701928138732910e+00
4.866260290145874023e-01
2.580833733081817627e-01
1.152257435023784637e-02
3.767360448837280273e-01
1.128525361418724060e-01
2.540445923805236816e-01
4.613740146160125732e-01
2.580303668975830078e+00
8.494048118591308594e-01
6.117030605673789978e-02
0.000000000000000000e+00
9.120432734489440918e-01
2.670057713985443115e-01
1.060344278812408447e-02
1.209952607750892639e-01
1.246748492121696472e-01
1.089699268341064453e+00
2.174991555511951447e-02
3.322673961520195007e-02
8.319941759109497070e-01
2.814714610576629639e-01
0.000000000000000000e+00
1.740541219711303711e+00
6.234636157751083374e-02
1.422620862722396851e-01
1.030096769332885742e+00
1.227804183959960938e+00
1.559913277626037598e+00
1.589476317167282104e-01
4.160405695438385010e-01
6.738411188125610352e-01
4.269283637404441833e-02
0.000000000000000000e+00
0.000000000000000000e+00
1.825375109910964966e-01
1.406288266181945801e+00
1.035925388336181641e+00
1.452291905879974365e-01
8.310527205467224121e-01
9.603647589683532715e-01
5.690926313400268555e-01
1.454514712095260620e-01
7.210783660411834717e-02
1.048165678977966309e+00
3.517819344997406006e-01
1.124968171119689941e+00
3.191601932048797607e-01
0.000000000000000000e+00
1.324737668037414551e+00
2.517738938331604004e-02
2.816546559333801270e-01
1.345145255327224731e-01
2.742308676242828369e-01
1.426194429397583008e+00
6.801061630249023438e-01
1.421448737382888794e-01
5.318628996610641479e-02
1.233162544667720795e-02
0.000000000000000000e+00
1.795296221971511841e-01
4.725596308708190918e-01
3.153320550918579102e+00
1.424069553613662720e-01
0.000000000000000000e+00
7.598705887794494629e-01
2.023657321929931641e+00
2.909597754478454590e-01
3.911271225661039352e-03
5.632730573415756226e-02
0.000000000000000000e+00
1.355807036161422729e-01
2.443065643310546875e-01
0.000000000000000000e+00
0.000000000000000000e+00
1.248939707875251770e-02
2.630213089287281036e-02
5.365575551986694336e-01
1.286389678716659546e-01
2.383474826812744141e+00
1.344207376241683960e-01
2.371889203786849976e-01
2.250713109970092773e+00
2.112678065896034241e-02
1.290998935699462891e+00
5.509086608886718750e+00
0.000000000000000000e+00
2.869792878627777100e-01
1.926551163196563721e-01
1.525359749794006348e+00
0.000000000000000000e+00
0.000000000000000000e+00
0.000000000000000000e+00
1.153512764722108841e-02
1.233531951904296875e+00
2.274119853973388672e+00
8.887528628110885620e-02
4.123456776142120361e-01
1.537665963172912598e+00
3.544946908950805664e-01
4.878371953964233398e-01
3.070301413536071777e-01
7.487058639526367188e-02
4.700860679149627686e-01
1.321310997009277344e+00
1.794388294219970703e+00
6.853972375392913818e-02
0.000000000000000000e+00
1.698102205991744995e-01
2.392782866954803467e-01
7.627987265586853027e-01
1.349440693855285645e+00
8.490786552429199219e-01
3.121071457862854004e-01
4.515980184078216553e-01
7.188015580177307129e-01
1.736907213926315308e-01
4.986054450273513794e-02
0.000000000000000000e+00
4.397402226459234953e-04
8.138839602470397949e-01
2.532301247119903564e-01
1.479271888732910156e+00
1.569095402956008911e-01
7.823296189308166504e-01
7.364608049392700195e-01
1.780612580478191376e-02
4.005565121769905090e-02
5.558944121003150940e-02
2.255095914006233215e-02
9.229252815246582031e+00
4.700413942337036133e-01
6.111031770706176758e-02
7.428243011236190796e-02
0.000000000000000000e+00
1.947792917490005493e-01
1.500062085688114166e-02
8.220188319683074951e-02
2.166040614247322083e-02
1.153599843382835388e-01
2.230231761932373047e+00
0.000000000000000000e+00
1.376381754875183105e+00
4.665306210517883301e-01
9.455940872430801392e-02
1.480139017105102539e+00
0.000000000000000000e+00
2.654016017913818359e-01
5.555317997932434082e-01
2.297612652182579041e-02
0.000000000000000000e+00
2.766936063766479492e+00
3.303738832473754883e-01
1.530914306640625000e+00
7.846351265907287598e-01
1.571148037910461426e-01
1.367291808128356934e+00
2.014339566230773926e-01
0.000000000000000000e+00
2.610617689788341522e-02
5.860542654991149902e-01
0.000000000000000000e+00
1.884052157402038574e+00
1.398638188838958740e-01
0.000000000000000000e+00
2.069503664970397949e-01
1.513001918792724609e+00
3.068198859691619873e-01
0.000000000000000000e+00
8.568249642848968506e-03
7.115120291709899902e-01
4.179348349571228027e-01
5.504300817847251892e-03
0.000000000000000000e+00
4.566861391067504883e-01
1.700637191534042358e-01
8.618844747543334961e-01
0.000000000000000000e+00
1.705676794052124023e+00
2.026951462030410767e-01
4.605827480554580688e-02
1.071058273315429688e+00
4.072502613067626953e+00
1.984581053256988525e-01
2.518969476222991943e-01
6.243763118982315063e-02
1.232192367315292358e-01
1.514439940452575684e+00
4.728441834449768066e-01
0.000000000000000000e+00
3.264025747776031494e-01
2.247613817453384399e-01
9.784247875213623047e-01
3.740468323230743408e-01
4.809157252311706543e-01
5.149050712585449219e+00
5.479294061660766602e-01
0.000000000000000000e+00
2.991034835577011108e-02
1.670562624931335449e-01
3.465706110000610352e-01
6.250118464231491089e-02
4.036429151892662048e-02
1.007053405046463013e-01
3.138471841812133789e-01
1.759732961654663086e-01
3.073053667321801186e-03
3.542889058589935303e-01
2.050725936889648438e+00
1.126720197498798370e-02
0.000000000000000000e+00
1.336714148521423340e+00
3.757621347904205322e-02
1.748198270797729492e-01
2.808786369860172272e-02
2.681015253067016602e+00
1.969472914934158325e-01
2.974679172039031982e-01
0.000000000000000000e+00
4.390349611639976501e-02
1.162107467651367188e+00
6.411110609769821167e-02
1.632836014032363892e-01
5.141650512814521790e-02
1.529789924621582031e+00
5.186906084418296814e-02
2.011356830596923828e+00
8.909736871719360352e-01
2.571520805358886719e-01
8.564884960651397705e-02
5.544647946953773499e-02
8.778340369462966919e-02
3.074782192707061768e-01
3.564728423953056335e-02
9.063369631767272949e-01
1.444947719573974609e-01
0.000000000000000000e+00
4.331097379326820374e-02
1.062523946166038513e-01
5.198491215705871582e-01
9.040826559066772461e-01
0.000000000000000000e+00
4.231769591569900513e-02
6.740732192993164062e-01
2.654409222304821014e-02
5.716525316238403320e-01
1.897366881370544434e+00
7.788738608360290527e-01
0.000000000000000000e+00
8.229597210884094238e-01
6.612529158592224121e-01
2.095117606222629547e-02
2.084604740142822266e+00
1.031831204891204834e-01
1.070457324385643005e-02
4.664170145988464355e-01
2.093514204025268555e+00
1.341428905725479126e-01
1.586896032094955444e-01
3.086092770099639893e-01
7.984141707420349121e-01
3.837227821350097656e-02
1.248990535736083984e+00
0.000000000000000000e+00
9.707093238830566406e-01
1.542723923921585083e-01
1.206356361508369446e-01
1.152053102850914001e-01
0.000000000000000000e+00
3.072000741958618164e-01
6.873191595077514648e-01
1.968179363757371902e-03
2.757069468498229980e-01
5.800372734665870667e-02
0.000000000000000000e+00
3.130246400833129883e-01
8.500541448593139648e-01
2.928074300289154053e-01
4.639068543910980225e-01
6.978521347045898438e-01
3.669736534357070923e-02
2.481414824724197388e-01
0.000000000000000000e+00
6.488516926765441895e-02
2.435146868228912354e-01
2.002094268798828125e+00
3.734453618526458740e-01
1.034388691186904907e-02
4.605913758277893066e-01
7.142655085772275925e-03
6.007281597703695297e-03
8.428850769996643066e-01
7.050667703151702881e-02
2.446240000426769257e-02
0.000000000000000000e+00
3.725174814462661743e-02
5.322629809379577637e-01
9.121332764625549316e-01
1.096561074256896973e+00
2.011020898818969727e+00
6.027333140373229980e-01
0.000000000000000000e+00
0.000000000000000000e+00
1.481809765100479126e-01
2.288335114717483521e-01
2.403374910354614258e-01
1.933116093277931213e-02
1.424852013587951660e-01
2.808977663516998291e-02
3.826680779457092285e-02
5.844306349754333496e-01
8.332223631441593170e-03
5.175386104383505881e-05
8.590993285179138184e-01
2.401585102081298828e+00
1.849398612976074219e+00
3.732314825057983398e+00
5.228772014379501343e-02
0.000000000000000000e+00
3.548204004764556885e-01
6.686254739761352539e-01
5.170929431915283203e-01
1.826234906911849976e-01
0.000000000000000000e+00
0.000000000000000000e+00
1.654645204544067383e-01
1.115484237670898438e-01
2.095287144184112549e-01
3.701986046507954597e-03
1.700311601161956787e-01
1.974456191062927246e+00
3.474815487861633301e-01
0.000000000000000000e+00
1.389119148254394531e+00
1.431668639183044434e+00
0.000000000000000000e+00
1.310281515121459961e+00
6.647745370864868164e-01
6.380895376205444336e-01
1.033584117889404297e+00
7.672488689422607422e-02
1.580762386322021484e+00
6.017032861709594727e-01
6.685767173767089844e-01
5.631624907255172729e-02
0.000000000000000000e+00
8.805380016565322876e-02
2.681987583637237549e-01
1.163372874259948730e+00
3.751763999462127686e-01
1.389102786779403687e-01
8.833704888820648193e-02
4.321969449520111084e-01
0.000000000000000000e+00
5.162829905748367310e-02
6.414020806550979614e-02
4.500214010477066040e-02
4.725930094718933105e-01
8.611134290695190430e-01
4.500569775700569153e-02
4.691499471664428711e-01
0.000000000000000000e+00
5.573151111602783203e-01
5.682352185249328613e-01
0.000000000000000000e+00
2.840904951095581055e+00
2.966273128986358643e-01
0.000000000000000000e+00
8.612235784530639648e-01
0.000000000000000000e+00
1.747486926615238190e-02
5.910316705703735352e-01
1.372707355767488480e-02
0.000000000000000000e+00
0.000000000000000000e+00
4.371979236602783203e-01
2.993268072605133057e-01
5.173357129096984863e-01
3.699679374694824219e-01
1.431379374116659164e-02
6.585008502006530762e-01
1.665493130683898926e+00
3.619858026504516602e-01
4.769037067890167236e-01
6.904846429824829102e-02
2.601948678493499756e-01
2.860583782196044922e+00
2.166815660893917084e-02
2.413509190082550049e-01
9.111439585685729980e-01
3.222970664501190186e-01
3.805676996707916260e-01
8.482909798622131348e-01
1.327399373054504395e+00
0.000000000000000000e+00
6.478844285011291504e-01
0.000000000000000000e+00
2.793539464473724365e-01
4.558692872524261475e-01
3.406988978385925293e-01
0.000000000000000000e+00
2.385634779930114746e-01
5.347284078598022461e-01
9.179206565022468567e-03
0.000000000000000000e+00
5.026484131813049316e-01
6.194650381803512573e-02
1.396720409393310547e+00
5.854205489158630371e-01
6.941724419593811035e-01
5.019376873970031738e-01
0.000000000000000000e+00
1.656240671873092651e-01
1.313710510730743408e-01
1.232406258583068848e+00
3.649543046951293945e+00
1.286302089691162109e+00
2.636083364486694336e-01
1.008507847785949707e+00
2.442797832190990448e-02
2.607754945755004883e+00
0.000000000000000000e+00
0.000000000000000000e+00
1.336148381233215332e-01
5.498167127370834351e-02
0.000000000000000000e+00
5.338694453239440918e-01
7.760393433272838593e-03
8.349031955003738403e-02
1.116112589836120605e+00
1.999053806066513062e-01
0.000000000000000000e+00
1.031701043248176575e-01
5.532187938690185547e+00
6.038113236427307129e-01
9.609857797622680664e-01
6.161006167531013489e-02
8.661426603794097900e-02
0.000000000000000000e+00
6.214876174926757812e-01
5.068703889846801758e-01
1.477323025465011597e-01
6.149452328681945801e-01
1.483796387910842896e-01
3.393292799592018127e-02
0.000000000000000000e+00
1.999271035194396973e+00
0.000000000000000000e+00
2.584699988365173340e-01
0.000000000000000000e+00
0.000000000000000000e+00
2.572416327893733978e-02
4.732373356819152832e-01
4.340876638889312744e-01
1.451429873704910278e-01
2.525077760219573975e-02
1.609483063220977783e-01
7.738599181175231934e-01
1.867864578962326050e-01
3.437309563159942627e-01
2.029582977294921875e+00
0.000000000000000000e+00
2.673428654670715332e-01
2.410691022872924805e+00
1.716992378234863281e+00
5.051846027374267578e+00
4.099343717098236084e-02
4.676203727722167969e+00
7.557998299598693848e-01
2.565936930477619171e-02
3.021275997161865234e-01
1.585878431797027588e-01
0.000000000000000000e+00
1.897379159927368164e+00
0.000000000000000000e+00
7.225754857063293457e-02
2.841896377503871918e-02
4.832498356699943542e-02
7.566520571708679199e-02
4.721718281507492065e-02
5.149855613708496094e-01
1.078286096453666687e-01
1.129870712757110596e-01
1.268417954444885254e+00
2.839071489870548248e-02
5.226439982652664185e-02
3.248737752437591553e-02
8.354059606790542603e-02
1.468794107437133789e+00
4.597619920969009399e-02
5.354493483901023865e-02
2.163596391677856445e+00
1.293565183877944946e-01
7.998602814041078091e-04
5.534088015556335449e-01
1.439705640077590942e-01
5.834518074989318848e-01
1.313946127891540527e+00
2.307458668947219849e-01
1.116608500480651855e+00
5.829157829284667969e-01
1.744754910469055176e-01
0.000000000000000000e+00
0.000000000000000000e+00
6.063950061798095703e-01
3.051315844058990479e-01
8.669101633131504059e-03
6.710096448659896851e-02
1.256389468908309937e-01
2.830747142434120178e-02
5.604769662022590637e-02
2.970421314239501953e-01
1.021593416226096451e-04
3.854949772357940674e-01
0.000000000000000000e+00
5.148246288299560547e-01
2.750082314014434814e-01
0.000000000000000000e+00
1.155486941337585449e+00
6.095497608184814453e-01
2.296282947063446045e-01
9.932462871074676514e-02
0.000000000000000000e+00
3.295097127556800842e-02
0.000000000000000000e+00
1.454277634620666504e+00
0.000000000000000000e+00
2.814454793930053711e+00
0.000000000000000000e+00
0.000000000000000000e+00
5.966104194521903992e-02
4.655574262142181396e-02
8.902934938669204712e-02
3.380743414163589478e-02
0.000000000000000000e+00
2.372967004776000977e-01
2.107916958630084991e-02
5.165320634841918945e-01
0.000000000000000000e+00
0.000000000000000000e+00
4.567410051822662354e-02
8.627942204475402832e-02
1.088602542877197266e+00
8.023270964622497559e-02
2.441364049911499023e+00
1.865836232900619507e-01
6.519335508346557617e-02
4.214737936854362488e-02
1.641818583011627197e-01
3.883770480751991272e-02
1.624612569808959961e+00
0.000000000000000000e+00
7.492619007825851440e-02
1.184932664036750793e-01
1.133491396903991699e-01
1.348878026008605957e+00
5.701948404312133789e-01
1.932917088270187378e-01
8.568825721740722656e-01
6.269958019256591797e-01
6.820048093795776367e-01
4.582465440034866333e-02
1.198358163237571716e-01
1.878857254981994629e+00
1.116455644369125366e-01
2.571768164634704590e-01
0.000000000000000000e+00
4.869002103805541992e-01
1.959091544151306152e+00
0.000000000000000000e+00
5.849916487932205200e-02
1.634168177843093872e-01
6.778670102357864380e-02
4.260235309600830078e+00
0.000000000000000000e+00
8.206897415220737457e-03
0.000000000000000000e+00
4.953458011150360107e-01
7.432022094726562500e-01
0.000000000000000000e+00
0.000000000000000000e+00
3.625405952334403992e-02
3.275398015975952148e-01
1.527912169694900513e-01
8.778284788131713867e-01
0.000000000000000000e+00
3.103526833001524210e-04
3.092319965362548828e-01
1.154179591685533524e-02
1.143053174018859863e-01
4.388296902179718018e-01
3.550221398472785950e-02
8.228813856840133667e-02
2.242083549499511719e+00
9.719334542751312256e-02
0.000000000000000000e+00
3.980884552001953125e-01
7.939001321792602539e-01
6.716157793998718262e-01
2.216449260711669922e+00
2.354966700077056885e-01
1.131655741482973099e-02
6.101129651069641113e-01
6.916092038154602051e-01
8.322881162166595459e-02
2.325286388397216797e+00
2.658699512481689453e+00
1.357303857803344727e-01
0.000000000000000000e+00
3.234558179974555969e-02
4.582159817218780518e-01
5.075293779373168945e-01
4.266410470008850098e-01
2.037756204605102539e+00
1.787463426589965820e-01
2.591494619846343994e-01
0.000000000000000000e+00
1.499954462051391602e-01
3.264352679252624512e-02
5.732148289680480957e-01
2.342757303267717361e-03
4.669697880744934082e-01
4.393967986106872559e-02
9.539338946342468262e-01
8.869519233703613281e-01
5.186526775360107422e-01
2.851759456098079681e-02
6.439201831817626953e-01
5.790109746158123016e-03
2.787989936769008636e-02
1.800260543823242188e+00
3.722276985645294189e-01
3.151188418269157410e-02
4.808793589472770691e-02
2.938930988311767578e-01
5.377232283353805542e-02
1.595272183418273926e+00
8.749227225780487061e-02
5.668940395116806030e-02
9.118852615356445312e-01
0.000000000000000000e+00
2.424035780131816864e-02
6.779947280883789062e-01
1.501700133085250854e-01
1.282943598926067352e-02
2.029417753219604492e+00
1.105330884456634521e-02
6.242318153381347656e-01
3.351806998252868652e-01
4.738466069102287292e-02
0.000000000000000000e+00
5.546841770410537720e-03
3.420002013444900513e-02
2.988707274198532104e-02
0.000000000000000000e+00
8.400954306125640869e-02
2.812784016132354736e-01
7.451006770133972168e-01
0.000000000000000000e+00
3.883830457925796509e-02
2.292093515396118164e+00
3.225921988487243652e-01
1.624677330255508423e-01
1.669682145118713379e+00
2.825185060501098633e-01
1.568266630172729492e+00
2.014180645346641541e-02
3.634366393089294434e-01
9.353583455085754395e-01
4.140972718596458435e-02
8.733953349292278290e-03
8.024820126593112946e-03
1.722004450857639313e-02
2.873826742172241211e+00
0.000000000000000000e+00
2.566122770309448242e+00
2.659601926803588867e+00
0.000000000000000000e+00
2.734878778457641602e+00
7.219297438859939575e-02
8.916803598403930664e-01
1.554910778999328613e+00
0.000000000000000000e+00
1.556760072708129883e-01
1.983332395553588867e+00
3.275467634201049805e+00
1.403149604797363281e+00
0.000000000000000000e+00
6.907529234886169434e-01
8.692603707313537598e-01
3.266341984272003174e-02
0.000000000000000000e+00
8.791103214025497437e-02
1.821990907192230225e-01
0.000000000000000000e+00
4.030798003077507019e-02
2.521902322769165039e-01
1.160241104662418365e-02
1.811903715133666992e+00
9.265457987785339355e-01
5.811662077903747559e-01
1.879504472017288208e-01
5.442570447921752930e-01
8.354080319404602051e-01
9.048301726579666138e-03
0.000000000000000000e+00
1.224541664123535156e-02
8.574410527944564819e-02
0.000000000000000000e+00
1.012535810470581055e+00
1.241848245263099670e-01
5.236870646476745605e-01
2.981560230255126953e+00
1.157526969909667969e-01
0.000000000000000000e+00
0.000000000000000000e+00
2.013399124145507812e+00
0.000000000000000000e+00
1.836520284414291382e-01
0.000000000000000000e+00
1.157616078853607178e-01
1.674489825963973999e-01
3.540550917387008667e-02
8.036825060844421387e-02
4.241412878036499023e-02
1.233448982238769531e+00
2.307526394724845886e-02
1.082523703575134277e+00
1.789133548736572266e-01
5.163109302520751953e-01
2.440714510157704353e-03
4.279098287224769592e-02
0.000000000000000000e+00
3.607905507087707520e-01
1.616538316011428833e-01
3.420542180538177490e-02
6.466121077537536621e-01
3.563722610473632812e+00
1.169798225164413452e-01
2.156692743301391602e-01
9.258753657341003418e-01
1.452634185552597046e-01
6.601501256227493286e-03
3.630181252956390381e-01
3.111976385116577148e+00
6.240418180823326111e-02
4.158816933631896973e-01
4.530863370746374130e-03
1.337765902280807495e-01
2.711179256439208984e+00
4.802771843969821930e-03
4.160287324339151382e-03
1.954701542854309082e-01
0.000000000000000000e+00
7.025950551033020020e-01
5.461324453353881836e-01
1.801812350749969482e-01
3.692123591899871826e-01
1.069206520915031433e-01
1.988434433937072754e+00
0.000000000000000000e+00
7.821485400199890137e-02
0.000000000000000000e+00
1.667325198650360107e-01
3.539299592375755310e-02
7.170125246047973633e-01
0.000000000000000000e+00
4.486204683780670166e-02
1.015765547752380371e+00
1.107270240783691406e+00
7.958752512931823730e-01
4.659993946552276611e-01
0.000000000000000000e+00
1.501926630735397339e-01
9.273027777671813965e-01
0.000000000000000000e+00
2.630327269434928894e-02
6.866961121559143066e-01
7.143250107765197754e-01
1.705366559326648712e-02
0.000000000000000000e+00
5.349382162094116211e-01
5.252515673637390137e-01
0.000000000000000000e+00
7.536557037383317947e-03
2.109730988740921021e-01
4.017895758152008057e-01
1.558309793472290039e-01
2.756196558475494385e-01
1.786016464233398438e+00
2.709394693374633789e-01
2.933814562857151031e-02
2.766136407852172852e+00
3.208000659942626953e-01
3.203061223030090332e-02
2.531577348709106445e-01
3.199311017990112305e+00
5.024512112140655518e-02
0.000000000000000000e+00
4.077832698822021484e-01
1.545478343963623047e+00
6.185797229409217834e-02
4.972465038299560547e-01
4.603892266750335693e-01
4.514654576778411865e-01
1.364475339651107788e-01
1.872015446424484253e-01
1.243864074349403381e-01
1.953121423721313477e-01
8.917329460382461548e-02
4.059851169586181641e-01
5.581333041191101074e-01
2.494004964828491211e-01
1.067277044057846069e-02
2.134235143661499023e+00
6.574621796607971191e-02
7.443252205848693848e-01
0.000000000000000000e+00
4.367096424102783203e+00
2.965314313769340515e-03
4.985868185758590698e-02
1.094551756978034973e-01
0.000000000000000000e+00
5.887869000434875488e-01
3.813907504081726074e-02
9.797267615795135498e-02
0.000000000000000000e+00
2.035241425037384033e-01
0.000000000000000000e+00
2.865854650735855103e-03
2.335542142391204834e-01
0.000000000000000000e+00
1.864088416099548340e+00
1.189312711358070374e-01
7.161982357501983643e-02
6.355685591697692871e-01
4.260852560400962830e-02
4.153646230697631836e-01
5.308793067932128906e+00
1.052096635103225708e-01
3.547632396221160889e-01
6.733283996582031250e-01
3.460649400949478149e-03
1.648805439472198486e-01
3.229857444763183594e+00
8.096770197153091431e-02
1.500571239739656448e-02
2.193177491426467896e-02
2.048387564718723297e-02
9.077681601047515869e-02
1.474958658218383789e-01
5.307587385177612305e-01
0.000000000000000000e+00
1.307845581322908401e-02
4.542420501820743084e-04
3.008086420595645905e-02
1.435622125864028931e-01
1.124912858009338379e+00
6.922190785408020020e-01
1.821595728397369385e-01
9.831988215446472168e-01
7.944330573081970215e-02
8.910948038101196289e-01
5.001294612884521484e-01
2.026946544647216797e-01
1.147971078753471375e-01
1.627970814704895020e+00
2.567787408828735352e+00
4.400712549686431885e-01
0.000000000000000000e+00
7.906873226165771484e-01
7.350293993949890137e-01
8.837876319885253906e-01
1.123421266674995422e-01
6.171755492687225342e-03
4.152268767356872559e-01
1.505767703056335449e+00
7.803230285644531250e-01
3.659874200820922852e-02
1.539054443128407001e-03
4.409530162811279297e-01
8.428025245666503906e-01
4.036707580089569092e-01
6.255017220973968506e-02
4.223306849598884583e-02
2.358410879969596863e-02
1.135554048232734203e-03
2.535304799675941467e-02
8.681707382202148438e-01
8.986681103706359863e-01
3.249092996120452881e-01
9.911527484655380249e-02
0.000000000000000000e+00
0.000000000000000000e+00
1.484210848808288574e+00
2.886044979095458984e-01
2.206048220396041870e-01
3.346317410469055176e-01
1.274553239345550537e-01
4.382373392581939697e-01
0.000000000000000000e+00
1.551109254360198975e-01
0.000000000000000000e+00
0.000000000000000000e+00
2.241518050432205200e-01
0.000000000000000000e+00
4.836735725402832031e-01
9.068211913108825684e-02
0.000000000000000000e+00
2.620842695236206055e+00
2.197384595870971680e+00
2.680573225021362305e+00
0.000000000000000000e+00
1.114359200000762939e-01
3.330773208290338516e-03
4.803834259510040283e-01
1.078685402870178223e+00
1.744695067405700684e+00
4.286308288574218750e-01
2.453827671706676483e-02
2.271903306245803833e-02
4.412965849041938782e-02
9.271732717752456665e-02
4.378602802753448486e-01
8.087715506553649902e-02
3.071445226669311523e-01
2.367472887039184570e+00
1.777200102806091309e-01
1.007035255432128906e+00
1.111263707280158997e-01
1.236113667488098145e+00
1.897661574184894562e-02
1.587269604206085205e-01
1.304525732994079590e+00
1.204775929450988770e+00
2.961836755275726318e-01
1.792075037956237793e-01
0.000000000000000000e+00
0.000000000000000000e+00
9.026204943656921387e-01
1.754554510116577148e-01
3.090063571929931641e+00
5.062006950378417969e+00
4.478515982627868652e-01
1.877197772264480591e-01
0.000000000000000000e+00
4.339599907398223877e-01
4.633822478353977203e-03
0.000000000000000000e+00
1.106194019317626953e+00
2.954674325883388519e-02
1.550854891538619995e-01
1.390423905104398727e-02
5.967726707458496094e-01
1.949042268097400665e-02
5.288980603218078613e-01
2.369993180036544800e-01
7.838506698608398438e-01
2.513481378555297852e-01
1.424883306026458740e-02
5.825364589691162109e-01
3.949892520904541016e-01
0.000000000000000000e+00
3.837074041366577148e-01
1.440820395946502686e-01
4.024480581283569336e-01
6.011773943901062012e-01
9.120664745569229126e-02
1.766383528709411621e+00
1.274583339691162109e-01
2.061597585678100586e+00
5.449416041374206543e-01
2.808136343955993652e-01
0.000000000000000000e+00
7.329833507537841797e-01
0.000000000000000000e+00
4.252743721008300781e-01
3.157722949981689453e+00
2.397555708885192871e-01
1.836654841899871826e-01
3.560718595981597900e-01
3.862655758857727051e-01
8.099356293678283691e-02
4.184409230947494507e-02
3.774969875812530518e-01
4.252076148986816406e-02
8.563416004180908203e-01
3.365080803632736206e-02
3.423289060592651367e-01
0.000000000000000000e+00
7.443121075630187988e-01
4.183605670928955078e+00
0.000000000000000000e+00
1.401776373386383057e-01
1.666510999202728271e-01
4.418388009071350098e-01
0.000000000000000000e+00
4.586398601531982422e-01
7.325439900159835815e-02
1.230763792991638184e-01
1.361225366592407227e+00
4.398889243602752686e-01
6.495518982410430908e-02
2.363521009683609009e-01
6.063767522573471069e-02
0.000000000000000000e+00
2.942464351654052734e-01
1.741812378168106079e-01
6.512944102287292480e-01
3.632348030805587769e-02
7.093450427055358887e-01
5.272368788719177246e-01
3.042717576026916504e-01
2.115650177001953125e-01
2.285839803516864777e-02
0.000000000000000000e+00
9.230226874351501465e-01
7.831073403358459473e-01
2.631233632564544678e-01
3.570275381207466125e-03
0.000000000000000000e+00
2.562311291694641113e-02
1.298083662986755371e+00
3.765946626663208008e-02
1.520597487688064575e-01
2.214304685592651367e+00
1.942165940999984741e-01
1.979392766952514648e-01
0.000000000000000000e+00
0.000000000000000000e+00
1.729089319705963135e-01
7.751820087432861328e-01
3.533453866839408875e-02
3.527888953685760498e-01
2.933714352548122406e-02
7.651180744171142578e+00
8.772198110818862915e-03
0.000000000000000000e+00
1.336089372634887695e-01
1.588438004255294800e-01
6.174851953983306885e-02
1.589709401130676270e+00
2.618200540542602539e+00
5.668288469314575195e-01
3.599397465586662292e-02
2.764906167984008789e+00
1.124203562736511230e+00
2.005959749221801758e-01
7.608940452337265015e-02
5.275728702545166016e+00
2.766882181167602539e-01
7.669414579868316650e-02
3.364982903003692627e-01
3.233478963375091553e-01
