2.032433003187179565e-01
4.132357239723205566e-02
1.817827858030796051e-02
3.920643031597137451e-02
1.113335266709327698e-01
1.264146447181701660e+00
1.656630396842956543e+00
1.402599960565567017e-01
1.168409176170825958e-02
1.624196618795394897e-01
2.870999574661254883e-01
1.002838015556335449e-01
0.000000000000000000e+00
4.535277485847473145e-01
8.175418376922607422e-01
7.827396988868713379e-01
0.000000000000000000e+00
1.235042288899421692e-01
2.651670575141906738e-02
1.866000443696975708e-01
2.429037587717175484e-03
1.346728801727294922e-01
9.886793047189712524e-02
0.000000000000000000e+00
0.000000000000000000e+00
2.951181232929229736e-01
0.000000000000000000e+00
9.753815084695816040e-02
2.119817584753036499e-01
3.011657595634460449e-01
0.000000000000000000e+00
1.369196921586990356e-01
2.774742199108004570e-03
4.573572576045989990e-01
0.000000000000000000e+00
0.000000000000000000e+00
5.530470237135887146e-02
2.125306800007820129e-02
1.112198904156684875e-01
1.756863482296466827e-02
7.812372446060180664e-01
1.716315932571887970e-02
0.000000000000000000e+00
1.209361076354980469e+00
1.055908799171447754e+00
8.841533213853836060e-02
3.175030708312988281e+00
1.869730651378631592e-02
1.190332770347595215e-01
4.843750894069671631e-01
0.000000000000000000e+00
4.226757958531379700e-02
2.082535624504089355e-01
1.166596703114919364e-04
2.186927348375320435e-01
7.509126663208007812e-01
1.492843329906463623e-01
0.000000000000000000e+00
1.360322255641222000e-02
6.896216869354248047e-01
9.678130038082599640e-03
5.598847568035125732e-02
7.073817402124404907e-02
0.000000000000000000e+00
2.010819166898727417e-01
0.000000000000000000e+00
2.490557432174682617e-01
0.000000000000000000e+00
6.587170809507369995e-02
1.673358559608459473e+00
0.000000000000000000e+00
3.786250948905944824e-02
4.208530765026807785e-03
2.683013081550598145e-01
4.645087718963623047e-01
4.201363623142242432e-01
0.000000000000000000e+00
3.216645240783691406e+00
7.094162702560424805e-02
0.000000000000000000e+00
2.924221381545066833e-02
3.291220366954803467e-01
2.909470582380890846e-03
2.279870748519897461e+00
1.000067710876464844e+00
6.544651985168457031e-01
5.769878029823303223e-01
6.229297518730163574e-01
1.160569190979003906e+00
8.356541395187377930e-01
2.857339382171630859e-01
0.000000000000000000e+00
1.678420156240463257e-01
6.428988277912139893e-02
9.824915789067745209e-03
0.000000000000000000e+00
5.060639381408691406e-01
2.052189782261848450e-02
0.000000000000000000e+00
2.796664834022521973e-03
1.078447461128234863e+00
7.427867054939270020e-01
4.607114009559154510e-03
3.791356086730957031e-01
8.700358271598815918e-01
1.057125329971313477e+00
2.174109071493148804e-01
3.859887123107910156e-01
1.935005336999893188e-01
1.024210691452026367e+00
6.983492374420166016e-01
6.734660267829895020e-01
8.933105468750000000e-01
1.275040805339813232e-01
4.828114509582519531e-01
1.012468695640563965e+00
4.175681620836257935e-02
0.000000000000000000e+00
0.000000000000000000e+00
1.872844099998474121e+00
1.316105108708143234e-02
2.598408162593841553e-01
1.509102284908294678e-01
9.586653113365173340e-02
1.155561923980712891e+00
3.736988008022308350e-01
3.025305986404418945e+00
2.112943492829799652e-02
9.655658900737762451e-02
0.000000000000000000e+00
1.298968493938446045e-01
2.535087168216705322e-01
8.351157605648040771e-02
4.965248107910156250e-01
1.537149995565414429e-01
2.417449355125427246e-01
1.024994254112243652e+00
1.956158876419067383e-01
8.900545239448547363e-01
0.000000000000000000e+00
0.000000000000000000e+00
1.844672709703445435e-01
3.895847499370574951e-02
0.000000000000000000e+00
1.055446267127990723e-01
1.409533262252807617e+00
1.163725182414054871e-01
0.000000000000000000e+00
5.963582079857587814e-03
8.321545124053955078e-01
0.000000000000000000e+00
4.667531326413154602e-02
8.094705844996497035e-05
8.002202212810516357e-02
1.339930016547441483e-02
4.712544381618499756e-01
5.840054154396057129e-01
3.520400077104568481e-02
6.354293227195739746e-02
0.000000000000000000e+00
1.567961275577545166e-02
6.716067790985107422e+00
1.939394026994705200e-01
1.856806874275207520e-02
2.069273233413696289e+00
7.729454338550567627e-02
1.927381753921508789e-01
5.284411367028951645e-03
5.111687630414962769e-02
8.716748654842376709e-02
3.165495023131370544e-02
4.567296057939529419e-02
4.648840986192226410e-03
1.084259510040283203e+00
0.000000000000000000e+00
7.294167280197143555e-01
0.000000000000000000e+00
8.422729969024658203e-01
1.024771481752395630e-01
4.839870929718017578e-01
1.644602268934249878e-01
3.851697444915771484e-01
3.505695983767509460e-02
3.300584256649017334e-01
1.498217582702636719e+00
8.724909275770187378e-03
2.064386159181594849e-01
1.858525156974792480e+00
2.432750940322875977e+00
0.000000000000000000e+00
4.439210593700408936e-01
4.548030793666839600e-01
9.113813936710357666e-02
1.245516166090965271e-02
1.572397351264953613e-01
1.223799347877502441e+00
1.635703563690185547e+00
0.000000000000000000e+00
0.000000000000000000e+00
2.399503290653228760e-01
1.255598187446594238e+00
3.079221211373806000e-02
2.448747158050537109e-01
2.190530896186828613e-01
0.000000000000000000e+00
9.794552624225616455e-02
0.000000000000000000e+00
4.882571697235107422e-01
7.586454600095748901e-02
4.099459946155548096e-02
5.544583126902580261e-02
3.963313102722167969e-01
1.151195406913757324e+00
7.444598525762557983e-02
2.951804175972938538e-02
6.953781247138977051e-01
1.682262539863586426e+00
2.306381464004516602e-01
0.000000000000000000e+00
3.315250277519226074e-01
3.818657994270324707e-01
1.974476277828216553e-01
0.000000000000000000e+00
1.649004593491554260e-02
0.000000000000000000e+00
3.758895695209503174e-01
3.400216698646545410e-01
2.093665003776550293e-01
4.680213332176208496e-02
3.560671806335449219e-01
2.350976318120956421e-02
1.158006668090820312e+00
6.159104704856872559e-01
5.387081503868103027e-01
1.064708456397056580e-01
8.699867129325866699e-01
5.014106035232543945e-01
1.235135555267333984e+00
2.108507752418518066e-01
7.609518244862556458e-03
3.202301450073719025e-03
1.519929966889321804e-03
2.690259600058197975e-03
0.000000000000000000e+00
4.044086039066314697e-01
3.445251286029815674e-02
1.321149915456771851e-01
4.270438849925994873e-02
3.005063235759735107e-01
4.186000674962997437e-02
1.129558086395263672e+00
6.073286011815071106e-02
1.432518512010574341e-01
1.466690748929977417e-02
0.000000000000000000e+00
7.699792087078094482e-02
0.000000000000000000e+00
9.801617264747619629e-02
3.861665129661560059e-01
0.000000000000000000e+00
1.205109655857086182e-01
0.000000000000000000e+00
1.547929737716913223e-02
1.113096475601196289e+00
1.122245043516159058e-01
1.773691363632678986e-02
4.341115802526473999e-02
1.120627447962760925e-01
5.023791790008544922e-01
1.870011687278747559e-01
4.474119544029235840e-01
1.602127850055694580e-01
7.733283936977386475e-02
1.394350454211235046e-02
5.158604383468627930e-01
2.269756793975830078e+00
2.400555312633514404e-01
2.734149694442749023e-01
1.469199359416961670e-01
2.392038255929946899e-01
0.000000000000000000e+00
2.372146397829055786e-01
1.539745461195707321e-02
9.381292015314102173e-02
4.644004802685230970e-04
6.955807805061340332e-01
2.335964143276214600e-01
1.384743582457304001e-02
9.637367725372314453e-02
0.000000000000000000e+00
5.835777148604393005e-03
6.366534233093261719e-01
0.000000000000000000e+00
8.053225278854370117e-02
8.565814048051834106e-02
5.176541805267333984e-01
1.507272720336914062e-01
1.161998510360717773e-01
1.225793585181236267e-01
3.211372792720794678e-01
4.019204676151275635e-01
9.150277078151702881e-02
1.874953031539916992e+00
1.052043400704860687e-02
3.666160628199577332e-02
0.000000000000000000e+00
1.123624742031097412e-01
9.350935220718383789e-01
0.000000000000000000e+00
1.419238001108169556e-01
8.609745651483535767e-02
3.271540105342864990e-01
4.582029581069946289e-01
1.728422522544860840e+00
2.003132581710815430e+00
9.169739484786987305e-01
7.051263470202684402e-03
5.527110695838928223e-01
0.000000000000000000e+00
1.429373770952224731e-01
0.000000000000000000e+00
8.355765342712402344e-01
0.000000000000000000e+00
0.000000000000000000e+00
1.420148909091949463e-01
0.000000000000000000e+00
2.103977680206298828e+00
2.400132827460765839e-02
4.352681338787078857e-02
1.553726941347122192e-01
0.000000000000000000e+00
0.000000000000000000e+00
9.334281086921691895e-02
1.038026511669158936e-01
2.186717838048934937e-01
1.383705064654350281e-02
5.862771868705749512e-01
3.744048178195953369e-01
6.939923167228698730e-01
6.300648450851440430e-01
1.678403317928314209e-01
1.654083132743835449e-01
1.824236847460269928e-02
0.000000000000000000e+00
6.309227943420410156e-01
3.303615152835845947e-01
8.591352403163909912e-02
1.732364296913146973e+00
5.433915853500366211e-01
0.000000000000000000e+00
0.000000000000000000e+00
5.493940711021423340e-01
0.000000000000000000e+00
7.008827477693557739e-02
0.000000000000000000e+00
0.000000000000000000e+00
0.000000000000000000e+00
2.474960982799530029e-01
9.215410798788070679e-03
8.226136118173599243e-02
1.328794240951538086e+00
7.235596328973770142e-02
2.207247614860534668e-01
1.166623383760452271e-01
5.808285251259803772e-02
1.216789782047271729e-01
1.732152998447418213e-01
1.771843135356903076e-01
6.241943314671516418e-02
4.480857849121093750e-01
0.000000000000000000e+00
3.412597998976707458e-02
1.487310767173767090e+00
5.618887394666671753e-02
7.101817131042480469e-01
1.271424721926450729e-02
0.000000000000000000e+00
5.234057903289794922e-01
1.238908097147941589e-01
8.682504892349243164e-01
3.554800450801849365e-01
1.064237594604492188e+00
9.888880886137485504e-04
6.213862895965576172e-01
0.000000000000000000e+00
1.394508242607116699e+00
1.715572476387023926e-01
9.705515503883361816e-01
5.981000065803527832e-01
9.252791404724121094e-01
2.118448354303836823e-02
8.957354724407196045e-02
1.525674909353256226e-01
0.000000000000000000e+00
8.570287376642227173e-02
1.396057307720184326e-01
1.780525147914886475e-01
0.000000000000000000e+00
0.000000000000000000e+00
2.053133249282836914e-01
3.815850317478179932e-01
2.618748545646667480e-01
0.000000000000000000e+00
0.000000000000000000e+00
1.694758534431457520e+00
2.884542644023895264e-01
5.602149963378906250e-01
8.284865617752075195e-01
2.247536368668079376e-02
2.537599563598632812e+00
4.041477441787719727e-01
3.894477784633636475e-01
1.129211068153381348e+00
0.000000000000000000e+00
6.726586818695068359e-02
5.756134986877441406e-01
0.000000000000000000e+00
6.276222467422485352e-01
0.000000000000000000e+00
2.694931626319885254e-01
5.132803916931152344e-01
4.815899580717086792e-02
4.378028213977813721e-02
2.290126323699951172e+00
5.943024531006813049e-02
2.121768444776535034e-01
2.390735000371932983e-01
1.024550106376409531e-02
4.867934286594390869e-01
3.817460834980010986e-01
1.269710958003997803e-01
2.130815029144287109e+00
2.123465090990066528e-01
7.324024289846420288e-02
1.744012385606765747e-01
3.001139163970947266e+00
1.503867805004119873e-01
1.731016337871551514e-01
5.889805316925048828e+00
5.046978592872619629e-02
2.572766691446304321e-02
1.911571472883224487e-01
2.112002298235893250e-02
0.000000000000000000e+00
1.769808381795883179e-01
1.839926540851593018e-01
0.000000000000000000e+00
3.003624975681304932e-01
2.651942335069179535e-02
0.000000000000000000e+00
1.901404559612274170e-02
1.723026740364730358e-03
2.397263944149017334e-01
8.563169836997985840e-02
1.547070872038602829e-02
1.133544519543647766e-01
1.922501564025878906e+00
4.098737984895706177e-02
4.716699942946434021e-02
1.419159304350614548e-02
1.787759736180305481e-02
4.187766909599304199e-01
2.178267836570739746e-01
2.644735276699066162e-01
3.499995172023773193e-01
1.500898301601409912e-01
1.862493604421615601e-01
2.214459702372550964e-02
5.302484147250652313e-03
2.927592098712921143e-01
9.457984566688537598e-02
1.097294539213180542e-01
0.000000000000000000e+00
8.096891641616821289e-02
3.188863024115562439e-02
3.864127695560455322e-01
6.444548964500427246e-01
5.065667033195495605e-01
2.052787840366363525e-01
6.549772620201110840e-02
1.459787786006927490e-01
0.000000000000000000e+00
5.761541053652763367e-02
5.438695549964904785e-01
1.433094404637813568e-02
4.904989898204803467e-02
3.678815811872482300e-02
2.202080637216567993e-01
4.169478416442871094e-01
2.441704034805297852e+00
7.200811803340911865e-02
2.511409997940063477e+00
2.192266434431076050e-01
4.241199195384979248e-01
7.387896627187728882e-02
2.583906650543212891e-01
2.986156940460205078e-01
0.000000000000000000e+00
1.056904196739196777e+00
3.287078579887747765e-03
5.268726944923400879e-01
0.000000000000000000e+00
3.608407080173492432e-01
4.616638123989105225e-01
5.296025797724723816e-02
5.631707608699798584e-02
5.099487900733947754e-01
3.787557594478130341e-03
2.818447351455688477e-01
2.422792911529541016e-01
1.462346792221069336e+00
0.000000000000000000e+00
7.966898679733276367e-01
8.703334629535675049e-02
1.307848691940307617e+00
4.365888833999633789e-01
9.995030611753463745e-02
1.788513183593750000e+00
1.073736429214477539e+00
1.181494146585464478e-01
9.694648534059524536e-02
0.000000000000000000e+00
7.510453462600708008e-02
4.610167816281318665e-02
3.506473451852798462e-02
8.413715288043022156e-03
0.000000000000000000e+00
1.081195399165153503e-01
1.351854298263788223e-02
1.379564986564218998e-03
7.464940547943115234e-01
1.321364939212799072e-01
3.751937765628099442e-03
2.310490608215332031e-02
4.230146855115890503e-02
7.950777560472488403e-02
9.520010091364383698e-03
0.000000000000000000e+00
3.045491576194763184e-01
6.707738041877746582e-01
1.305205821990966797e-01
8.577451705932617188e-01
1.391327530145645142e-01
6.133830919861793518e-02
1.482021957635879517e-01
1.100775673985481262e-01
1.620291173458099365e-02
2.931181788444519043e-01
1.578343272209167480e+00
0.000000000000000000e+00
1.723460704088211060e-01
2.510012686252593994e-02
1.190095782279968262e+00
1.007817268371582031e+00
7.100158929824829102e-02
2.850617840886116028e-02
4.695275798439979553e-02
5.535171627998352051e-01
1.209613904356956482e-01
2.504498884081840515e-02
2.949202060699462891e-02
1.867297291755676270e-02
0.000000000000000000e+00
3.080514026805758476e-03
1.039427425712347031e-02
1.710599064826965332e-01
1.756510585546493530e-01
1.964450716972351074e+00
3.355461172759532928e-03
5.150052905082702637e-01
1.048063561320304871e-01
0.000000000000000000e+00
0.000000000000000000e+00
7.890468835830688477e-02
1.509474217891693115e-01
1.495846807956695557e-01
1.850034117698669434e+00
0.000000000000000000e+00
5.060035735368728638e-02
6.732250563800334930e-03
9.615471959114074707e-02
0.000000000000000000e+00
1.367661058902740479e-01
2.505297958850860596e-02
9.383350014686584473e-01
2.108217328786849976e-01
3.192717432975769043e-01
3.537152335047721863e-02
3.347670137882232666e-01
9.728983640670776367e-01
3.510541617870330811e-01
1.238970831036567688e-01
6.942168343812227249e-03
0.000000000000000000e+00
4.174077883362770081e-02
1.369556784629821777e+00
7.922531366348266602e-01
2.867448031902313232e-01
4.556041657924652100e-01
6.213703751564025879e-02
1.844436675310134888e-02
0.000000000000000000e+00
2.749193459749221802e-02
1.077504158020019531e+00
1.078153699636459351e-01
0.000000000000000000e+00
6.777081489562988281e-01
1.451938986778259277e+00
3.219595551490783691e-02
2.435702364891767502e-03
7.708225399255752563e-02
6.853289008140563965e-01
4.651371389627456665e-03
7.635300159454345703e-01
7.533099967986345291e-03
1.919052749872207642e-02
2.595329284667968750e-01
4.755721092224121094e-01
7.115154992789030075e-03
9.768092073500156403e-03
0.000000000000000000e+00
1.287232041358947754e+00
5.872801318764686584e-02
1.466632471419870853e-03
5.248379334807395935e-02
0.000000000000000000e+00
0.000000000000000000e+00
4.617251157760620117e-01
1.975795179605484009e-01
1.202368959784507751e-01
4.710669517517089844e-01
0.000000000000000000e+00
1.643419452011585236e-02
4.042761325836181641e-01
8.904923498630523682e-02
1.080276072025299072e-02
1.336718350648880005e-01
1.067003235220909119e-01
1.854028378147631884e-04
0.000000000000000000e+00
1.084928140044212341e-01
8.204584568738937378e-02
2.400010973215103149e-01
1.064186096191406250e-01
2.083642175421118736e-03
2.790215909481048584e-01
0.000000000000000000e+00
7.019352167844772339e-02
2.883523702621459961e-01
1.166342496871948242e+00
3.813197370618581772e-03
6.496846675872802734e-02
1.252984046936035156e+00
7.949595898389816284e-02
0.000000000000000000e+00
5.771473646163940430e-01
0.000000000000000000e+00
7.221608161926269531e-01
3.875673115253448486e-01
0.000000000000000000e+00
1.076450347900390625e-01
0.000000000000000000e+00
3.660313040018081665e-02
9.390023536980152130e-03
7.906238734722137451e-02
0.000000000000000000e+00
3.121684305369853973e-02
7.246492803096771240e-02
2.963965991511940956e-03
3.831745088100433350e-01
4.638847708702087402e-02
4.472090303897857666e-01
2.032155990600585938e-01
2.107710689306259155e-01
3.759483573958277702e-03
1.214890480041503906e+00
0.000000000000000000e+00
0.000000000000000000e+00
5.103793144226074219e-01
1.707770675420761108e-01
2.037116140127182007e-01
2.490801364183425903e-01
0.000000000000000000e+00
1.694892346858978271e-01
5.800897121429443359e+00
0.000000000000000000e+00
5.961677804589271545e-02
0.000000000000000000e+00
1.593223094940185547e+00
0.000000000000000000e+00
6.272567510604858398e-01
1.415001414716243744e-02
3.839697688817977905e-02
3.503307819366455078e+00
2.961068227887153625e-02
2.203357219696044922e-01
1.912422180175781250e-01
1.023755781352519989e-02
8.733747601509094238e-01
7.335251569747924805e-01
8.602446317672729492e-02
1.089533567428588867e-01
1.503421366214752197e-01
5.485220998525619507e-02
0.000000000000000000e+00
5.828266739845275879e-01
1.260637491941452026e-02
1.513830721378326416e-01
1.322796583175659180e+00
9.261421561241149902e-01
3.958142697811126709e-01
8.309783935546875000e-01
0.000000000000000000e+00
6.635938584804534912e-02
2.393298596143722534e-01
1.068855524063110352e-01
1.181174635887145996e+00
1.174346283078193665e-01
1.531146168708801270e-01
7.074550539255142212e-02
6.435031294822692871e-01
3.626975417137145996e-02
1.566128134727478027e+00
1.856177151203155518e-01
6.457543849945068359e+00
8.299226760864257812e-01
3.724624514579772949e-01
4.452559351921081543e-01
8.111680299043655396e-02
0.000000000000000000e+00
1.960299760103225708e-01
1.670769453048706055e-01
9.627182483673095703e-01
0.000000000000000000e+00
1.414021849632263184e-01
0.000000000000000000e+00
1.858411282300949097e-01
4.283668100833892822e-01
3.053473234176635742e-01
2.984958887100219727e-01
3.937001228332519531e-01
3.727031871676445007e-02
3.424130380153656006e-01
1.399563741870224476e-03
1.990106552839279175e-01
5.670867487788200378e-02
0.000000000000000000e+00
5.062849074602127075e-02
0.000000000000000000e+00
1.775108814239501953e+00
1.099037170410156250e+00
1.194901168346405029e-01
5.308101177215576172e-01
2.551581144332885742e+00
1.044853478670120239e-01
3.064876422286033630e-02
4.566513895988464355e-01
0.000000000000000000e+00
0.000000000000000000e+00
0.000000000000000000e+00
3.055185638368129730e-02
1.587598212063312531e-02
1.437560003250837326e-02
9.886363148689270020e-02
4.495601169764995575e-03
4.531582295894622803e-01
5.355705693364143372e-02
0.000000000000000000e+00
4.509045183658599854e-02
1.056172419339418411e-02
0.000000000000000000e+00
2.083437750115990639e-03
9.142475575208663940e-02
2.291239500045776367e-01
4.256473183631896973e-01
0.000000000000000000e+00
3.093272686004638672e+00
3.144558072090148926e-01
1.160965323448181152e+00
1.120493747293949127e-02
3.408417338505387306e-03
1.627260684967041016e+00
0.000000000000000000e+00
3.082336187362670898e-01
0.000000000000000000e+00
1.293195009231567383e+00
4.131042063236236572e-01
5.306014791131019592e-02
1.257995422929525375e-02
1.582885719835758209e-02
7.211813926696777344e-01
5.829919576644897461e-01
2.501429021358489990e-01
0.000000000000000000e+00
5.442445874214172363e-01
3.877966105937957764e-01
9.467496722936630249e-02
0.000000000000000000e+00
2.019387781620025635e-01
1.507798135280609131e-01
1.541199721395969391e-02
2.018941380083560944e-02
1.362388134002685547e-01
4.202327504754066467e-02
1.175920572131872177e-02
0.000000000000000000e+00
0.000000000000000000e+00
1.314524412155151367e-01
0.000000000000000000e+00
0.000000000000000000e+00
6.164202094078063965e-01
9.201440960168838501e-03
1.008428692817687988e+00
1.565413326025009155e-01
1.841817633248865604e-03
1.183378815650939941e+00
0.000000000000000000e+00
3.346249461174011230e-01
3.934874013066291809e-02
1.645406931638717651e-01
6.065241694450378418e-01
0.000000000000000000e+00
8.263790979981422424e-03
8.062130212783813477e-02
3.400560021400451660e-01
2.137163281440734863e-01
7.884885668754577637e-01
4.469216242432594299e-02
3.990546613931655884e-02
1.079918518662452698e-01
7.999371737241744995e-03
9.421566873788833618e-02
1.492598652839660645e-01
0.000000000000000000e+00
1.182748556137084961e+00
2.223772555589675903e-01
2.096874713897705078e-01
7.905537486076354980e-01
2.373273074626922607e-01
8.326455950736999512e-03
2.617481350898742676e-01
1.666724681854248047e-01
6.475593149662017822e-02
6.461024284362792969e-01
0.000000000000000000e+00
1.969202160835266113e-01
1.430443525314331055e-01
1.269761770963668823e-01
5.228624343872070312e-01
9.610360860824584961e-02
5.644967779517173767e-02
2.358596622943878174e-01
0.000000000000000000e+00
0.000000000000000000e+00
2.025115340948104858e-01
7.156053781509399414e-01
9.094053506851196289e-02
2.420494332909584045e-02
2.779884338378906250e-01
6.296053528785705566e-02
9.816899895668029785e-02
0.000000000000000000e+00
1.401500850915908813e-01
1.586128711700439453e+00
1.591928601264953613e+00
8.797353506088256836e-02
3.049690485000610352e+00
5.260784149169921875e+00
3.845829963684082031e-01
0.000000000000000000e+00
2.326851896941661835e-02
7.566386461257934570e-02
8.734710812568664551e-01
1.316947489976882935e-01
3.784213066101074219e-01
0.000000000000000000e+00
6.852952837944030762e-01
6.530022025108337402e-01
1.439992245286703110e-02
2.149658799171447754e-01
0.000000000000000000e+00
4.365102052688598633e-01
1.292785862460732460e-03
0.000000000000000000e+00
1.630960404872894287e-01
9.242250770330429077e-02
1.997846513986587524e-01
0.000000000000000000e+00
2.001920193433761597e-01
6.345291621983051300e-03
1.456447005271911621e+00
0.000000000000000000e+00
3.169134957715868950e-03
1.863609999418258667e-02
1.066842973232269287e-01
0.000000000000000000e+00
1.475255489349365234e-01
5.302892327308654785e-01
2.939150929450988770e-01
5.551893115043640137e-01
1.595289632678031921e-02
1.157043099403381348e+00
4.222458899021148682e-01
3.333101511001586914e+00
1.487851142883300781e-01
7.121157050132751465e-01
7.910370186436921358e-05
1.339577138423919678e-01
1.240150213241577148e+00
0.000000000000000000e+00
3.977658152580261230e-01
0.000000000000000000e+00
1.859485357999801636e-02
1.469807326793670654e-01
0.000000000000000000e+00
3.009730875492095947e-01
3.233904838562011719e-01
5.229486823081970215e-01
4.038861393928527832e-02
6.219778060913085938e-01
0.000000000000000000e+00
1.277549937367439270e-02
0.000000000000000000e+00
0.000000000000000000e+00
2.209426015615463257e-01
1.148664578795433044e-01
8.018703199923038483e-03
1.799166202545166016e-01
6.256023645401000977e-01
3.170044422149658203e-01
1.116667389869689941e+00
0.000000000000000000e+00
5.666512250900268555e-01
3.442136347293853760e-01
3.097473382949829102e-01
4.049853421747684479e-03
1.768857717514038086e+00
1.156281432486139238e-04
0.000000000000000000e+00
5.584804341197013855e-02
4.200990870594978333e-02
0.000000000000000000e+00
1.245763778686523438e+00
1.973954737186431885e-01
1.092740058898925781e+00
8.248917013406753540e-02
0.000000000000000000e+00
1.036724448204040527e-01
3.965615481138229370e-02
2.661566734313964844e-01
4.559273123741149902e-01
0.000000000000000000e+00
2.160280466079711914e+00
4.515279531478881836e-01
0.000000000000000000e+00
3.026110172271728516e+00
8.606106638908386230e-01
5.927656292915344238e-01
9.584138542413711548e-02
9.353366494178771973e-01
0.000000000000000000e+00
2.960516512393951416e-02
2.978461086750030518e-01
0.000000000000000000e+00
1.035566926002502441e-01
0.000000000000000000e+00
3.357185125350952148e-01
1.779303303919732571e-03
1.712990403175354004e+00
8.082999289035797119e-02
4.198068007826805115e-02
3.077492713928222656e-01
3.846952319145202637e-02
1.317457705736160278e-01
3.233053907752037048e-02
0.000000000000000000e+00
1.711841672658920288e-01
1.021709367632865906e-01
6.663504242897033691e-02
1.485817432403564453e-01
8.556522428989410400e-02
1.003822207450866699e+00
2.463489621877670288e-01
3.642989322543144226e-02
1.398221015930175781e+00
1.817050278186798096e-01
0.000000000000000000e+00
0.000000000000000000e+00
1.201698854565620422e-01
0.000000000000000000e+00
7.121976814232766628e-04
1.954727917909622192e-01
2.956699579954147339e-02
3.269869685173034668e-01
7.906652688980102539e-01
7.381401658058166504e-01
1.475278735160827637e-01
6.085061654448509216e-02
2.531802952289581299e-01
1.313012242317199707e-01
6.332381069660186768e-02
2.240554839372634888e-01
5.902777910232543945e-01
1.657620221376419067e-01
5.141561478376388550e-02
0.000000000000000000e+00
1.306520104408264160e-01
1.158567816019058228e-01
1.590634882450103760e-02
1.205658435821533203e+00
2.157133817672729492e-01
8.157719373703002930e-01
1.077525839209556580e-01
5.400980114936828613e-01
1.093477249145507812e+00
5.265411734580993652e-01
8.142638951539993286e-02
4.709565043449401855e-01
2.992662787437438965e-01
1.979991495609283447e-01
7.264948636293411255e-02
9.273303151130676270e-01
2.109723240137100220e-01
1.068286672234535217e-01
1.597320586442947388e-01
8.041392564773559570e-01
0.000000000000000000e+00
1.082924246788024902e+00
0.000000000000000000e+00
3.665235042572021484e-01
3.949180841445922852e-01
3.714653849601745605e-01
1.240459755063056946e-01
7.190161943435668945e-01
1.358168721199035645e-01
6.854762434959411621e-01
4.234078526496887207e-02
4.592286795377731323e-02
6.277968287467956543e-01
1.450924128293991089e-01
6.672530174255371094e-01
0.000000000000000000e+00
3.108187019824981689e-02
1.710021942853927612e-01
6.850185990333557129e-01
5.072793960571289062e-01
0.000000000000000000e+00
3.696959465742111206e-03
7.361626029014587402e-01
7.960734074003994465e-04
1.407642776030115783e-05
4.017998650670051575e-02
0.000000000000000000e+00
1.467849731445312500e+00
8.324641734361648560e-02
4.027698040008544922e-01
5.774950981140136719e-02
1.125914454460144043e-01
0.000000000000000000e+00
6.560221910476684570e-01
3.408285975456237793e-02
1.148768067359924316e-01
1.898985914885997772e-02
2.941822260618209839e-02
2.837449871003627777e-02
4.006678462028503418e-01
5.502826720476150513e-02
2.761975675821304321e-02
4.858978465199470520e-02
4.100069999694824219e-01
4.092328250408172607e-02
1.321976333856582642e-01
3.431272879242897034e-02
6.522486358880996704e-02
2.210496366024017334e-02
3.301805853843688965e-01
1.561338305473327637e-01
9.876534342765808105e-01
6.895599514245986938e-02
6.361647844314575195e-01
1.323990430682897568e-02
0.000000000000000000e+00
1.538898497819900513e-01
1.043869256973266602e+00
1.331496704369783401e-02
0.000000000000000000e+00
2.608883082866668701e-01
3.252593874931335449e-01
6.821154057979583740e-02
0.000000000000000000e+00
9.925704449415206909e-02
3.834960222244262695e+00
4.572851359844207764e-01
2.669965982437133789e+00
1.742612868547439575e-01
1.955550670623779297e+00
0.000000000000000000e+00
0.000000000000000000e+00
1.370461657643318176e-02
6.005874872207641602e-01
7.844589352607727051e-01
5.932670831680297852e-02
8.579885959625244141e-02
2.021334692835807800e-02
4.934341907501220703e-01
6.682652831077575684e-01
1.302047818899154663e-01
2.617970481514930725e-02
1.358680874109268188e-01
2.653886675834655762e-01
8.641660809516906738e-01
4.095209836959838867e-01
0.000000000000000000e+00
9.004331380128860474e-02
1.273069977760314941e-01
2.759089469909667969e-01
2.041558474302291870e-01
9.382336586713790894e-02
7.914198875427246094e+00
2.947235945612192154e-03
1.486166715621948242e-01
1.090802907943725586e+00
0.000000000000000000e+00
3.139317631721496582e-01
2.174112558364868164e+00
1.259992946870625019e-03
0.000000000000000000e+00
7.661426067352294922e-01
0.000000000000000000e+00
2.371352016925811768e-01
0.000000000000000000e+00
8.639518916606903076e-02
0.000000000000000000e+00
0.000000000000000000e+00
1.093607187271118164e+00
3.323639393784105778e-04
6.355740129947662354e-02
2.559686422348022461e+00
1.284986019134521484e+00
4.065413475036621094e-01
1.538621783256530762e-01
3.163683041930198669e-02
3.642929717898368835e-02
1.487929522991180420e-01
2.224434316158294678e-01
1.920565247535705566e+00
3.804989159107208252e-02
2.685295790433883667e-02
2.142643555998802185e-03
3.199542760848999023e-01
3.915794193744659424e-02
0.000000000000000000e+00
2.613018266856670380e-02
0.000000000000000000e+00
1.431964337825775146e-01
1.165520623326301575e-01
4.174806177616119385e-01
0.000000000000000000e+00
0.000000000000000000e+00
4.095255732536315918e-01
0.000000000000000000e+00
7.591188549995422363e-01
0.000000000000000000e+00
7.432767003774642944e-02
3.561991214752197266e+00
5.772328749299049377e-02
9.781395085155963898e-03
1.007195040583610535e-01
5.844097733497619629e-01
6.355323195457458496e-01
1.249538064002990723e+00
1.719733774662017822e-01
0.000000000000000000e+00
2.281439602375030518e-01
3.545698709785938263e-04
5.052514076232910156e-01
8.757296204566955566e-01
4.851323068141937256e-01
1.061239168047904968e-01
3.441243767738342285e-01
4.884723573923110962e-02
2.356912195682525635e-02
3.549620211124420166e-01
6.379926204681396484e-02
7.552826777100563049e-03
1.994923502206802368e-01
4.913166165351867676e-02
1.987586915493011475e-01
2.603504657745361328e-01
3.973995894193649292e-02
1.619253009557723999e-01
2.272306708618998528e-03
4.202793240547180176e-01
8.526398241519927979e-02
2.586612701416015625e-01
1.233296468853950500e-01
2.331326482817530632e-03
1.217579352669417858e-03
1.261137798428535461e-02
4.613168537616729736e-01
1.361777633428573608e-02
2.336973994970321655e-01
1.093364238739013672e+00
4.959870502352714539e-02
0.000000000000000000e+00
0.000000000000000000e+00
3.881410695612430573e-03
0.000000000000000000e+00
0.000000000000000000e+00
2.265662699937820435e-01
0.000000000000000000e+00
1.293090451508760452e-02
3.713076114654541016e-01
0.000000000000000000e+00
2.350980639457702637e-01
9.107079356908798218e-03
2.615236282348632812e+00
0.000000000000000000e+00
4.107276350259780884e-02
0.000000000000000000e+00
5.564169883728027344e-01
8.968403935432434082e-02
4.362445771694183350e-01
5.960933491587638855e-02
2.665897458791732788e-02
1.069527417421340942e-01
6.975520253181457520e-01
3.923075199127197266e-01
4.633916020393371582e-01
1.157071962952613831e-01
7.957121133804321289e-01
3.105983510613441467e-02
6.075147166848182678e-02
2.355993688106536865e-01
0.000000000000000000e+00
0.000000000000000000e+00
2.949646301567554474e-02
2.238477766513824463e-01
6.299428939819335938e-01
1.050919771194458008e+00
4.638923332095146179e-02
0.000000000000000000e+00
2.117099016904830933e-01
4.377410933375358582e-02
4.220153689384460449e-01
2.081094495952129364e-02
2.984976768493652344e-01
6.930637955665588379e-01
4.649478569626808167e-02
0.000000000000000000e+00
1.258177310228347778e-01
1.205072551965713501e-02
2.268985845148563385e-02
7.432045936584472656e-01
6.814631819725036621e-02
8.070957660675048828e-02
2.029544353485107422e+00
3.760891407728195190e-02
0.000000000000000000e+00
0.000000000000000000e+00
1.041631922125816345e-01
0.000000000000000000e+00
2.729917526245117188e+00
3.438673540949821472e-02
9.696780443191528320e-01
4.493234157562255859e-01
7.240745425224304199e-01
7.734248042106628418e-01
0.000000000000000000e+00
1.927498281002044678e-01
3.656038641929626465e-01
2.249152027070522308e-02
5.047638714313507080e-02
3.715765476226806641e-01
1.166692376136779785e-01
3.846437931060791016e-01
4.289838951081037521e-03
8.065787144005298615e-03
1.076956748962402344e+00
3.104858398437500000e-01
1.771185547113418579e-01
6.060261651873588562e-02
4.024836421012878418e-01
2.454180568456649780e-01
6.630241870880126953e-01
2.264117598533630371e-01
4.526825845241546631e-01
2.061761766672134399e-01
5.238066911697387695e-01
3.907693549990653992e-02
2.076006382703781128e-01
0.000000000000000000e+00
1.024815201759338379e+00
3.595203876495361328e+00
2.122094482183456421e-02
1.703597605228424072e-02
1.626900434494018555e-01
0.000000000000000000e+00
4.553752839565277100e-01
5.350046604871749878e-02
9.443293213844299316e-01
2.621492147445678711e-01
1.755800396203994751e-01
2.967910654842853546e-02
4.457637369632720947e-01
0.000000000000000000e+00
4.333317875862121582e-01
2.210529565811157227e+00
5.411309242248535156e+00
3.443204462528228760e-01
8.656384944915771484e-01
4.963475745171308517e-03
8.699773997068405151e-02
1.958304271101951599e-02
2.328487396240234375e+00
4.056321382522583008e-01
5.903854221105575562e-02
0.000000000000000000e+00
0.000000000000000000e+00
0.000000000000000000e+00
3.283097445964813232e-01
2.334578186273574829e-01
1.311958134174346924e-01
0.000000000000000000e+00
1.069397807121276855e+00
6.510242819786071777e-02
0.000000000000000000e+00
3.379517048597335815e-02
2.946399927139282227e+00
1.466034531593322754e+00
0.000000000000000000e+00
1.653936266899108887e+00
1.078768491744995117e+00
3.634257614612579346e-02
0.000000000000000000e+00
1.667513489723205566e+00
2.828956246376037598e-01
1.821535676717758179e-01
5.299555659294128418e-01
1.454617828130722046e-02
1.849345564842224121e-01
4.716083779931068420e-02
8.859813213348388672e-02
1.431754231452941895e-01
5.709927529096603394e-02
0.000000000000000000e+00
2.039436250925064087e-02
6.963127851486206055e-02
7.261659950017929077e-02
3.532801941037178040e-02
4.516111910343170166e-01
2.858740985393524170e-01
8.394323289394378662e-02
1.416867077350616455e-01
5.847339630126953125e-01
1.228198632597923279e-01
3.215891838073730469e+00
3.623496741056442261e-03
5.086184740066528320e-01
2.711537480354309082e-01
0.000000000000000000e+00
0.000000000000000000e+00
4.042890548706054688e+00
2.071775868535041809e-02
4.906100928783416748e-01
3.272482007741928101e-02
5.485094338655471802e-02
0.000000000000000000e+00
1.359229385852813721e-01
1.266732066869735718e-01
2.284309417009353638e-01
8.868215680122375488e-01
7.596780657768249512e-01
0.000000000000000000e+00
1.529667973518371582e-01
1.899430602788925171e-01
4.092506468296051025e-01
2.498655393719673157e-02
0.000000000000000000e+00
3.061823546886444092e-01
3.359929323196411133e+00
0.000000000000000000e+00
5.653678178787231445e-01
5.857371725142002106e-03
2.266562730073928833e-02
1.172360181808471680e-01
3.823854774236679077e-02
2.004535049200057983e-01
3.394418861716985703e-03
9.987459778785705566e-01
7.473069429397583008e-02
8.463073968887329102e-01
7.912306487560272217e-02
2.049204558134078979e-01
1.485938876867294312e-01
1.465196162462234497e-01
3.068912029266357422e-01
2.929114364087581635e-02
8.110804110765457153e-02
5.988061800599098206e-02
1.442294940352439880e-02
4.403773844242095947e-01
1.736323162913322449e-02
1.382837165147066116e-02
1.140377998352050781e+00
6.482511758804321289e-01
1.984400004148483276e-01
1.179383974522352219e-02
2.900839745998382568e-01
2.899775266647338867e+00
6.596329063177108765e-02
3.345914483070373535e-01
2.165628910064697266e+00
1.490403413772583008e-01
2.212221145629882812e+00
1.557215601205825806e-01
3.820236623287200928e-01
1.311033964157104492e-01
1.184870377182960510e-01
0.000000000000000000e+00
4.484497010707855225e-01
7.027051877230405807e-03
7.743262499570846558e-02
3.096512332558631897e-02
0.000000000000000000e+00
0.000000000000000000e+00
2.298575937747955322e-01
1.345455050468444824e-01
4.481377080082893372e-02
4.527725577354431152e-01
9.861996769905090332e-02
1.409914612770080566e+00
6.946378853172063828e-03
0.000000000000000000e+00
0.000000000000000000e+00
2.246133834123611450e-01
0.000000000000000000e+00
6.321055442094802856e-02
1.790206730365753174e-01
3.932100255042314529e-03
0.000000000000000000e+00
2.494167722761631012e-02
2.719153463840484619e-01
1.660462170839309692e-01
0.000000000000000000e+00
3.800566494464874268e-02
6.609889268875122070e-01
1.255035120993852615e-02
3.778785094618797302e-02
0.000000000000000000e+00
0.000000000000000000e+00
1.479638218879699707e+00
6.132567524909973145e-01
6.941166520118713379e-02
1.825053691864013672e-01
0.000000000000000000e+00
0.000000000000000000e+00
8.853064775466918945e-01
3.717553913593292236e-01
2.744605779647827148e+00
0.000000000000000000e+00
2.598725855350494385e-01
3.739966312423348427e-03
4.467789828777313232e-01
5.104335308074951172e+00
3.935498893260955811e-01
5.390432197600603104e-03
3.468600809574127197e-01
2.421128749847412109e-01
5.452440977096557617e-01
3.118951281066983938e-05
6.073064729571342468e-02
9.708294272422790527e-01
1.502258330583572388e-01
1.784335263073444366e-02
0.000000000000000000e+00
2.272950708866119385e-01
2.003972530364990234e-01
2.149262875318527222e-01
0.000000000000000000e+00
0.000000000000000000e+00
7.225400209426879883e-01
3.645567595958709717e-01
0.000000000000000000e+00
1.122649312019348145e-01
5.543180704116821289e-01
1.995433121919631958e-01
6.690016388893127441e-02
9.646737575531005859e-02
7.055878639221191406e-02
3.864714875817298889e-02
6.797338128089904785e-01
3.392395377159118652e-01
2.307027205824851990e-02
0.000000000000000000e+00
5.070342868566513062e-02
8.217247202992439270e-03
0.000000000000000000e+00
2.810752153396606445e+00
6.066471338272094727e-02
2.859887778759002686e-01
0.000000000000000000e+00
1.147536747157573700e-02
6.403785198926925659e-02
0.000000000000000000e+00
4.463434219360351562e-03
9.964542463421821594e-03
3.868746571242809296e-03
3.191117644309997559e-01
2.974757850170135498e-01
0.000000000000000000e+00
1.889268755912780762e-01
8.809118270874023438e-01
2.380338668823242188e+00
0.000000000000000000e+00
2.842276096343994141e-01
3.113417923450469971e-01
0.000000000000000000e+00
0.000000000000000000e+00
8.608378469944000244e-03
9.436067193746566772e-02
6.652537733316421509e-02
6.095149554312229156e-03
5.488777756690979004e-01
3.744765184819698334e-03
1.162041723728179932e-01
2.774818837642669678e-01
6.120793819427490234e-01
0.000000000000000000e+00
1.241103187203407288e-01
1.270290166139602661e-01
1.027420386672019958e-01
3.060785308480262756e-02
0.000000000000000000e+00
3.176307380199432373e-01
1.654441952705383301e-01
3.687940910458564758e-02
5.104095116257667542e-02
9.360853582620620728e-02
0.000000000000000000e+00
8.835934996604919434e-01
7.242985814809799194e-02
0.000000000000000000e+00
2.110710367560386658e-02
6.214003637433052063e-02
2.633081078529357910e-01
8.713386207818984985e-02
0.000000000000000000e+00
8.212181925773620605e-01
2.899935245513916016e-01
6.790347397327423096e-02
0.000000000000000000e+00
5.655471086502075195e-01
9.694898128509521484e-01
4.322629272937774658e-01
0.000000000000000000e+00
1.365997344255447388e-01
1.117810234427452087e-01
0.000000000000000000e+00
5.257521942257881165e-02
0.000000000000000000e+00
2.390146255493164062e-01
2.181887149810791016e+00
1.728075444698333740e-01
2.636924386024475098e-01
2.030090242624282837e-01
5.499637126922607422e-01
1.619339466094970703e+00
5.277313590049743652e-01
7.065417766571044922e-01
3.030775114893913269e-02
3.559587299823760986e-01
1.299061328172683716e-01
0.000000000000000000e+00
1.588148996233940125e-02
7.102061063051223755e-03
2.780105173587799072e-01
0.000000000000000000e+00
8.200986310839653015e-03
2.645886875689029694e-02
4.067484661936759949e-02
8.119765520095825195e-01
1.498510539531707764e-01
1.507471501827239990e-01
0.000000000000000000e+00
3.893942339345812798e-03
8.004708290100097656e-01
2.286462187767028809e-01
3.061391413211822510e-02
0.000000000000000000e+00
7.196150720119476318e-02
4.128737151622772217e-01
6.335293650627136230e-01
9.232392907142639160e-02
0.000000000000000000e+00
2.420063763856887817e-01
3.155598044395446777e-02
1.598506234586238861e-02
0.000000000000000000e+00
1.741554588079452515e-02
0.000000000000000000e+00
1.817286759614944458e-01
8.066250011324882507e-03
2.053120732307434082e-01
3.377794027328491211e+00
3.841286757960915565e-03
1.997112855315208435e-02
4.747177064418792725e-01
7.520719170570373535e-01
6.465335376560688019e-03
6.928155571222305298e-02
5.533644929528236389e-03
2.458080798387527466e-01
3.524336218833923340e-01
5.226307362318038940e-02
4.018782451748847961e-02
1.204193085432052612e-01
2.797019183635711670e-01
1.046245917677879333e-01
5.777918547391891479e-02
4.196156188845634460e-02
2.119564533233642578e+00
2.483088150620460510e-02
0.000000000000000000e+00
1.678247302770614624e-01
1.976881623268127441e-01
1.472952812910079956e-01
0.000000000000000000e+00
5.751469135284423828e-01
1.190478578209877014e-01
3.575446367263793945e+00
1.546035259962081909e-01
2.178497463464736938e-01
1.707598417997360229e-01
0.000000000000000000e+00
0.000000000000000000e+00
4.915378615260124207e-02
0.000000000000000000e+00
3.255175054073333740e-01
2.578687369823455811e-01
3.041980974376201630e-02
9.973082542419433594e-01
9.374956488609313965e-01
3.935423865914344788e-02
5.357795357704162598e-01
6.811066269874572754e-01
4.332000017166137695e-02
6.456508487462997437e-02
6.805425137281417847e-02
8.964738994836807251e-02
2.896962642669677734e+00
1.269694447517395020e+00
1.813804060220718384e-01
5.150571232661604881e-04
3.036244213581085205e-01
1.790838316082954407e-02
4.271123409271240234e-01
0.000000000000000000e+00
2.561896443367004395e-01
7.348584532737731934e-01
3.052537441253662109e-01
0.000000000000000000e+00
3.101087331771850586e+00
1.409798115491867065e-01
4.281828999519348145e-01
4.929889440536499023e-01
1.723670400679111481e-02
8.799979686737060547e-01
0.000000000000000000e+00
1.855918049812316895e+00
4.932955503463745117e-01
2.640871703624725342e-02
3.464375495910644531e+00
2.745331497862935066e-03
0.000000000000000000e+00
9.018378704786300659e-02
0.000000000000000000e+00
1.546056568622589111e-01
1.206564437597990036e-02
4.195699468255043030e-02
5.862725973129272461e-01
3.103534579277038574e-01
3.153233602643013000e-02
1.582084447145462036e-01
2.599672079086303711e-01
1.253624330274760723e-03
1.612869799137115479e-01
0.000000000000000000e+00
1.242716610431671143e-02
1.264948491007089615e-02
5.106142163276672363e-01
0.000000000000000000e+00
1.706144690513610840e+00
7.353796064853668213e-02
1.679184734821319580e-01
0.000000000000000000e+00
2.074435502290725708e-01
3.751950860023498535e-01
0.000000000000000000e+00
9.116880595684051514e-02
1.694164872169494629e-01
1.128120303153991699e+00
1.622360348701477051e-01
6.155227497220039368e-02
2.374979257583618164e+00
9.024655818939208984e-01
1.170766592025756836e+00
5.997378826141357422e-01
0.000000000000000000e+00
0.000000000000000000e+00
0.000000000000000000e+00
5.194294452667236328e-01
1.201739236712455750e-01
1.957149654626846313e-01
1.394199859350919724e-02
2.070622891187667847e-01
0.000000000000000000e+00
1.463874988257884979e-02
4.804968237876892090e-01
1.212862730026245117e+00
0.000000000000000000e+00
9.393929503858089447e-03
2.544679641723632812e+00
3.506996110081672668e-02
1.120221540331840515e-01
1.218690276145935059e-01
1.232099011540412903e-01
5.602722615003585815e-02
1.005522999912500381e-02
0.000000000000000000e+00
4.527259469032287598e-01
3.274630308151245117e-01
4.788317084312438965e-01
6.168180843815207481e-04
8.658713847398757935e-02
7.480957079678773880e-03
3.595189005136489868e-02
1.115429122000932693e-02
1.140253022313117981e-01
5.493055582046508789e-01
0.000000000000000000e+00
0.000000000000000000e+00
0.000000000000000000e+00
9.342686086893081665e-02
6.586875300854444504e-03
2.405890375375747681e-01
6.245846161618828773e-04
1.537974178791046143e-01
1.253814622759819031e-02
1.422140151262283325e-01
1.432420313358306885e-02
0.000000000000000000e+00
3.962183594703674316e-01
1.936056613922119141e+00
0.000000000000000000e+00
2.208326309919357300e-01
0.000000000000000000e+00
2.799125313758850098e-01
1.058105193078517914e-02
2.855167686939239502e-01
1.564407944679260254e+00
6.294011473655700684e-01
9.262774884700775146e-02
4.058459401130676270e-02
3.500459715723991394e-02
3.599791228771209717e-02
0.000000000000000000e+00
2.347984351217746735e-02
3.073812484741210938e+00
0.000000000000000000e+00
6.148869991302490234e-01
3.655856847763061523e-01
1.361646503210067749e-01
5.683636665344238281e-01
1.084926277399063110e-01
9.042497724294662476e-02
4.212529063224792480e-01
1.199853494763374329e-01
0.000000000000000000e+00
7.263261359184980392e-03
4.265033900737762451e-01
7.330808043479919434e-02
1.060453522950410843e-02
4.286352545022964478e-02
7.892625927925109863e-01
7.310529947280883789e-01
4.574004933238029480e-02
6.970602273941040039e-02
0.000000000000000000e+00
5.492385625839233398e-01
8.121090531349182129e-01
0.000000000000000000e+00
0.000000000000000000e+00
0.000000000000000000e+00
1.736536249518394470e-02
0.000000000000000000e+00
8.710820972919464111e-02
4.674148559570312500e-02
7.408384233713150024e-02
3.469857931137084961e+00
1.879235170781612396e-02
3.585243597626686096e-02
2.200832217931747437e-01
0.000000000000000000e+00
4.801743477582931519e-02
0.000000000000000000e+00
4.184762239456176758e-01
0.000000000000000000e+00
2.792564034461975098e-01
1.161288749426603317e-02
1.854543924331665039e+00
0.000000000000000000e+00
7.846410870552062988e-01
0.000000000000000000e+00
6.701236218214035034e-02
1.141784060746431351e-02
6.576755046844482422e-01
4.532484710216522217e-01
1.461600884795188904e-02
0.000000000000000000e+00
0.000000000000000000e+00
3.107440769672393799e-01
5.220578517764806747e-03
5.151358246803283691e-01
2.440448999404907227e+00
1.382888853549957275e-01
1.501220464706420898e-01
2.511354088783264160e-01
1.515886862762272358e-03
7.613520622253417969e-01
2.017363160848617554e-01
7.109572887420654297e-01
1.632923483848571777e+00
6.694942712783813477e-02
3.479782342910766602e-01
3.659279346466064453e-01
3.829838335514068604e-02
0.000000000000000000e+00
0.000000000000000000e+00
0.000000000000000000e+00
1.294922828674316406e-02
0.000000000000000000e+00
7.314150333404541016e-01
9.723640978336334229e-02
4.888726770877838135e-01
1.754278391599655151e-01
3.477552160620689392e-02
0.000000000000000000e+00
2.891361117362976074e-01
2.144578285515308380e-02
3.681729733943939209e-01
6.803708672523498535e-01
0.000000000000000000e+00
1.491654217243194580e-01
1.103706479072570801e+00
1.325459033250808716e-01
0.000000000000000000e+00
0.000000000000000000e+00
2.163612842559814453e-01
1.379221200942993164e+00
1.790681630373001099e-01
1.923058927059173584e-01
6.328425407409667969e-01
1.258129719644784927e-02
1.327114462852478027e+00
7.066406011581420898e-01
2.012539356946945190e-01
7.556366324424743652e-01
1.068809509277343750e+00
0.000000000000000000e+00
3.798431158065795898e-01
3.957074284553527832e-01
2.009883075952529907e-01
8.238009177148342133e-04
3.617178499698638916e-01
2.476082891225814819e-01
1.499881893396377563e-01
4.216695129871368408e-01
2.302560210227966309e-01
1.490029543638229370e-01
7.736077904701232910e-02
0.000000000000000000e+00
6.772563327103853226e-03
0.000000000000000000e+00
6.532437801361083984e-01
5.610536932945251465e-01
1.476527005434036255e-01
0.000000000000000000e+00
5.899945497512817383e-01
8.538246154785156250e-01
8.358077704906463623e-02
9.131324291229248047e-02
2.763316035270690918e-02
0.000000000000000000e+00
9.198179841041564941e-02
1.723685562610626221e-01
1.107137054204940796e-01
9.233997017145156860e-02
9.818567894399166107e-03
3.317438960075378418e-01
6.073909997940063477e-01
2.203433811664581299e-01
1.138032823801040649e-01
6.774258017539978027e-01
5.249946564435958862e-02
1.684195637702941895e+00
3.688370883464813232e-01
0.000000000000000000e+00
1.850369572639465332e-01
3.861755728721618652e-01
0.000000000000000000e+00
1.411199718713760376e-01
1.023780107498168945e-01
1.397435553371906281e-02
6.775392889976501465e-01
0.000000000000000000e+00
1.861408054828643799e-01
8.243024945259094238e-01
3.119289577007293701e-01
7.618588209152221680e-01
1.750083267688751221e-02
1.323763281106948853e-01
0.000000000000000000e+00
6.630221754312515259e-02
5.400992631912231445e-01
3.878505900502204895e-02
0.000000000000000000e+00
1.572058200836181641e+00
5.103616714477539062e-01
1.144875288009643555e-01
2.293482795357704163e-02
4.239498376846313477e-01
0.000000000000000000e+00
4.845018684864044189e-02
2.359687983989715576e-01
1.442199945449829102e-01
5.660783648490905762e-01
9.673661552369594574e-03
0.000000000000000000e+00
4.374470096081495285e-03
3.382287453860044479e-03
0.000000000000000000e+00
1.019297167658805847e-01
2.499080598354339600e-01
1.152235507965087891e+00
7.135562300682067871e-01
4.880277812480926514e-02
0.000000000000000000e+00
1.004851609468460083e-01
1.188089489936828613e+00
0.000000000000000000e+00
3.118608295917510986e-01
0.000000000000000000e+00
3.736311495304107666e-01
5.312145128846168518e-02
3.515589982271194458e-02
7.373587787151336670e-02
2.110642343759536743e-01
0.000000000000000000e+00
5.412781238555908203e-01
0.000000000000000000e+00
0.000000000000000000e+00
3.726359903812408447e-01
0.000000000000000000e+00
7.253403067588806152e-01
1.979955583810806274e-01
0.000000000000000000e+00
6.796958446502685547e-01
5.098929405212402344e-01
0.000000000000000000e+00
6.528268754482269287e-02
3.531327962875366211e+00
2.216937486082315445e-03
0.000000000000000000e+00
0.000000000000000000e+00
4.006566479802131653e-02
1.452955324202775955e-02
5.529774427413940430e-01
5.215491633862257004e-03
8.585436642169952393e-02
1.364811807870864868e-01
1.648333221673965454e-01
1.573528409004211426e+00
3.211291506886482239e-02
3.625915050506591797e-01
5.052685737609863281e-01
1.736894696950912476e-01
1.512965559959411621e-01
5.270009040832519531e-01
2.856200560927391052e-02
1.274033039808273315e-01
7.021089643239974976e-02
3.993499651551246643e-02
1.604710966348648071e-01
1.459601819515228271e-01
1.567762158811092377e-02
2.225436419248580933e-01
7.827561348676681519e-03
1.756621003150939941e-01
0.000000000000000000e+00
8.673299849033355713e-02
3.467862959951162338e-03
5.917793512344360352e-01
1.303990632295608521e-01
3.235904872417449951e-01
3.736362457275390625e-01
3.439649820327758789e+00
4.298141598701477051e-01
0.000000000000000000e+00
6.294454634189605713e-02
4.070115089416503906e-01
1.653018407523632050e-03
5.956944227218627930e-01
0.000000000000000000e+00
5.464250221848487854e-02
0.000000000000000000e+00
0.000000000000000000e+00
0.000000000000000000e+00
0.000000000000000000e+00
2.385788410902023315e-01
0.000000000000000000e+00
0.000000000000000000e+00
1.043392196297645569e-01
4.857423007488250732e-01
6.173309683799743652e-01
4.999973475933074951e-01
1.751743853092193604e-01
2.765243053436279297e-01
8.183515630662441254e-03
6.705980777740478516e+00
0.000000000000000000e+00
3.244299292564392090e-01
3.746762871742248535e-01
7.025533318519592285e-01
0.000000000000000000e+00
1.360017538070678711e+00
7.891168445348739624e-02
1.221932172775268555e-01
2.886730730533599854e-01
1.513274908065795898e-01
5.945027470588684082e-01
4.985880553722381592e-01
4.473237991333007812e+00
8.865452766418457031e+00
6.089624166488647461e-01
7.412800788879394531e-01
4.091117065399885178e-03
0.000000000000000000e+00
