3.494566679000854492e-02
5.835991501808166504e-01
1.196965336799621582e+00
9.135240912437438965e-01
1.849534958600997925e-01
1.932231068611145020e+00
1.680164337158203125e-01
3.707645460963249207e-02
1.843631081283092499e-02
1.265913009643554688e+00
0.000000000000000000e+00
0.000000000000000000e+00
1.912981271743774414e-01
2.769437618553638458e-02
8.804786801338195801e-01
1.707044601440429688e+00
2.563488483428955078e-01
6.547127664089202881e-02
0.000000000000000000e+00
9.639845043420791626e-02
7.967888563871383667e-02
2.147463411092758179e-01
4.886249452829360962e-02
3.078801557421684265e-02
0.000000000000000000e+00
0.000000000000000000e+00
3.939856216311454773e-02
2.116618007421493530e-01
9.677959606051445007e-03
0.000000000000000000e+00
0.000000000000000000e+00
1.868200837634503841e-03
1.919287145137786865e-01
2.229083776473999023e-01
5.289420858025550842e-02
6.601802110671997070e-01
0.000000000000000000e+00
2.347225323319435120e-03
8.963523805141448975e-02
2.141730487346649170e-02
5.150983110070228577e-03
1.643079638481140137e+00
5.697326269000768661e-03
2.295649349689483643e-01
1.117731332778930664e+00
4.064731299877166748e-02
2.711511254310607910e-01
3.421899080276489258e-01
3.995025530457496643e-02
7.687262445688247681e-02
0.000000000000000000e+00
2.502448298037052155e-02
1.051711738109588623e-01
5.865719318389892578e-01
2.308162212371826172e+00
2.968086488544940948e-02
0.000000000000000000e+00
1.964306980371475220e-01
1.679718377999961376e-03
4.590791165828704834e-01
3.289790153503417969e-01
1.646162867546081543e-01
0.000000000000000000e+00
4.807651937007904053e-01
0.000000000000000000e+00
5.625057592988014221e-02
5.367459654808044434e-01
1.003406383097171783e-02
6.250017136335372925e-02
1.055102467536926270e+00
0.000000000000000000e+00
2.054261602461338043e-02
2.961543202400207520e-01
2.794176340103149414e-01
1.757734827697277069e-02
2.024741023778915405e-01
1.538437902927398682e-01
1.003375411033630371e+00
1.078263819217681885e-01
7.329302281141281128e-02
1.194538176059722900e-01
9.136320352554321289e-01
5.655946731567382812e-01
2.650276422500610352e-01
1.269907951354980469e-01
1.023663520812988281e+00
1.809122562408447266e-01
2.507937252521514893e-01
2.099687606096267700e-01
5.480444058775901794e-03
1.420015003532171249e-02
0.000000000000000000e+00
1.409000605344772339e-01
6.744776964187622070e-01
2.131558656692504883e-01
8.636235445737838745e-02
2.441086061298847198e-02
3.176840394735336304e-02
8.764851838350296021e-03
1.040239036083221436e-01
1.183953404426574707e+00
7.465904355049133301e-01
9.555777907371520996e-02
2.365465641021728516e+00
1.748031750321388245e-02
6.678189337253570557e-02
3.762853518128395081e-02
1.192179992794990540e-01
5.448818206787109375e-02
2.707921713590621948e-02
1.383235007524490356e-01
1.848355531692504883e-01
3.391695618629455566e-01
0.000000000000000000e+00
1.148000061511993408e-01
4.009693861007690430e-03
1.578759700059890747e-01
9.185647591948509216e-03
8.954304456710815430e-02
1.944373250007629395e+00
0.000000000000000000e+00
2.214502841234207153e-01
0.000000000000000000e+00
1.405918955802917480e+00
7.888743281364440918e-01
4.113454520702362061e-01
1.034463882446289062e+00
0.000000000000000000e+00
1.096357703208923340e-01
3.275323510169982910e-01
3.218044757843017578e+00
0.000000000000000000e+00
4.181539535522460938e+00
1.361819356679916382e-01
8.710549771785736084e-02
6.929668784141540527e-01
4.848479032516479492e-01
8.590220659971237183e-02
4.324164241552352905e-02
2.435472561046481133e-03
1.810431927442550659e-01
0.000000000000000000e+00
2.315958738327026367e-01
5.793906450271606445e-01
5.610385164618492126e-02
1.653715968132019043e+00
1.435184180736541748e-01
1.155274286866188049e-01
5.251251906156539917e-02
1.552658081054687500e+00
0.000000000000000000e+00
7.410537600517272949e-01
6.831503659486770630e-02
1.154879387468099594e-02
3.028106689453125000e-01
2.634835243225097656e-01
4.710833430290222168e-01
3.530840575695037842e-02
3.225912898778915405e-02
5.354670882225036621e-01
0.000000000000000000e+00
5.397021770477294922e+00
3.483100533485412598e-01
3.610974550247192383e-02
1.244101166725158691e+00
1.242674469947814941e+00
1.022691465914249420e-02
0.000000000000000000e+00
5.808391142636537552e-03
5.462665855884552002e-02
7.764356136322021484e-01
7.687658071517944336e-01
3.883317708969116211e-01
4.893356561660766602e-01
0.000000000000000000e+00
3.120420277118682861e-01
6.430797278881072998e-02
9.700947254896163940e-02
1.870520226657390594e-02
1.096841096878051758e+00
2.793651223182678223e-01
1.011805772781372070e+00
1.478359997272491455e-01
9.728684425354003906e-01
3.895275294780731201e-02
5.983478426933288574e-01
2.353555336594581604e-02
1.247294783592224121e+00
8.265662789344787598e-01
1.213212087750434875e-01
3.653603792190551758e-01
1.228289306163787842e-01
1.634428203105926514e-01
9.362957477569580078e-01
1.062119722366333008e+00
1.513467073440551758e+00
4.935750365257263184e-02
6.653916835784912109e-02
7.160496711730957031e-01
0.000000000000000000e+00
4.390154480934143066e-01
1.128585189580917358e-01
1.942262798547744751e-01
6.609021872282028198e-02
8.446770906448364258e-02
1.716293841600418091e-01
2.283015102148056030e-01
0.000000000000000000e+00
4.168443754315376282e-02
6.741488724946975708e-02
7.440455257892608643e-02
6.163534522056579590e-01
1.562494877725839615e-02
6.400587502866983414e-03
1.313976198434829712e-01
0.000000000000000000e+00
0.000000000000000000e+00
9.405092597007751465e-01
0.000000000000000000e+00
2.607780508697032928e-02
6.770462989807128906e-01
2.796524786390364170e-04
8.192615956068038940e-02
4.141283631324768066e-01
4.602566361427307129e-02
2.112893909215927124e-01
7.235773205757141113e-01
3.742898404598236084e-01
0.000000000000000000e+00
1.239380165934562683e-01
0.000000000000000000e+00
3.601222932338714600e-01
4.200789928436279297e-01
2.952559590339660645e-01
9.428168088197708130e-02
7.962733507156372070e-01
1.839251071214675903e-01
2.202503383159637451e-01
4.137947037816047668e-02
8.520044386386871338e-02
2.802146077156066895e-01
2.956516807898879051e-03
1.467921677976846695e-02
5.575147867202758789e-01
5.306201577186584473e-01
4.566039890050888062e-02
2.022485993802547455e-02
5.937383770942687988e-01
8.866465091705322266e-01
8.084043264389038086e-01
1.047934532165527344e+00
3.124879598617553711e-01
4.392300844192504883e-01
2.725569605827331543e-01
1.567171216011047363e-01
5.576432347297668457e-01
3.359882533550262451e-01
3.385909795761108398e-01
9.945398569107055664e-02
0.000000000000000000e+00
1.523381471633911133e-01
3.665527105331420898e-01
0.000000000000000000e+00
1.058724075555801392e-01
8.057133108377456665e-02
0.000000000000000000e+00
4.014185667037963867e-01
1.241433843970298767e-01
0.000000000000000000e+00
6.276970356702804565e-02
3.348707556724548340e-01
3.367466330528259277e-01
2.667799293994903564e-01
0.000000000000000000e+00
9.395469725131988525e-02
6.066039204597473145e-01
6.885045021772384644e-02
4.751791954040527344e-01
1.633289217948913574e+00
7.812801748514175415e-02
5.290218442678451538e-02
1.704930663108825684e-01
2.583515085279941559e-02
3.250626474618911743e-02
2.493748813867568970e-02
4.696160256862640381e-01
0.000000000000000000e+00
0.000000000000000000e+00
1.226495951414108276e-01
5.569135025143623352e-02
4.012838751077651978e-02
1.506458073854446411e-01
2.673505544662475586e-01
0.000000000000000000e+00
5.975862741470336914e-01
6.356906294822692871e-01
0.000000000000000000e+00
1.336388885974884033e-01
1.995741724967956543e-01
0.000000000000000000e+00
6.892501115798950195e-01
1.088339239358901978e-01
7.742893695831298828e-01
2.192258238792419434e-01
3.478242456912994385e-02
2.020685821771621704e-01
1.121591031551361084e-02
5.476191043853759766e-01
1.911298036575317383e-01
9.551972150802612305e-03
4.851093590259552002e-01
1.545595824718475342e-01
2.633871436119079590e-01
1.087999820709228516e+00
3.398772001266479492e+00
2.173944935202598572e-02
6.599663943052291870e-02
1.458383351564407349e-01
0.000000000000000000e+00
1.599468477070331573e-02
4.139625728130340576e-01
1.585699990391731262e-02
2.707339636981487274e-02
4.458568617701530457e-02
4.147267341613769531e-01
0.000000000000000000e+00
1.478643298149108887e+00
3.070607036352157593e-02
3.085934370756149292e-02
1.200644373893737793e+00
1.589521616697311401e-01
1.196154475212097168e+00
8.155089616775512695e-01
2.649478018283843994e-01
0.000000000000000000e+00
3.151962533593177795e-02
1.759985387325286865e-01
0.000000000000000000e+00
2.193283140659332275e-01
2.869189381599426270e-01
5.066315531730651855e-01
1.669570803642272949e-02
2.908894792199134827e-02
4.155793190002441406e-01
2.283578962087631226e-01
2.340827435255050659e-01
5.748794078826904297e-01
6.728388667106628418e-01
5.964402854442596436e-02
0.000000000000000000e+00
6.082215160131454468e-02
5.001517534255981445e-01
5.776166915893554688e-03
0.000000000000000000e+00
2.991907894611358643e-01
5.165085569024085999e-02
1.708939224481582642e-01
2.066813409328460693e-02
1.105012670159339905e-01
8.723335862159729004e-01
1.180973887443542480e+00
3.132260218262672424e-02
2.598824501037597656e-01
3.221088647842407227e-02
5.179015919566154480e-02
4.135392904281616211e-01
5.134827494621276855e-01
0.000000000000000000e+00
2.801119089126586914e-01
8.844613097608089447e-03
2.352174222469329834e-01
0.000000000000000000e+00
4.787637665867805481e-02
3.074418008327484131e-02
5.832551717758178711e-01
1.946584284305572510e-01
7.195995002985000610e-02
1.059701293706893921e-01
1.375430822372436523e-01
2.329987660050392151e-02
1.829509884119033813e-01
5.585657898336648941e-03
1.531598091125488281e+00
2.486474215984344482e-01
6.599009037017822266e-02
2.594628930091857910e-01
2.207117527723312378e-01
0.000000000000000000e+00
1.082750260829925537e-01
5.740182846784591675e-02
2.310535013675689697e-01
2.681590616703033447e-01
3.240756690502166748e-02
7.164422422647476196e-03
5.774297285825014114e-03
3.755079805850982666e-01
2.620815038681030273e-01
2.654177546501159668e-01
3.983054775744676590e-03
2.463010251522064209e-01
2.573068067431449890e-02
0.000000000000000000e+00
6.526486575603485107e-02
4.850213229656219482e-02
1.739752650260925293e+00
2.347943186759948730e-02
1.123563498258590698e-01
1.899501562118530273e+00
2.275631189346313477e+00
4.407475888729095459e-02
3.321859598159790039e+00
2.121432572603225708e-01
8.406132459640502930e-01
6.378383636474609375e-01
2.005571313202381134e-02
0.000000000000000000e+00
2.825873494148254395e-01
1.382042288780212402e+00
0.000000000000000000e+00
5.300557017326354980e-01
1.233989477157592773e+00
9.722071290016174316e-01
2.910492941737174988e-02
9.852740168571472168e-01
0.000000000000000000e+00
6.432366371154785156e-01
1.267370730638504028e-01
2.189138829708099365e-01
2.015110015869140625e+00
8.281345963478088379e-01
5.212485790252685547e-01
1.727888107299804688e+00
3.706629276275634766e-01
2.940313220024108887e-01
5.951787829399108887e-01
1.342438936233520508e+00
1.870482444763183594e+00
5.003102496266365051e-02
4.779322147369384766e+00
4.453366994857788086e-01
5.274278298020362854e-02
1.794230379164218903e-02
6.943511217832565308e-02
2.024050243198871613e-02
3.613067567348480225e-01
6.148359552025794983e-02
1.245477348566055298e-01
1.622750312089920044e-01
4.094532430171966553e-01
0.000000000000000000e+00
6.891898065805435181e-02
7.109651714563369751e-02
5.371714830398559570e-01
7.439455389976501465e-01
8.725821040570735931e-03
5.838805343955755234e-03
1.339912116527557373e-01
1.481249630451202393e-01
1.992823183536529541e-01
0.000000000000000000e+00
7.921911776065826416e-03
6.645171642303466797e-01
1.726093739271163940e-01
1.338673681020736694e-01
2.757486701011657715e-01
8.517709374427795410e-02
8.121348172426223755e-02
5.617693439126014709e-02
0.000000000000000000e+00
0.000000000000000000e+00
2.151804566383361816e-01
1.467532396316528320e+00
0.000000000000000000e+00
2.907647937536239624e-02
3.794867545366287231e-02
8.198398351669311523e-02
1.357683632522821426e-02
3.375096917152404785e-01
0.000000000000000000e+00
1.855372451245784760e-02
1.898256093263626099e-01
2.549712955951690674e-01
8.434197306632995605e-01
2.065297365188598633e-01
1.290262639522552490e-01
3.152551129460334778e-02
1.628695987164974213e-02
9.588828682899475098e-02
1.384430974721908569e-01
8.039215207099914551e-01
4.109007772058248520e-03
1.018637657165527344e+00
5.801190733909606934e-01
4.070258699357509613e-03
1.649260669946670532e-01
2.767715454101562500e-01
5.987425446510314941e-01
7.850831001996994019e-02
8.869546651840209961e-01
5.276385694742202759e-03
3.314056098461151123e-01
1.237353030592203140e-02
5.041412711143493652e-01
0.000000000000000000e+00
9.799271225929260254e-01
1.007027551531791687e-02
0.000000000000000000e+00
1.355216205120086670e-01
3.426906652748584747e-03
7.684695124626159668e-01
6.507631540298461914e-01
2.756078541278839111e-01
7.220095396041870117e-01
0.000000000000000000e+00
8.128470182418823242e-02
5.638785660266876221e-03
0.000000000000000000e+00
8.304710984230041504e-01
1.456846594810485840e+00
9.644974768161773682e-02
3.160756528377532959e-01
1.226238980889320374e-01
2.863647639751434326e-01
0.000000000000000000e+00
3.429232910275459290e-02
1.329139620065689087e-01
1.355580538511276245e-01
1.168608199805021286e-02
0.000000000000000000e+00
9.709421545267105103e-02
3.826287686824798584e-01
7.811801135540008545e-02
4.746368899941444397e-02
0.000000000000000000e+00
1.315632164478302002e-01
1.276115924119949341e-01
8.698762953281402588e-02
1.137702018022537231e-01
2.804381847381591797e-01
5.788086056709289551e-01
5.006367713212966919e-02
1.576120555400848389e-01
4.284324496984481812e-02
3.538513183593750000e-01
1.936426162719726562e-01
4.241813421249389648e-01
1.539027690887451172e-01
3.457664847373962402e-01
9.683037549257278442e-02
0.000000000000000000e+00
0.000000000000000000e+00
0.000000000000000000e+00
9.110403060913085938e-01
1.459797143936157227e+00
2.996627390384674072e-01
5.829011648893356323e-02
3.512390255928039551e-01
0.000000000000000000e+00
3.903616964817047119e-01
0.000000000000000000e+00
0.000000000000000000e+00
7.247843742370605469e-01
1.286280453205108643e-01
1.297548264265060425e-01
2.528643012046813965e-01
4.085083007812500000e-01
3.657641634345054626e-02
3.142221927642822266e+00
9.337576106190681458e-03
7.914716601371765137e-01
6.208733655512332916e-03
6.696023792028427124e-02
3.178893029689788818e-01
1.216648221015930176e-01
9.536147713661193848e-01
1.210059691220521927e-02
2.308667898178100586e+00
1.292019933462142944e-01
1.253172278404235840e+00
5.550290942192077637e-01
1.510938167572021484e+00
7.848228327929973602e-03
4.334248229861259460e-02
0.000000000000000000e+00
1.992797255516052246e+00
3.829537599813193083e-04
1.597359180450439453e-01
4.831862822175025940e-02
1.762061864137649536e-01
3.853611946105957031e-01
2.336027175188064575e-01
3.217244446277618408e-01
7.022301852703094482e-02
8.243122138082981110e-03
5.644501447677612305e-01
7.244130969047546387e-01
6.047455221414566040e-02
3.576429784297943115e-01
2.296538829803466797e+00
6.987912952899932861e-02
1.604023694992065430e+00
0.000000000000000000e+00
6.912963930517435074e-03
1.316730380058288574e+00
0.000000000000000000e+00
1.070788353681564331e-01
4.079179838299751282e-02
5.605532228946685791e-02
2.303727343678474426e-02
0.000000000000000000e+00
7.497261762619018555e-01
4.000077545642852783e-01
1.969736218452453613e-01
1.005951523780822754e+00
5.226073414087295532e-02
8.741524070501327515e-02
9.113048017024993896e-02
1.015814393758773804e-01
0.000000000000000000e+00
3.253196179866790771e-02
8.509075641632080078e-02
8.612741827964782715e-01
0.000000000000000000e+00
2.038511931896209717e-01
5.350880324840545654e-02
0.000000000000000000e+00
2.720668315887451172e-01
1.043448038399219513e-02
1.072570681571960449e-01
5.112588405609130859e-01
2.858812687918543816e-03
3.669887781143188477e-02
4.357471317052841187e-02
1.551634073257446289e-01
6.504014134407043457e-01
0.000000000000000000e+00
2.612976431846618652e-01
2.680153213441371918e-02
4.346455931663513184e-01
3.820581734180450439e-01
1.559757348150014877e-02
3.284353017807006836e-01
0.000000000000000000e+00
4.144693911075592041e-01
1.541104465723037720e-01
1.578223146498203278e-02
0.000000000000000000e+00
1.188480257987976074e-01
3.146895021200180054e-02
1.404268503189086914e+00
0.000000000000000000e+00
2.893661856651306152e-01
1.928818941116333008e+00
8.106791377067565918e-01
0.000000000000000000e+00
3.290292248129844666e-02
1.330955885350704193e-02
3.502240777015686035e-01
1.332554817199707031e+00
0.000000000000000000e+00
2.740514576435089111e-01
2.864787355065345764e-02
2.638829946517944336e-01
5.529521778225898743e-02
8.924527168273925781e-01
1.045849800109863281e+00
8.644432574510574341e-02
1.041230082511901855e+00
1.187216192483901978e-01
8.335960507392883301e-01
3.634350723586976528e-04
7.092462778091430664e-01
1.009013131260871887e-01
5.490707978606224060e-02
2.793985009193420410e-01
3.096181392669677734e+00
4.235441982746124268e-02
3.116793744266033173e-02
6.284007430076599121e-02
4.192478358745574951e-01
9.235525876283645630e-02
9.501203894615173340e-02
0.000000000000000000e+00
4.293602332472801208e-02
4.698863029479980469e+00
2.408574968576431274e-01
1.049393862485885620e-01
1.875866353511810303e-01
1.888860017061233521e-01
2.243729382753372192e-01
3.336619138717651367e-01
6.495441775768995285e-03
7.424745708703994751e-02
1.473962903022766113e+00
2.932862564921379089e-02
6.122439634054899216e-03
5.151599273085594177e-02
3.355425142217427492e-04
0.000000000000000000e+00
1.018933057785034180e-01
0.000000000000000000e+00
5.696793645620346069e-02
3.953710943460464478e-02
3.249436989426612854e-02
1.159234717488288879e-01
4.084508419036865234e-01
0.000000000000000000e+00
1.552128076553344727e+00
3.018163442611694336e-01
3.191522508859634399e-02
7.596414685249328613e-01
2.051744461059570312e+00
9.956497699022293091e-02
4.175984300673007965e-03
2.337523698806762695e+00
0.000000000000000000e+00
4.235464930534362793e-01
3.136886358261108398e-01
1.129445433616638184e+00
1.362792588770389557e-02
2.195249050855636597e-01
1.553946584463119507e-01
4.692748785018920898e-01
3.347354382276535034e-02
3.605062484741210938e+00
2.853664755821228027e-01
7.988881319761276245e-03
9.127012491226196289e-01
1.387538462877273560e-01
9.927119016647338867e-01
2.844281792640686035e-01
3.766153752803802490e-01
0.000000000000000000e+00
1.054597571492195129e-01
1.591961532831192017e-01
0.000000000000000000e+00
2.145137310028076172e+00
5.320625901222229004e-01
2.853603065013885498e-01
7.361788153648376465e-01
0.000000000000000000e+00
2.031894922256469727e-01
2.984913885593414307e-01
5.079369619488716125e-02
5.192701220512390137e-01
0.000000000000000000e+00
9.805954098701477051e-01
7.278234362602233887e-01
3.136752173304557800e-02
1.294513940811157227e+00
1.113875806331634521e-01
0.000000000000000000e+00
2.737365961074829102e-01
1.704324483871459961e+00
1.423527719452977180e-03
0.000000000000000000e+00
3.132557868957519531e-02
2.199194580316543579e-01
5.356800556182861328e-01
4.039205312728881836e-01
6.674616932868957520e-01
1.243375940248370171e-03
1.755333393812179565e-01
1.412588357925415039e+00
3.129956126213073730e-01
4.345685541629791260e-01
8.376284688711166382e-02
3.052309155464172363e-02
1.851921826601028442e-01
1.584375500679016113e-01
0.000000000000000000e+00
1.541168987751007080e-01
8.023656904697418213e-02
9.206316620111465454e-02
7.574617266654968262e-01
5.598726272583007812e-01
1.974006444215774536e-01
0.000000000000000000e+00
5.964368581771850586e-01
5.032241344451904297e-01
9.634185582399368286e-03
0.000000000000000000e+00
1.187195908278226852e-02
3.820969490334391594e-03
0.000000000000000000e+00
7.866960763931274414e-01
9.117034822702407837e-02
9.273151308298110962e-02
2.982310717925429344e-03
1.424796283245086670e-01
2.642861604690551758e-01
0.000000000000000000e+00
2.371845245361328125e-01
5.981760472059249878e-02
4.898976683616638184e-01
6.297331303358078003e-02
8.331448584794998169e-02
2.135296016931533813e-01
1.642171263694763184e+00
1.126202344894409180e+00
1.809428930282592773e-01
5.925520136952400208e-02
2.107132524251937866e-01
4.693236947059631348e-01
2.622621366754174232e-03
0.000000000000000000e+00
0.000000000000000000e+00
9.780794382095336914e-02
0.000000000000000000e+00
7.420963793992996216e-02
4.580641165375709534e-03
5.236771330237388611e-02
1.073959916830062866e-01
5.470603704452514648e-02
1.970783770084381104e-01
8.846313953399658203e-01
0.000000000000000000e+00
1.860644340515136719e+00
2.583863772451877594e-02
1.539288787171244621e-03
8.332479000091552734e-01
0.000000000000000000e+00
1.574941128492355347e-01
0.000000000000000000e+00
2.722749412059783936e-01
0.000000000000000000e+00
1.830139942467212677e-02
2.722442746162414551e-01
0.000000000000000000e+00
0.000000000000000000e+00
0.000000000000000000e+00
2.682159245014190674e-01
9.337929487228393555e-01
6.226983070373535156e-01
3.610795736312866211e+00
3.010859489440917969e-01
5.062530934810638428e-02
5.955564230680465698e-02
2.702832520008087158e-01
2.793111801147460938e-01
0.000000000000000000e+00
1.015149801969528198e-01
3.486524224281311035e-01
0.000000000000000000e+00
1.609116196632385254e-01
2.152275145053863525e-01
6.971420645713806152e-01
1.250869687646627426e-02
6.607833201996982098e-04
0.000000000000000000e+00
6.052576377987861633e-02
1.214221864938735962e-01
1.869969606399536133e+00
1.260537356138229370e-01
5.684600025415420532e-02
3.320885598659515381e-01
1.662427783012390137e-01
0.000000000000000000e+00
1.282694004476070404e-02
1.129288971424102783e-01
4.531018063426017761e-02
6.554830670356750488e-01
0.000000000000000000e+00
1.502367615699768066e+00
6.538936495780944824e-02
4.880550503730773926e-01
2.135225385427474976e-01
1.068396568298339844e+00
3.332170471549034119e-02
0.000000000000000000e+00
7.732544559985399246e-03
1.562556484714150429e-03
1.307373493909835815e-01
2.215865403413772583e-01
1.371213328093290329e-02
3.661105874925851822e-03
8.458437323570251465e-01
1.131361443549394608e-02
9.375795722007751465e-01
2.792205512523651123e-01
1.663648039102554321e-01
0.000000000000000000e+00
2.299467660486698151e-02
1.364755630493164062e-01
0.000000000000000000e+00
4.179828464984893799e-01
1.621755957603454590e-01
1.158825587481260300e-02
2.085037678480148315e-01
1.149139180779457092e-01
4.665829539299011230e-01
0.000000000000000000e+00
6.373870372772216797e-01
0.000000000000000000e+00
6.219376996159553528e-02
3.537301346659660339e-02
2.195973098278045654e-01
0.000000000000000000e+00
2.135768383741378784e-01
2.241187542676925659e-01
1.373089700937271118e-01
2.333198487758636475e-01
2.793278694152832031e+00
1.262950181961059570e+00
0.000000000000000000e+00
4.564653038978576660e-01
1.074822321534156799e-01
1.208687782287597656e+00
5.620209574699401855e-01
1.466736756265163422e-02
9.955179691314697266e-02
2.423273175954818726e-01
2.228631377220153809e-01
5.823466461151838303e-03
1.174214780330657959e-01
0.000000000000000000e+00
7.269228994846343994e-02
1.104487776756286621e-01
0.000000000000000000e+00
3.498768806457519531e-01
4.624774679541587830e-02
0.000000000000000000e+00
1.882735043764114380e-01
0.000000000000000000e+00
7.836026549339294434e-01
3.957911431789398193e-01
1.845010817050933838e-01
5.414034426212310791e-02
5.325129985809326172e+00
4.767736047506332397e-02
8.282427191734313965e-01
5.882599949836730957e-01
2.767632901668548584e-01
1.516781568527221680e+00
2.397869080305099487e-01
1.691214856691658497e-03
1.043452620506286621e-01
1.778853237628936768e-01
0.000000000000000000e+00
4.901342839002609253e-02
4.991542696952819824e-01
0.000000000000000000e+00
0.000000000000000000e+00
1.795384883880615234e-01
2.435880005359649658e-01
6.651271134614944458e-03
7.828772813081741333e-02
6.234410777688026428e-02
1.663916707038879395e-01
1.601797044277191162e-01
0.000000000000000000e+00
1.869142502546310425e-01
1.523437619209289551e+00
2.247117310762405396e-01
0.000000000000000000e+00
2.344998359680175781e+00
8.521987199783325195e-01
8.238235116004943848e-01
1.992641249671578407e-03
1.232949256896972656e+00
3.721875250339508057e-01
6.377370655536651611e-02
1.223278790712356567e-01
1.522162463515996933e-02
1.720173060894012451e-01
3.184715509414672852e-01
2.053283929824829102e+00
2.023115940392017365e-02
6.663994193077087402e-01
2.852305471897125244e-01
0.000000000000000000e+00
0.000000000000000000e+00
7.707427740097045898e-01
1.425063163042068481e-01
1.220624446868896484e+00
3.661082088947296143e-01
1.372431665658950806e-01
7.518466114997863770e-01
1.700414121150970459e-01
1.864874176681041718e-02
6.580377370119094849e-02
2.382706552743911743e-01
3.519579172134399414e-01
4.594337567687034607e-02
1.509916305541992188e+00
1.802647672593593597e-02
2.508599758148193359e-01
0.000000000000000000e+00
6.678756475448608398e-01
0.000000000000000000e+00
2.123735398054122925e-01
1.061327338218688965e+00
5.621443316340446472e-02
2.115124464035034180e-01
1.525853157043457031e+00
1.365553975105285645e+00
8.474807441234588623e-02
0.000000000000000000e+00
5.861561000347137451e-02
2.378200590610504150e-01
1.200851127505302429e-01
2.672354578971862793e-01
9.935000538825988770e-01
2.773230075836181641e-01
4.630265757441520691e-02
1.184550821781158447e-01
1.362654119729995728e-01
1.176992416381835938e+00
0.000000000000000000e+00
2.678780555725097656e-01
2.380208969116210938e-01
9.171114563941955566e-01
1.464835833758115768e-02
9.971331954002380371e-01
1.030116319656372070e+00
5.011371970176696777e-01
8.305993676185607910e-02
9.182109236717224121e-01
0.000000000000000000e+00
1.005566795356571674e-03
7.825749367475509644e-02
8.414877057075500488e-01
8.875268697738647461e-01
1.660632900893688202e-03
3.366625308990478516e-01
1.293405592441558838e-01
5.841113328933715820e-01
5.566922947764396667e-02
2.364818006753921509e-01
4.363209940493106842e-03
2.093114703893661499e-01
2.154369205236434937e-01
5.708128809928894043e-01
2.183568179607391357e-01
1.867582947015762329e-01
6.018487215042114258e-01
5.734907984733581543e-01
1.780795119702816010e-02
2.401473559439182281e-02
2.810658812522888184e-01
9.828107953071594238e-01
2.752093970775604248e-02
0.000000000000000000e+00
2.525222301483154297e-01
2.403507232666015625e-01
3.212446114048361778e-03
0.000000000000000000e+00
5.199152603745460510e-02
2.450565338134765625e+00
0.000000000000000000e+00
4.712394475936889648e-01
3.471029698848724365e-01
1.546651031821966171e-02
0.000000000000000000e+00
0.000000000000000000e+00
1.609079092741012573e-01
7.075592279434204102e-01
1.140240654349327087e-01
3.398704826831817627e-01
1.682280749082565308e-01
2.192229032516479492e-01
9.759741276502609253e-02
2.038850449025630951e-02
0.000000000000000000e+00
1.268323957920074463e-01
3.876487255096435547e+00
0.000000000000000000e+00
2.484179474413394928e-02
4.630271792411804199e-01
5.476820096373558044e-02
4.463064484298229218e-03
2.191883027553558350e-01
1.130757570266723633e+00
9.748384952545166016e-01
8.248335868120193481e-02
8.254330158233642578e-01
9.171012789011001587e-02
2.044142335653305054e-01
2.527508437633514404e-01
6.452650427818298340e-01
1.785264909267425537e-01
8.493783883750438690e-03
3.244268894195556641e+00
5.143518447875976562e-01
8.315997570753097534e-02
3.567520380020141602e-01
3.601395338773727417e-02
0.000000000000000000e+00
8.399895578622817993e-02
3.409869968891143799e-01
5.122367292642593384e-02
4.292522370815277100e-01
2.001297712326049805e+00
3.899750709533691406e-01
4.922797679901123047e-01
1.369961351156234741e-01
1.732523739337921143e-02
2.806863486766815186e-01
8.678157329559326172e-01
1.266569942235946655e-01
1.028135299682617188e+00
1.104043610394001007e-02
6.188115477561950684e-02
0.000000000000000000e+00
9.250417351722717285e-01
1.066015195101499557e-02
3.261825144290924072e-01
9.017081260681152344e-01
2.727916464209556580e-03
9.719005972146987915e-02
4.195601046085357666e-01
2.534669823944568634e-02
1.403947547078132629e-02
8.037116378545761108e-03
1.998643875122070312e-01
3.360842764377593994e-01
6.532565355300903320e-01
5.611904338002204895e-02
4.110413789749145508e-01
1.895795762538909912e-01
0.000000000000000000e+00
5.377995967864990234e-01
0.000000000000000000e+00
3.000280559062957764e-01
1.823511123657226562e+00
3.355291113257408142e-02
3.419950008392333984e-01
4.701544344425201416e-01
3.729917705059051514e-01
0.000000000000000000e+00
0.000000000000000000e+00
1.915892809629440308e-01
0.000000000000000000e+00
5.624687299132347107e-02
5.992022752761840820e-01
2.604169547557830811e-01
8.530398458242416382e-02
1.257840633392333984e+00
1.222178339958190918e+00
7.753644585609436035e-01
5.837136413902044296e-03
0.000000000000000000e+00
2.997015476226806641e+00
2.003467082977294922e+00
4.904768895357847214e-03
1.276711702346801758e+00
0.000000000000000000e+00
2.040883060544729233e-03
2.258487641811370850e-01
2.712944895029067993e-02
9.010708332061767578e-02
3.332707583904266357e-01
5.710825324058532715e-02
0.000000000000000000e+00
2.257739193737506866e-02
9.526395797729492188e-02
7.277418375015258789e-01
3.889474319294095039e-03
4.195195138454437256e-01
0.000000000000000000e+00
2.990508377552032471e-01
5.663024494424462318e-04
0.000000000000000000e+00
2.175206989049911499e-01
5.868556022644042969e+00
8.759060874581336975e-04
0.000000000000000000e+00
2.128860354423522949e-02
5.825149416923522949e-01
8.488922119140625000e-01
6.006771922111511230e-01
0.000000000000000000e+00
1.135078966617584229e-01
1.624964624643325806e-01
2.883810698986053467e-01
1.007430076599121094e+00
4.832854866981506348e-01
1.875415921211242676e+00
1.895020715892314911e-02
5.202542990446090698e-02
3.705104887485504150e-01
3.750406578183174133e-02
9.442116618156433105e-01
6.101720780134201050e-02
3.240454569458961487e-02
1.911841511726379395e+00
2.832804620265960693e-01
8.002581596374511719e-01
5.715080499649047852e-01
5.933228135108947754e-01
2.610087990760803223e-01
1.068349182605743408e-01
1.318571090698242188e+00
4.199559986591339111e-01
3.292502164840698242e+00
0.000000000000000000e+00
4.351672530174255371e-02
0.000000000000000000e+00
4.680289328098297119e-01
1.924022734165191650e-01
9.372655749320983887e-01
9.280513972043991089e-03
6.605375409126281738e-01
1.304355710744857788e-01
5.787199363112449646e-02
4.569513797760009766e-01
0.000000000000000000e+00
4.138906672596931458e-02
4.629778489470481873e-02
7.523605227470397949e-01
6.602474302053451538e-02
7.346717268228530884e-02
3.726232424378395081e-02
3.854476287961006165e-02
6.390748172998428345e-02
5.543724633753299713e-03
3.084245324134826660e-01
2.174115739762783051e-02
2.503171004354953766e-02
3.937511444091796875e-01
1.938863843679428101e-01
2.715159393846988678e-02
1.803120784461498260e-02
1.854144185781478882e-01
5.756513774394989014e-02
7.153023481369018555e-01
4.426938295364379883e-02
0.000000000000000000e+00
2.620334923267364502e-01
9.753432273864746094e-01
2.115280628204345703e-01
2.151913642883300781e+00
7.045552134513854980e-01
8.345125913619995117e-01
0.000000000000000000e+00
4.757849127054214478e-02
2.707507088780403137e-02
0.000000000000000000e+00
5.043431743979454041e-02
9.048712253570556641e-02
8.490750193595886230e-02
1.118426248431205750e-01
7.061763852834701538e-02
6.266392469406127930e-01
1.342367649078369141e+00
5.938914138823747635e-03
3.602598011493682861e-01
0.000000000000000000e+00
2.072108089923858643e-01
3.464387655258178711e-01
2.618231773376464844e-01
4.380318801850080490e-03
4.864853024482727051e-01
4.178023338317871094e-02
9.454834461212158203e-01
1.008683592081069946e-01
1.149574279785156250e+00
1.650457531213760376e-01
3.304289281368255615e-01
2.289084047079086304e-01
6.511505842208862305e-01
1.788591891527175903e-01
9.245614521205425262e-03
3.407535701990127563e-02
1.737807393074035645e+00
7.282460927963256836e-01
0.000000000000000000e+00
1.611687615513801575e-02
0.000000000000000000e+00
4.666407585144042969e+00
1.059700012207031250e+00
1.166563387960195541e-02
0.000000000000000000e+00
3.294292837381362915e-02
7.161010988056659698e-03
1.032537892460823059e-01
0.000000000000000000e+00
1.628180593252182007e-02
5.538727641105651855e-01
1.892539620399475098e+00
2.261732816696166992e-01
2.144404873251914978e-02
1.213976383209228516e+00
2.129793018102645874e-01
8.681501494720578194e-04
4.970169067382812500e-01
0.000000000000000000e+00
6.195312142372131348e-01
9.585543274879455566e-01
4.114436805248260498e-01
7.442705035209655762e-01
3.286681175231933594e-01
1.468024402856826782e-01
6.340405464172363281e+00
8.776254206895828247e-02
1.019058823585510254e+00
7.850899100303649902e-01
0.000000000000000000e+00
9.516921639442443848e-02
4.914393424987792969e-01
1.952371001243591309e-02
5.689147114753723145e-01
1.828098744153976440e-01
0.000000000000000000e+00
9.262138605117797852e-01
5.948535352945327759e-02
1.781862601637840271e-02
9.867675900459289551e-01
2.581497669219970703e+00
1.321037113666534424e-01
2.502039372920989990e-01
1.130935698747634888e-01
1.600192934274673462e-01
1.900695711374282837e-01
8.183272480964660645e-01
1.406756758689880371e+00
7.024731040000915527e-01
1.360635012388229370e-01
0.000000000000000000e+00
0.000000000000000000e+00
6.474722027778625488e-01
1.230971366167068481e-01
1.903923749923706055e-01
5.145798325538635254e-01
4.495711028575897217e-01
4.479990899562835693e-01
1.186216920614242554e-01
8.186025619506835938e-01
5.073994398117065430e-02
3.677099645137786865e-01
4.413695037364959717e-01
4.435740038752555847e-02
8.109956979751586914e-02
1.191164925694465637e-01
1.397155970335006714e-02
8.519794940948486328e-01
1.502086222171783447e-01
3.878770470619201660e-01
3.417690694332122803e-01
1.222546696662902832e-01
3.424258902668952942e-02
7.147688418626785278e-02
7.446447014808654785e-01
8.248941898345947266e-01
1.308796048164367676e+00
0.000000000000000000e+00
1.862892210483551025e-01
2.195395715534687042e-02
8.255357742309570312e-01
1.880738139152526855e-01
6.784306764602661133e-01
8.426308035850524902e-01
2.183750644326210022e-02
2.338111996650695801e-01
9.386863708496093750e-01
0.000000000000000000e+00
1.186146497726440430e+00
4.731742441654205322e-01
7.341754436492919922e-01
9.964001923799514771e-02
4.696306884288787842e-01
0.000000000000000000e+00
3.730432987213134766e-01
0.000000000000000000e+00
4.045242909342050552e-03
1.442857552319765091e-02
1.266367360949516296e-02
0.000000000000000000e+00
6.279977411031723022e-02
1.616752706468105316e-02
6.090360879898071289e-01
7.662890553474426270e-01
2.513306736946105957e-01
1.957827657461166382e-01
9.959253072738647461e-01
9.176226705312728882e-02
1.813865751028060913e-01
1.588457077741622925e-01
8.465335518121719360e-02
9.856050610542297363e-01
2.154270410537719727e+00
9.759797900915145874e-02
2.078574523329734802e-02
3.300246298313140869e-01
0.000000000000000000e+00
8.277794718742370605e-02
7.611831277608871460e-02
4.512678980827331543e-01
9.443800896406173706e-03
0.000000000000000000e+00
8.127030450850725174e-04
4.833119735121726990e-02
1.312219619750976562e+00
1.291101425886154175e-01
0.000000000000000000e+00
1.583327293395996094e+00
3.379403054714202881e-02
0.000000000000000000e+00
5.948632359504699707e-01
1.108888030052185059e+00
2.621369436383247375e-02
1.951604783535003662e-01
5.737378001213073730e-01
3.756272606551647186e-03
3.552857935428619385e-01
1.644022166728973389e-01
2.317373037338256836e+00
2.011062577366828918e-02
1.731828600168228149e-01
2.721354961395263672e+00
5.481505990028381348e-01
4.331983998417854309e-02
1.015483029186725616e-02
8.002810925245285034e-02
2.367841601371765137e-01
4.939252510666847229e-02
3.996103107929229736e-01
3.840835690498352051e-01
0.000000000000000000e+00
7.254911959171295166e-02
1.709435731172561646e-01
1.413250118494033813e-01
3.050435781478881836e-01
0.000000000000000000e+00
3.114114105701446533e-01
1.280236691236495972e-01
1.669909954071044922e-01
9.572828412055969238e-01
5.135650634765625000e-01
5.358927845954895020e-01
0.000000000000000000e+00
9.637920558452606201e-02
5.003078281879425049e-02
4.534115642309188843e-02
4.095987230539321899e-02
1.824432909488677979e-01
5.188461542129516602e-01
8.183962106704711914e-01
4.595766663551330566e-01
9.612844139337539673e-02
5.219717323780059814e-02
0.000000000000000000e+00
9.887447953224182129e-01
4.917561411857604980e-01
9.263528585433959961e-01
2.238288670778274536e-01
1.500449061393737793e+00
3.196903169155120850e-01
0.000000000000000000e+00
2.915631830692291260e-01
1.024800539016723633e-01
1.211918219923973083e-01
6.516276393085718155e-03
1.944279223680496216e-01
0.000000000000000000e+00
1.453856080770492554e-01
2.605959773063659668e-02
8.755125999450683594e-01
3.076850622892379761e-02
5.035772323608398438e+00
7.545799612998962402e-01
0.000000000000000000e+00
2.514395117759704590e-01
5.390935540199279785e-01
1.099741831421852112e-01
3.711636662483215332e-01
0.000000000000000000e+00
6.027271151542663574e-01
0.000000000000000000e+00
1.854394227266311646e-01
2.714762687683105469e-01
7.058697938919067383e-02
6.963772773742675781e-01
3.902959451079368591e-02
8.310672827064990997e-03
1.644898951053619385e-02
0.000000000000000000e+00
1.744260191917419434e-01
1.323257446289062500e+00
2.430463135242462158e-01
8.298420161008834839e-02
0.000000000000000000e+00
5.801509022712707520e-01
3.489571064710617065e-02
7.227016612887382507e-04
3.002283535897731781e-02
3.262953758239746094e-01
0.000000000000000000e+00
1.875877566635608673e-02
3.777543827891349792e-02
1.407417468726634979e-02
2.118445038795471191e-01
2.789009511470794678e-01
4.439771175384521484e-01
3.050689399242401123e-02
2.702636122703552246e-01
1.689843535423278809e-01
3.839810490608215332e-01
4.425404667854309082e-01
2.128427028656005859e-01
0.000000000000000000e+00
1.872859522700309753e-02
1.068358868360519409e-02
5.414353683590888977e-02
0.000000000000000000e+00
0.000000000000000000e+00
7.317348383367061615e-03
1.767854765057563782e-02
1.753062097122892737e-04
1.550169736146926880e-01
2.059957981109619141e-01
4.034443199634552002e-01
2.198481082916259766e+00
1.395639628171920776e-01
4.296709597110748291e-01
1.373453140258789062e+00
1.483114622533321381e-02
6.138467192649841309e-01
1.272127032279968262e-01
1.234892830252647400e-01
1.942998468875885010e-01
3.350568115711212158e-01
3.070993348956108093e-02
4.864420334342867136e-04
4.647674411535263062e-02
1.927510052919387817e-01
6.949294805526733398e-01
5.168741345405578613e-01
1.472839270718395710e-03
1.255674064159393311e-01
3.335832953453063965e-01
2.812311649322509766e-01
2.021424658596515656e-02
9.778211265802383423e-02
3.272293880581855774e-02
8.493642322719097137e-03
1.214453652501106262e-01
3.784194588661193848e-01
5.608909726142883301e-01
0.000000000000000000e+00
2.479119226336479187e-02
0.000000000000000000e+00
7.765859365463256836e-01
0.000000000000000000e+00
7.733394950628280640e-02
5.809731408953666687e-02
0.000000000000000000e+00
1.871458888053894043e+00
8.832832574844360352e-01
3.287327885627746582e-01
7.103165611624717712e-03
1.972607225179672241e-01
1.032997071743011475e-01
5.411005020141601562e-02
3.611804544925689697e-01
1.910915039479732513e-02
5.948848724365234375e-01
5.177424475550651550e-02
2.092108130455017090e-02
9.054787158966064453e-01
7.699707150459289551e-02
0.000000000000000000e+00
7.415229678153991699e-01
9.195175766944885254e-02
9.417869150638580322e-03
3.908901512622833252e-01
1.073933113366365433e-02
2.294977903366088867e+00
8.239825814962387085e-02
1.784952729940414429e-01
0.000000000000000000e+00
1.141726449131965637e-01
1.366012454032897949e+00
0.000000000000000000e+00
1.352486610412597656e-01
2.518875896930694580e-02
1.538133472204208374e-01
4.260145500302314758e-02
2.055680990219116211e+00
1.433407515287399292e-01
7.561743259429931641e-02
2.445221424102783203e+00
1.303496807813644409e-01
2.508684247732162476e-02
9.182128123939037323e-03
3.826353549957275391e-01
1.144532442092895508e+00
2.975418806076049805e+00
0.000000000000000000e+00
1.307670399546623230e-02
5.479720830917358398e-01
6.039523482322692871e-01
1.499764323234558105e-01
4.171083271503448486e-01
8.261404931545257568e-02
5.352223515510559082e-01
0.000000000000000000e+00
1.510440111160278320e-01
1.555884480476379395e-01
0.000000000000000000e+00
2.025659531354904175e-01
5.401605367660522461e-02
8.597636967897415161e-02
0.000000000000000000e+00
5.525569617748260498e-02
8.563036471605300903e-02
1.970703601837158203e-01
1.020396232604980469e+00
7.083984464406967163e-02
6.580831855535507202e-02
3.201339766383171082e-02
1.174770593643188477e-01
2.046218700706958771e-02
4.086147248744964600e-01
4.991368651390075684e-01
1.059585213661193848e-01
0.000000000000000000e+00
1.362801074981689453e+00
1.126905344426631927e-02
1.193937957286834717e-01
3.277277806773781776e-03
2.096035182476043701e-01
0.000000000000000000e+00
6.743895262479782104e-02
1.492308527231216431e-01
3.832314908504486084e-01
9.417096152901649475e-03
5.419495105743408203e-01
4.458045959472656250e-01
6.945213675498962402e-01
2.953270077705383301e-01
9.038589000701904297e-01
2.210656553506851196e-01
5.426697731018066406e-01
0.000000000000000000e+00
1.180088520050048828e-02
1.449519276618957520e+00
1.410334464162588120e-02
0.000000000000000000e+00
2.169227361679077148e+00
0.000000000000000000e+00
3.049803674221038818e-01
5.129019021987915039e-01
6.298996158875524998e-04
0.000000000000000000e+00
7.743299007415771484e-01
1.634570769965648651e-02
9.169884771108627319e-02
0.000000000000000000e+00
9.799457192420959473e-01
2.380143880844116211e+00
4.236168861389160156e-01
2.593279629945755005e-02
3.870895504951477051e-02
1.079931974411010742e+00
5.639541521668434143e-02
9.647101759910583496e-01
1.643818430602550507e-02
1.104092001914978027e-01
5.488516017794609070e-02
1.186590075492858887e+00
0.000000000000000000e+00
8.803039789199829102e-01
0.000000000000000000e+00
5.864959359169006348e-01
4.825419485569000244e-01
5.864093545824289322e-03
1.854783389717340469e-03
8.727439492940902710e-02
1.237232565879821777e+00
1.185781002044677734e+00
3.193293809890747070e-01
1.390979170799255371e+00
1.853673905134201050e-01
6.470463275909423828e-01
0.000000000000000000e+00
0.000000000000000000e+00
0.000000000000000000e+00
7.386492099612951279e-03
5.156750977039337158e-02
1.153081804513931274e-01
1.949157565832138062e-02
6.378486752510070801e-01
2.526440620422363281e-01
1.708285808563232422e-01
0.000000000000000000e+00
5.318176150321960449e-01
1.340753436088562012e-01
3.763466700911521912e-02
1.435049176216125488e-01
4.878348857164382935e-02
0.000000000000000000e+00
1.068889379501342773e+00
9.565390944480895996e-01
4.622204899787902832e-01
1.301999241113662720e-01
2.319397777318954468e-01
2.528715729713439941e-01
1.180130690336227417e-01
0.000000000000000000e+00
5.764056369662284851e-02
2.773073017597198486e-01
1.248832270503044128e-01
5.784454196691513062e-02
1.514254361391067505e-01
1.914016723632812500e+00
3.443548381328582764e-01
3.234558403491973877e-01
2.935028076171875000e-02
8.119938522577285767e-02
5.943689346313476562e-01
5.565215274691581726e-02
0.000000000000000000e+00
8.555222153663635254e-01
0.000000000000000000e+00
3.165041282773017883e-02
0.000000000000000000e+00
1.274712681770324707e-01
7.210813462734222412e-02
1.015497207641601562e+00
0.000000000000000000e+00
0.000000000000000000e+00
8.125041127204895020e-01
0.000000000000000000e+00
1.266359567642211914e+00
4.975369572639465332e-01
2.081017009913921356e-03
1.803279072046279907e-01
8.644780516624450684e-01
6.872172355651855469e-01
2.308300018310546875e+00
1.401375979185104370e-01
7.264354079961776733e-02
9.174123406410217285e-02
8.593089580535888672e-01
1.789723038673400879e-01
1.566822640597820282e-02
0.000000000000000000e+00
1.207320570945739746e+00
3.934141695499420166e-01
3.276994526386260986e-01
5.357074551284313202e-03
4.292699322104454041e-02
5.507491230964660645e-01
1.335878223180770874e-01
1.122972592711448669e-01
8.730300068855285645e-01
3.839967306703329086e-03
6.338592171669006348e-01
4.096901118755340576e-01
2.125304006040096283e-02
1.563247740268707275e-01
1.365397870540618896e-02
6.205494999885559082e-01
0.000000000000000000e+00
6.279968619346618652e-01
8.195295184850692749e-02
5.977360606193542480e-01
1.879991963505744934e-02
1.045545749366283417e-02
2.843063771724700928e-01
1.131868362426757812e-01
5.673847794532775879e-01
1.105414628982543945e-01
1.334274709224700928e-01
1.826700419187545776e-01
0.000000000000000000e+00
5.978555679321289062e-01
2.514329671859741211e+00
0.000000000000000000e+00
2.388103604316711426e-01
4.187178313732147217e-01
4.124134406447410583e-02
1.653019040822982788e-01
2.705663070082664490e-02
6.551249884068965912e-03
8.997437544167041779e-03
1.595504134893417358e-01
8.284758925437927246e-01
4.118746519088745117e-01
1.670167148113250732e-01
0.000000000000000000e+00
1.245391443371772766e-01
4.677301272749900818e-03
9.901227355003356934e-01
1.263244450092315674e-01
2.121227383613586426e-01
2.321643382310867310e-01
0.000000000000000000e+00
8.193848133087158203e-01
1.577939391136169434e+00
5.875203292816877365e-03
0.000000000000000000e+00
3.969818949699401855e-01
6.333912909030914307e-02
1.731894165277481079e-01
8.318820968270301819e-03
1.684972196817398071e-01
5.448341369628906250e-01
4.758318662643432617e-01
1.247133538126945496e-01
6.760510206222534180e-01
2.942173480987548828e-01
1.791808456182479858e-01
0.000000000000000000e+00
2.519077062606811523e-01
9.254699945449829102e-02
1.273356657475233078e-02
1.001597523689270020e+00
7.702842121943831444e-04
1.765158057212829590e+00
0.000000000000000000e+00
7.046369314193725586e-01
2.443301491439342499e-02
0.000000000000000000e+00
6.607840210199356079e-02
2.156257182359695435e-01
3.372557461261749268e-01
5.360255837440490723e-01
4.271033406257629395e-02
1.537613421678543091e-01
7.627336680889129639e-02
0.000000000000000000e+00
0.000000000000000000e+00
3.392600119113922119e-01
2.444938123226165771e-01
1.137552261352539062e-01
4.103915020823478699e-02
3.600930050015449524e-02
8.949066996574401855e-01
7.403594255447387695e-02
1.203335404396057129e+00
3.243853807449340820e+00
1.142411842010915279e-03
1.760557293891906738e-01
1.471313089132308960e-01
2.049327939748764038e-01
3.742359951138496399e-02
4.478685557842254639e-01
1.998690515756607056e-02
2.060606703162193298e-02
3.076376020908355713e-01
6.009171530604362488e-02
9.947862625122070312e-01
4.391886293888092041e-01
3.454434871673583984e+00
1.534368842840194702e-01
0.000000000000000000e+00
1.343282461166381836e-01
3.486430272459983826e-02
4.630815610289573669e-02
1.001832723617553711e+00
1.168605208396911621e+00
1.125147566199302673e-01
7.035014033317565918e-01
4.640493094921112061e-01
6.304516643285751343e-02
1.049171686172485352e+00
0.000000000000000000e+00
1.945309713482856750e-02
9.080983996391296387e-01
8.608020842075347900e-02
8.807103633880615234e-01
8.384221047163009644e-02
5.410742759704589844e-01
8.332508802413940430e-01
4.045857787132263184e-01
1.427613645792007446e-01
1.049326896667480469e+00
1.178205385804176331e-01
1.276280283927917480e+00
6.680297106504440308e-02
9.924251586198806763e-03
3.309781551361083984e-01
3.602184727787971497e-02
1.246182899922132492e-02
2.251879572868347168e-01
4.504356533288955688e-02
3.790717720985412598e-01
3.571358621120452881e-01
1.018946766853332520e+00
6.732307374477386475e-02
0.000000000000000000e+00
7.956695556640625000e-01
5.876640081405639648e-01
8.488350361585617065e-02
2.455557882785797119e-02
7.318221032619476318e-02
7.357999682426452637e-01
4.970067739486694336e-01
1.264557689428329468e-01
1.039436906576156616e-01
7.770251631736755371e-01
2.357051670551300049e-01
1.832973957061767578e-02
1.292634457349777222e-01
0.000000000000000000e+00
4.103067889809608459e-02
0.000000000000000000e+00
0.000000000000000000e+00
2.491981983184814453e-01
1.811537593603134155e-01
1.344863921403884888e-01
2.644712626934051514e-01
9.872864931821823120e-02
7.322056889533996582e-01
5.797530338168144226e-02
5.202202498912811279e-02
5.640562623739242554e-02
1.908246874809265137e-01
7.248542457818984985e-02
3.701674044132232666e-01
8.435294628143310547e-01
3.334945738315582275e-01
6.130040287971496582e-01
3.170718625187873840e-02
4.797392338514328003e-02
5.509934574365615845e-02
3.138318657875061035e-01
3.072551190853118896e-01
1.153171211481094360e-01
7.916627824306488037e-02
1.324340701103210449e-01
1.360376626253128052e-01
7.937426678836345673e-03
1.433731615543365479e-01
1.985839009284973145e-02
5.983192920684814453e-01
9.388567805290222168e-01
7.084156870841979980e-01
3.730935230851173401e-02
0.000000000000000000e+00
3.184068575501441956e-02
6.843075156211853027e-01
4.280315712094306946e-02
3.663881123065948486e-01
2.981962561607360840e-01
8.226524591445922852e-01
1.555453240871429443e-01
7.090300321578979492e-02
1.181815564632415771e-01
2.219855189323425293e-01
0.000000000000000000e+00
1.326143145561218262e-01
5.178118124604225159e-02
6.862837076187133789e-02
1.032795429229736328e+00
8.582124486565589905e-03
0.000000000000000000e+00
1.559209525585174561e-01
0.000000000000000000e+00
7.496300339698791504e-01
0.000000000000000000e+00
1.566094346344470978e-02
8.984647691249847412e-02
7.974131703376770020e-01
5.774131417274475098e-01
1.462456881999969482e-01
2.038601785898208618e-01
7.313717603683471680e-01
2.194314822554588318e-02
2.724998863413929939e-03
3.539427995681762695e+00
1.149891018867492676e-01
3.504975438117980957e-01
1.205222085118293762e-01
5.802274942398071289e-01
0.000000000000000000e+00
1.180037975311279297e+00
1.242149621248245239e-02
5.449381191283464432e-03
1.586278200149536133e+00
5.778647027909755707e-03
9.440854787826538086e-01
1.561153531074523926e+00
1.083316504955291748e-01
9.263914823532104492e-02
2.370210364460945129e-03
1.860319636762142181e-02
1.406554222106933594e+00
4.211793541908264160e-01
7.439629174768924713e-03
8.511808700859546661e-03
6.531928479671478271e-02
2.270514704287052155e-02
1.593582034111022949e+00
1.044803336262702942e-01
4.665893614292144775e-01
3.404875397682189941e-01
1.320953816175460815e-01
1.132278561592102051e+00
6.526787579059600830e-02
0.000000000000000000e+00
7.147874217480421066e-03
1.379123926162719727e+00
8.795626759529113770e-01
6.973561644554138184e-01
2.723994851112365723e-01
0.000000000000000000e+00
6.627476960420608521e-02
1.135536506772041321e-01
8.145333081483840942e-02
1.408563137054443359e+00
6.384318321943283081e-02
1.623575016856193542e-02
1.334201574325561523e+00
7.644924521446228027e-01
1.552967429161071777e-01
1.114250183105468750e+00
1.225481271743774414e+00
1.573345780372619629e+00
3.188564479351043701e-01
7.270371317863464355e-01
8.300904184579849243e-02
0.000000000000000000e+00
2.653097920119762421e-02
1.210923433303833008e+00
5.807717889547348022e-02
8.096797764301300049e-02
1.059883117675781250e+00
4.186416044831275940e-03
0.000000000000000000e+00
1.372518986463546753e-01
9.622399508953094482e-02
2.134041547775268555e+00
1.574040651321411133e+00
3.575955703854560852e-02
5.609950423240661621e-01
2.175064235925674438e-01
5.951105117797851562e+00
2.475218474864959717e-01
0.000000000000000000e+00
4.557784646749496460e-03
0.000000000000000000e+00
4.924371540546417236e-01
2.159527778625488281e+00
6.185126304626464844e-01
1.059178709983825684e+00
8.173733949661254883e-02
1.050449490547180176e+00
6.154108047485351562e-01
0.000000000000000000e+00
2.860197238624095917e-02
7.338675975799560547e+00
2.097361087799072266e+00
2.668593227863311768e-01
1.958307176828384399e-01
9.168688952922821045e-02
