1.182080954313278198e-01
2.163748815655708313e-02
0.000000000000000000e+00
2.049303650856018066e-01
1.145144775509834290e-01
6.242454051971435547e-01
7.759470939636230469e-01
3.090137243270874023e-01
7.553817629814147949e-01
7.949435710906982422e-02
1.423862695693969727e+00
6.681904196739196777e-02
0.000000000000000000e+00
9.650884270668029785e-01
0.000000000000000000e+00
1.374478042125701904e-01
1.654645919799804688e+00
4.234535694122314453e-01
6.961849927902221680e-01
1.358629614114761353e-01
6.898009218275547028e-03
1.354673411697149277e-02
3.000030759721994400e-03
0.000000000000000000e+00
4.992409050464630127e-02
1.424735691398382187e-02
1.583619415760040283e-01
0.000000000000000000e+00
7.702348381280899048e-02
6.842777729034423828e-01
1.100484967231750488e+00
1.946055293083190918e-01
7.152477279305458069e-03
3.819191455841064453e+00
4.519990831613540649e-02
0.000000000000000000e+00
0.000000000000000000e+00
1.489956527948379517e-01
1.474042534828186035e-01
5.311885848641395569e-03
3.341770470142364502e-01
0.000000000000000000e+00
1.139741856604814529e-03
3.448235243558883667e-02
2.705131471157073975e-01
0.000000000000000000e+00
1.160299062728881836e+00
0.000000000000000000e+00
2.038410631939768791e-03
0.000000000000000000e+00
0.000000000000000000e+00
1.822681538760662079e-02
2.370568513870239258e-01
1.913557201623916626e-01
0.000000000000000000e+00
2.608766406774520874e-02
1.787993162870407104e-01
7.766103744506835938e-01
9.328030794858932495e-02
9.032066166400909424e-02
0.000000000000000000e+00
1.284081637859344482e-01
3.909691274166107178e-01
2.769577205181121826e-01
9.250879287719726562e-02
0.000000000000000000e+00
0.000000000000000000e+00
2.111177146434783936e-02
0.000000000000000000e+00
0.000000000000000000e+00
7.251326739788055420e-02
1.708713918924331665e-02
0.000000000000000000e+00
7.040166109800338745e-02
0.000000000000000000e+00
7.032191753387451172e-02
2.954777777194976807e-01
1.476890146732330322e-01
1.084865257143974304e-01
3.860078155994415283e-01
2.066469937562942505e-02
4.355405643582344055e-02
7.254267483949661255e-02
4.613704979419708252e-01
3.427560627460479736e-02
4.169821441173553467e-01
8.244252763688564301e-03
0.000000000000000000e+00
5.662854760885238647e-02
7.714225053787231445e-01
0.000000000000000000e+00
1.235857885330915451e-02
3.039240539073944092e-01
0.000000000000000000e+00
3.473078012466430664e-01
0.000000000000000000e+00
0.000000000000000000e+00
0.000000000000000000e+00
9.773483872413635254e-02
4.363717138767242432e-01
1.912154108285903931e-01
0.000000000000000000e+00
0.000000000000000000e+00
8.531675338745117188e-01
0.000000000000000000e+00
9.793540835380554199e-01
1.606982648372650146e-01
3.767917454242706299e-01
2.658993937075138092e-02
2.820055961608886719e+00
4.521855711936950684e-02
4.984020292758941650e-01
2.327424585819244385e-01
2.049973607063293457e-02
0.000000000000000000e+00
0.000000000000000000e+00
3.188909962773323059e-02
5.352187901735305786e-03
0.000000000000000000e+00
4.670694842934608459e-02
1.547606885433197021e-01
1.965012401342391968e-03
0.000000000000000000e+00
0.000000000000000000e+00
2.712489604949951172e+00
2.663715779781341553e-01
2.728773057460784912e-01
1.773508787155151367e-01
2.127737253904342651e-01
8.529263734817504883e-02
1.704712659120559692e-01
1.210236325860023499e-01
0.000000000000000000e+00
1.227976918220520020e+00
0.000000000000000000e+00
9.305235743522644043e-02
4.272109866142272949e-01
3.843842772766947746e-03
1.762959808111190796e-01
0.000000000000000000e+00
1.614207401871681213e-02
1.390266418457031250e-02
1.510544270277023315e-01
4.245740274200215936e-05
0.000000000000000000e+00
0.000000000000000000e+00
4.171869158744812012e-02
0.000000000000000000e+00
0.000000000000000000e+00
2.157901078462600708e-01
1.274630129337310791e-01
4.597272723913192749e-02
4.923174157738685608e-02
2.531034946441650391e-01
2.914358163252472878e-03
3.562966287136077881e-01
1.762436330318450928e-01
0.000000000000000000e+00
0.000000000000000000e+00
7.473453879356384277e-02
8.644434809684753418e-02
7.264247536659240723e-02
2.077891305088996887e-02
2.020851522684097290e-02
1.323568522930145264e-01
3.278529942035675049e-01
2.333410829305648804e-01
4.761802196502685547e+00
1.004696965217590332e+00
0.000000000000000000e+00
2.122989594936370850e-01
1.186173319816589355e+00
7.066327333450317383e-02
0.000000000000000000e+00
1.255525834858417511e-02
0.000000000000000000e+00
4.931411743164062500e-01
7.585407793521881104e-02
3.772951662540435791e-01
2.643557637929916382e-02
0.000000000000000000e+00
0.000000000000000000e+00
2.578414082527160645e-01
0.000000000000000000e+00
2.426402270793914795e-01
2.306050807237625122e-01
6.423194408416748047e-01
3.985790014266967773e-01
1.828661412000656128e-01
7.022346854209899902e-01
9.317692518234252930e-01
3.363934457302093506e-01
2.331000007688999176e-02
5.582876503467559814e-02
0.000000000000000000e+00
2.081304229795932770e-02
9.725305438041687012e-01
5.959009006619453430e-02
0.000000000000000000e+00
0.000000000000000000e+00
3.640975430607795715e-02
1.312303066253662109e+00
4.021963477134704590e-01
9.567493200302124023e-02
1.086602136492729187e-01
7.040614634752273560e-02
1.992167681455612183e-01
0.000000000000000000e+00
1.944882050156593323e-02
3.028626320883631706e-03
5.945412814617156982e-02
2.125977305695414543e-03
0.000000000000000000e+00
1.240971777588129044e-02
2.126473188400268555e-01
2.974267117679119110e-03
1.920092664659023285e-02
0.000000000000000000e+00
3.589483723044395447e-02
3.465143032371997833e-03
2.063234299421310425e-01
6.778315454721450806e-02
2.427223697304725647e-02
0.000000000000000000e+00
0.000000000000000000e+00
2.470828294754028320e+00
1.046642586588859558e-01
2.270821928977966309e-01
3.791180849075317383e-01
1.076263070106506348e+00
8.235048651695251465e-01
3.562753498554229736e-01
3.139491081237792969e-01
1.675252795219421387e+00
0.000000000000000000e+00
1.334706414490938187e-02
0.000000000000000000e+00
1.289830058813095093e-01
2.788437604904174805e-01
2.701826691627502441e-01
1.823876500129699707e-01
0.000000000000000000e+00
1.115590184926986694e-01
2.832784503698348999e-02
1.400160670280456543e+00
0.000000000000000000e+00
0.000000000000000000e+00
1.013377904891967773e+00
0.000000000000000000e+00
3.999502956867218018e-01
0.000000000000000000e+00
2.091665744781494141e+00
3.048720955848693848e-01
2.621322870254516602e-01
6.673203408718109131e-02
0.000000000000000000e+00
0.000000000000000000e+00
0.000000000000000000e+00
1.795421957969665527e+00
0.000000000000000000e+00
2.452514693140983582e-02
2.889822125434875488e-01
2.116319537162780762e-02
2.284218370914459229e-01
0.000000000000000000e+00
1.989874392747879028e-01
2.324158400297164917e-01
1.545173302292823792e-02
0.000000000000000000e+00
0.000000000000000000e+00
1.612582653760910034e-01
1.155488967895507812e+00
3.603760153055191040e-02
0.000000000000000000e+00
0.000000000000000000e+00
8.256155252456665039e-01
1.799208484590053558e-02
1.671659760177135468e-02
0.000000000000000000e+00
6.695791482925415039e-01
2.333536744117736816e-01
8.612158149480819702e-02
0.000000000000000000e+00
1.849939301609992981e-02
1.470813006162643433e-01
0.000000000000000000e+00
6.157886981964111328e-01
9.368076920509338379e-02
0.000000000000000000e+00
9.004555344581604004e-01
1.566831208765506744e-02
4.813968762755393982e-02
1.459216922521591187e-01
2.240735292434692383e-01
3.576475679874420166e-01
0.000000000000000000e+00
0.000000000000000000e+00
5.143690109252929688e-01
1.128291845321655273e+00
2.254245877265930176e-01
1.114827841520309448e-01
2.944352924823760986e-01
6.195336580276489258e-01
0.000000000000000000e+00
6.137818563729524612e-04
0.000000000000000000e+00
6.269487738609313965e-01
4.142205715179443359e-01
1.371112316846847534e-01
1.567078381776809692e-01
2.476426959037780762e-01
0.000000000000000000e+00
9.076571092009544373e-03
3.880314230918884277e-01
1.158380627632141113e+00
6.986163258552551270e-01
6.267944723367691040e-02
0.000000000000000000e+00
3.694238364696502686e-01
6.779386103153228760e-02
1.245854422450065613e-01
7.482561469078063965e-01
0.000000000000000000e+00
0.000000000000000000e+00
5.286101698875427246e-01
8.391263894736766815e-03
3.742100670933723450e-02
0.000000000000000000e+00
7.611762881278991699e-01
0.000000000000000000e+00
0.000000000000000000e+00
1.608848124742507935e-01
1.298686955124139786e-02
0.000000000000000000e+00
0.000000000000000000e+00
2.022151947021484375e-01
5.502799153327941895e-01
4.593824148178100586e-01
0.000000000000000000e+00
6.242970228195190430e-01
1.297025561332702637e+00
0.000000000000000000e+00
1.383151561021804810e-01
1.026746165007352829e-02
7.808234076946973801e-03
8.149652183055877686e-02
1.464612502604722977e-02
0.000000000000000000e+00
1.807764172554016113e-01
1.466945279389619827e-02
3.590134158730506897e-02
5.796513557434082031e-01
1.385181069374084473e+00
9.909925609827041626e-02
1.356941759586334229e-01
9.122063219547271729e-02
3.324143290519714355e-01
1.525057554244995117e+00
7.294782996177673340e-02
9.892447292804718018e-02
1.546189785003662109e-01
0.000000000000000000e+00
2.049777470529079437e-02
5.273032560944557190e-02
6.194616481661796570e-02
1.078252419829368591e-01
2.165770232677459717e-01
2.769482322037220001e-02
6.808981299400329590e-02
9.057812094688415527e-01
1.521198451519012451e-01
3.626380115747451782e-02
0.000000000000000000e+00
1.418559253215789795e-01
0.000000000000000000e+00
4.276674687862396240e-01
2.122773408889770508e+00
6.350781321525573730e-01
0.000000000000000000e+00
3.877420723438262939e-02
5.183053202927112579e-03
1.842395216226577759e-02
5.735006183385848999e-02
9.733638167381286621e-01
3.569109132513403893e-03
2.860237658023834229e-01
7.460131049156188965e-01
0.000000000000000000e+00
4.805973470211029053e-01
2.369288653135299683e-01
1.190018281340599060e-01
6.199062988162040710e-02
2.734840631484985352e+00
2.646559774875640869e-01
1.434435602277517319e-03
2.909795343875885010e-01
6.438477337360382080e-02
4.804867133498191833e-02
4.864549636840820312e-02
0.000000000000000000e+00
2.215630263090133667e-01
3.293740376830101013e-02
0.000000000000000000e+00
1.744442805647850037e-02
0.000000000000000000e+00
9.464000910520553589e-02
2.564908742904663086e+00
2.035209210589528084e-03
7.486561536788940430e-01
0.000000000000000000e+00
1.389282822608947754e+00
5.506167411804199219e-01
6.546395272016525269e-02
2.350410223007202148e-01
2.195099741220474243e-02
1.260417848825454712e-01
3.009584426879882812e+00
1.392676532268524170e-01
0.000000000000000000e+00
0.000000000000000000e+00
3.794746398925781250e-01
4.489763677120208740e-01
7.547442317008972168e-01
4.014202058315277100e-01
5.235960483551025391e-01
5.792002081871032715e-01
3.935690224170684814e-02
4.937170818448066711e-02
2.235238254070281982e-01
1.120923638343811035e+00
0.000000000000000000e+00
9.272596240043640137e-01
8.264245092868804932e-02
1.647739298641681671e-02
8.458634838461875916e-03
3.233898580074310303e-01
0.000000000000000000e+00
9.484170675277709961e-01
3.482663631439208984e-02
9.687449336051940918e-01
1.592034995555877686e-01
8.779277559369802475e-04
1.118981957435607910e+00
6.988812237977981567e-02
0.000000000000000000e+00
2.172898203134536743e-01
4.319241642951965332e-01
1.412595212459564209e-01
9.574855118989944458e-02
1.913297623395919800e-01
2.380149438977241516e-02
4.725896939635276794e-02
2.594122290611267090e-01
0.000000000000000000e+00
0.000000000000000000e+00
0.000000000000000000e+00
0.000000000000000000e+00
0.000000000000000000e+00
7.012234628200531006e-02
0.000000000000000000e+00
4.537119269371032715e-01
9.887257218360900879e-02
7.324948906898498535e-02
2.288193628191947937e-02
9.152271747589111328e-01
4.545812308788299561e-02
4.318065941333770752e-02
1.032554507255554199e+00
9.570835828781127930e-01
4.555722475051879883e-01
0.000000000000000000e+00
3.166840970516204834e-02
0.000000000000000000e+00
0.000000000000000000e+00
0.000000000000000000e+00
2.066301107406616211e+00
2.542068995535373688e-02
0.000000000000000000e+00
0.000000000000000000e+00
4.757706448435783386e-02
3.489063382148742676e-01
1.031355187296867371e-01
1.038217321038246155e-01
8.442211747169494629e-01
6.523155421018600464e-02
1.463895197957754135e-02
0.000000000000000000e+00
2.268448114395141602e+00
1.819601505994796753e-01
4.352803707122802734e+00
7.139552384614944458e-02
4.398316890001296997e-02
2.499028109014034271e-02
0.000000000000000000e+00
0.000000000000000000e+00
3.162853652611374855e-03
5.469642281532287598e-01
1.843805983662605286e-02
0.000000000000000000e+00
3.507522121071815491e-02
1.682330250740051270e+00
3.035651333630084991e-02
7.871395349502563477e-02
0.000000000000000000e+00
1.997477859258651733e-01
0.000000000000000000e+00
1.523047536611557007e-01
7.418577373027801514e-02
2.136076927185058594e+00
0.000000000000000000e+00
2.194766759872436523e+00
0.000000000000000000e+00
0.000000000000000000e+00
1.213707774877548218e-02
1.574254482984542847e-01
0.000000000000000000e+00
2.197379432618618011e-02
1.383950948715209961e+00
3.231269773095846176e-03
0.000000000000000000e+00
9.370524287223815918e-01
9.339811205863952637e-01
5.823548138141632080e-02
0.000000000000000000e+00
3.927453607320785522e-02
6.674864143133163452e-02
1.244172826409339905e-01
2.374270930886268616e-02
1.427994221448898315e-01
7.700696587562561035e-02
3.212143108248710632e-02
5.919685959815979004e-01
0.000000000000000000e+00
2.295338213443756104e-01
0.000000000000000000e+00
6.977590918540954590e-02
1.267490070313215256e-02
1.876664161682128906e+00
1.898807585239410400e-01
4.052408933639526367e-01
0.000000000000000000e+00
0.000000000000000000e+00
1.507991433143615723e+00
1.291587650775909424e-01
3.489766735583543777e-03
4.676617681980133057e-01
5.997049063444137573e-02
6.879409402608871460e-02
6.499364972114562988e-01
3.101894855499267578e-01
2.652071043848991394e-02
1.040481589734554291e-02
1.736201643943786621e-01
1.706367582082748413e-01
0.000000000000000000e+00
2.338842600584030151e-01
1.965597867965698242e-01
0.000000000000000000e+00
0.000000000000000000e+00
0.000000000000000000e+00
2.058958075940608978e-02
0.000000000000000000e+00
0.000000000000000000e+00
5.432766396552324295e-03
0.000000000000000000e+00
1.159714311361312866e-01
2.077136486768722534e-01
6.353544443845748901e-02
6.761190947145223618e-03
0.000000000000000000e+00
3.166296705603599548e-02
0.000000000000000000e+00
2.558400034904479980e-01
3.231216073036193848e-01
3.794319629669189453e-01
0.000000000000000000e+00
7.532837986946105957e-02
8.615950495004653931e-02
8.531483411788940430e-01
3.858361020684242249e-02
1.455674320459365845e-02
0.000000000000000000e+00
0.000000000000000000e+00
9.054072201251983643e-02
0.000000000000000000e+00
4.363732635974884033e-01
8.807182312011718750e-01
0.000000000000000000e+00
0.000000000000000000e+00
4.509421288967132568e-01
0.000000000000000000e+00
1.386247575283050537e-02
1.560674160718917847e-01
2.629709839820861816e-01
4.899101331830024719e-02
2.815205231308937073e-02
1.716555833816528320e+00
2.271264791488647461e+00
0.000000000000000000e+00
1.042132973670959473e+00
3.127438202500343323e-02
1.839694380760192871e-01
6.090324372053146362e-02
8.382042050361633301e-01
2.393859438598155975e-02
2.150810658931732178e-01
1.861039251089096069e-01
4.937711358070373535e-01
2.235438823699951172e-01
0.000000000000000000e+00
0.000000000000000000e+00
0.000000000000000000e+00
3.917887434363365173e-02
2.305589765310287476e-01
6.671401262283325195e-01
1.258711889386177063e-02
5.336921811103820801e-01
2.176821231842041016e-01
5.454771518707275391e-01
0.000000000000000000e+00
2.834513783454895020e-01
0.000000000000000000e+00
3.202616795897483826e-02
1.308320760726928711e-01
6.812794208526611328e-01
2.764429338276386261e-02
1.185724660754203796e-01
1.970050670206546783e-02
1.134029030799865723e+00
9.703378193080425262e-03
5.846599936485290527e-01
1.133675221353769302e-02
1.768767535686492920e-01
4.881582856178283691e-01
6.696872115135192871e-01
1.161225676536560059e+00
8.319679647684097290e-02
2.611534595489501953e-01
6.139735579490661621e-01
1.207412034273147583e-01
4.096020385622978210e-02
0.000000000000000000e+00
1.553665753453969955e-02
6.309234304353594780e-04
2.065891027450561523e-01
2.513926848769187927e-02
0.000000000000000000e+00
1.048579506459645927e-04
0.000000000000000000e+00
3.243303537368774414e+00
1.918390244245529175e-01
1.687375605106353760e-01
3.592776954174041748e-01
2.076066099107265472e-02
0.000000000000000000e+00
8.875081688165664673e-02
1.335152536630630493e-01
1.618171036243438721e-01
1.176958996802568436e-02
0.000000000000000000e+00
2.044386044144630432e-02
1.579932123422622681e-01
1.629569754004478455e-02
3.419593572616577148e-01
4.040915053337812424e-03
4.644277039915323257e-03
1.440235495567321777e+00
6.652344763278961182e-02
4.285559058189392090e-01
1.016867756843566895e-01
1.436676550656557083e-02
1.074811816215515137e+00
1.374879479408264160e+00
0.000000000000000000e+00
5.373837053775787354e-02
5.361247062683105469e-01
2.537405490875244141e-01
3.049642220139503479e-02
0.000000000000000000e+00
5.389710664749145508e-01
3.538080751895904541e-01
1.188959181308746338e-01
2.074780762195587158e-01
0.000000000000000000e+00
4.383465275168418884e-02
3.156706392765045166e-01
0.000000000000000000e+00
0.000000000000000000e+00
3.139315173029899597e-02
2.401943802833557129e-01
1.562785059213638306e-01
3.821655988693237305e+00
3.416305407881736755e-02
1.586593091487884521e-01
2.112157791852951050e-01
6.790696643292903900e-04
5.030707716941833496e-01
0.000000000000000000e+00
1.357614547014236450e-01
4.375085234642028809e-01
0.000000000000000000e+00
0.000000000000000000e+00
4.547826573252677917e-02
0.000000000000000000e+00
1.637600176036357880e-02
9.310358762741088867e-01
2.694927854463458061e-03
3.970682248473167419e-02
1.773764193058013916e-01
7.525295615196228027e-01
2.218724787235260010e-01
0.000000000000000000e+00
1.976858451962471008e-02
1.499266177415847778e-01
6.218937039375305176e-02
0.000000000000000000e+00
5.326222255825996399e-02
0.000000000000000000e+00
1.598963886499404907e-02
1.321878284215927124e-01
6.005548238754272461e-01
7.077618688344955444e-02
3.257617652416229248e-01
0.000000000000000000e+00
7.240753620862960815e-02
2.027959972620010376e-01
1.424347609281539917e-01
5.570820532739162445e-03
0.000000000000000000e+00
3.973761200904846191e-01
2.926310896873474121e-01
1.440799143165349960e-02
2.585787057876586914e+00
6.632273197174072266e-01
5.552292466163635254e-01
2.297937124967575073e-02
0.000000000000000000e+00
5.089533925056457520e-01
6.435853987932205200e-02
9.172782301902770996e-02
0.000000000000000000e+00
0.000000000000000000e+00
0.000000000000000000e+00
7.752569508738815784e-04
0.000000000000000000e+00
4.232290089130401611e-01
4.015090465545654297e-01
1.741351932287216187e-01
0.000000000000000000e+00
0.000000000000000000e+00
4.023510813713073730e-01
0.000000000000000000e+00
8.621322922408580780e-03
1.012907922267913818e-01
6.300467252731323242e-02
6.402901560068130493e-02
8.844251185655593872e-02
1.968464404344558716e-01
0.000000000000000000e+00
3.889761865139007568e-01
6.004587411880493164e-01
9.075931459665298462e-02
0.000000000000000000e+00
2.565487861633300781e+00
0.000000000000000000e+00
3.018907308578491211e-01
0.000000000000000000e+00
0.000000000000000000e+00
5.924703478813171387e-01
3.264932706952095032e-02
2.576967477798461914e-01
2.757260501384735107e-01
2.312943711876869202e-02
3.471599146723747253e-02
2.777896404266357422e+00
7.015981078147888184e-01
6.353626251220703125e-01
1.006096154451370239e-01
7.995200753211975098e-01
0.000000000000000000e+00
0.000000000000000000e+00
3.469581902027130127e-01
0.000000000000000000e+00
5.118715390563011169e-02
8.484250865876674652e-04
1.297751963138580322e-01
1.566983312368392944e-01
2.418878525495529175e-01
0.000000000000000000e+00
3.263764381408691406e-01
1.628797799348831177e-01
4.472117871046066284e-02
1.542240381240844727e-01
9.163975715637207031e-01
1.501492857933044434e+00
7.728258967399597168e-01
1.827137172222137451e-01
0.000000000000000000e+00
2.000948429107666016e+00
2.487948894500732422e+00
0.000000000000000000e+00
2.951962351799011230e-01
0.000000000000000000e+00
1.912609115242958069e-02
4.933075308799743652e-01
4.407049715518951416e-01
0.000000000000000000e+00
9.907621145248413086e-01
6.520839333534240723e-01
0.000000000000000000e+00
1.700939387083053589e-01
2.607576549053192139e-01
2.596585154533386230e-01
0.000000000000000000e+00
3.238094598054885864e-02
7.188089936971664429e-02
1.048034727573394775e-01
7.755365688353776932e-03
3.171183466911315918e-01
8.938502520322799683e-02
3.554058969020843506e-01
4.238885641098022461e-02
9.764775633811950684e-03
4.111303761601448059e-02
3.920153677463531494e-01
1.292538642883300781e+00
5.425478219985961914e-01
2.624869942665100098e-01
4.703193157911300659e-02
1.982849836349487305e-01
0.000000000000000000e+00
1.278553456068038940e-01
3.397722840309143066e-01
4.664139151573181152e-01
2.059707883745431900e-03
7.389855454675853252e-05
1.413510143756866455e-01
0.000000000000000000e+00
0.000000000000000000e+00
0.000000000000000000e+00
2.998264133930206299e-01
1.973383128643035889e-02
8.422135375440120697e-03
1.538737583905458450e-02
0.000000000000000000e+00
4.382671788334846497e-02
1.912492066621780396e-01
5.802731513977050781e-01
0.000000000000000000e+00
2.265682667493820190e-01
0.000000000000000000e+00
2.514684945344924927e-02
4.102925956249237061e-01
1.190755844116210938e+00
1.171118766069412231e-02
0.000000000000000000e+00
1.378114223480224609e-01
5.867165047675371170e-03
1.614940166473388672e-01
0.000000000000000000e+00
3.470597267150878906e-01
1.337676495313644409e-01
1.806059032678604126e-01
1.763607621192932129e+00
0.000000000000000000e+00
0.000000000000000000e+00
4.183397591114044189e-01
0.000000000000000000e+00
1.199646115303039551e+00
2.923078536987304688e-01
3.232693998143076897e-03
1.211147531867027283e-01
6.992165446281433105e-01
0.000000000000000000e+00
2.124835550785064697e-01
0.000000000000000000e+00
1.492724269628524780e-01
2.668033242225646973e-01
5.682812929153442383e-01
9.641052037477493286e-02
3.911299407482147217e-01
1.048147678375244141e+00
7.354538142681121826e-02
0.000000000000000000e+00
0.000000000000000000e+00
3.946603238582611084e-01
0.000000000000000000e+00
4.290524870157241821e-02
5.396539345383644104e-02
7.422364316880702972e-03
1.395360566675662994e-02
2.016644179821014404e-01
0.000000000000000000e+00
1.485188007354736328e-01
2.196083590388298035e-02
0.000000000000000000e+00
6.642069220542907715e-01
3.440943360328674316e-02
2.238406658172607422e+00
1.161082535982131958e-01
3.030683379620313644e-03
5.081003189086914062e+00
7.105962634086608887e-01
9.705740958452224731e-03
4.341361578553915024e-03
1.100276317447423935e-02
2.054314166307449341e-01
8.214160054922103882e-02
9.829801321029663086e-02
6.095427870750427246e-01
0.000000000000000000e+00
2.709969133138656616e-02
2.078546583652496338e-02
0.000000000000000000e+00
0.000000000000000000e+00
8.833814859390258789e-01
1.860697194933891296e-02
3.535172343254089355e-01
0.000000000000000000e+00
5.397814139723777771e-02
3.307434022426605225e-01
1.013951189815998077e-02
5.393626913428306580e-02
4.988499917089939117e-03
0.000000000000000000e+00
2.041739076375961304e-01
7.539760321378707886e-02
0.000000000000000000e+00
0.000000000000000000e+00
1.653468847274780273e+00
8.789451718330383301e-01
4.046006798744201660e-01
0.000000000000000000e+00
1.318064630031585693e-01
3.154479665681719780e-03
7.514361292123794556e-02
0.000000000000000000e+00
1.048393845558166504e+00
1.630492061376571655e-01
0.000000000000000000e+00
2.334096431732177734e-01
5.880372524261474609e-01
7.339571118354797363e-01
9.274985641241073608e-02
2.435796737670898438e+00
1.981726527214050293e+00
0.000000000000000000e+00
0.000000000000000000e+00
4.529352486133575439e-01
0.000000000000000000e+00
0.000000000000000000e+00
1.867264956235885620e-01
1.797242760658264160e+00
0.000000000000000000e+00
8.839677274227142334e-02
5.545274913311004639e-02
7.139480113983154297e-01
0.000000000000000000e+00
1.308885514736175537e-01
9.132457897067070007e-03
4.973824918270111084e-01
8.910442143678665161e-02
0.000000000000000000e+00
2.489949762821197510e-01
8.816368877887725830e-03
1.252924501895904541e-01
2.170178666710853577e-02
9.542599320411682129e-02
6.498169302940368652e-01
0.000000000000000000e+00
1.003773584961891174e-01
1.077271178364753723e-01
4.046836793422698975e-01
5.443604290485382080e-02
3.881828784942626953e-01
2.684256434440612793e-01
0.000000000000000000e+00
0.000000000000000000e+00
0.000000000000000000e+00
7.802756428718566895e-01
1.798076778650283813e-01
0.000000000000000000e+00
3.172341734170913696e-02
4.060085117816925049e-02
9.114395380020141602e-01
0.000000000000000000e+00
2.231230586767196655e-01
5.902310833334922791e-02
1.769262313842773438e+00
5.007930099964141846e-03
0.000000000000000000e+00
4.691222310066223145e-02
5.382705926895141602e-01
3.939602058380842209e-03
0.000000000000000000e+00
2.281661927700042725e-01
1.526030898094177246e+00
3.086540149524807930e-03
0.000000000000000000e+00
3.287841677665710449e-01
6.592657417058944702e-02
1.611451148986816406e+00
1.184023380279541016e+00
2.334690839052200317e-01
0.000000000000000000e+00
8.883475661277770996e-01
2.362805604934692383e-01
3.724544867873191833e-02
0.000000000000000000e+00
1.470900297164916992e+00
9.246886521577835083e-02
6.543533802032470703e-01
0.000000000000000000e+00
4.306067526340484619e-01
0.000000000000000000e+00
1.936756372451782227e-01
0.000000000000000000e+00
2.553470611572265625e+00
0.000000000000000000e+00
5.765078589320182800e-02
2.321644686162471771e-02
3.751641511917114258e-01
3.751563131809234619e-01
5.655211210250854492e-01
0.000000000000000000e+00
6.410029530525207520e-01
4.269518330693244934e-02
0.000000000000000000e+00
2.845088392496109009e-02
4.119021415710449219e+00
0.000000000000000000e+00
0.000000000000000000e+00
1.195392727851867676e+00
2.245793491601943970e-02
5.371068418025970459e-02
0.000000000000000000e+00
3.819810226559638977e-02
1.212373026646673679e-03
7.411822080612182617e-01
2.162000536918640137e-02
1.275566220283508301e+00
0.000000000000000000e+00
6.854767911136150360e-03
8.535790443420410156e-01
9.904959797859191895e-01
4.259359464049339294e-02
8.361377404071390629e-04
1.200125785544514656e-03
5.367760732769966125e-02
0.000000000000000000e+00
8.651877194643020630e-02
0.000000000000000000e+00
1.510159373283386230e-01
3.310692548751831055e+00
6.644357740879058838e-02
8.310272358357906342e-03
1.255130115896463394e-02
0.000000000000000000e+00
4.623411595821380615e-02
1.314348280429840088e-01
4.454972967505455017e-02
1.225956901907920837e-01
1.043569564819335938e+00
2.303218841552734375e-02
1.534485351294279099e-02
5.977156758308410645e-02
1.230316758155822754e+00
1.307227760553359985e-01
5.495913624763488770e-01
1.033722534775733948e-01
7.433563936501741409e-03
5.139250755310058594e-01
0.000000000000000000e+00
3.681197166442871094e-01
1.076268672943115234e+00
5.907813310623168945e-01
2.144507914781570435e-01
1.114645957946777344e+00
3.848080039024353027e-01
6.083450317382812500e-01
0.000000000000000000e+00
0.000000000000000000e+00
2.078440738841891289e-03
1.083696007728576660e+00
1.410538107156753540e-01
2.173057384788990021e-02
5.607308354228734970e-03
2.013052999973297119e-02
1.757137291133403778e-02
2.457216978073120117e-01
1.097359973937273026e-02
4.716288298368453979e-02
3.165247440338134766e-01
5.391415357589721680e-01
4.693987667560577393e-01
1.275015711784362793e+00
7.154444456100463867e-01
3.039368055760860443e-02
0.000000000000000000e+00
8.215079084038734436e-03
2.669795155525207520e-01
0.000000000000000000e+00
5.793495476245880127e-02
9.525148198008537292e-03
1.392497181892395020e+00
4.076591730117797852e-01
0.000000000000000000e+00
7.240408658981323242e-02
2.212913632392883301e-01
1.471114624291658401e-02
5.893138051033020020e-02
2.327370494604110718e-01
0.000000000000000000e+00
7.819555699825286865e-03
2.004690617322921753e-01
0.000000000000000000e+00
2.830342650413513184e-01
5.927347540855407715e-01
0.000000000000000000e+00
0.000000000000000000e+00
0.000000000000000000e+00
6.381372362375259399e-02
3.809602558612823486e-01
8.157575130462646484e-02
3.562397956848144531e-01
2.455397993326187134e-01
0.000000000000000000e+00
1.512194126844406128e-01
0.000000000000000000e+00
8.831737190485000610e-02
9.232047945261001587e-02
9.093609452247619629e-01
4.264298826456069946e-03
3.465248346328735352e-01
3.944240137934684753e-02
3.247031569480895996e-01
1.250113010406494141e+00
2.234675735235214233e-01
3.137138187885284424e-01
4.328579828143119812e-02
0.000000000000000000e+00
0.000000000000000000e+00
7.651521358639001846e-03
2.289096862077713013e-01
2.520079491659998894e-03
0.000000000000000000e+00
5.481090396642684937e-02
1.225247904658317566e-01
0.000000000000000000e+00
4.621988534927368164e-02
1.104079782962799072e-01
2.832902036607265472e-02
5.722889304161071777e-02
0.000000000000000000e+00
0.000000000000000000e+00
4.365432262420654297e-01
9.101779013872146606e-02
3.608910366892814636e-02
1.614616960287094116e-01
1.304079413414001465e+00
0.000000000000000000e+00
3.851171493530273438e+00
0.000000000000000000e+00
4.367401003837585449e-01
1.132436469197273254e-01
0.000000000000000000e+00
2.142739444971084595e-01
2.247886806726455688e-01
0.000000000000000000e+00
1.755289882421493530e-01
1.326979249715805054e-01
3.127159178256988525e-01
6.262165028601884842e-03
0.000000000000000000e+00
7.925839163362979889e-03
6.327880859375000000e+00
6.852307319641113281e-01
4.063725844025611877e-02
0.000000000000000000e+00
1.984877698123455048e-02
6.009665727615356445e-01
4.892651923000812531e-03
0.000000000000000000e+00
0.000000000000000000e+00
1.463843882083892822e-01
1.978786587715148926e-01
1.914007961750030518e-02
2.251087725162506104e-01
0.000000000000000000e+00
1.581234097480773926e+00
5.908820312470197678e-03
0.000000000000000000e+00
2.480894327163696289e-01
9.620403498411178589e-02
0.000000000000000000e+00
0.000000000000000000e+00
0.000000000000000000e+00
0.000000000000000000e+00
1.274928599596023560e-01
3.146485425531864166e-03
0.000000000000000000e+00
1.147877648472785950e-01
5.875179767608642578e-01
2.078946232795715332e-01
1.384439468383789062e+00
8.787868022918701172e-01
0.000000000000000000e+00
0.000000000000000000e+00
0.000000000000000000e+00
1.115812897682189941e+00
0.000000000000000000e+00
0.000000000000000000e+00
8.041480779647827148e-01
3.285757601261138916e-01
7.251121848821640015e-02
0.000000000000000000e+00
3.506720364093780518e-01
5.693702697753906250e-01
5.883496999740600586e-01
0.000000000000000000e+00
0.000000000000000000e+00
2.462112307548522949e-01
3.044268488883972168e-01
2.870463430881500244e-01
0.000000000000000000e+00
0.000000000000000000e+00
8.670798502862453461e-03
4.342612922191619873e-01
5.056548714637756348e-01
7.613358497619628906e-01
1.397761583328247070e+00
0.000000000000000000e+00
1.273682117462158203e-01
6.544577330350875854e-02
0.000000000000000000e+00
1.052529662847518921e-01
0.000000000000000000e+00
0.000000000000000000e+00
1.668063998222351074e-01
2.477196305990219116e-01
2.970982491970062256e-01
1.816388517618179321e-01
2.195065766572952271e-01
5.977228879928588867e-01
5.883527398109436035e-01
2.096673995256423950e-01
1.243162080645561218e-01
1.122419759631156921e-01
7.759175300598144531e-01
1.614267677068710327e-01
3.993779718875885010e-01
0.000000000000000000e+00
4.399027228355407715e-01
0.000000000000000000e+00
5.692161917686462402e-01
5.062317475676536560e-02
3.196000754833221436e-01
6.822341680526733398e-02
6.210472062230110168e-02
7.456157356500625610e-02
6.458990573883056641e-01
0.000000000000000000e+00
1.848471760749816895e-01
2.350294291973114014e-01
4.513355255126953125e+00
3.183768317103385925e-02
1.002640247344970703e+00
2.036298215389251709e-01
1.989275217056274414e-01
0.000000000000000000e+00
9.799151867628097534e-02
1.370344869792461395e-02
2.610153257846832275e-01
5.272647738456726074e-02
1.634549349546432495e-01
4.524724930524826050e-02
0.000000000000000000e+00
2.294394075870513916e-01
2.324280291795730591e-01
3.942109346389770508e-01
1.383977234363555908e-01
5.804103612899780273e-02
5.657207220792770386e-02
1.286608278751373291e-01
1.071288622915744781e-02
1.860112994909286499e-01
1.923207193613052368e-01
6.232831999659538269e-02
4.215355031192302704e-03
2.059457749128341675e-01
0.000000000000000000e+00
1.931141257286071777e+00
2.386935800313949585e-02
1.654297113418579102e-01
0.000000000000000000e+00
9.684132412075996399e-03
7.549009472131729126e-02
1.372078154236078262e-02
6.357385963201522827e-02
1.322105247527360916e-02
2.208120822906494141e-01
0.000000000000000000e+00
5.927245318889617920e-02
0.000000000000000000e+00
3.893669247627258301e-01
1.043553352355957031e-01
8.070274591445922852e-01
1.101465448737144470e-01
0.000000000000000000e+00
8.689237236976623535e-01
0.000000000000000000e+00
2.829724848270416260e-01
4.143809154629707336e-02
7.366162538528442383e-02
0.000000000000000000e+00
4.704456031322479248e-02
8.520362973213195801e-01
0.000000000000000000e+00
0.000000000000000000e+00
0.000000000000000000e+00
9.077736735343933105e-02
4.631880223751068115e-01
2.682928144931793213e-01
3.747998969629406929e-03
7.811663299798965454e-02
2.462419569492340088e-01
0.000000000000000000e+00
4.302205443382263184e-01
4.357480704784393311e-01
0.000000000000000000e+00
8.128812164068222046e-02
1.350224733352661133e+00
4.509392082691192627e-01
8.630946278572082520e-02
0.000000000000000000e+00
1.244048774242401123e-01
0.000000000000000000e+00
8.156210184097290039e-01
1.568930387496948242e+00
1.272020339965820312e-01
1.790731251239776611e-01
2.370459027588367462e-02
0.000000000000000000e+00
0.000000000000000000e+00
0.000000000000000000e+00
0.000000000000000000e+00
1.281047356314957142e-03
2.985636889934539795e-02
3.432673588395118713e-02
0.000000000000000000e+00
0.000000000000000000e+00
6.264135986566543579e-02
2.047396637499332428e-02
9.084563702344894409e-02
1.096916794776916504e-01
0.000000000000000000e+00
0.000000000000000000e+00
3.375666141510009766e-01
6.277340650558471680e-01
2.330502867698669434e-01
0.000000000000000000e+00
1.534429937601089478e-02
0.000000000000000000e+00
0.000000000000000000e+00
1.752054691314697266e-01
0.000000000000000000e+00
1.885478734970092773e+00
2.026966959238052368e-01
1.707028038799762726e-02
2.074073813855648041e-02
4.983541071414947510e-01
2.318216115236282349e-01
5.912984609603881836e-01
0.000000000000000000e+00
1.708003431558609009e-01
4.243415892124176025e-01
2.899823188781738281e-01
3.686449024826288223e-03
1.030065938830375671e-01
4.210874140262603760e-01
6.885876059532165527e-01
0.000000000000000000e+00
2.555828392505645752e-01
0.000000000000000000e+00
0.000000000000000000e+00
1.606046438217163086e+00
8.021911233663558960e-02
2.646478414535522461e-01
5.034013986587524414e-01
2.387865036725997925e-01
0.000000000000000000e+00
3.487290441989898682e-01
2.895241975784301758e-01
8.135437369346618652e-01
3.093574941158294678e-01
4.765474423766136169e-02
1.054367702454328537e-02
1.515300154685974121e+00
2.228098921477794647e-02
9.445363879203796387e-01
1.141196861863136292e-01
3.439396917819976807e-01
1.558562815189361572e-01
6.735720485448837280e-02
0.000000000000000000e+00
3.006225585937500000e+00
2.575070783495903015e-02
1.996852010488510132e-01
1.319394588470458984e+00
0.000000000000000000e+00
3.588254377245903015e-02
0.000000000000000000e+00
1.319186091423034668e-01
1.617741733789443970e-01
8.369320631027221680e-01
0.000000000000000000e+00
7.424628734588623047e-01
0.000000000000000000e+00
4.183347523212432861e-01
1.805521547794342041e-01
1.275253295898437500e+00
8.711820840835571289e-02
1.832806169986724854e-01
5.013559758663177490e-02
0.000000000000000000e+00
0.000000000000000000e+00
0.000000000000000000e+00
5.612945556640625000e-01
6.205385178327560425e-02
1.363255679607391357e-01
1.400354504585266113e+00
1.044782921671867371e-01
3.977048210799694061e-03
6.806408613920211792e-02
1.976010799407958984e-01
1.891736537218093872e-01
0.000000000000000000e+00
4.807796001434326172e+00
3.197957063093781471e-03
0.000000000000000000e+00
0.000000000000000000e+00
0.000000000000000000e+00
9.452283382415771484e-02
5.460036993026733398e-01
0.000000000000000000e+00
1.757487505674362183e-01
1.545920968055725098e+00
5.356603860855102539e-02
1.171968691051006317e-02
0.000000000000000000e+00
1.408741902559995651e-02
7.188108563423156738e-01
1.307636201381683350e-01
2.268118038773536682e-02
1.237169861793518066e+00
8.460263907909393311e-02
1.656026579439640045e-02
2.981370389461517334e-01
0.000000000000000000e+00
2.076916582882404327e-02
0.000000000000000000e+00
1.315885901451110840e+00
1.255341432988643646e-02
1.802860349416732788e-01
0.000000000000000000e+00
0.000000000000000000e+00
0.000000000000000000e+00
3.855218365788459778e-02
2.339552789926528931e-01
7.472633719444274902e-01
1.235489547252655029e-01
4.924079477787017822e-01
0.000000000000000000e+00
2.242020815610885620e-01
3.912468999624252319e-02
4.472524300217628479e-02
1.046404591761529446e-03
1.391410082578659058e-01
2.543140389025211334e-02
1.651903986930847168e-02
9.007293581962585449e-01
0.000000000000000000e+00
2.799660339951515198e-02
1.033862978219985962e-01
1.260717026889324188e-02
1.678217761218547821e-02
2.531287372112274170e-01
1.565829992294311523e+00
5.297142546623945236e-03
7.769446372985839844e-01
3.322949865832924843e-03
4.290656000375747681e-02
4.567121267318725586e-01
1.994932144880294800e-01
3.255008459091186523e-01
4.674451351165771484e-01
3.129121959209442139e-01
1.904815435409545898e-01
4.156334400177001953e-01
0.000000000000000000e+00
2.942717373371124268e-01
1.680045947432518005e-02
4.730995297431945801e-01
1.304004490375518799e-01
0.000000000000000000e+00
0.000000000000000000e+00
0.000000000000000000e+00
5.839803814888000488e-01
4.116832911968231201e-01
4.104947745800018311e-01
4.720696806907653809e-02
0.000000000000000000e+00
7.799179852008819580e-02
9.386716485023498535e-01
0.000000000000000000e+00
3.254099786281585693e-01
5.093043670058250427e-02
4.964610561728477478e-02
0.000000000000000000e+00
0.000000000000000000e+00
8.372483253479003906e-01
0.000000000000000000e+00
0.000000000000000000e+00
4.590638875961303711e-01
0.000000000000000000e+00
1.368688046932220459e-02
8.606566786766052246e-01
9.399459362030029297e-01
0.000000000000000000e+00
0.000000000000000000e+00
4.373439550399780273e-01
1.026095390319824219e+00
9.667294025421142578e-01
1.235776022076606750e-01
6.819387674331665039e-01
4.937739297747612000e-02
1.916744280606508255e-03
1.959139108657836914e-02
2.181484848260879517e-01
2.715156972408294678e-02
1.106136441230773926e+00
1.253316253423690796e-01
0.000000000000000000e+00
1.180535648018121719e-02
1.448569416999816895e+00
6.525029242038726807e-02
9.879007190465927124e-02
1.620251536369323730e-01
3.338837251067161560e-02
4.887377377599477768e-03
6.645163148641586304e-02
5.654087662696838379e-01
3.094964325428009033e-01
2.429358005523681641e+00
7.661601155996322632e-02
9.409013204276561737e-03
3.102414868772029877e-02
5.889307707548141479e-02
7.723595201969146729e-02
1.315516303293406963e-03
0.000000000000000000e+00
5.625827983021736145e-02
2.970276772975921631e-02
4.442667961120605469e-01
8.548043668270111084e-03
4.732130467891693115e-02
1.615768522024154663e-01
6.238924860954284668e-01
0.000000000000000000e+00
1.468536853790283203e-01
1.773344874382019043e-01
1.607670783996582031e-01
0.000000000000000000e+00
0.000000000000000000e+00
0.000000000000000000e+00
2.939633652567863464e-02
0.000000000000000000e+00
0.000000000000000000e+00
4.640373587608337402e-02
0.000000000000000000e+00
3.331102728843688965e-01
7.917860895395278931e-02
0.000000000000000000e+00
1.601840928196907043e-02
0.000000000000000000e+00
2.740175724029541016e-01
7.724583894014358521e-02
1.711217500269412994e-02
5.800204724073410034e-02
0.000000000000000000e+00
1.252429187297821045e-01
3.906834840774536133e+00
1.638731360435485840e-02
0.000000000000000000e+00
4.486538469791412354e-03
1.119082570075988770e+00
2.417321652173995972e-01
4.819863736629486084e-01
7.665252685546875000e-02
1.132335700094699860e-02
0.000000000000000000e+00
0.000000000000000000e+00
5.307239294052124023e-02
0.000000000000000000e+00
1.100396037101745605e+00
1.809395253658294678e-01
1.123719096183776855e+00
2.404142916202545166e-01
0.000000000000000000e+00
3.448265492916107178e-01
1.951636048033833504e-03
0.000000000000000000e+00
1.104964837431907654e-01
1.585537791252136230e-01
9.926003217697143555e-01
2.242399193346500397e-02
2.803506255149841309e-01
3.890381157398223877e-01
5.785039067268371582e-02
0.000000000000000000e+00
5.216501280665397644e-02
1.472647041082382202e-01
8.657243847846984863e-01
3.057532310485839844e-01
6.779967546463012695e-01
0.000000000000000000e+00
1.865458607673645020e+00
5.602256953716278076e-02
3.904084265232086182e-01
3.363177180290222168e-02
2.870550155639648438e-01
0.000000000000000000e+00
4.485229551792144775e-01
4.406090676784515381e-01
0.000000000000000000e+00
3.460691273212432861e-01
1.289181351661682129e+00
4.370385408401489258e-01
4.424944519996643066e-02
3.945102691650390625e-01
2.580530382692813873e-02
0.000000000000000000e+00
4.962978065013885498e-01
0.000000000000000000e+00
6.600828468799591064e-02
1.436528444290161133e+00
0.000000000000000000e+00
0.000000000000000000e+00
5.363183468580245972e-02
0.000000000000000000e+00
5.741208791732788086e-01
0.000000000000000000e+00
0.000000000000000000e+00
1.284249592572450638e-02
3.409477323293685913e-02
1.019934099167585373e-02
9.368588030338287354e-02
6.459730211645364761e-03
2.920574042946100235e-03
3.194039687514305115e-03
2.836309432983398438e+00
8.342801034450531006e-02
0.000000000000000000e+00
5.521574020385742188e-01
2.293652147054672241e-01
8.802709728479385376e-02
0.000000000000000000e+00
8.633463084697723389e-02
4.439126700162887573e-02
4.728912115097045898e-01
2.457615360617637634e-02
1.087734922766685486e-01
2.041498899459838867e+00
3.208077549934387207e-01
1.177278086543083191e-01
2.204236835241317749e-01
6.850556470453739166e-03
1.199429780244827271e-01
3.954007327556610107e-01
1.021074354648590088e-01
2.051059901714324951e-01
2.523293495178222656e-01
1.682714968919754028e-01
2.836061120033264160e-01
1.266463160514831543e+00
3.004717081785202026e-02
1.563330888748168945e-01
7.479913532733917236e-02
0.000000000000000000e+00
1.018748402595520020e+00
0.000000000000000000e+00
0.000000000000000000e+00
1.875930726528167725e-01
0.000000000000000000e+00
3.148335264995694160e-03
5.489168316125869751e-02
2.145611345767974854e-01
5.313839316368103027e-01
0.000000000000000000e+00
0.000000000000000000e+00
1.230907440185546875e-02
3.607758879661560059e-02
0.000000000000000000e+00
2.163205444812774658e-01
2.962735652923583984e+00
2.694112300872802734e+00
3.228262811899185181e-02
0.000000000000000000e+00
6.349120140075683594e-01
1.842353940010070801e-01
1.138352751731872559e-01
2.082366682589054108e-02
2.439572066068649292e-01
0.000000000000000000e+00
2.557637542486190796e-02
5.205226317048072815e-02
9.322058409452438354e-03
1.927218586206436157e-01
7.077893614768981934e-02
6.019690036773681641e-01
2.522629797458648682e-01
0.000000000000000000e+00
1.335668414831161499e-01
2.343226075172424316e-01
2.720116078853607178e-01
0.000000000000000000e+00
0.000000000000000000e+00
6.139124035835266113e-01
3.864525631070137024e-02
0.000000000000000000e+00
2.289076521992683411e-02
5.727536678314208984e-01
0.000000000000000000e+00
2.076758146286010742e+00
5.048498883843421936e-02
6.077275797724723816e-02
0.000000000000000000e+00
0.000000000000000000e+00
2.713642269372940063e-02
3.165993094444274902e-02
0.000000000000000000e+00
4.309221804141998291e-01
1.017937902361154556e-03
8.690425008535385132e-02
3.360794112086296082e-02
4.956549033522605896e-02
1.967644989490509033e-01
9.326065778732299805e-01
0.000000000000000000e+00
0.000000000000000000e+00
6.524351239204406738e-02
0.000000000000000000e+00
2.876582369208335876e-02
2.899362325668334961e+00
9.610448777675628662e-02
2.313829213380813599e-01
0.000000000000000000e+00
8.710604310035705566e-01
1.042516902089118958e-02
3.183329403400421143e-01
8.795889019966125488e-01
9.895013272762298584e-02
0.000000000000000000e+00
1.239601254463195801e+00
1.352689713239669800e-01
0.000000000000000000e+00
0.000000000000000000e+00
4.405335485935211182e-01
4.084070622920989990e-01
1.591412350535392761e-03
3.547759028151631355e-03
0.000000000000000000e+00
7.637491077184677124e-02
1.345109893009066582e-03
1.470948904752731323e-01
2.219667192548513412e-03
9.536713361740112305e-02
5.096555352210998535e-01
2.737024426460266113e-02
2.849754095077514648e-01
0.000000000000000000e+00
0.000000000000000000e+00
7.533036917448043823e-02
0.000000000000000000e+00
1.277063339948654175e-01
0.000000000000000000e+00
4.130469262599945068e-01
2.281777793541550636e-03
1.928450353443622589e-02
8.459103107452392578e-02
6.194634914398193359e+00
0.000000000000000000e+00
1.806748798117041588e-03
2.075458131730556488e-02
7.508274912834167480e-01
1.776448041200637817e-01
0.000000000000000000e+00
3.163590794429183006e-03
3.537493050098419189e-01
1.461077332496643066e+00
3.984953090548515320e-02
9.194283746182918549e-03
1.649181604385375977e+00
0.000000000000000000e+00
0.000000000000000000e+00
1.246389970183372498e-01
2.949211299419403076e-01
0.000000000000000000e+00
3.033442199230194092e-01
0.000000000000000000e+00
1.148091256618499756e-01
0.000000000000000000e+00
0.000000000000000000e+00
4.689152538776397705e-02
0.000000000000000000e+00
3.952162861824035645e-01
5.043520927429199219e-01
2.232320308685302734e-01
9.698387235403060913e-02
1.947025060653686523e-01
1.812646239995956421e-01
0.000000000000000000e+00
9.171696007251739502e-02
7.846521213650703430e-03
0.000000000000000000e+00
9.413156509399414062e-01
3.333911597728729248e-01
4.066105186939239502e-01
2.772167026996612549e-01
4.964528232812881470e-02
0.000000000000000000e+00
9.169521927833557129e-01
2.955137789249420166e-01
1.118959903717041016e+00
7.797721028327941895e-01
0.000000000000000000e+00
6.347358971834182739e-02
1.116796411224640906e-04
1.188328582793474197e-02
4.041897878050804138e-02
8.014500141143798828e-02
2.165101915597915649e-01
4.026098847389221191e-01
0.000000000000000000e+00
9.094725847244262695e-01
2.494691871106624603e-02
4.285740479826927185e-02
0.000000000000000000e+00
1.589251160621643066e-01
2.456741929054260254e-01
7.821689248085021973e-01
0.000000000000000000e+00
0.000000000000000000e+00
1.912977695465087891e-01
2.319579944014549255e-02
3.709219768643379211e-02
0.000000000000000000e+00
4.007301852107048035e-02
6.132027506828308105e-02
0.000000000000000000e+00
3.141360759735107422e+00
2.131667882204055786e-01
0.000000000000000000e+00
2.679788321256637573e-02
1.682477258145809174e-02
3.380337953567504883e-01
1.495665684342384338e-02
0.000000000000000000e+00
2.383086085319519043e-02
4.730312153697013855e-03
4.338757991790771484e-01
2.876372039318084717e-01
3.934037312865257263e-02
0.000000000000000000e+00
2.542690373957157135e-02
5.718496814370155334e-02
0.000000000000000000e+00
0.000000000000000000e+00
0.000000000000000000e+00
6.821099668741226196e-03
6.754039973020553589e-02
3.951632380485534668e-01
4.186871275305747986e-02
3.516009449958801270e-02
3.857588768005371094e+00
7.438848614692687988e-01
0.000000000000000000e+00
6.759199500083923340e-02
3.453429341316223145e-01
0.000000000000000000e+00
0.000000000000000000e+00
0.000000000000000000e+00
0.000000000000000000e+00
1.272304728627204895e-02
7.039210200309753418e-02
1.678813993930816650e-01
4.430747032165527344e-02
2.814719676971435547e-01
5.010167956352233887e-01
1.727914959192276001e-01
1.292513012886047363e-01
1.416057441383600235e-02
4.912174120545387268e-02
2.757648751139640808e-02
3.007826395332813263e-03
2.034768342971801758e+00
1.470979809761047363e+00
1.197969466447830200e-01
0.000000000000000000e+00
7.987245172262191772e-02
5.295154079794883728e-02
1.679856032133102417e-01
0.000000000000000000e+00
2.596251899376511574e-03
5.858777090907096863e-02
1.611365377902984619e-01
1.726195961236953735e-02
1.294057071208953857e-01
2.876999974250793457e-01
0.000000000000000000e+00
2.165932208299636841e-03
4.220089912414550781e-01
1.232451081275939941e+00
0.000000000000000000e+00
1.772013306617736816e-01
7.088731508702039719e-04
0.000000000000000000e+00
7.661210894584655762e-01
1.488576382398605347e-01
0.000000000000000000e+00
4.296213984489440918e-01
9.432099759578704834e-02
0.000000000000000000e+00
7.187783718109130859e-02
1.937806457281112671e-01
0.000000000000000000e+00
3.879930078983306885e-01
0.000000000000000000e+00
1.994649916887283325e-01
5.364725589752197266e-01
1.251024484634399414e+00
0.000000000000000000e+00
2.142099663615226746e-02
0.000000000000000000e+00
0.000000000000000000e+00
6.305691003799438477e-01
2.191836573183536530e-02
1.570986509323120117e-01
4.476151242852210999e-02
3.820409178733825684e-01
1.350798308849334717e-01
4.876646678894758224e-03
2.454448938369750977e-01
1.166296601295471191e-01
0.000000000000000000e+00
1.542896330356597900e-01
4.858618080615997314e-01
1.129425317049026489e-02
4.863160103559494019e-02
3.620539978146553040e-02
3.251901641488075256e-02
0.000000000000000000e+00
1.684467494487762451e-02
1.816790401935577393e-01
5.363729596138000488e-01
1.189299374818801880e-01
0.000000000000000000e+00
2.510425448417663574e-01
5.148143768310546875e-01
5.983046442270278931e-02
0.000000000000000000e+00
5.272034406661987305e-01
4.333764687180519104e-02
2.447133185341954231e-03
0.000000000000000000e+00
0.000000000000000000e+00
1.234232485294342041e-01
1.582767367362976074e+00
1.073916326276957989e-03
2.515358209609985352e+00
1.685570627450942993e-01
5.203836560249328613e-01
9.546429514884948730e-01
2.273980379104614258e-01
1.765595190227031708e-02
1.985598564147949219e+00
1.863245107233524323e-02
7.808684557676315308e-02
2.876203693449497223e-02
0.000000000000000000e+00
4.585159197449684143e-02
3.679201364517211914e+00
6.917414665222167969e-01
1.039363503456115723e+00
7.835799455642700195e-02
1.120883598923683167e-01
2.474053204059600830e-02
6.767018139362335205e-02
1.469775888836011291e-04
1.775277405977249146e-02
4.373446572571992874e-03
1.193785592913627625e-01
2.746337838470935822e-02
0.000000000000000000e+00
8.463016897439956665e-02
5.649854540824890137e-01
8.385450579226016998e-03
4.034796059131622314e-01
6.068401783704757690e-02
5.911114811897277832e-02
3.619898110628128052e-02
2.698374353349208832e-02
1.263452023267745972e-01
1.062557175755500793e-01
3.006877601146697998e-01
0.000000000000000000e+00
0.000000000000000000e+00
2.941462211310863495e-02
0.000000000000000000e+00
1.484199523925781250e+00
1.521157771348953247e-01
0.000000000000000000e+00
2.991600930690765381e-01
1.857129454612731934e+00
7.116624712944030762e-01
1.257593929767608643e-01
5.600858479738235474e-03
0.000000000000000000e+00
2.146313339471817017e-02
0.000000000000000000e+00
0.000000000000000000e+00
2.900429628789424896e-02
0.000000000000000000e+00
6.191674619913101196e-02
0.000000000000000000e+00
5.590388774871826172e-01
5.073370994068682194e-04
3.772530853748321533e-01
0.000000000000000000e+00
1.700663268566131592e-01
2.003343105316162109e-01
0.000000000000000000e+00
4.447196960449218750e+00
5.133432149887084961e-02
5.555830150842666626e-02
0.000000000000000000e+00
1.612206995487213135e-01
0.000000000000000000e+00
