8.641673957754392177e-06
1.124059690482681617e-05
2.148908674716949463e-01
1.150233373045921326e-01
5.906765908002853394e-02
2.582773566246032715e-01
3.383478522300720215e-01
4.239117501469991112e-08
2.051036460670729866e-07
5.697404326099331229e-09
1.432007081803021720e-07
6.922132911313383374e-08
8.234044912569515873e-08
1.067252739517243754e-07
8.795398542815746623e-08
6.456310330804626574e-08
5.012184089991933433e-08
1.153921544982949854e-07
6.306034094905044185e-08
6.638795291280530364e-09
1.136667791001855221e-07
2.687020696612307802e-06
5.830196414535748772e-07
5.294517535503473482e-08
4.644506930162606295e-07
2.205580784675476025e-08
5.078862841401132755e-07
7.575285110306140268e-08
7.107605881628842326e-08
5.123893629388476256e-07
1.040541974361985922e-06
7.595772189006311237e-08
1.915818756970111281e-07
1.730102667352184653e-04
6.714038900099694729e-04
3.148651046558370581e-07
5.401203452493064106e-06
5.219885323981543479e-08
3.963983203902898822e-07
1.280535457226505969e-06
5.804168722534086555e-06
1.580767843734065536e-06
3.409370776807918446e-07
4.810327141058223788e-07
2.016731286857975647e-06
2.892900852202728856e-08
3.470392130111576989e-06
1.919181897847010987e-07
1.007855203738472483e-07
1.152502250079123769e-06
5.472722841659560800e-05
1.138615743911941536e-06
6.975725597158088931e-08
3.851173175917210756e-07
1.893669605124159716e-06
1.790005654811466229e-07
8.092531800230062800e-08
8.068295187513285782e-08
1.474271812185179442e-05
6.905250415911723394e-07
2.056459152299794368e-06
4.094279759669916530e-08
1.080292619803913112e-07
4.712242400728428038e-07
1.966877931636190624e-07
2.775714165181852877e-05
4.883511905973136891e-07
5.924273409618763253e-07
5.423328275355743244e-07
1.009531388262985274e-06
2.936385783414152684e-07
1.305010641772241797e-07
4.294827249395893887e-07
1.586495272931642830e-07
1.681987527035744279e-07
6.143402515590423718e-07
5.544710468541325099e-09
1.597467615965797449e-07
1.563102358659307356e-08
2.488769723640871234e-07
1.677382215348188765e-07
1.673393512646725867e-06
1.073519001693057362e-06
1.271106043532199692e-06
4.351323568130283093e-08
7.000293749115371611e-07
2.288384735038562212e-07
9.697663472252315842e-08
5.453276585853927827e-08
1.307791421822912525e-07
3.817718763343691535e-08
8.802829576382009691e-09
1.743044322211062536e-07
5.588723439586829045e-08
1.860230804595630616e-05
4.650414275886305404e-09
1.584788833497441374e-08
2.138324788347745198e-07
4.018737911337666446e-07
1.244980296633002581e-07
1.582671984579064883e-07
8.114698246686202765e-09
1.434205465500326682e-08
6.066875357646495104e-07
7.849584982011492684e-09
1.576332664399160421e-08
2.075906113674363951e-09
2.586376467661466449e-05
2.403603218681382714e-07
8.683314263180363923e-07
1.543188773212023079e-05
6.142805091258196626e-07
1.737350394250825047e-04
1.630918122828006744e-04
7.618908512085909024e-06
2.208125351899070665e-06
1.643485205704564578e-07
1.271463115699589252e-04
3.713851697284553666e-07
5.638643187921843491e-07
1.863728726902991184e-07
9.602642592199117644e-08
2.265525722577876877e-07
7.134472525649471208e-06
1.703947532405436505e-06
3.300334014966210816e-07
1.568277639307780191e-06
1.184658593444964936e-08
7.775262389486670145e-08
6.249393209145637229e-06
2.775323260095774458e-08
1.354238747808267362e-07
3.740494548765127547e-06
6.399311018867592793e-07
8.559142088415683247e-07
1.562577836011769250e-06
3.563409123330529837e-08
2.142705426422253367e-07
3.821476468601758825e-07
8.004198548405838665e-07
1.663376860960852355e-05
3.104711868218146265e-05
1.201110208057798445e-04
1.217536294007004471e-07
2.606441739771980792e-06
2.950324187622754835e-06
1.378924662276403978e-05
1.353182742604985833e-04
2.052550262305885553e-04
8.692129631526768208e-05
6.478728028014302254e-05
1.085441780901419406e-07
3.691805305905404566e-09
3.386591274079364666e-08
8.508058257916673028e-09
3.338420739851244434e-08
1.517046399612809182e-08
1.591021892011212913e-08
3.173487428398402699e-08
3.763788924970867811e-08
1.771770996583654778e-08
4.072375148211904161e-08
2.938832999177520833e-08
1.494501411514193023e-08
4.078243165395178949e-08
8.573216803142713616e-09
4.007885223700213828e-08
1.722064446596505150e-08
4.973710332478731289e-08
1.370147728607662430e-08
4.846358425680818982e-09
8.248105132224736735e-08
8.173473986516910372e-08
1.130243703073574579e-07
6.664019025492962101e-08
3.144162041834874799e-09
2.420297029459561600e-08
4.105424444844629761e-09
2.553062472543388139e-07
7.311288019451467335e-09
1.467429999735259116e-08
3.561329720014327904e-08
4.560658517505089549e-09
4.670127751182917564e-08
6.995451684588260832e-08
3.927391034608262999e-08
6.331385549174228800e-08
4.844272183390785358e-08
3.021008865289331879e-08
5.715311957033009094e-08
1.058589873537130188e-07
1.636452751085926138e-08
3.131869874550829991e-08
4.155575794584365212e-08
1.546923300566049875e-08
5.434912964119575918e-08
6.220233927933804807e-08
8.065259571310434694e-09
2.690915934522308817e-08
1.440158854393303045e-07
3.631576150908699674e-09
1.110396752324049885e-08
2.078981964359627455e-08
4.215297906284831697e-07
2.298687640234220453e-08
4.560486743798719544e-08
8.093568482081536786e-09
7.119796663346278365e-08
3.608467835647388711e-08
3.391122405105306825e-08
7.152559788892176584e-08
4.132834163783627446e-08
1.419148674131065491e-07
2.980197599811162945e-08
9.450002558253345342e-09
4.895596461551576795e-08
2.111483610178765957e-08
1.173714458957419993e-08
2.058954962080861151e-08
1.157198425971728284e-08
3.952503213611180399e-09
7.881566688183738734e-08
2.426842549141383643e-08
3.387293929790757829e-07
2.571134949391762348e-08
6.819924891487971763e-08
9.294023328720868449e-09
3.204012699598024483e-08
3.936132753068477541e-09
1.494860590867119754e-08
1.872177080031178775e-08
1.642885827379814145e-08
1.149928774424324729e-08
1.700921181679859728e-08
6.168923594174202663e-09
4.762859973084232479e-08
7.529339995926420670e-08
3.891103403930173954e-07
8.563722175836119277e-09
1.167460705886469441e-08
2.878859284294321697e-08
2.910994645333175868e-08
1.936952287451276788e-08
9.068464201789083745e-09
2.326554726650442717e-09
4.983628443255838647e-08
4.906056361164701229e-08
9.752973539889353560e-09
2.495931425983144436e-07
1.424500766233904869e-07
4.444012802196084522e-07
2.537007048886152916e-07
1.702716190266073681e-08
3.648245012755069183e-07
5.909813793891771638e-08
1.308856134585312248e-08
5.100714961514540846e-09
3.365778766806215572e-08
3.962078380936873145e-07
5.927135759975499241e-08
2.096174966936814599e-08
9.872512585218373715e-09
6.272562469433751176e-09
7.865376971949444851e-08
9.491365204894464114e-08
6.332363966521370457e-08
3.677933690937607025e-08
1.029123630758022045e-08
3.568714745938450505e-08
1.664270143919566181e-07
2.187495624639268499e-07
1.281072172787389718e-07
6.078788032937154640e-07
1.334741739356104517e-07
1.189508402887895500e-08
9.353736674100332493e-10
1.729055121302280895e-08
1.524155806009730441e-07
9.850426607727058581e-08
2.411140371805231553e-07
2.091357771405455424e-07
3.633970209193648770e-07
3.375443213826656574e-07
3.455112107531022048e-08
2.095424633807851933e-07
1.458891688344010618e-06
9.329434647042944562e-08
3.876694734117336338e-07
7.094336069712880999e-07
8.521752903334345319e-08
1.099234125945258711e-07
2.592243530941118479e-09
2.462531512037458015e-08
3.037754225942990161e-08
8.262725970098472317e-08
1.289776552226840067e-08
2.173315351683413610e-06
2.529365605852262888e-09
3.022588046519558702e-08
3.825667960200007656e-08
4.949483667360254913e-08
4.025594435574930685e-08
7.122534384507162031e-08
7.825998693533620099e-08
5.255239088342023024e-08
3.657079306051969070e-09
9.509984977285057539e-08
2.430966787869692780e-07
9.174259503197390586e-07
3.695716088714107173e-07
9.609866538085043430e-07
2.504674057490774430e-06
5.019761374569498003e-06
1.654667812545085326e-06
2.153474042643210851e-06
1.242778671439737082e-05
1.214993687881360529e-07
1.527749645902076736e-06
5.629613497148966417e-06
1.523624746369023342e-06
5.080393634671054315e-07
4.768279779909789795e-07
1.910917575287385262e-07
4.575483671942492947e-07
3.550366500348900445e-06
3.149248755107691977e-07
9.104128366743680090e-06
1.680651330389082432e-04
2.223280262114712968e-06
5.847570037076366134e-07
2.883981409240732319e-08
3.226741185358150688e-08
4.719737134450951999e-08
4.893094285307597602e-08
1.311408226456478587e-07
8.355966585327223584e-09
3.207410781413955192e-09
1.476180955251038540e-07
1.211702294057204199e-08
8.133195783521784961e-10
1.160226759111537831e-07
1.364623969379863411e-08
2.086926853550608030e-09
4.086565308369927152e-09
3.130157608666195301e-07
6.266834162715895218e-09
1.803888038942602634e-09
2.511856056486294619e-09
5.376814549151731626e-09
3.642689483385197491e-09
5.886528597898177395e-09
1.833233120862587384e-08
2.240424556987363758e-08
4.495155536687889253e-08
3.200077980380910958e-09
1.495351042990478163e-08
2.517751056529959897e-07
5.154753779379461776e-08
2.098719420473571518e-08
7.817613578708915156e-08
3.728405033598392038e-07
5.624244181490212213e-09
4.804355313581254450e-08
5.044338990956021007e-07
2.776408791760331951e-08
1.469275634491395977e-08
1.192463905397289636e-08
3.071515042307737531e-09
2.007808586057535649e-09
3.047821550694607140e-09
4.874894266038154456e-09
1.587189935037258692e-09
1.426969298279345821e-08
7.897896558972661296e-09
1.450389319757050544e-08
2.466074233709036889e-09
1.395389759295539989e-08
1.587227060895202158e-08
2.825168765596686171e-09
1.366499002841692345e-08
1.633854651572619332e-08
1.670881744075813913e-08
2.849990465847440646e-08
3.079048127574424143e-08
6.851990086431669624e-09
6.476120528731144077e-09
1.779621605635384185e-08
1.182718700754037400e-09
4.958343957639499422e-09
9.091851534321904182e-04
2.771794097498059273e-04
1.325900550000369549e-03
4.645486114895902574e-05
5.671460598932753783e-07
7.339166477322578430e-04
4.905638284981250763e-03
1.335136621491983533e-04
2.398133510723710060e-03
9.698218406128944480e-08
6.979801128181861714e-07
1.209707090055189838e-08
2.746483005466870964e-07
5.548228614316030871e-07
2.329927610844606534e-07
3.894190285791410133e-06
6.278464184106269386e-07
8.279862129256798653e-09
4.776332573896979738e-08
5.566770511222784990e-08
1.517020450592099223e-06
3.539166826271866739e-08
1.239640027961286251e-06
4.210802160287130391e-07
1.519707240049683605e-07
2.809918697721514036e-08
1.174531849557070018e-08
4.106750139953874168e-08
1.409004966035354300e-07
5.196984602662269026e-07
5.910802656217128970e-07
6.152340858989191474e-08
5.728481937694596127e-07
1.291289919436167111e-07
4.738774350698804483e-08
3.005600390793006227e-08
3.116872164810047252e-07
1.589472731211571954e-07
5.445237505341538053e-08
1.024149440809196676e-07
9.003010177366377320e-07
2.704757662286283448e-08
4.961894362054408703e-08
4.499616323982991162e-08
1.715576559035980608e-06
2.647600894079005229e-08
1.195332060888176784e-06
2.505564999921716662e-08
2.336259967705700547e-07
2.299944526384933852e-06
1.082396927643003437e-08
9.553258450978319161e-07
4.349904429545858875e-06
5.954188253554093535e-08
7.360150533486375934e-08
3.449039498448769336e-09
4.227004524182120804e-07
2.037111244135303423e-06
5.187720262256334536e-07
8.864736855684896000e-08
5.891092058618596639e-08
1.945426504335046047e-07
8.616759146207186859e-07
8.399002382475373452e-08
3.652689173350154306e-08
2.982204705404001288e-08
7.253233036408346379e-08
1.779759259079582989e-06
8.124339956339099444e-07
5.425198423836263828e-08
8.202690651160082780e-07
2.084655363887577550e-07
6.315466180240036920e-06
2.207227396411326481e-07
5.456049620988778770e-06
3.732991160632082028e-07
8.591162270477070706e-08
6.733550605986238224e-08
1.155685236398085181e-08
2.788356141536496580e-07
9.297943392994056921e-07
6.548330020450521260e-07
4.570540212966989202e-08
2.375385338382329792e-05
4.442863996700907592e-07
2.747917449141823454e-08
2.283722324136761017e-06
1.596584908725162677e-08
3.338433529620488116e-08
2.082602605923966621e-07
1.665264051098347409e-07
1.420659373252419755e-06
5.855161333556679892e-08
1.069732959990687959e-07
6.040427820153126959e-07
1.236131993209710345e-05
9.535413170169704244e-08
3.848184917387698079e-07
3.747512380414264044e-07
5.465564356654795120e-08
7.820111846967847669e-08
4.064126642333576456e-06
2.180433966714190319e-08
8.144044159053009935e-07
1.219341427827203006e-08
6.057636596779047977e-07
1.046940223403680648e-08
1.642634259724218282e-07
6.571433459612308070e-07
3.666241923383495305e-07
1.248268063136492856e-06
8.191785028088816034e-09
7.529581580456579104e-07
5.150139870124803565e-08
2.226299557150923647e-06
3.475468020042171702e-07
3.588349670735624386e-07
2.244198213929848862e-07
8.704112275381703512e-08
1.611021957614866551e-06
2.231595574997413678e-09
1.010657015854121710e-07
6.362903803847075324e-08
2.701902417356905062e-07
1.458571659895824268e-06
3.627598914590635104e-07
1.087123200704809278e-05
2.136718535439285915e-07
5.651210344126411655e-08
3.057874948808603222e-07
1.471600619140644994e-08
1.406025518235765048e-08
7.550919889354190673e-08
9.290850755405699601e-09
4.388679428757313872e-07
6.225489528333127964e-07
5.141755536897107959e-07
2.205079283612576546e-07
4.334305685915751383e-06
6.569757005081555690e-08
2.393998421723608772e-08
1.245848437747554271e-07
8.127024386794801103e-08
1.938663451994671050e-08
4.977938061756503885e-08
5.194041250433656387e-07
1.527315340865698090e-08
1.980686761271499563e-07
1.345786557749306667e-07
1.660732920072405250e-07
6.616367187461946742e-08
1.141534511361896875e-07
6.308361832907394273e-08
1.014664462672953960e-06
1.470052168883739796e-08
2.103381149254346383e-07
8.842247893880994525e-07
1.752688035594474059e-06
1.123028892102695409e-09
4.270157205610303208e-08
1.138750030804658309e-05
4.953336940616281936e-08
2.051174163852920174e-08
1.745984121725996374e-07
2.238783309849168290e-07
1.582767197305656737e-07
1.285569339870562544e-08
1.103953195524809416e-07
3.235901385778561234e-05
1.582077544526327983e-07
1.917286738262191648e-07
1.359513746024276770e-08
3.614038845967115776e-09
1.020023887576826382e-06
7.825133252481464297e-06
5.032681826833140804e-09
9.157528069181353203e-09
2.724321348068770021e-06
2.515917572054604534e-07
5.008798709127404436e-09
3.017482930189885337e-09
1.496096473374564084e-07
1.061897378917819879e-07
1.868490244305576198e-06
5.634110955554660904e-09
3.063337999265058897e-06
1.406765903766427073e-08
3.802603259828174487e-06
8.269186082543455996e-07
2.104827956372901099e-07
1.595472440385492519e-06
1.299143903565891378e-08
3.590402002373593859e-06
5.952510040430070148e-09
5.114190670951757056e-08
3.203280982688738732e-07
8.454637878685389296e-08
4.149006116449527326e-08
3.413476576952234609e-07
2.272367680689058034e-07
5.073997044746647589e-07
6.813213531131623313e-07
2.067007699224632233e-06
1.543497774036950432e-07
1.335440771299545304e-07
1.378428891030125669e-07
2.914271046705607660e-09
5.159972261026268825e-06
4.149007963860640302e-07
1.142429141509637702e-06
4.755160603053809609e-07
5.583047482105030213e-07
5.249939150075988437e-08
7.149163394615243305e-08
4.144177223608380700e-10
7.394671683869091794e-07
3.556810668214893667e-07
5.098393103253329173e-06
3.714671592547347245e-08
2.539110539601097116e-07
7.767977194816921838e-08
5.675674401572905481e-07
1.090444243345700670e-06
9.972628944865391531e-09
9.694158364936811267e-08
1.007259484708811215e-07
4.378605922283895779e-08
9.436247694338817382e-08
6.881127490032667993e-08
1.224221250595292076e-06
2.304902409377973527e-06
7.776435268169734627e-06
8.708845200544601539e-08
1.076869367011568102e-07
3.165839416396920569e-06
2.057929160415028491e-09
1.630790364970380324e-07
8.312174486491130665e-07
4.662553365619714896e-08
9.264198524761013687e-06
6.652830819575683563e-08
4.553692178888013586e-07
1.036050818470357626e-07
2.378946817316318629e-07
2.328314963051525410e-07
6.757139847657356313e-10
8.454919964151486056e-08
3.934515575565455947e-07
3.925153464479080867e-07
4.506402092374628410e-06
4.602102308126632124e-06
3.461946462834930571e-08
5.578989004106915672e-08
1.434687035839488090e-08
3.551517693267669529e-06
6.521914656332228333e-06
1.348758882357969924e-08
5.569180672182483249e-08
5.607251409855962265e-07
4.977544421080892789e-08
9.555070512590191356e-09
1.001251712295925245e-05
3.801100092459819280e-07
1.506654569993770565e-07
3.501958190099685453e-07
2.290734890664225532e-08
1.425483162620366784e-07
5.911605782671358611e-08
1.151168817159486935e-06
1.191510747844404250e-07
3.195803856215206906e-06
1.268870075676886700e-08
3.840804119192853250e-09
2.074637563964643050e-07
1.845037012060402049e-08
2.003144072659779340e-05
1.067521981923391650e-08
1.371824680518329842e-07
3.765133556044020224e-07
5.506881350925141305e-08
1.164566683087286947e-07
7.310072192012739833e-08
2.420900591104668820e-09
1.216180407936917618e-06
3.165019677453528857e-07
5.096434051665710285e-06
1.018366724281349889e-08
1.338507793491316988e-08
2.332174062757985666e-06
6.011650555137748597e-08
1.464135976902980474e-07
6.337934621569729643e-08
6.376456440193578601e-06
4.003457831913692644e-08
6.195936208541752421e-08
8.579720542911672965e-07
1.356090564286205336e-07
2.622030024213017896e-07
1.216115208535484271e-08
1.555086015514461906e-07
2.202234661297097773e-08
2.545719857138806219e-09
1.638969706618809141e-07
2.006873955906485207e-06
2.609119110275059938e-05
1.052968627845984884e-07
4.671945319500991900e-08
1.645629936319892295e-06
1.370492697105873958e-08
2.218474115522894863e-08
5.947713077603111742e-08
1.516836618975503370e-06
3.319235020171618089e-07
2.447892732959644491e-08
1.129872373439866351e-08
8.708288135039765621e-08
1.022089168856155084e-08
8.155059560976951616e-08
1.235060835824697278e-07
1.727729781464404368e-08
3.465009683623065939e-07
8.610983854850928765e-07
3.174262246830039658e-06
1.356111965833406430e-06
1.568332237411595997e-07
5.832957413076655939e-06
5.307684318722749595e-07
3.338734302360535366e-07
1.183818199024244677e-08
3.357752689225890208e-07
3.609290843087364919e-06
4.480924786776085966e-08
4.196526219857332762e-07
1.376352770421362948e-06
3.131328048766590655e-05
9.611176210455596447e-07
5.216476438363315538e-06
3.234558842990509220e-09
7.954612897265178617e-07
4.073299805895658210e-06
4.051959123785309203e-08
4.705094980295143614e-08
9.307554904580683797e-08
1.605925348258097074e-07
1.866474349299096502e-06
4.733722303029708200e-09
3.829387651421711780e-08
1.242676148649479728e-06
9.340879500996379647e-07
9.591955674181917857e-09
6.672130847817925314e-09
6.072489782127377111e-07
6.809137431673661922e-08
1.926819948039337760e-07
7.765388332359179913e-09
1.405380885444174055e-06
7.176012104537221603e-07
8.446151156249470660e-08
3.132528547666879604e-07
3.671560762086301111e-07
1.381930815114174038e-06
2.527722209322291747e-08
2.977504465206948225e-08
7.730372431069554295e-07
1.052708498150423111e-07
4.499983390360284830e-07
7.425465810229070485e-06
5.402566216616833117e-07
2.377090346783461428e-08
9.479733307671267539e-06
1.246015983724646503e-07
1.059299393091350794e-06
5.324674248186056502e-07
3.887344135478087992e-08
6.926097739778924733e-07
1.900574488900019787e-07
5.173132677782632527e-08
5.355676080398552585e-08
5.852607500855810940e-07
2.462714832063284121e-08
1.077883098332677037e-06
8.456081701524453820e-08
8.481602264964749338e-08
2.939048727057524957e-06
8.800765272098942660e-07
1.015404436088829243e-07
2.508088527974905446e-07
1.058987848523429420e-07
5.140590928931487724e-06
5.022787519237681408e-08
2.178305713584904879e-08
2.121062379956129007e-06
2.640380500906758243e-07
2.508330544515047222e-05
1.311841629103582818e-06
6.602532266697380692e-06
2.718571181503648404e-07
3.377613495558762224e-07
1.214198073284933344e-05
4.513214335588600079e-08
4.661890784518618602e-08
3.073169452250112954e-08
7.204152439044264611e-07
7.778170584060717374e-06
3.052449812912527705e-07
3.457767263626010390e-07
1.028293263516388834e-05
9.712347264212439768e-07
6.946449104816565523e-08
4.058804492501622008e-08
4.631129613130724465e-08
8.802892637049808400e-08
4.208977316011441872e-06
9.093034236684616189e-07
2.664034752797306282e-07
9.843365234019074705e-08
3.845203622176995850e-08
5.010213044442934915e-07
1.482527522966847755e-06
2.098433469654992223e-06
1.184298412226780783e-06
1.997918417373512057e-07
3.111096020802506246e-07
1.884570883703418076e-05
2.871812057492206804e-06
4.683499355451203883e-06
2.260188011860009283e-06
6.121176454598753480e-08
1.888722245269036648e-08
6.785027653677389026e-05
7.720695066382177174e-06
2.222844353028108344e-09
5.521295776134138578e-08
5.142961754245334305e-07
3.811610937987097714e-08
1.190627045843939413e-07
3.103420853634020204e-09
1.629265540259439149e-07
4.078588062839116901e-07
2.203485928475856781e-05
7.297745518997089675e-09
8.271022977623943007e-09
2.949097321902627300e-08
3.209739531939703738e-07
8.073999197222292423e-06
7.986965897543996107e-07
2.247834117952152155e-06
5.004823833587579429e-06
5.132040996613795869e-07
2.268182441866883892e-07
6.762455768694053404e-07
1.425560753887111787e-07
7.875571100157685578e-06
5.067024062554992270e-07
1.007770649152917031e-07
7.115629330201045377e-08
1.341203460469841957e-05
2.553809054006705992e-06
1.797932824842973787e-08
2.188362735466853337e-08
7.259340009113657288e-07
2.877772331544292683e-08
4.053874727105721831e-05
2.956530238407140132e-07
6.900622295802349981e-09
7.631801679508498637e-08
1.719976171443704516e-05
8.482225477557392423e-10
4.613874793335526192e-08
1.913998914915282512e-08
9.238236771125230007e-07
2.657581710252543417e-09
1.610489732684072806e-07
4.054773398820543662e-06
6.903745486397383502e-08
1.313497755006665102e-08
1.646932035193060528e-09
4.193477565195280476e-09
6.819580278261128115e-08
1.200229121423035394e-06
2.751600618466909509e-07
1.654940717799036065e-08
2.369467665630509146e-06
1.346821250081120525e-07
2.008547994591936003e-09
1.169191521377399567e-09
4.402284048410365358e-06
1.554747086629504338e-06
3.253728664276422933e-07
2.718100589049754490e-08
1.418319425283698365e-05
2.326098957894373598e-08
1.622013030555535806e-07
7.802456991612416459e-08
1.229527470059110783e-06
6.954677722603719303e-09
6.683001743112981785e-07
2.190418371128544095e-07
8.419684860427878448e-08
3.334939435717387823e-08
1.986456510394418729e-07
1.335715182904095855e-08
3.060598530169045262e-08
7.443037475240998901e-07
7.109622970347118098e-07
3.281176219616099843e-08
1.242785674548940733e-05
8.107645044219680130e-07
5.556393603001197334e-07
1.130794680648250505e-05
1.597511186446354259e-06
6.365575444533533300e-08
3.581102134830871364e-07
1.272926084538994473e-07
9.657644994831571239e-08
1.127142127188562881e-06
1.034929596244182903e-06
2.085222092773619806e-07
4.132320441385672893e-07
1.548834407003596425e-04
1.590543234897268121e-07
2.885608694214170100e-07
3.029791528774694598e-08
2.243837471382903459e-08
8.271327715192455798e-06
3.214803427908918820e-07
4.820069676725324825e-08
5.827272389069548808e-07
1.298479332945134956e-07
4.923095389131049160e-07
1.500688995292875916e-07
5.427042992778297048e-07
9.768627023731824011e-06
3.578345442178942903e-08
6.436250288288647425e-08
4.398773114644427551e-07
1.243258651584255858e-07
2.001393895056935435e-08
2.004126287147300900e-07
4.005881066859728890e-07
4.547596788029295567e-08
6.049489797987916972e-09
2.313259450659188587e-08
1.142521721675393565e-08
9.710559467634993780e-09
6.601998947530773876e-09
5.522232626731238270e-08
1.051095921411615564e-08
1.072098356758033333e-07
2.226915185588040913e-08
1.822647988092285232e-08
2.682225108685543091e-08
5.540936154346809417e-09
1.537401672635496652e-08
1.808408889303336764e-08
6.280736641883777338e-08
1.675883254392829258e-08
1.280019574778634706e-07
5.441681594220426632e-08
6.963787058111847728e-08
1.344686921811444336e-07
2.505554448362090625e-07
1.043844690684636589e-06
2.278830493196437601e-07
3.011851106293761404e-07
1.358750978397438303e-07
7.072664676144313489e-09
7.149404623874033859e-09
3.652603766113315942e-07
1.702281160476104560e-08
2.062032322669438145e-08
7.307144755941408221e-08
3.799543435434316052e-08
2.210731686602684931e-08
8.328165534976506024e-08
1.206984592272419832e-07
4.317887487559346482e-07
6.020374030413222499e-07
8.747271067477413453e-07
3.434962764004012570e-06
3.445022400683228625e-07
8.990603532765817363e-07
5.738376785302534699e-06
2.567449897128426528e-08
5.587245323113165796e-05
3.957161709422507556e-07
3.520992493122321321e-07
1.107295588553824928e-07
2.026974016189342365e-06
5.331660872798238415e-07
1.498551682743709534e-08
2.232916585853672586e-06
1.895068635349161923e-07
3.388407066040599602e-08
8.189473737729713321e-05
6.221782200555026066e-08
1.068101980195024225e-07
1.019415591940742161e-07
6.073297242892294889e-08
2.233279730035064858e-07
5.604692887573037297e-08
1.195422161259784843e-08
2.048883018801461731e-08
5.702511529648290889e-08
2.489078498868479983e-09
3.555404859412192309e-08
1.986422262234555092e-07
1.273658956080225835e-08
2.177960922722377290e-08
1.412692096636192218e-08
1.171928261101129465e-06
