3.756314703728946824e-12
5.698843133505882008e-11
2.375024309164697200e-11
1.745853635271021886e-11
2.433327497830539698e-11
1.468909716084709771e-10
8.365669268428632677e-11
8.160235154264228186e-09
1.736554168019210920e-06
2.279819000250427052e-09
2.456261583017038674e-10
6.318106038349924347e-09
1.085187903981932322e-07
1.611270590728963725e-06
1.470810417902868039e-10
2.396785894753783452e-11
1.498365698182624328e-08
3.386994296139533844e-10
8.519024374820105550e-11
1.377207237140964935e-10
1.941817817652236045e-10
3.918818602954843300e-10
2.207529992137580166e-11
4.038143985862774343e-10
1.392533310884402908e-09
4.051913665703565925e-11
1.303415058176438102e-12
2.369937926460785604e-11
1.076001700933693073e-11
3.954949562290366316e-11
1.566060128799229290e-11
7.636986876224938214e-11
2.747479188602852673e-10
1.508834723829011182e-10
1.244979258574474557e-10
2.427768923396467216e-11
5.893554394509337158e-11
2.383802599759121676e-10
1.820503600299949731e-12
1.005296262901467230e-10
1.573040417542082015e-12
4.646419013432101508e-11
1.805525312592592968e-10
8.308723847827437226e-11
2.473029558913708570e-10
2.588001861425492933e-11
1.412496369868065926e-10
3.112360412796388864e-12
6.765105142747529499e-11
1.246060199466825225e-10
6.192619767669826913e-12
4.600642089513939936e-11
6.551689052392006829e-11
1.346310424255037219e-10
2.667556280033789307e-12
1.185585050272885965e-12
1.302250147994232776e-11
7.570173654602996294e-11
2.382383179622138414e-11
4.616329454115719599e-12
7.892345804672018517e-11
9.582333841337553615e-13
4.413260035196486797e-11
9.443797965857925192e-10
2.276557588276606481e-11
4.458496939696576788e-12
1.047851302254931838e-11
6.860260276519980494e-11
3.311530086605452006e-12
2.964918241477043637e-11
1.604442967373387319e-11
5.098092781263829920e-11
1.453305531473603196e-11
2.816402389083094704e-10
3.821127008557523297e-12
2.562415346574198338e-08
1.090281077226196160e-11
1.141268121673810754e-10
1.386594483676617529e-08
8.141288858343198598e-12
1.351820211326071330e-09
4.337653847219513636e-10
5.187822615937420778e-09
2.015705158342484538e-09
3.076065227189395124e-12
7.240732458058118937e-09
1.051155962272787292e-08
1.613279287937530171e-09
1.125365217680140972e-10
3.445616361674730399e-11
1.536629712362014288e-09
2.969968437849246357e-10
7.596280549027056850e-11
2.801520349038355562e-09
1.243169345244155011e-09
1.810462543772040078e-11
6.383814310506608081e-11
8.998531086934491441e-12
1.544457339797133955e-09
1.049218267823448514e-09
5.535495173347726450e-09
1.178274838808945901e-11
4.383553936504469561e-11
2.588170788797583555e-10
6.754207504400255857e-08
6.815935371662362741e-09
1.143581140894411874e-08
5.617512965211401976e-12
5.351135767134307386e-12
9.099013209556972015e-12
7.306870386525332606e-12
5.979514626497373087e-12
4.721225580622823159e-12
1.344052785734461963e-10
3.715040775009725849e-11
2.209382199760967502e-12
8.471850825031435051e-12
1.083194853257474222e-10
1.035604067778361781e-11
2.322003526955551678e-11
4.495574485591236069e-12
1.487550317300079250e-12
7.135306668432095378e-12
1.879597172349534162e-12
4.238166206871341046e-10
4.134619296242147968e-12
1.063386791816389731e-11
1.803338901817941320e-11
5.109257808499911846e-11
3.673273907267571303e-10
1.347365036381831249e-12
4.854111470414812501e-12
1.836155359702384970e-11
2.284237686153711699e-12
7.498547915929520968e-08
2.407306298746192397e-10
2.643619012587805628e-08
1.267732852028302659e-08
1.723928291785803424e-11
7.305630926601747177e-12
2.189701309163183396e-09
3.790051827934348694e-09
1.023947523992596587e-10
1.270205940429036673e-09
2.743100364910322497e-11
1.368581052929584985e-07
1.563442604546327885e-11
6.372728299924856898e-12
3.299771480363977716e-12
6.632332877343216637e-11
4.982078083415331093e-10
2.666409038010186805e-10
2.638115836894883159e-10
5.100954658665557417e-10
1.021838116344042646e-07
7.597381751489606927e-11
1.764407092652575670e-10
8.653043559458950540e-12
2.203605006800835042e-11
4.240177306491510478e-11
2.458867554011590073e-10
2.427379998393153215e-11
2.389013292747321771e-11
1.223573187214554991e-10
3.354872490923810346e-10
2.575341676025466597e-11
4.606358003367283516e-11
1.898713304637755783e-11
2.110538827038155318e-10
4.036788958661219340e-10
1.073266986395537970e-08
1.581396125160949850e-10
1.697997645266902111e-11
3.364438241892919734e-11
3.482068855475972669e-09
2.458193648635642603e-09
5.348340260252770761e-12
7.859535600118761067e-08
3.437747031487248250e-10
1.139671412797582661e-10
2.212357519404406503e-10
4.489709437560662764e-10
2.404145993395445657e-09
4.518720952972898885e-10
1.570979180076648163e-10
1.632349033720004172e-09
2.255777092896593672e-10
1.007900207738998688e-09
1.028229654198575815e-10
2.169957573003311602e-12
3.013361088433086366e-11
8.482850533120256387e-11
1.013877204414370681e-09
5.990270779410167279e-11
5.280349421599161985e-11
4.969872846594114435e-10
5.915572198755825184e-11
2.094500961558054541e-11
1.944709948631384577e-09
1.603194139943031615e-12
4.694713506836478700e-10
7.136943813712548490e-11
2.976933144438476120e-10
2.467303965303369040e-11
7.684210906466759639e-11
3.029994657954837578e-11
1.128509351938644656e-11
6.329561319518006712e-10
5.506375910790950456e-10
2.433746537633396656e-10
3.373815116169964767e-10
1.560565426883542273e-10
4.341550383091252741e-11
2.065934055772711275e-11
8.178770161126891480e-11
3.346064397780068589e-11
5.628358196174687578e-11
2.525260382746363774e-11
4.114942761535012039e-12
4.600687886213705724e-10
2.855983782801274629e-10
1.267570270968576551e-09
3.078862165217799429e-10
1.234744972933299323e-09
2.184820324657721358e-09
6.285229003921699586e-10
1.862363818716517017e-09
3.005635323960476057e-11
6.356182780109520536e-08
4.441173206970461251e-09
3.059977382591227979e-09
1.047866349246362461e-09
2.344888692940028108e-11
6.565221610799198970e-08
2.527333620161442695e-10
2.763071438316444528e-10
1.372468666493986689e-10
1.971869542649606899e-11
1.124657589279820513e-09
1.498724339077384116e-10
1.563482121547110637e-10
1.970410640206310404e-11
6.470214364284743169e-10
3.688626487585722202e-11
1.764852042285269818e-09
3.695163341976837046e-10
4.742331527474163977e-10
3.455984387557009541e-10
1.233929625144014608e-10
8.138703599946950362e-10
1.693024748172788918e-10
1.166644558736606996e-10
1.067826174705466258e-10
6.302597332918935535e-11
5.876081288214152210e-10
3.007989857195525474e-09
1.648444403201665409e-08
2.530069709294480162e-09
8.735734913223325293e-10
2.484388339496490516e-08
5.272826175684031114e-09
3.551810152657708386e-07
7.469220797418074653e-10
3.688269967216939449e-10
1.703635062882957740e-12
1.621739720292225684e-08
1.022771556336010690e-08
4.445766421667940449e-09
8.582696359171748668e-11
4.190814362203809651e-09
5.720409146370286635e-10
5.112784327854225097e-12
6.539382368941915047e-10
6.964917531604442047e-11
4.534501940600677017e-11
9.698326343399177318e-12
3.161786665817345465e-10
3.955532290600416445e-10
1.903690760585163844e-09
9.203719564254697616e-09
2.100428053708469633e-09
1.283236295002154748e-09
3.084577260281662348e-09
1.139947698902687989e-06
7.879610852690177580e-10
7.497084730800906982e-09
2.205262777943417518e-10
9.900061215262212500e-09
7.456377182357698530e-11
1.848081271349499843e-10
6.631595880074447891e-12
1.704976021477122572e-10
1.159932705441235612e-10
1.811537864160328581e-10
1.950924422011723891e-10
1.822141604268523452e-10
1.101389091040516632e-09
1.311293573724725547e-10
6.794945495158799531e-09
7.787794853442164822e-10
1.804211077413575559e-13
5.504772193631879418e-09
6.593783678787712432e-12
2.554231782678217932e-12
1.864391280248511862e-11
3.058902298125332209e-10
1.524065422475739950e-11
4.536828898671352306e-11
6.892392212520803696e-11
6.720209111410468950e-11
7.949317593070048815e-11
5.403288060035205120e-12
1.410040161888004295e-12
6.267777095947391075e-13
2.960454104083964921e-11
4.418966820067538048e-13
7.931827972207372568e-10
2.355841632883937109e-10
7.007758262567165275e-11
2.081704426892816429e-11
3.724957842177190059e-12
5.888385612440316663e-11
4.161862868223842327e-11
1.481134984625265272e-12
2.212744397434018850e-11
7.553122190195882268e-12
5.284205364941563232e-12
3.092621297939857072e-11
1.677008141728886237e-12
6.630908929577961075e-13
7.428452164504051325e-08
1.464243268856080249e-07
2.629709854318207363e-07
4.685412875460315263e-07
2.089148836148524424e-07
9.729486549758803449e-09
2.064485897790291347e-06
1.896045546345703769e-06
1.318830271657134290e-07
4.118725488704705340e-13
2.776391963554836195e-12
2.575764254664214548e-11
2.752850725151745337e-10
2.106556248882007765e-11
8.475831841936454225e-11
1.701734309023095193e-09
1.509295327606352544e-10
1.145560035720194492e-10
1.974167274099158931e-09
2.183764107044350311e-11
1.746151001569273831e-10
1.237702106603177921e-12
2.603403950751648210e-11
6.421117543925491944e-12
1.260099385946844563e-10
1.514147973669111025e-10
1.824162931818307243e-09
7.069888852129224688e-08
4.093099470470207280e-10
2.482449579233048098e-09
9.811413548277414520e-08
5.692317728289708612e-10
1.800546600705388300e-09
4.993711000267353484e-11
1.109208391802951610e-09
6.558015241964199049e-11
3.631854283980828768e-08
9.761016173115422134e-08
1.472785271516841021e-08
2.293787559892734862e-07
2.509211772121489048e-04
8.088256581686437130e-04
3.325281722936779261e-04
9.976016879081726074e-01
3.655096634247456677e-06
3.393265330942085711e-07
2.873752578125277068e-07
1.215270094689913094e-04
1.166265217733553072e-08
2.086684602886634821e-08
8.428393630310893059e-04
1.667701872065663338e-05
6.016381121298763901e-06
1.490762890909991256e-08
5.645569700618580100e-08
5.681998621609452016e-11
9.427825707619685858e-12
1.255245820480643815e-11
3.201105353012323462e-11
2.630204864670360188e-12
2.650840484619276793e-11
1.710992111880749178e-11
1.390418596231013382e-12
1.467304402980040834e-11
4.197377861947515498e-11
6.141124934966324389e-12
7.221274359731078007e-12
1.555637979544499672e-10
2.281748227861424283e-11
4.599694236606666209e-11
2.307754248115356788e-12
2.073268293156793618e-11
6.678561783463043966e-12
7.460290024630111816e-11
4.464407454829455446e-10
2.342577520852984208e-11
4.018058802346402558e-11
2.297890350222431266e-11
9.968710301677674579e-09
9.976056439264802123e-12
5.058570749782997922e-12
4.809399059557684097e-11
1.913926723773329286e-07
1.368928859157847455e-10
1.982488999352494119e-11
6.654510831261006842e-10
5.118893156574877423e-12
1.734245108631071730e-10
1.379209593754815444e-11
1.226940771203999248e-10
3.661520739384194201e-11
8.984614163765058947e-10
5.916421241813907272e-10
7.455644717054010773e-13
1.047807500487163423e-11
1.276499825980659253e-11
2.721696305829635065e-11
1.567436180849313132e-09
4.602039582746186852e-10
2.362420536972109630e-10
4.322735225326113095e-11
1.162918858432782088e-10
2.751006887569129589e-11
5.183583770551614123e-11
2.280879235483368461e-10
4.154528387978473347e-10
4.166318331999541158e-11
1.317704417802545436e-10
1.178554059899639128e-10
3.035707019094502357e-09
5.512901801729697127e-10
1.254952114448926181e-10
7.069375466961513865e-12
1.881104473577810410e-11
4.077645859856815491e-11
3.689668015560698677e-11
5.591995182879783144e-12
3.418323180071070055e-09
1.880517269681192261e-10
2.227595538584203894e-11
1.554064099629215434e-09
2.818803003512559968e-11
6.962451171155237262e-10
2.479442172409473955e-11
6.932168727935561492e-11
1.210465616630074237e-09
2.069563409534680432e-10
6.694136911455927930e-11
2.402008869584193462e-10
1.759590043115544233e-11
1.346873723662156408e-09
1.811786692895722695e-10
1.201577282117227696e-09
7.044512084775078620e-09
2.622736923474366932e-11
1.807095445505169096e-11
2.587972197654053730e-11
3.722110293591374131e-12
1.214975620111857779e-10
5.364980903976857007e-09
8.381351862540853404e-11
1.225499979273791951e-10
1.163702190165594175e-10
4.484460719433869258e-11
7.314135408442723474e-12
3.035866349976323875e-11
1.772711144543137607e-11
1.174835229100779088e-10
1.842745261937395185e-10
2.085877824631321431e-11
2.467677173711990690e-10
1.032543564538634939e-10
3.964148453938776129e-11
2.220998385205064096e-11
5.721287159310417536e-12
1.341321259791528053e-12
3.015523247773543858e-11
2.156952949583512691e-10
7.501443910484795197e-10
2.809674159998110099e-10
2.984561209284919414e-11
1.329156923413066238e-10
2.911035856811849953e-10
3.304912593593556380e-11
2.017299174927877914e-11
3.639197016652717664e-12
3.668282344548856599e-10
9.092701591661978000e-11
7.489216885536720270e-11
2.474133675711698288e-10
5.049237395381156457e-13
3.328299441607285303e-11
2.305152180248626337e-10
2.717572347710195402e-11
2.709565558034476851e-11
2.929705436582885625e-11
4.587614177431476037e-10
2.709353574825712485e-11
4.604012310283067677e-11
1.682699639349305443e-11
1.473269076179839487e-11
2.196094348039245858e-11
6.254110423986602996e-11
5.429549605057149009e-12
2.386347846758396507e-12
6.629297805149647616e-11
5.179897483165163408e-11
5.411142089961629154e-10
9.066690453973791364e-11
6.246876904647535866e-10
1.733708315798665467e-11
1.662543540337235726e-11
1.836829799373163041e-09
6.368517935229078830e-10
2.362230029639977857e-11
1.263726484568294950e-10
1.683130579355207601e-10
2.304844370915049012e-10
9.159364239286205134e-12
1.337763511077838530e-10
2.268899096380394553e-10
1.807467717163113718e-11
8.124306782875123645e-11
2.814761661598663700e-12
2.828509371166632036e-10
1.770494341413186845e-11
1.149495429397795476e-10
1.303757546367023679e-09
1.877846905751212603e-10
4.091699068453635846e-08
1.451901376903208529e-10
2.711495195040214412e-10
1.056839511737184267e-11
4.859959656933199312e-11
2.814984634280648379e-10
8.821513519663426450e-10
2.995059755761531051e-11
1.601971485153119712e-12
2.629333556436463937e-11
1.018008038977669116e-10
1.930317711229534439e-11
5.761523202973961588e-11
1.794609773286826027e-11
5.804937260045495151e-12
4.764750746732993036e-11
6.285384990256659421e-10
8.116546323932993801e-11
2.966000500759236047e-10
4.260956518176151064e-11
4.454954807830979746e-11
3.371336890212184301e-11
6.467240076801772375e-10
6.626895560080114933e-11
1.068155806860371371e-11
2.543251373388066838e-11
6.225769465934005709e-12
1.249241959877522845e-10
2.117502562182238535e-10
1.460381593432202862e-09
1.582969844093895517e-08
8.423533398582705445e-11
3.719578464678185981e-11
8.105837182026398580e-12
2.653553210496539805e-10
1.972855039056309323e-11
1.209352756825765596e-10
7.939994148276063868e-12
2.306256019490859899e-10
5.583724888708063716e-12
2.345282475169074843e-11
1.454905813880191801e-11
1.264164641023857172e-11
2.013889228991150304e-11
1.337945421120423362e-09
1.711831024153731562e-11
2.117654836208959779e-11
2.402870125095546427e-10
9.930593847240487548e-11
4.915456236487258934e-11
3.928075364978411699e-10
3.356797478870632290e-11
1.789148343367408245e-11
6.840030711968703159e-12
4.164721345567556909e-11
7.567473037095595600e-11
8.072610913067990168e-10
2.010478450387154226e-10
1.680008909765717817e-11
1.221348716606840412e-10
1.021099524378676904e-11
9.634409936509769068e-11
6.124704909904465921e-11
1.231338208479426655e-11
8.856271965784756617e-11
4.201654649205188718e-11
8.647527680906430536e-13
1.439355856724944260e-10
9.116910004713929538e-11
1.708563568403320687e-10
1.663644222382743010e-11
1.023303178304679761e-10
9.926815813798839372e-09
5.086041587887280002e-10
6.508299454921484539e-10
2.248517483316447851e-10
3.611649868062727364e-11
6.116086369994944150e-12
2.131092108337284685e-10
6.113643480354369331e-10
1.170043617548799375e-09
3.375701385088802908e-10
1.090806445169789640e-09
8.872859391662046846e-11
7.624298969943765769e-10
1.445620567697147862e-10
1.141792840830824218e-10
2.188452974394294870e-09
1.314681696840125369e-10
1.365442342526890229e-10
1.511571284806834115e-10
6.169607359718387585e-12
3.804925124972768913e-11
2.343641253288453186e-11
2.789761199828433291e-10
3.141353149826997537e-11
9.886167440242843441e-10
5.343712972116776427e-11
1.658078362110071424e-11
7.729544782009156734e-11
4.897995897756857175e-10
3.472991685904425196e-11
5.387114018762240164e-11
6.771507660152664698e-11
1.677134542354963287e-10
5.213252052271855064e-10
1.465939175604447087e-11
5.780866341176249534e-10
1.837348384547965452e-09
3.883729709358574311e-12
6.835547405881214900e-11
2.478838245778547389e-10
2.392674947060413615e-11
3.318039176747333840e-10
3.026870976086115661e-10
4.561186150997542654e-10
2.674599985930115054e-10
2.225440276504286885e-09
3.202701159832344047e-10
5.646091372213390969e-10
2.564735090970771125e-10
4.537635822643437677e-10
1.211919236840386382e-12
1.475955122010041975e-11
5.301356575948545924e-12
1.703938934394244598e-10
3.986723451365747906e-10
4.958842225732951192e-10
1.631186505313131363e-11
1.328471794376229198e-11
1.142821837163410237e-09
1.611058231265616314e-10
3.448404062300625128e-11
6.346312364513551074e-11
1.179589204092224008e-09
1.934727606567321345e-06
3.046379815074828912e-09
5.313530171413560765e-10
8.932515282999986539e-10
6.228658561147071282e-11
2.050174474632626698e-10
1.028052643015087142e-11
3.549453397866386695e-09
2.706848460654054378e-11
3.592591155121560575e-11
1.427791565533631513e-11
5.478015957516291223e-11
6.192301012231116175e-12
1.798807977571037497e-11
5.474725880971753611e-11
1.797737826658707405e-11
2.049876067500289167e-11
3.850995564103065760e-11
3.732052167304544810e-10
2.590278165570669699e-11
3.831682193755625576e-11
1.718338527023632878e-10
3.345566879087158441e-11
1.004015620642562112e-11
6.899196214327218968e-10
1.050076761655027724e-10
2.252264624802435833e-10
2.526504561117803860e-10
2.577420395166729605e-11
1.561578422126785881e-09
4.060240199610376521e-10
1.377916669653700410e-10
9.241248738467433554e-11
3.163889983337497824e-11
2.820251254753713965e-10
1.426401358139983699e-10
1.661881882109028652e-10
1.797646059786828232e-10
1.081279843440086097e-09
4.707264092407292821e-11
1.055812035022363204e-11
5.611261455484850558e-11
8.541302665143746253e-10
3.383932023481861506e-11
1.299538809895750546e-10
1.474739601270425027e-11
2.592583092653200083e-10
6.132048202545092863e-10
2.309541287104366347e-07
3.161331006001910637e-12
1.240665070678659276e-10
7.123958645216532659e-10
1.785190745229314757e-11
3.979954144028852170e-10
6.177254818773292300e-10
4.732621846498252793e-12
8.656117489458381442e-11
4.768305542079964710e-11
2.152992844769996417e-12
2.403507670667437424e-10
1.726496501319729759e-09
6.511533933578617095e-12
1.719823866652703259e-10
1.441831515291980281e-10
1.051686238096039006e-10
3.514940508791974949e-12
5.529695798478506674e-11
3.805464277029102504e-10
3.941998116818723474e-10
1.277620925721478784e-10
2.309561986102437459e-10
1.756873813096859749e-11
1.249561898397644200e-09
1.868639409874361945e-10
2.259342296584421206e-10
1.325958787212755396e-10
7.859038940460916223e-12
3.742007745333175706e-11
1.504147500996921849e-11
9.711640519549646910e-11
1.129459512028141432e-10
3.097054210310368205e-11
1.814394190446932953e-10
2.552056482807429916e-11
2.018057249086879779e-11
9.081799895449549354e-11
4.553814825225543927e-10
3.560055583662347090e-10
9.574050580107851260e-11
1.572544039429857321e-10
1.049808434627763631e-10
1.348196693173875360e-10
7.581397315492566236e-12
7.581274497070467078e-10
5.799923041838184190e-12
1.153211748317062302e-09
2.438442676944152510e-11
7.466834442415581918e-12
1.724846793171863624e-10
2.285269751212126721e-09
8.591573980032407576e-11
1.030632437032386051e-11
1.658781584312762902e-10
5.813083001071639444e-11
1.030047824812641011e-09
1.098913671171430906e-08
1.706163543779837255e-10
1.139581744941109420e-11
2.960070383251078852e-11
1.256561001083955631e-11
9.990589605601840617e-11
3.459328101751424356e-10
1.311380344592993907e-11
1.419169365357575430e-10
2.774413511430484647e-11
2.424040690396367381e-10
2.014772897129812890e-11
1.523802306557797692e-09
3.073530763231246965e-09
1.490624984556987442e-10
1.077797434634319984e-10
8.190966238608154981e-10
1.646563579926763055e-10
3.100893541940763498e-09
1.849173418555505322e-11
7.029064441610444192e-09
3.109946675183827836e-11
3.255193857520932710e-12
2.563649570408443878e-10
2.964124057314165839e-09
1.378644837179976435e-10
1.773749376543509726e-11
7.160245313331259354e-11
4.743733739154265550e-10
1.365084260906979097e-12
2.288444017617408122e-10
1.299580321828530671e-11
3.140075932606123388e-08
2.055816107626728950e-11
2.057870800847849679e-12
5.560709670504593305e-10
1.692765719263356061e-11
4.945502687925262819e-11
5.728201246668618296e-11
1.456500337004840162e-10
4.316580773378042579e-11
8.260536352167058283e-13
1.128380201775858183e-11
8.467473250339807578e-12
9.142669954442794733e-10
5.409993633631593468e-11
7.679181075748164886e-12
7.219429047633507679e-12
3.874394902125821716e-11
7.079553610012112586e-11
4.286740407088984739e-11
7.614969210756328266e-10
5.886117288023129390e-11
2.163804725674456364e-11
2.749957379866163620e-11
6.798308443967115977e-11
1.300339003140749128e-11
1.956953522841420323e-11
3.702498724278413533e-11
2.256478337514522536e-10
1.195967370276607156e-11
6.595286539123890179e-10
1.738683225172010793e-10
7.464872470164252150e-11
1.595276515053978272e-11
2.053092765241792961e-11
5.798195257256111290e-09
7.437515187058707511e-11
8.747536028863578395e-11
3.948663271358121563e-11
1.095735446821066716e-10
7.040186655871139010e-09
1.442775066085033586e-10
2.650381580870941889e-10
8.801391560009363957e-11
2.825585598831281686e-11
8.227202030752778228e-09
8.949718743878065652e-11
2.753008099265485953e-10
1.204959604317323851e-10
9.016506985481953507e-11
4.987402713041433344e-10
1.995658499565067245e-10
7.249084665872373989e-11
2.235243587445090441e-11
2.016621358791326202e-08
3.742466336831284934e-10
1.829621523730118327e-11
5.141092440652528239e-09
1.075481023682378634e-10
3.319917604716060566e-11
4.221844818186326620e-10
5.421467528382573065e-12
1.659727910663377770e-10
2.874958431042795581e-11
4.616349316699519534e-11
2.532920748143929757e-11
4.790212670968685416e-10
7.988120581670088427e-11
2.155948336524105002e-11
1.828064033482235118e-09
2.167297008526247737e-09
4.581464721487016334e-11
5.087645860157863353e-09
1.685434014575548645e-10
3.406085968826744192e-10
7.356931361855723051e-13
6.265915737657667961e-12
4.954550103519750337e-10
6.764176024853796321e-11
1.823194199779276659e-11
6.335886676422930464e-11
1.010637573628514474e-09
6.042183420262858817e-11
9.865291916710816622e-11
8.259899014761984404e-11
4.228428995833866111e-10
7.166848781103851707e-10
8.401635498422876935e-10
1.323434695166270103e-10
1.038615235482431842e-10
1.551343775663127644e-11
1.150704115326917076e-10
6.501112148615817432e-11
3.389170194489921073e-11
1.831142881769665109e-08
5.663010685386105081e-11
1.377531660788633427e-12
8.466625733838384349e-10
5.262557944973877966e-09
8.033990833711257551e-11
3.137516357831771074e-10
1.767031299060306537e-09
6.858535961384859547e-10
4.459556335323355825e-10
4.701124038664072913e-12
3.813353105508454632e-11
1.257767640039375578e-10
1.937636336102332990e-11
1.984755415573857817e-11
6.484320025368361939e-11
2.652577935080557836e-09
1.037325003672151524e-09
2.420994481278082588e-11
1.563535828585926879e-10
1.402728367488892403e-11
1.378634290061242496e-10
1.439237010819605089e-11
2.142813183836356217e-11
2.596006049015997519e-11
2.687055855599140841e-10
7.118138543871221913e-12
3.846275728469628064e-11
8.741414536661551438e-11
7.522925424968684993e-13
1.611353273034410449e-10
3.524589647918574542e-11
1.108329660687301654e-11
1.460371805706017767e-07
1.249188859991923195e-11
4.253434843920489428e-12
2.301750630373522455e-11
5.578032480357819622e-11
2.128990560235077822e-11
4.102092970859061438e-11
7.354174214047048963e-11
4.137508738399908736e-11
2.100357734957647438e-11
1.832506195398320159e-11
2.444996705097679524e-10
7.359412523832986608e-10
7.737052665213184355e-11
1.336903331095040670e-11
1.715408370905890933e-09
1.868097759816222947e-10
2.700278889378182612e-11
1.009435807511338545e-12
4.799564391755328785e-12
2.799351639382052781e-09
3.498670797519309872e-10
3.952905711090970442e-11
2.307023712691536055e-12
2.454776937277358684e-10
2.728661394058029543e-11
8.129235479215068949e-11
3.002271695140557028e-11
1.122441237177973505e-10
8.342898594193570716e-11
5.029554463881202864e-12
7.590249317956931918e-09
1.597853516166480858e-10
2.765020677697460627e-11
9.855667393310341140e-10
2.043338831470009609e-10
5.575806743401967580e-12
3.200684509097051489e-11
2.801903709048758628e-10
6.502178656608847973e-11
1.835613605560837414e-10
2.790196025614921638e-11
1.525892606712986321e-10
1.452555159486834668e-10
3.481077648359587329e-10
1.470104371570357671e-09
2.202172298682025797e-11
3.284089944433077335e-10
1.605726523967732078e-10
2.424818429814373788e-13
1.715127040391450919e-09
6.316462908273479115e-10
2.116268049690006592e-09
2.230706504929846901e-12
1.223957025141275690e-12
1.586013959054000111e-11
1.013007291440250202e-13
2.546157512259283884e-12
6.774321121422177683e-12
6.231756864011339658e-12
7.807299945428169963e-12
1.769317192756858503e-10
1.543487837540880037e-10
