1.445832103490829468e-02
2.254644632339477539e+00
4.442808330059051514e-01
1.377504944801330566e+00
1.144428730010986328e+00
1.790426373481750488e-01
0.000000000000000000e+00
2.599100470542907715e-01
7.934258133172988892e-02
5.996513366699218750e-01
2.787126600742340088e-01
2.553977668285369873e-01
0.000000000000000000e+00
7.760895490646362305e-01
6.507695913314819336e-01
0.000000000000000000e+00
6.611134856939315796e-02
0.000000000000000000e+00
4.136938750743865967e-01
6.782482564449310303e-02
6.881958246231079102e-02
0.000000000000000000e+00
6.557126995176076889e-03
0.000000000000000000e+00
4.503604769706726074e-02
1.115750148892402649e-02
8.322805911302566528e-02
1.786202311515808105e+00
2.176230028271675110e-02
0.000000000000000000e+00
6.831634044647216797e-02
0.000000000000000000e+00
7.293178234249353409e-03
1.617523580789566040e-01
0.000000000000000000e+00
8.545112609863281250e-02
2.227791398763656616e-02
4.037205576896667480e-01
0.000000000000000000e+00
7.072929292917251587e-02
8.821019530296325684e-02
6.938127428293228149e-02
8.390587568283081055e-02
0.000000000000000000e+00
5.302461236715316772e-02
3.574690595269203186e-02
5.549267865717411041e-03
3.933712467551231384e-02
3.520609438419342041e-01
3.784404754638671875e+00
0.000000000000000000e+00
0.000000000000000000e+00
1.570174843072891235e-02
6.440874934196472168e-02
4.465935230255126953e-01
1.623205989599227905e-01
2.631094753742218018e-01
4.644155204296112061e-01
1.409056186676025391e-01
9.916394203901290894e-02
4.364024996757507324e-01
4.721576273441314697e-01
0.000000000000000000e+00
6.529884934425354004e-01
6.317666172981262207e-02
0.000000000000000000e+00
9.815626777708530426e-03
2.176761440932750702e-02
2.494970262050628662e-01
0.000000000000000000e+00
0.000000000000000000e+00
5.127701163291931152e-02
0.000000000000000000e+00
1.426227331161499023e+00
2.495335787534713745e-02
2.729925811290740967e-01
3.444842100143432617e-01
9.530637860298156738e-01
7.006241083145141602e-01
4.769583791494369507e-02
3.672898188233375549e-02
6.309425234794616699e-01
2.037271112203598022e-02
4.562350809574127197e-01
1.124880164861679077e-01
1.707370996475219727e+00
0.000000000000000000e+00
4.254971444606781006e-01
1.087961316108703613e+00
0.000000000000000000e+00
3.999599814414978027e-01
9.954586625099182129e-02
5.984002491459250450e-04
2.853002250194549561e-01
8.241131156682968140e-02
7.035342860035598278e-04
6.399693433195352554e-03
0.000000000000000000e+00
4.478012397885322571e-02
1.030639410018920898e-01
4.576485633850097656e+00
8.402033448219299316e-01
3.785747289657592773e-02
2.937762141227722168e-01
0.000000000000000000e+00
1.077242195606231689e-02
6.668843626976013184e-01
5.916668772697448730e-01
1.740675568580627441e-01
8.575732707977294922e-01
3.174952790141105652e-02
0.000000000000000000e+00
8.601656556129455566e-02
0.000000000000000000e+00
9.808769449591636658e-03
4.850665569305419922e+00
0.000000000000000000e+00
1.012105867266654968e-02
0.000000000000000000e+00
1.229909583926200867e-01
0.000000000000000000e+00
1.308252662420272827e-02
2.246316149830818176e-02
0.000000000000000000e+00
0.000000000000000000e+00
7.388152927160263062e-02
1.262907385826110840e+00
1.838258281350135803e-02
0.000000000000000000e+00
2.417645931243896484e+00
6.084249913692474365e-02
1.397386193275451660e+00
1.763951539993286133e+00
1.866478472948074341e-01
8.294913917779922485e-02
1.237410157918930054e-01
2.352925777435302734e+00
3.896361291408538818e-01
7.052946370095014572e-03
1.109096050262451172e+00
0.000000000000000000e+00
2.141370773315429688e+00
0.000000000000000000e+00
1.803794689476490021e-02
1.002109408378601074e+00
3.270093500614166260e-01
1.895657777786254883e-01
0.000000000000000000e+00
1.254320889711380005e-01
4.806900024414062500e-01
3.818144276738166809e-02
2.344427347183227539e+00
3.668990135192871094e-01
2.985484004020690918e-01
0.000000000000000000e+00
1.191800385713577271e-01
1.229423522949218750e+00
3.060695827007293701e-01
2.230208516120910645e-01
0.000000000000000000e+00
2.495358735322952271e-01
4.084694199264049530e-03
4.697339534759521484e-01
7.757613062858581543e-02
8.832916021347045898e-01
1.954810261726379395e+00
2.104308605194091797e+00
6.658242084085941315e-03
2.314061373472213745e-01
2.535275556147098541e-02
3.461119532585144043e-01
6.554635763168334961e-01
1.522968113422393799e-01
6.678375601768493652e-02
1.145968958735466003e-01
1.761395633220672607e-01
7.921536564826965332e-01
1.425440788269042969e+00
1.848330255597829819e-03
4.380800247192382812e+00
0.000000000000000000e+00
0.000000000000000000e+00
1.867683291435241699e+00
0.000000000000000000e+00
3.407638892531394958e-02
9.465789794921875000e-02
0.000000000000000000e+00
2.150871902704238892e-01
1.952153742313385010e-01
2.573773823678493500e-02
0.000000000000000000e+00
7.953339256346225739e-03
6.359452754259109497e-02
3.616807237267494202e-02
0.000000000000000000e+00
0.000000000000000000e+00
3.735235929489135742e-01
0.000000000000000000e+00
0.000000000000000000e+00
1.496515721082687378e-01
6.287499517202377319e-02
5.876928567886352539e-02
0.000000000000000000e+00
2.730800211429595947e-02
7.529520243406295776e-02
2.797853201627731323e-02
4.938171431422233582e-02
6.309093534946441650e-02
5.480309482663869858e-03
1.381122171878814697e-01
6.185123696923255920e-02
6.406409200280904770e-03
4.400372505187988281e-02
3.784929513931274414e-01
1.427552938461303711e+00
0.000000000000000000e+00
1.716008037328720093e-01
5.902172327041625977e-01
1.453590512275695801e+00
2.568061277270317078e-02
1.899038092233240604e-03
4.997421205043792725e-01
0.000000000000000000e+00
0.000000000000000000e+00
3.013555542565882206e-04
2.893481850624084473e-01
0.000000000000000000e+00
1.035199314355850220e-02
1.218753904104232788e-01
3.162581324577331543e-01
0.000000000000000000e+00
2.164862394332885742e+00
0.000000000000000000e+00
1.087984085083007812e+00
1.890657991170883179e-01
3.468939363956451416e-01
0.000000000000000000e+00
2.408550679683685303e-02
1.862119324505329132e-02
4.569825530052185059e-01
2.863978408277034760e-02
9.824441671371459961e-01
2.634552717208862305e+00
3.626482561230659485e-02
1.248984634876251221e-01
0.000000000000000000e+00
8.955349028110504150e-02
0.000000000000000000e+00
2.491244077682495117e+00
0.000000000000000000e+00
9.800792336463928223e-01
2.341661304235458374e-01
8.601945638656616211e-02
1.702102422714233398e-01
0.000000000000000000e+00
1.459629088640213013e-01
1.009490415453910828e-01
4.119909182190895081e-02
1.844160854816436768e-01
7.577302306890487671e-02
5.005391314625740051e-02
3.818114995956420898e-01
6.648641824722290039e-01
1.937412768602371216e-01
0.000000000000000000e+00
1.127765655517578125e+00
0.000000000000000000e+00
0.000000000000000000e+00
1.345713250339031219e-02
9.901769459247589111e-02
0.000000000000000000e+00
1.169338703155517578e+00
1.334761142730712891e+00
5.569254606962203979e-02
3.245914876461029053e-01
1.084833145141601562e+00
2.270872890949249268e-01
2.280190587043762207e-02
5.621940270066261292e-02
6.097339987754821777e-01
4.393980801105499268e-01
1.892099529504776001e-02
1.362113058567047119e-01
1.667651683092117310e-01
6.476821899414062500e-01
1.446179747581481934e-01
1.054652407765388489e-02
1.744120940566062927e-02
1.699575334787368774e-01
6.523065268993377686e-02
4.845771789550781250e-01
0.000000000000000000e+00
5.062006115913391113e-01
5.343753844499588013e-02
0.000000000000000000e+00
1.862623989582061768e-01
3.167786169797182083e-03
1.371501833200454712e-01
0.000000000000000000e+00
0.000000000000000000e+00
8.149951696395874023e-02
4.005699157714843750e-01
7.787999510765075684e-01
3.517214581370353699e-02
0.000000000000000000e+00
2.089030854403972626e-02
1.956989765167236328e-01
6.527692675590515137e-01
1.445851802825927734e+00
4.525383189320564270e-02
9.887564182281494141e-02
0.000000000000000000e+00
0.000000000000000000e+00
2.686792984604835510e-02
2.029573023319244385e-01
1.007525771856307983e-01
2.605449557304382324e-01
1.144623661041259766e+01
0.000000000000000000e+00
6.132441014051437378e-02
0.000000000000000000e+00
3.177907466888427734e-01
1.340089887380599976e-01
0.000000000000000000e+00
0.000000000000000000e+00
0.000000000000000000e+00
6.049779891967773438e+00
0.000000000000000000e+00
0.000000000000000000e+00
0.000000000000000000e+00
0.000000000000000000e+00
2.875319123268127441e-01
3.350620567798614502e-01
5.315617099404335022e-02
1.013898849487304688e-01
7.000504527240991592e-03
9.359762072563171387e-03
4.039347916841506958e-02
0.000000000000000000e+00
1.177924592047929764e-02
9.653788059949874878e-02
0.000000000000000000e+00
0.000000000000000000e+00
4.437739402055740356e-02
6.890332102775573730e-01
4.174467623233795166e-01
0.000000000000000000e+00
8.689339160919189453e-01
8.010567426681518555e-01
1.835821866989135742e-01
1.501873135566711426e-01
0.000000000000000000e+00
1.274524450302124023e+00
4.808575510978698730e-01
8.138072490692138672e-01
7.230188250541687012e-01
0.000000000000000000e+00
3.306290879845619202e-02
8.748830296099185944e-03
4.287887215614318848e-01
0.000000000000000000e+00
4.822089895606040955e-02
3.626673221588134766e-01
9.078815579414367676e-03
8.463274836540222168e-01
2.133380323648452759e-01
4.977471828460693359e-01
0.000000000000000000e+00
0.000000000000000000e+00
6.555266380310058594e-01
0.000000000000000000e+00
6.137037277221679688e-02
5.990188717842102051e-01
9.360432028770446777e-01
1.821094393730163574e+00
1.834288001060485840e+00
3.835108503699302673e-02
0.000000000000000000e+00
1.602252200245857239e-02
2.881032526493072510e-01
0.000000000000000000e+00
0.000000000000000000e+00
0.000000000000000000e+00
1.867515742778778076e-01
5.434862524271011353e-02
3.466505765914916992e+00
7.035584449768066406e-01
8.752265945076942444e-03
8.228255063295364380e-02
2.709103524684906006e-01
2.403684705495834351e-01
9.030508995056152344e-01
6.606975197792053223e-02
3.692023688927292824e-03
0.000000000000000000e+00
1.203710436820983887e+00
0.000000000000000000e+00
2.172736376523971558e-01
1.099180877208709717e-01
1.042408585548400879e+00
3.599418401718139648e-01
0.000000000000000000e+00
0.000000000000000000e+00
1.490850816480815411e-03
8.955073952674865723e-01
4.909738302230834961e-01
0.000000000000000000e+00
0.000000000000000000e+00
5.113445967435836792e-02
2.388622760772705078e+00
0.000000000000000000e+00
0.000000000000000000e+00
8.112242072820663452e-02
4.737889766693115234e-01
1.549888700246810913e-01
1.454327404499053955e-01
4.520793557167053223e-01
5.491098880767822266e+00
2.420032620429992676e-01
1.014550849795341492e-01
1.614668130874633789e+00
5.687336437404155731e-03
7.562915086746215820e-01
1.433657646179199219e+00
4.298523999750614166e-03
1.388634890317916870e-01
2.782396972179412842e-01
7.468398809432983398e-01
2.516152858734130859e+00
6.259553134441375732e-02
5.940941572189331055e-01
1.475728392601013184e+00
1.727118939161300659e-01
5.593160390853881836e-01
4.227323830127716064e-01
0.000000000000000000e+00
2.674089074134826660e-01
2.007518708705902100e-01
0.000000000000000000e+00
0.000000000000000000e+00
2.986680567264556885e-01
0.000000000000000000e+00
7.894141227006912231e-02
9.481438994407653809e-02
0.000000000000000000e+00
1.833456397056579590e+00
0.000000000000000000e+00
3.730486631393432617e-01
8.990753889083862305e-01
0.000000000000000000e+00
1.153329536318778992e-01
1.198389768600463867e+00
1.390305627137422562e-02
0.000000000000000000e+00
0.000000000000000000e+00
0.000000000000000000e+00
5.864814855158329010e-03
8.622626774013042450e-03
3.149135589599609375e+00
0.000000000000000000e+00
3.548429906368255615e-01
1.155367374420166016e+00
1.191822528839111328e+00
5.719815567135810852e-02
1.224812150001525879e+00
0.000000000000000000e+00
2.139741182327270508e-01
0.000000000000000000e+00
4.216078817844390869e-01
2.676570892333984375e+00
0.000000000000000000e+00
5.415743589401245117e-01
3.929449319839477539e-01
3.986866772174835205e-02
2.478760331869125366e-01
1.910017728805541992e+00
3.722266852855682373e-01
1.131668448448181152e+00
3.880370035767555237e-02
0.000000000000000000e+00
3.023080229759216309e-01
0.000000000000000000e+00
1.222161203622817993e-01
0.000000000000000000e+00
1.519322395324707031e-01
6.323958188295364380e-02
1.988815814256668091e-01
1.278554797172546387e-01
8.225866593420505524e-03
2.594844698905944824e-01
1.616318896412849426e-02
2.588384389877319336e+00
3.538393378257751465e-01
2.892355807125568390e-02
0.000000000000000000e+00
2.381600439548492432e-02
3.158012628555297852e-01
0.000000000000000000e+00
3.833400309085845947e-01
1.033387407660484314e-01
4.813502430915832520e-01
5.110306143760681152e-01
4.860255494713783264e-02
0.000000000000000000e+00
1.190119888633489609e-02
0.000000000000000000e+00
1.216771230101585388e-01
0.000000000000000000e+00
0.000000000000000000e+00
1.691172868013381958e-01
4.633852541446685791e-01
4.955865815281867981e-02
1.837936416268348694e-02
3.758937716484069824e-01
1.635334044694900513e-01
1.004388853907585144e-01
0.000000000000000000e+00
1.393743455410003662e-01
7.529992610216140747e-02
8.164189755916595459e-03
1.109550334513187408e-02
1.533796548843383789e+00
2.903740108013153076e-02
0.000000000000000000e+00
1.228982508182525635e-01
9.455416798591613770e-01
9.158779978752136230e-01
5.428507328033447266e-01
5.831514596939086914e-01
3.103393688797950745e-02
3.509343042969703674e-02
0.000000000000000000e+00
4.512983858585357666e-01
6.229428201913833618e-02
1.453329771757125854e-01
0.000000000000000000e+00
2.411166429519653320e-01
3.851804137229919434e-01
1.587187528610229492e+00
4.759157449007034302e-02
2.504589557647705078e+00
9.132013469934463501e-02
6.023818626999855042e-02
4.040555655956268311e-01
1.454437226057052612e-01
0.000000000000000000e+00
2.422311753034591675e-01
4.533009603619575500e-02
2.242306470870971680e-01
2.849200367927551270e-01
1.267377567291259766e+01
0.000000000000000000e+00
6.579007208347320557e-02
1.651480197906494141e+00
1.571812927722930908e-01
2.898575663566589355e-01
5.396117568016052246e-01
0.000000000000000000e+00
0.000000000000000000e+00
3.159916102886199951e-01
1.102559790015220642e-01
2.578982114791870117e-01
0.000000000000000000e+00
3.928514197468757629e-02
7.741129994392395020e-01
3.002965927124023438e+00
0.000000000000000000e+00
0.000000000000000000e+00
0.000000000000000000e+00
0.000000000000000000e+00
0.000000000000000000e+00
0.000000000000000000e+00
2.625408172607421875e-01
0.000000000000000000e+00
9.031057357788085938e-01
2.072980403900146484e-01
2.943605743348598480e-02
1.945047527551651001e-01
8.958575315773487091e-03
4.645473062992095947e-01
7.467158317565917969e+00
7.453323900699615479e-02
7.097925245761871338e-02
0.000000000000000000e+00
1.274528861045837402e+00
3.093926310539245605e-01
2.064810991287231445e-01
4.382667690515518188e-02
3.269522190093994141e-01
4.519060850143432617e-01
1.003817617893218994e-01
9.654643535614013672e-01
9.518427252769470215e-01
0.000000000000000000e+00
2.351693153381347656e+00
2.529976367950439453e-01
1.268108248710632324e+00
1.124708727002143860e-02
5.830654874444007874e-02
5.471496656537055969e-02
4.415185749530792236e-02
0.000000000000000000e+00
1.131207108497619629e+00
0.000000000000000000e+00
1.692381501197814941e-01
1.053241714835166931e-01
0.000000000000000000e+00
0.000000000000000000e+00
7.694413512945175171e-02
5.079416185617446899e-02
1.037839412689208984e+00
3.042944334447383881e-02
0.000000000000000000e+00
4.021929264068603516e+00
1.591366529464721680e-01
7.932554185390472412e-02
1.785020679235458374e-01
7.263069599866867065e-02
8.844104409217834473e-02
0.000000000000000000e+00
2.954471111297607422e-01
4.342948436737060547e+00
2.527223154902458191e-02
9.491832256317138672e-01
1.640184372663497925e-01
3.744260594248771667e-02
2.326695807278156281e-02
0.000000000000000000e+00
8.965459465980529785e-02
7.161897141486406326e-03
9.571118950843811035e-01
2.928171772509813309e-03
8.023193222470581532e-04
6.935318112373352051e-01
2.354374647140502930e+00
0.000000000000000000e+00
2.342411689460277557e-02
0.000000000000000000e+00
0.000000000000000000e+00
4.533102735877037048e-03
2.500880695879459381e-02
3.100454807281494141e-02
6.179800257086753845e-02
5.396923422813415527e-01
3.101593852043151855e-01
5.271130055189132690e-02
6.554827094078063965e-02
0.000000000000000000e+00
8.140113353729248047e-01
5.533587560057640076e-02
2.020419389009475708e-01
0.000000000000000000e+00
6.215982437133789062e-01
0.000000000000000000e+00
6.489915400743484497e-02
9.709590114653110504e-03
0.000000000000000000e+00
0.000000000000000000e+00
0.000000000000000000e+00
2.554167807102203369e-01
1.096777021884918213e-01
4.873481020331382751e-02
1.593973487615585327e-02
2.885319665074348450e-02
2.749154567718505859e-01
3.176238536834716797e-01
8.409385336562991142e-04
8.671351522207260132e-02
1.082071010023355484e-02
5.317891240119934082e-01
1.450928300619125366e-02
0.000000000000000000e+00
9.472652077674865723e-01
5.051652789115905762e-01
2.561375126242637634e-02
3.596783056855201721e-02
3.438161313533782959e-02
3.995024785399436951e-02
0.000000000000000000e+00
3.271292746067047119e-01
2.418890148401260376e-01
1.139625832438468933e-01
6.327681243419647217e-02
6.972289830446243286e-02
1.695810817182064056e-02
0.000000000000000000e+00
2.676350593566894531e+00
0.000000000000000000e+00
2.366837501525878906e+00
7.189049124717712402e-01
3.265343606472015381e-01
2.882373519241809845e-02
5.114729404449462891e-01
1.547665335237979889e-03
0.000000000000000000e+00
1.159595698118209839e-01
9.895902872085571289e-02
0.000000000000000000e+00
0.000000000000000000e+00
8.844231367111206055e-01
1.577194184064865112e-01
0.000000000000000000e+00
2.646221034228801727e-02
0.000000000000000000e+00
3.656721711158752441e-01
1.689331680536270142e-01
1.087006274610757828e-02
5.917438864707946777e-01
3.288972191512584686e-03
7.664529681205749512e-01
7.389432191848754883e-01
2.838853597640991211e-01
1.368435174226760864e-01
0.000000000000000000e+00
1.462290406227111816e+00
1.989560872316360474e-01
1.564934998750686646e-01
1.034463662654161453e-02
1.135045140981674194e-01
0.000000000000000000e+00
0.000000000000000000e+00
0.000000000000000000e+00
0.000000000000000000e+00
1.870421320199966431e-01
9.611807018518447876e-02
4.016666114330291748e-01
1.529239565134048462e-01
5.805696249008178711e-01
2.201977014541625977e+00
1.639760881662368774e-01
1.745726704597473145e+00
0.000000000000000000e+00
0.000000000000000000e+00
0.000000000000000000e+00
1.746743679046630859e+00
0.000000000000000000e+00
1.544275786727666855e-02
1.938606984913349152e-02
4.034315422177314758e-02
2.532629296183586121e-03
0.000000000000000000e+00
4.854493588209152222e-02
8.805617690086364746e-03
1.106504350900650024e-01
8.894004672765731812e-02
2.985680818557739258e+00
7.322967052459716797e-01
7.630572188645601273e-03
0.000000000000000000e+00
0.000000000000000000e+00
1.283809542655944824e-01
0.000000000000000000e+00
5.956766009330749512e-02
8.230443112552165985e-03
0.000000000000000000e+00
2.102274261415004730e-02
7.216127216815948486e-02
1.003377065062522888e-01
2.390101552009582520e-02
3.522863686084747314e-01
5.940285921096801758e-01
0.000000000000000000e+00
2.557791955769062042e-02
2.084145694971084595e-02
5.507251024246215820e-01
2.086706906557083130e-01
3.766776621341705322e-01
2.706185877323150635e-01
2.170129537582397461e+00
0.000000000000000000e+00
0.000000000000000000e+00
5.796734243631362915e-03
3.072662092745304108e-02
0.000000000000000000e+00
4.526107311248779297e-01
1.701306253671646118e-01
1.935514807701110840e+00
2.757812477648258209e-02
0.000000000000000000e+00
0.000000000000000000e+00
4.768500328063964844e-01
6.135035306215286255e-03
0.000000000000000000e+00
1.308494508266448975e-01
2.155220210552215576e-01
3.494520112872123718e-02
5.518427491188049316e-02
2.766518592834472656e-01
0.000000000000000000e+00
2.340251207351684570e+00
3.038699328899383545e-01
0.000000000000000000e+00
1.182453259825706482e-01
4.721069335937500000e-02
3.007812425494194031e-02
5.939435958862304688e-01
0.000000000000000000e+00
2.576002478599548340e-02
0.000000000000000000e+00
3.322051763534545898e-01
7.790392041206359863e-01
7.247392833232879639e-02
8.014991760253906250e+00
0.000000000000000000e+00
8.587099611759185791e-02
1.889869198203086853e-02
0.000000000000000000e+00
0.000000000000000000e+00
8.206363767385482788e-02
1.053418889641761780e-01
1.389843225479125977e-01
0.000000000000000000e+00
6.886865943670272827e-02
0.000000000000000000e+00
3.630087077617645264e-01
7.721589803695678711e-01
1.092416048049926758e-01
8.811424374580383301e-01
0.000000000000000000e+00
6.613562703132629395e-01
6.451730616390705109e-03
0.000000000000000000e+00
2.222152948379516602e-01
1.020447850227355957e+00
2.203532457351684570e+00
0.000000000000000000e+00
0.000000000000000000e+00
0.000000000000000000e+00
4.139399528503417969e-02
2.030353069305419922e+00
9.198434650897979736e-02
0.000000000000000000e+00
9.099717140197753906e-01
4.999284446239471436e-02
1.082795858383178711e-02
3.699790835380554199e-01
1.603130251169204712e-02
2.231683880090713501e-01
0.000000000000000000e+00
1.278727889060974121e+00
4.096972346305847168e-01
4.689330607652664185e-02
6.509926915168762207e-02
3.814562559127807617e-01
8.185504376888275146e-02
2.320710942149162292e-02
3.861013054847717285e-01
8.543537855148315430e-01
1.151043642312288284e-02
9.360551834106445312e-02
1.018991228193044662e-03
1.817812919616699219e+00
4.377232551574707031e+00
2.045861780643463135e-01
0.000000000000000000e+00
4.744894981384277344e+00
5.333695411682128906e-01
0.000000000000000000e+00
0.000000000000000000e+00
1.514662951231002808e-01
0.000000000000000000e+00
5.390565395355224609e-01
9.985389560461044312e-02
9.031272530555725098e-01
2.661124765872955322e-01
6.795441359281539917e-02
2.366830408573150635e-02
1.055637188255786896e-02
1.235750541090965271e-01
2.117130206897854805e-03
6.461774930357933044e-03
1.664176955819129944e-02
6.317279487848281860e-02
2.977333366870880127e-01
3.919122368097305298e-02
2.698067203164100647e-02
0.000000000000000000e+00
1.407812356948852539e+00
0.000000000000000000e+00
3.805620223283767700e-02
2.302799001336097717e-02
0.000000000000000000e+00
1.707663893699645996e+00
0.000000000000000000e+00
1.559063792228698730e-01
5.839837342500686646e-02
4.080376625061035156e-01
2.033251971006393433e-01
3.309301376342773438e+00
1.900133304297924042e-02
4.233720302581787109e+00
7.773193065077066422e-04
0.000000000000000000e+00
1.580148376524448395e-02
7.179836183786392212e-02
0.000000000000000000e+00
2.905502356588840485e-02
2.372089326381683350e-01
7.673737406730651855e-01
5.135585069656372070e-01
1.071187630295753479e-01
7.110405713319778442e-03
1.905108451843261719e+00
4.026003181934356689e-01
9.685438126325607300e-03
5.210790410637855530e-02
8.418005108833312988e-01
3.911383450031280518e-03
4.081155359745025635e-01
1.095726415514945984e-01
1.515162885189056396e-01
4.593030363321304321e-02
8.127682209014892578e-01
1.952398866415023804e-01
7.209127396345138550e-02
0.000000000000000000e+00
2.092510461807250977e-01
1.699920147657394409e-01
2.123291969299316406e+00
6.168478354811668396e-02
0.000000000000000000e+00
9.959346055984497070e-02
1.452947139739990234e+00
5.645796284079551697e-02
1.204675529152154922e-02
5.566379055380821228e-02
0.000000000000000000e+00
1.224929928779602051e+00
1.329689170233905315e-03
7.292433977127075195e-01
1.968243837356567383e+00
1.393587589263916016e+00
0.000000000000000000e+00
8.368819355964660645e-01
8.429394364356994629e-01
6.493349559605121613e-03
3.558790311217308044e-02
0.000000000000000000e+00
2.749767005443572998e-01
8.298100531101226807e-02
3.425606787204742432e-01
1.244373433291912079e-02
0.000000000000000000e+00
8.544927835464477539e-02
0.000000000000000000e+00
0.000000000000000000e+00
1.909708231687545776e-01
1.280283212661743164e+00
0.000000000000000000e+00
5.690137147903442383e-01
1.369251012802124023e-01
1.331685781478881836e-01
0.000000000000000000e+00
8.679954335093498230e-03
8.128722012042999268e-02
5.418295785784721375e-02
8.779973387718200684e-01
3.139141201972961426e-02
0.000000000000000000e+00
0.000000000000000000e+00
2.406428381800651550e-02
0.000000000000000000e+00
5.229207873344421387e-02
2.822247520089149475e-02
1.825960874557495117e+00
4.172123223543167114e-02
4.401278495788574219e-01
1.539334505796432495e-01
1.225712820887565613e-01
0.000000000000000000e+00
3.267295658588409424e-02
2.219430729746818542e-02
2.417332530021667480e-01
1.332224579527974129e-03
3.245908915996551514e-01
0.000000000000000000e+00
1.036900375038385391e-02
0.000000000000000000e+00
8.800259791314601898e-03
6.285895407199859619e-02
3.662817180156707764e-01
5.451167933642864227e-03
8.076891535893082619e-04
4.473767757415771484e+00
5.187820643186569214e-03
1.065679430961608887e+00
1.371366381645202637e+00
5.584022775292396545e-02
8.311244249343872070e-01
0.000000000000000000e+00
5.177647471427917480e-01
0.000000000000000000e+00
1.837995648384094238e-01
1.063769149780273438e+01
7.926819324493408203e-01
2.560196876525878906e+00
3.840318441390991211e+00
7.506538182497024536e-03
5.183542728424072266e+00
1.917629851959645748e-03
3.763335198163986206e-02
1.231349825859069824e+00
2.101865038275718689e-02
4.275282472372055054e-02
0.000000000000000000e+00
9.183747172355651855e-01
0.000000000000000000e+00
0.000000000000000000e+00
1.627942896448075771e-03
2.685637585818767548e-02
0.000000000000000000e+00
0.000000000000000000e+00
0.000000000000000000e+00
5.897298082709312439e-02
1.620557606220245361e-01
2.393996715545654297e-02
1.664968371391296387e+00
1.375164389610290527e+00
0.000000000000000000e+00
3.804025411605834961e+00
2.142870187759399414e+00
1.636237651109695435e-01
1.669103838503360748e-02
1.691278934478759766e+00
3.014618158340454102e-01
4.937641322612762451e-01
8.840784430503845215e-03
7.312515377998352051e-02
8.747294545173645020e-01
1.724130008369684219e-03
3.947418034076690674e-01
2.645774185657501221e-01
1.951908022165298462e-01
1.102079171687364578e-02
0.000000000000000000e+00
9.045850634574890137e-01
4.563167989253997803e-01
4.196670353412628174e-01
0.000000000000000000e+00
1.017385274171829224e-01
4.419851005077362061e-01
1.126188710331916809e-01
2.569344639778137207e-01
4.128008484840393066e-01
5.803390964865684509e-02
2.981338500976562500e+00
1.478151828050613403e-01
0.000000000000000000e+00
7.543258070945739746e-01
1.741448521614074707e+00
9.788027033209800720e-03
0.000000000000000000e+00
5.102244019508361816e-02
0.000000000000000000e+00
0.000000000000000000e+00
0.000000000000000000e+00
0.000000000000000000e+00
5.540969432331621647e-04
0.000000000000000000e+00
0.000000000000000000e+00
1.362681835889816284e-01
6.794410198926925659e-02
0.000000000000000000e+00
0.000000000000000000e+00
7.475712895393371582e-02
2.881950855255126953e+00
3.425104320049285889e-01
0.000000000000000000e+00
4.456941038370132446e-03
6.410718709230422974e-02
0.000000000000000000e+00
4.556013345718383789e-01
0.000000000000000000e+00
1.533576130867004395e+00
0.000000000000000000e+00
2.959757447242736816e-01
5.384741234593093395e-04
0.000000000000000000e+00
3.349853754043579102e-01
5.123467445373535156e-01
5.337845683097839355e-01
3.317939341068267822e-01
0.000000000000000000e+00
3.750199675559997559e-01
1.368002146482467651e-01
1.536595225334167480e-01
7.791656255722045898e-01
3.883349709212779999e-03
3.882161527872085571e-02
0.000000000000000000e+00
0.000000000000000000e+00
1.579370535910129547e-02
1.308291777968406677e-02
0.000000000000000000e+00
1.090905442833900452e-01
5.081233382225036621e-02
0.000000000000000000e+00
1.671361923217773438e-02
1.607121229171752930e-01
0.000000000000000000e+00
5.409729480743408203e-01
1.626331508159637451e-01
0.000000000000000000e+00
1.875606656074523926e+00
7.584923505783081055e-01
4.946394264698028564e-01
6.137606501579284668e-01
3.005146048963069916e-02
2.653107605874538422e-02
4.152545928955078125e+00
0.000000000000000000e+00
2.047724246978759766e+00
0.000000000000000000e+00
6.589981168508529663e-02
0.000000000000000000e+00
3.216054663062095642e-02
2.260446548461914062e-03
1.415431857109069824e+00
2.281817644834518433e-01
0.000000000000000000e+00
0.000000000000000000e+00
3.248373031616210938e+00
1.043353043496608734e-02
0.000000000000000000e+00
4.791295826435089111e-01
1.432243268936872482e-02
5.527143552899360657e-02
1.689996868371963501e-01
1.852631866931915283e-01
0.000000000000000000e+00
3.421909874305129051e-03
3.707613348960876465e-01
7.378584146499633789e-02
1.150733884423971176e-02
2.181665301322937012e-01
0.000000000000000000e+00
1.209575682878494263e-01
1.621994227170944214e-01
4.925484582781791687e-02
3.188969939947128296e-02
1.205640509724617004e-01
4.767468199133872986e-02
2.552672386169433594e+00
0.000000000000000000e+00
0.000000000000000000e+00
6.050573587417602539e-01
1.218377379700541496e-03
2.432099170982837677e-02
1.695586554706096649e-02
4.257735610008239746e-02
0.000000000000000000e+00
2.960011363029479980e-01
1.046880409121513367e-01
1.694926060736179352e-02
1.603374630212783813e-01
2.151489816606044769e-02
3.422671854496002197e-01
0.000000000000000000e+00
0.000000000000000000e+00
0.000000000000000000e+00
4.403715729713439941e-01
1.414205431938171387e-01
1.393085360527038574e+00
1.168087311089038849e-02
7.520093917846679688e-01
0.000000000000000000e+00
0.000000000000000000e+00
0.000000000000000000e+00
6.504412293434143066e-01
0.000000000000000000e+00
0.000000000000000000e+00
8.265092223882675171e-02
6.662545204162597656e-01
0.000000000000000000e+00
6.493209004402160645e-01
5.947422981262207031e-01
1.706238090991973877e-02
2.277271270751953125e+00
6.192205846309661865e-02
1.531551592051982880e-02
1.042224317789077759e-01
4.765660315752029419e-02
1.960697025060653687e-02
1.604200899600982666e-02
1.270271278917789459e-02
0.000000000000000000e+00
3.565805196762084961e+00
2.757200971245765686e-02
2.051587775349617004e-02
4.663542807102203369e-01
2.235396206378936768e-01
0.000000000000000000e+00
0.000000000000000000e+00
0.000000000000000000e+00
2.531413316726684570e+00
2.375469654798507690e-01
2.324101747944951057e-03
1.071444392204284668e+00
0.000000000000000000e+00
1.097670346498489380e-01
0.000000000000000000e+00
3.698195219039916992e-01
1.301378160715103149e-01
2.614785432815551758e-01
1.912608146667480469e+00
1.470347046852111816e-01
0.000000000000000000e+00
7.346788793802261353e-02
3.018299043178558350e-01
1.727743983268737793e+00
3.270601630210876465e-01
5.940126138739287853e-04
6.705174446105957031e-01
0.000000000000000000e+00
1.007180023193359375e+01
2.135416865348815918e-01
0.000000000000000000e+00
0.000000000000000000e+00
0.000000000000000000e+00
0.000000000000000000e+00
2.623021304607391357e-01
9.420005083084106445e-01
1.389977455139160156e+00
3.958120942115783691e-01
0.000000000000000000e+00
1.845467239618301392e-01
2.574542164802551270e-01
1.242252469062805176e+00
4.641424179077148438e+00
4.158112704753875732e-01
9.678468108177185059e-03
1.482402205467224121e+00
2.899419069290161133e+00
7.702861446887254715e-03
1.088123321533203125e-01
8.636188507080078125e-02
1.904872655868530273e-01
9.879889488220214844e-01
0.000000000000000000e+00
4.420523345470428467e-01
8.113362640142440796e-02
3.063767589628696442e-02
3.257508277893066406e-01
0.000000000000000000e+00
7.396827638149261475e-02
2.079408057034015656e-02
4.004335403442382812e-02
2.440619617700576782e-01
0.000000000000000000e+00
6.386602669954299927e-02
1.849250793457031250e-01
0.000000000000000000e+00
4.667957127094268799e-01
2.818053483963012695e+00
1.134054213762283325e-01
0.000000000000000000e+00
5.368267893791198730e-01
1.880904287099838257e-01
0.000000000000000000e+00
0.000000000000000000e+00
1.638734042644500732e-01
0.000000000000000000e+00
3.820130601525306702e-02
0.000000000000000000e+00
1.614173501729965210e-01
2.272368036210536957e-02
0.000000000000000000e+00
2.614684700965881348e-01
1.424764632247388363e-03
2.443465217947959900e-02
0.000000000000000000e+00
1.269309520721435547e-01
2.452800869941711426e-01
2.487234026193618774e-01
0.000000000000000000e+00
8.223403245210647583e-02
4.571231603622436523e-01
1.413147803395986557e-02
3.695515155792236328e+00
1.991516053676605225e-01
2.889755964279174805e+00
0.000000000000000000e+00
6.622001528739929199e-04
8.470278233289718628e-02
3.675440698862075806e-02
4.864929709583520889e-03
4.054624121636152267e-03
1.473166793584823608e-02
2.148032903671264648e+00
7.858748547732830048e-03
1.063908219337463379e+00
0.000000000000000000e+00
4.333727806806564331e-02
2.862838029861450195e+00
7.051866650581359863e-01
3.921459019184112549e-01
1.629671826958656311e-02
7.603059709072113037e-02
2.245895192027091980e-02
2.170571833848953247e-01
0.000000000000000000e+00
0.000000000000000000e+00
1.463298559188842773e+00
0.000000000000000000e+00
4.803131222724914551e-01
0.000000000000000000e+00
7.494452595710754395e-02
3.404569327831268311e-01
1.189969293773174286e-02
1.209749467670917511e-02
3.507821559906005859e+00
1.958450376987457275e-01
6.694466341286897659e-03
0.000000000000000000e+00
3.059904463589191437e-02
4.012572765350341797e-01
0.000000000000000000e+00
0.000000000000000000e+00
0.000000000000000000e+00
3.651568293571472168e-01
4.869150742888450623e-02
6.302886456251144409e-02
2.983279339969158173e-02
0.000000000000000000e+00
1.623386263847351074e+00
2.197091817855834961e+00
2.068195790052413940e-01
0.000000000000000000e+00
2.378230988979339600e-01
3.557400703430175781e-01
1.063756108283996582e+00
8.142726421356201172e-01
7.628565430641174316e-01
2.862256765365600586e+00
1.076437085866928101e-01
9.987754225730895996e-01
2.888152003288269043e-02
8.391054868698120117e-01
9.222269803285598755e-02
7.422543168067932129e-01
4.056958556175231934e-01
0.000000000000000000e+00
4.516008198261260986e-01
3.871253877878189087e-02
0.000000000000000000e+00
0.000000000000000000e+00
1.305122226476669312e-01
0.000000000000000000e+00
3.258174359798431396e-01
0.000000000000000000e+00
1.598390340805053711e+00
2.444711685180664062e+00
1.074450463056564331e-02
0.000000000000000000e+00
0.000000000000000000e+00
3.128654062747955322e-01
2.119730710983276367e-01
3.468597307801246643e-02
3.502514064311981201e-01
0.000000000000000000e+00
2.202302068471908569e-01
4.392039179801940918e-01
2.078507095575332642e-01
1.765370815992355347e-01
0.000000000000000000e+00
2.359767816960811615e-02
6.102926254272460938e+00
1.579966396093368530e-02
2.087805233895778656e-02
6.453320384025573730e-01
5.428478121757507324e-01
4.304660856723785400e-01
3.870422840118408203e-01
0.000000000000000000e+00
4.529683589935302734e-01
7.044880837202072144e-02
2.367656081914901733e-01
5.002455711364746094e-01
4.842457920312881470e-02
6.391207128763198853e-02
1.279107928276062012e-01
8.447496294975280762e-01
5.687267184257507324e-01
0.000000000000000000e+00
2.599874278530478477e-03
1.495528519153594971e-01
1.423170089721679688e+00
9.486669301986694336e-01
1.801652312278747559e-01
2.761171758174896240e-01
3.167171180248260498e-01
9.509811177849769592e-03
0.000000000000000000e+00
8.452035784721374512e-01
3.786340951919555664e-01
7.348142862319946289e-01
3.448940217494964600e-01
4.177919775247573853e-02
2.001234769821166992e+00
4.293689250946044922e+00
0.000000000000000000e+00
3.589341342449188232e-01
0.000000000000000000e+00
0.000000000000000000e+00
0.000000000000000000e+00
2.647361531853675842e-02
5.577817559242248535e-02
1.372760236263275146e-01
2.494970083236694336e+00
3.406481444835662842e-01
3.249477222561836243e-02
1.207465082406997681e-01
2.428173542022705078e+00
3.243630528450012207e-01
2.554598636925220490e-02
7.937404327094554901e-03
0.000000000000000000e+00
5.432708263397216797e+00
1.499209851026535034e-01
0.000000000000000000e+00
4.874833524227142334e-01
0.000000000000000000e+00
0.000000000000000000e+00
1.072884202003479004e-01
1.063443273305892944e-01
0.000000000000000000e+00
3.295795917510986328e-01
6.314945220947265625e-01
1.482218503952026367e-01
1.310884189605712891e+01
1.962827891111373901e-01
8.044947683811187744e-02
9.515721350908279419e-02
1.032968237996101379e-01
1.104367598891258240e-01
3.801662921905517578e-01
0.000000000000000000e+00
4.935783147811889648e-01
5.451363921165466309e-01
5.100915953516960144e-02
5.358114242553710938e+00
3.392612189054489136e-02
2.041728019714355469e+00
1.310494899749755859e+00
0.000000000000000000e+00
2.446359097957611084e-01
5.369852855801582336e-02
0.000000000000000000e+00
5.882005393505096436e-02
2.078952640295028687e-02
0.000000000000000000e+00
0.000000000000000000e+00
8.384467959403991699e-01
0.000000000000000000e+00
2.586299479007720947e-01
1.404413720592856407e-03
2.545233368873596191e-01
3.731549263000488281e+00
3.579119965434074402e-02
1.816067546606063843e-01
7.212053239345550537e-02
8.215086534619331360e-03
5.397464632987976074e-01
2.153859585523605347e-01
8.852039277553558350e-02
6.913292407989501953e-02
1.878446787595748901e-01
8.048536628484725952e-02
8.013158440589904785e-01
1.300277352333068848e+00
8.341585053130984306e-04
2.676838822662830353e-02
6.380116939544677734e-01
0.000000000000000000e+00
2.796016447246074677e-02
0.000000000000000000e+00
6.403092294931411743e-02
1.253611683845520020e+00
9.624823927879333496e-02
1.353167556226253510e-02
0.000000000000000000e+00
1.852953910827636719e+00
1.462120890617370605e+00
5.449685826897621155e-02
7.237815856933593750e-02
0.000000000000000000e+00
8.211722373962402344e-01
0.000000000000000000e+00
1.384895443916320801e-01
2.290762364864349365e-01
2.696675539016723633e+00
1.547457370907068253e-02
1.568434238433837891e-01
3.813028037548065186e-01
1.824711412191390991e-01
4.389001369476318359e+00
4.497634246945381165e-02
0.000000000000000000e+00
0.000000000000000000e+00
6.209796071052551270e-01
0.000000000000000000e+00
1.207349374890327454e-01
4.776060953736305237e-02
2.856164574623107910e-01
1.459111459553241730e-03
0.000000000000000000e+00
0.000000000000000000e+00
4.407679438591003418e-01
5.695635452866554260e-02
6.221891567111015320e-02
5.126671791076660156e-01
2.477606944739818573e-02
0.000000000000000000e+00
2.727617025375366211e-01
1.311495006084442139e-01
6.120551824569702148e-01
2.072765305638313293e-02
3.491461575031280518e-01
0.000000000000000000e+00
7.202483713626861572e-02
1.874020576477050781e+00
3.522671759128570557e-01
0.000000000000000000e+00
1.041208021342754364e-02
2.077777311205863953e-02
0.000000000000000000e+00
5.531194210052490234e-01
1.793732196092605591e-01
2.726281583309173584e-01
2.558943629264831543e-01
1.373978257179260254e-01
1.570461690425872803e-02
1.671390533447265625e-01
0.000000000000000000e+00
0.000000000000000000e+00
7.749627344310283661e-03
4.110396280884742737e-02
1.097397327423095703e+00
3.898514434695243835e-02
8.462768793106079102e-02
1.238607317209243774e-01
7.247319072484970093e-02
7.745203375816345215e-01
0.000000000000000000e+00
5.036358833312988281e-01
0.000000000000000000e+00
1.265943169593811035e+00
0.000000000000000000e+00
0.000000000000000000e+00
4.662763327360153198e-02
8.742118626832962036e-02
7.313077449798583984e-01
1.298488378524780273e-01
7.393623590469360352e-01
2.239720582962036133e+00
2.990945428609848022e-02
0.000000000000000000e+00
5.401365756988525391e+00
8.210048824548721313e-02
4.297221451997756958e-02
1.166072413325309753e-01
9.764966368675231934e-01
4.202104806900024414e-01
4.621309041976928711e-01
0.000000000000000000e+00
0.000000000000000000e+00
4.747287556529045105e-02
2.460469484329223633e+00
5.753863453865051270e-01
2.354553788900375366e-01
1.288063049316406250e+00
0.000000000000000000e+00
0.000000000000000000e+00
0.000000000000000000e+00
1.337479625362902880e-04
2.297746390104293823e-02
1.234898809343576431e-03
5.011919140815734863e-01
1.102447733283042908e-01
3.359323740005493164e-02
0.000000000000000000e+00
4.966514110565185547e-01
0.000000000000000000e+00
2.751323580741882324e-02
2.781059145927429199e-01
8.436340689659118652e-01
6.042267009615898132e-02
0.000000000000000000e+00
0.000000000000000000e+00
0.000000000000000000e+00
4.300435632467269897e-02
3.480892479419708252e-01
5.643363595008850098e-01
1.355926990509033203e-01
1.071392372250556946e-01
1.184046745300292969e+00
2.332862466573715210e-03
9.936338663101196289e-02
2.899763882160186768e-01
3.648467302322387695e+00
8.720575273036956787e-02
1.667045056819915771e-02
2.476656138896942139e-01
4.541851997375488281e+00
1.015767175704240799e-02
3.188930153846740723e-01
9.209111332893371582e-02
1.937285184860229492e+00
6.633847355842590332e-01
7.782193273305892944e-02
4.999676719307899475e-03
1.865455508232116699e-01
5.666385293006896973e-01
1.405126452445983887e+00
2.304829359054565430e-01
0.000000000000000000e+00
0.000000000000000000e+00
6.773309707641601562e-01
1.180798467248678207e-02
1.748804152011871338e-01
5.746759846806526184e-02
2.478991746902465820e-01
1.648525357246398926e+00
7.137372344732284546e-02
0.000000000000000000e+00
0.000000000000000000e+00
5.208980664610862732e-02
2.754722535610198975e-01
0.000000000000000000e+00
3.616503253579139709e-02
1.884219944477081299e-01
4.973969236016273499e-02
2.027978748083114624e-02
0.000000000000000000e+00
1.671151965856552124e-01
1.525240093469619751e-01
8.597589731216430664e-01
0.000000000000000000e+00
4.508307278156280518e-01
2.906972408294677734e+00
0.000000000000000000e+00
4.045521840453147888e-02
0.000000000000000000e+00
1.266378909349441528e-01
2.896584942936897278e-02
3.278774619102478027e-01
0.000000000000000000e+00
3.508538961410522461e+00
0.000000000000000000e+00
0.000000000000000000e+00
1.564529895782470703e+00
1.244389638304710388e-01
1.077693700790405273e+00
1.814097538590431213e-02
4.775486141443252563e-02
3.713387250900268555e-02
1.759785264730453491e-01
0.000000000000000000e+00
0.000000000000000000e+00
1.224345445632934570e+00
0.000000000000000000e+00
0.000000000000000000e+00
1.217061132192611694e-01
2.156063169240951538e-02
0.000000000000000000e+00
0.000000000000000000e+00
0.000000000000000000e+00
0.000000000000000000e+00
0.000000000000000000e+00
1.085412576794624329e-01
1.114806056022644043e+00
1.581345438957214355e+00
0.000000000000000000e+00
3.497720882296562195e-02
5.999808758497238159e-02
1.909079551696777344e+00
0.000000000000000000e+00
5.949614644050598145e-01
2.053518444299697876e-01
0.000000000000000000e+00
6.155318021774291992e-01
0.000000000000000000e+00
0.000000000000000000e+00
4.962071776390075684e-01
3.113884292542934418e-02
0.000000000000000000e+00
2.147354364395141602e+00
4.345057532191276550e-03
1.805606633424758911e-01
4.657249525189399719e-02
7.309788465499877930e-02
8.815480470657348633e-01
0.000000000000000000e+00
0.000000000000000000e+00
4.340043291449546814e-02
0.000000000000000000e+00
7.138802111148834229e-02
2.972421169281005859e+00
1.370717585086822510e-01
1.755315959453582764e-01
2.349804528057575226e-02
7.293884642422199249e-03
0.000000000000000000e+00
4.007978737354278564e-02
1.191194295883178711e+00
0.000000000000000000e+00
4.200376197695732117e-02
0.000000000000000000e+00
5.032435059547424316e-01
4.628546908497810364e-02
4.708257317543029785e-01
4.612043499946594238e-02
6.064034700393676758e-01
3.392101498320698738e-03
0.000000000000000000e+00
0.000000000000000000e+00
1.224818229675292969e-01
2.595416828989982605e-02
1.276386976242065430e-01
1.118544861674308777e-02
1.969159813597798347e-03
5.770796164870262146e-02
0.000000000000000000e+00
2.941104471683502197e-01
2.118917703628540039e+00
2.114722490310668945e+00
6.189977005124092102e-02
0.000000000000000000e+00
0.000000000000000000e+00
0.000000000000000000e+00
0.000000000000000000e+00
7.631574273109436035e-01
3.172539547085762024e-02
0.000000000000000000e+00
1.243833452463150024e-01
5.901502966880798340e-01
1.401531100273132324e-01
0.000000000000000000e+00
4.756040871143341064e-02
0.000000000000000000e+00
6.071737781167030334e-02
8.202305063605308533e-03
6.356759928166866302e-03
1.517817936837673187e-02
7.632023841142654419e-02
0.000000000000000000e+00
8.525614738464355469e-01
0.000000000000000000e+00
3.668499365448951721e-02
2.601744413375854492e+00
4.055907726287841797e-01
0.000000000000000000e+00
1.315663337707519531e+00
4.129013121128082275e-01
0.000000000000000000e+00
0.000000000000000000e+00
0.000000000000000000e+00
2.960992418229579926e-02
2.972905337810516357e-01
3.376367688179016113e-02
0.000000000000000000e+00
1.021308153867721558e-01
1.501526087522506714e-01
8.357112109661102295e-02
1.726808547973632812e+00
1.436764597892761230e-01
3.224498033523559570e-01
6.839998364448547363e-01
3.232183679938316345e-02
0.000000000000000000e+00
1.644050516188144684e-02
0.000000000000000000e+00
0.000000000000000000e+00
2.027195096015930176e-01
2.626466751098632812e-02
1.053744077682495117e+00
1.798970401287078857e-01
2.394357696175575256e-02
3.027762752026319504e-03
4.824901819229125977e-01
9.593579173088073730e-01
1.095537282526493073e-02
0.000000000000000000e+00
6.815156340599060059e-02
1.930892348289489746e+00
3.477330207824707031e-01
2.218287587165832520e-01
3.731953501701354980e-01
2.888257615268230438e-02
7.770483940839767456e-02
5.298574641346931458e-02
9.390221536159515381e-02
5.472402274608612061e-02
3.905348479747772217e-02
6.393878161907196045e-02
9.479723125696182251e-02
0.000000000000000000e+00
7.633981108665466309e-02
2.476665191352367401e-02
1.141017317771911621e+00
6.617790460586547852e-02
0.000000000000000000e+00
6.045936048030853271e-02
2.031825184822082520e-01
6.757604889571666718e-03
6.587486267089843750e-01
1.583060771226882935e-01
0.000000000000000000e+00
4.920846223831176758e-01
4.911305848509073257e-03
1.607294827699661255e-01
4.286730661988258362e-02
2.199074268341064453e+00
3.475487828254699707e-01
0.000000000000000000e+00
1.386855989694595337e-01
6.376811265945434570e-01
1.942435093224048615e-02
2.815646827220916748e-01
2.492727041244506836e-01
0.000000000000000000e+00
2.272413730621337891e+00
5.277749896049499512e-01
0.000000000000000000e+00
4.000866413116455078e-01
2.233496755361557007e-01
3.232410252094268799e-01
3.030579686164855957e-01
0.000000000000000000e+00
7.007624506950378418e-01
6.244508549571037292e-02
1.536595702171325684e+00
1.146530508995056152e+00
2.884149551391601562e-01
7.689756155014038086e-02
0.000000000000000000e+00
2.599055290222167969e+00
5.279073119163513184e-02
5.520881414413452148e-01
3.778134882450103760e-01
8.883342891931533813e-02
4.338048771023750305e-02
0.000000000000000000e+00
0.000000000000000000e+00
2.163915872573852539e+00
3.279449939727783203e-01
5.526904948055744171e-03
0.000000000000000000e+00
2.215241342782974243e-01
1.919928379356861115e-02
0.000000000000000000e+00
2.952214702963829041e-02
1.157795786857604980e-01
3.177091479301452637e-02
5.025575160980224609e-01
0.000000000000000000e+00
2.855608463287353516e-01
6.595923751592636108e-02
5.165332555770874023e-02
1.326172053813934326e-01
2.184860967099666595e-02
0.000000000000000000e+00
0.000000000000000000e+00
3.417058587074279785e-01
8.871129751205444336e-01
3.119417667388916016e+00
8.798002004623413086e-01
4.800164997577667236e-01
1.164709091186523438e+01
4.383134841918945312e-02
2.797727882862091064e-01
3.132333457469940186e-01
5.688452720642089844e-01
5.022028684616088867e-01
7.810287177562713623e-02
5.168893560767173767e-02
0.000000000000000000e+00
7.093460857868194580e-02
0.000000000000000000e+00
0.000000000000000000e+00
2.842217206954956055e+00
0.000000000000000000e+00
1.250204592943191528e-01
5.257978569716215134e-03
0.000000000000000000e+00
1.997941136360168457e-01
2.708296664059162140e-02
7.494853343814611435e-03
8.339408785104751587e-02
2.889134585857391357e-01
0.000000000000000000e+00
1.044481247663497925e-01
5.412764847278594971e-03
0.000000000000000000e+00
1.505764201283454895e-03
0.000000000000000000e+00
7.612661458551883698e-03
7.210550904273986816e-01
0.000000000000000000e+00
7.596067190170288086e-01
0.000000000000000000e+00
9.467212483286857605e-03
1.898620128631591797e-01
3.910379856824874878e-02
1.307541504502296448e-02
1.269714236259460449e-01
2.309522032737731934e-01
5.068082362413406372e-02
2.963213205337524414e+00
2.135783582925796509e-01
0.000000000000000000e+00
0.000000000000000000e+00
2.216261476278305054e-01
1.844302564859390259e-01
7.275802493095397949e-01
3.481016308069229126e-02
3.317886590957641602e-01
2.190301865339279175e-01
4.369490146636962891e-01
3.104617446660995483e-02
0.000000000000000000e+00
4.880169034004211426e-02
2.428093692287802696e-03
6.484256386756896973e-01
1.103829070925712585e-01
5.863310769200325012e-02
0.000000000000000000e+00
0.000000000000000000e+00
2.257364690303802490e-01
0.000000000000000000e+00
3.684980561956763268e-03
0.000000000000000000e+00
8.982925675809383392e-03
2.749198675155639648e-01
3.729177266359329224e-02
1.471212506294250488e-01
1.076701998710632324e+00
8.025482892990112305e-01
0.000000000000000000e+00
2.907034456729888916e-01
0.000000000000000000e+00
3.259646296501159668e-01
0.000000000000000000e+00
2.639715075492858887e-01
1.759551465511322021e-01
6.508742570877075195e-01
1.488136053085327148e-01
6.563165038824081421e-02
9.831406921148300171e-02
1.194508150219917297e-01
4.430815279483795166e-01
0.000000000000000000e+00
0.000000000000000000e+00
4.121573176234960556e-03
0.000000000000000000e+00
5.169344320893287659e-02
3.424879908561706543e-01
1.080965623259544373e-01
0.000000000000000000e+00
3.583539128303527832e-01
5.633598938584327698e-02
0.000000000000000000e+00
1.195699069648981094e-02
1.080099225044250488e+00
2.341529130935668945e+00
0.000000000000000000e+00
6.252537667751312256e-02
1.258226577192544937e-02
8.175866007804870605e-01
1.472206264734268188e-01
0.000000000000000000e+00
9.265096187591552734e-01
1.200123429298400879e-01
1.681467592716217041e-01
0.000000000000000000e+00
7.056410610675811768e-02
4.461977481842041016e-01
0.000000000000000000e+00
3.118744134902954102e+00
5.954148713499307632e-03
2.271085232496261597e-01
2.155315130949020386e-02
1.011632103472948074e-02
0.000000000000000000e+00
1.950286775827407837e-01
1.278221011161804199e+00
0.000000000000000000e+00
1.656938791275024414e+00
9.426844120025634766e-02
1.952353715896606445e-01
1.439267992973327637e-01
2.185177952051162720e-01
1.731129437685012817e-01
0.000000000000000000e+00
1.161632910370826721e-01
7.473949342966079712e-02
1.169646251946687698e-02
0.000000000000000000e+00
3.598074436187744141e+00
2.663253690116107464e-05
3.476336598396301270e-01
9.416981041431427002e-02
7.876696586608886719e-01
6.565195322036743164e-02
4.415344715118408203e+00
8.461137861013412476e-02
3.307857513427734375e-01
1.267387419939041138e-01
0.000000000000000000e+00
1.219441741704940796e-02
1.348709166049957275e-01
0.000000000000000000e+00
6.280680745840072632e-02
2.867661416530609131e-02
7.920251846313476562e+00
3.675569891929626465e-01
0.000000000000000000e+00
3.464689850807189941e-02
6.799800395965576172e-01
1.799691915512084961e+00
0.000000000000000000e+00
5.962293148040771484e-01
3.591948747634887695e-02
0.000000000000000000e+00
1.054355408996343613e-02
9.825958311557769775e-02
5.050783753395080566e-01
3.962162137031555176e-02
0.000000000000000000e+00
3.101986944675445557e-01
0.000000000000000000e+00
9.677096456289291382e-02
4.668172299861907959e-01
9.240996837615966797e-02
8.167483210563659668e-01
1.054309964179992676e+00
1.237427350133657455e-02
3.456631898880004883e-01
6.412203609943389893e-02
1.810184359550476074e+00
4.087796807289123535e-01
7.844421267509460449e-02
2.525964975357055664e-01
7.925989478826522827e-02
0.000000000000000000e+00
2.418842911720275879e-02
1.298804432153701782e-01
0.000000000000000000e+00
