2.397492607997264713e-06
1.498238020758435596e-06
2.253154707432258874e-05
3.648015308499452658e-06
5.616748603642918169e-05
1.693396734481211752e-05
1.073838484444422647e-05
3.409919008845463395e-05
1.349012309219688177e-04
9.379513357998803258e-06
1.671272366365883499e-05
1.075555587704002392e-06
1.461186275264481083e-05
1.353722182102501392e-04
4.955335680278949440e-05
1.775529381120577455e-05
1.329535507466061972e-06
3.148612158838659525e-04
2.973653499793726951e-05
1.091112644644454122e-04
4.742375494970474392e-06
9.967176310965442099e-07
1.475707165354833705e-07
2.297434002684894949e-05
1.034982778946869075e-05
6.645722123721498065e-07
3.392745782093697926e-07
1.798559537746768910e-06
1.013787482406769414e-06
1.924366642924724147e-06
2.135901449946686625e-04
2.093945295200683177e-05
3.847758762276498601e-06
2.370882430113852024e-05
8.608864845882635564e-06
1.880985655589029193e-05
5.350479041226208210e-04
6.950789975235238671e-05
1.224163383994891774e-06
1.903794327517971396e-04
1.503171347394527402e-06
2.695762850635219365e-05
7.485844980692490935e-05
5.930369952693581581e-04
1.465797595301410183e-05
1.847563726187217981e-05
3.757983677132870071e-06
8.503997719344624784e-07
2.999488497152924538e-03
3.945481876144185662e-05
5.958411293249810115e-06
8.144304156303405762e-03
7.512417141697369516e-06
1.157493557002453599e-06
2.571615914348512888e-05
1.981216701096855104e-05
3.836857558781048283e-06
2.143075334970490076e-06
2.724231535466969945e-06
1.737558159220498055e-05
5.739664629800245166e-06
2.825436822604387999e-04
5.165277398191392422e-04
4.626297140930546448e-06
2.116592440870590508e-05
1.314164933319261763e-06
1.223988874698989093e-05
1.690950011834502220e-05
1.628830318622931372e-06
1.136632454290520400e-05
2.073598714957824996e-08
1.683116437334319926e-07
3.754157873459007533e-08
2.604182895993290003e-07
2.494735440450313035e-07
5.181227180628411588e-08
9.609150765754748136e-06
5.307722403813386336e-07
5.922696800553239882e-06
1.104628154280362651e-06
1.404439444741001353e-06
3.275404765190614853e-07
7.934091991046443582e-05
4.656003511627204716e-07
1.650511840125545859e-04
1.646918099140748382e-04
3.728875890374183655e-05
5.277296963868138846e-07
1.090998648578533903e-05
4.680322035710560158e-06
2.819056589942192659e-06
2.633681788211106323e-07
2.124080111798321013e-07
2.637483703438192606e-06
8.456088949060358573e-07
5.224750339039019309e-07
4.264217750460375100e-06
5.378663772717118263e-04
2.749113946265424602e-06
2.234120074717793614e-05
3.869842657877597958e-06
4.339546430855989456e-04
2.377324999542906880e-04
1.125983893871307373e-03
5.166768096387386322e-03
1.391736567020416260e-01
3.938423842191696167e-02
4.671031774705625139e-07
4.190153504168847576e-07
1.144939960795454681e-05
6.595781343321505119e-08
1.623465983868754847e-08
7.771826858515851200e-06
1.481516846979502589e-05
5.987308213661890477e-06
2.670538634674812783e-08
2.385194761700404342e-07
2.542174115660600364e-07
2.362061650273972191e-06
6.916351935615239199e-07
5.953634030220200657e-08
2.672756806987308664e-07
1.210998107126215473e-06
5.888508098905731458e-07
5.284390681481454521e-06
1.335376418865052983e-05
1.679141945487572229e-07
2.524250817259598989e-07
1.148900992120616138e-06
7.538731665590603370e-07
3.083238198087201454e-07
3.076532379964191932e-07
2.303368233924629749e-07
1.470705370820724056e-07
7.084647677402244881e-06
1.419918191913893679e-07
1.736526769491320010e-06
4.710502707894193009e-06
1.694519232842139900e-05
2.305222096765646711e-06
7.776077950438775588e-07
1.299900418416655157e-06
1.173967376644213800e-07
1.626585799385793507e-06
6.544134066643891856e-06
6.231390580069273710e-05
5.978039916954003274e-05
8.947143214754760265e-06
4.311979751037142705e-07
3.026740387213067152e-06
1.190669019706547260e-03
8.796312613412737846e-05
5.511696343774019624e-08
4.697659278463106602e-06
7.435814950440544635e-06
1.324239856330677867e-04
2.811509375533205457e-06
8.387623893213458359e-06
5.808657078887335956e-06
6.033018580637872219e-04
1.660545990489481483e-06
3.415026701986789703e-03
9.378073737025260925e-03
3.634529712144285440e-04
1.641780138015747070e-02
7.382393232546746731e-05
2.418018644675612450e-03
1.082492410205304623e-03
4.179535899311304092e-03
3.888204082613810897e-05
2.361578481213655323e-05
2.964011626318097115e-03
5.266111111268401146e-04
8.692754636285826564e-05
2.108694519847631454e-03
5.406805030361283571e-07
1.128663570852950215e-04
1.508156128693372011e-05
2.355736121535301208e-02
5.728156975237652659e-05
2.861440181732177734e-03
3.195428871549665928e-05
1.172503398265689611e-04
2.387010863458272070e-05
9.945461351890116930e-05
1.341565985057968646e-05
7.869845831010024995e-06
1.410857021255651489e-05
4.145015554968267679e-05
8.817538036964833736e-05
1.225551159222959541e-06
4.418721655383706093e-04
7.621037366334348917e-05
4.091886876267381012e-05
2.345739403608604334e-06
3.292336477898061275e-04
5.768218543380498886e-04
3.665702024591155350e-05
1.351315295323729515e-04
1.315655390499159694e-05
3.532980144882458262e-06
4.963830724591389298e-05
2.010893076658248901e-04
6.697593107674038038e-06
1.218686375068500638e-04
7.533150892413686961e-06
1.675363023423415143e-06
1.076405715139117092e-05
1.632844650885090232e-04
4.751352826133370399e-04
5.199795705266296864e-04
1.137720304541289806e-03
4.730638174805790186e-04
3.895539975928841159e-06
1.887134203570894897e-05
3.525681313476525247e-05
5.933562988502671942e-06
8.270608668681234121e-05
4.971758698957273737e-06
2.199855662183836102e-04
2.888403059841948561e-06
6.312439381872536615e-06
1.263033368559263181e-06
7.270903552125673741e-06
2.685223307707929052e-06
4.708313790615648031e-04
4.098023509868653491e-06
1.111941877752542496e-03
2.432223709547542967e-06
2.702080528251826763e-04
3.357792593305930495e-05
1.245151725015603006e-05
4.133865331823471934e-06
7.112952516763471067e-06
2.396775380475446582e-04
1.294574612984433770e-04
7.762286812067031860e-03
1.285565784201025963e-03
5.112829603604041040e-05
1.489904752816073596e-05
1.308123682974837720e-05
2.659477104316465557e-05
9.059683652594685555e-04
7.208740571513772011e-04
7.499053481296868995e-06
5.712903221137821674e-04
8.613004465587437153e-04
2.301172935403883457e-05
2.319474704563617706e-03
1.615133951418101788e-04
3.725884889718145132e-04
2.787126504699699581e-05
9.881202913675224409e-07
6.640863139182329178e-04
5.836727214045822620e-04
5.392646471591433510e-06
9.197543477057479322e-06
4.114257171750068665e-05
5.359025180950993672e-06
4.508669007918797433e-06
1.688044285401701927e-04
2.961136851808987558e-05
5.240979589871130884e-05
5.538550904020667076e-04
2.520456328056752682e-04
4.779176379088312387e-05
1.694142883934546262e-05
1.326512574451044202e-04
9.237324411515146494e-05
5.419280496425926685e-04
3.413979356992058456e-05
4.135819326620548964e-04
6.966670043766498566e-04
1.899117790162563324e-02
2.141090772056486458e-05
7.431422272929921746e-05
1.422606055712094530e-05
1.086945776478387415e-04
7.501566869905218482e-05
4.202004929538816214e-04
3.731083706952631474e-04
2.870329190045595169e-04
1.294341200264170766e-04
3.966817166656255722e-05
1.518758363090455532e-03
2.324576722458004951e-03
2.064944952726364136e-01
5.885457154363393784e-03
4.588118463288992643e-04
1.716454717097803950e-04
2.623198088258504868e-04
9.398020920343697071e-04
2.792297163978219032e-04
8.531286766810808331e-06
9.726816788315773010e-04
7.910610875114798546e-04
1.873443485237658024e-03
5.701046902686357498e-04
9.302727266913279891e-05
9.219942730851471424e-04
4.925560403989948099e-08
1.034967880286785658e-07
4.150208781084074872e-07
4.064622487476299284e-07
9.847593673839583062e-08
1.466925482418446336e-06
4.342590273154200986e-06
2.668089749136015598e-08
5.940836445006425492e-07
2.949557398324031965e-08
5.270806468615774065e-06
9.652696064677002141e-08
7.720414600953517947e-07
2.835471605067141354e-06
9.604990736988838762e-06
1.172244523672816285e-07
3.012555964687635424e-07
9.727441074858234060e-09
2.261504050693474710e-08
1.467090537943249728e-08
8.869497136743120791e-09
6.282527920120628551e-07
4.270955002994014649e-07
9.768140074584152899e-09
1.612954037000235985e-07
2.705260460089675689e-09
4.946687681695038918e-08
1.107496245822403580e-06
3.420747134441626258e-06
7.763566145513323136e-08
3.327307058498263359e-04
6.187781400512903929e-05
2.355923243158031255e-05
6.187991402839543298e-06
8.106820314424112439e-05
9.699596557766199112e-05
6.563100614584982395e-04
8.301514899358153343e-04
1.031438569043530151e-05
2.015775680774822831e-05
8.791201253188773990e-06
3.952217753976583481e-03
2.654067706316709518e-03
1.490843598730862141e-03
5.780644714832305908e-03
3.391135833226144314e-04
6.851549260318279266e-04
8.487931336276233196e-05
3.391502541489899158e-04
4.102941602468490601e-04
6.204344390425831079e-05
2.004542693612165749e-06
1.735675823510973714e-06
1.010137712000869215e-04
2.368706278502941132e-03
9.381601557834073901e-05
3.947570439777337015e-05
6.263871455303160474e-06
5.294925722409971058e-05
8.964617336459923536e-06
2.586661372333765030e-03
4.697269559983396903e-06
9.095649584196507931e-04
3.622664007707498968e-05
3.550303517840802670e-04
4.711883142590522766e-03
3.441022038459777832e-01
5.223279353231191635e-03
7.479333435185253620e-04
1.375583087792620063e-04
6.905872724018990993e-04
1.146882539615035057e-03
3.172650467604398727e-03
8.779305033385753632e-03
2.225802600150927901e-04
2.480754301359411329e-05
1.616070076124742627e-04
1.313067059527384117e-05
1.274838286917656660e-04
7.447080861311405897e-05
1.374577404931187630e-04
3.361605340614914894e-04
1.466669637011364102e-04
1.321805361658334732e-02
3.343075222801417112e-04
2.063524443656206131e-04
5.979893103358335793e-05
5.548521949094720185e-05
5.172159522771835327e-03
1.992623765545431525e-05
5.243722171144327149e-06
8.926790542318485677e-06
6.669600907116546296e-07
1.964446482816128992e-06
6.111735729064093903e-06
5.427044698080862872e-07
1.028309725370490924e-06
2.000327185669448227e-05
6.602572739211609587e-06
1.583621724421391264e-06
1.003651632913715730e-07
4.193579457023588475e-07
1.134266440772080387e-07
6.363516380503142500e-09
8.407070595239929389e-09
8.572345500112987793e-09
4.437096777110127732e-06
7.395281045319279656e-07
6.276146535810767091e-08
6.044043061592674349e-07
3.209477654309011996e-05
2.522952627259655856e-06
6.006990952300839126e-05
1.125588823924772441e-05
7.452952559106051922e-06
3.737194219866069034e-06
6.916919232935470063e-07
5.570875600824365392e-07
1.072164224069638294e-07
6.047978786227758974e-06
1.022740525513654575e-05
4.686472530011087656e-04
5.215058536123251542e-07
2.348798261664342135e-05
4.036738801005412824e-07
2.686147809072281234e-06
7.070827336974616628e-07
5.436524952528998256e-05
4.435806768015027046e-04
2.560098664616816677e-06
3.319085450925740588e-08
1.163182560048880987e-06
2.336659861157386331e-07
1.281946083508955780e-06
2.378184490225976333e-06
1.997086837945971638e-05
9.451797268411610276e-06
3.760488027637620689e-07
8.196578846764168702e-07
1.235978004388016416e-07
8.561467438994441181e-06
5.409154255175963044e-06
2.713950948418641929e-07
5.510942355613224208e-05
5.420669822342460975e-06
5.476246315083699301e-06
7.738124452316696988e-08
4.026481474284082651e-05
4.924628228764049709e-05
1.591021145941340365e-06
6.910121328473906033e-07
1.361614863526483532e-06
2.134428359568119049e-05
4.200634521112078801e-06
8.979129233921412379e-06
1.087152486434206367e-05
1.545817212900146842e-05
1.416293889633379877e-05
7.758060819469392300e-04
2.566543741977511672e-07
1.366578544548247010e-05
8.549600897822529078e-05
2.437942384858615696e-05
1.067081830115057528e-04
3.325683906041376758e-07
1.081664109392477258e-07
5.349942853172251489e-07
1.805003412300720811e-04
9.530948545943829231e-07
1.223707567987730727e-05
1.129583537817779870e-07
1.288061775994719937e-05
2.158997267542872578e-05
2.949467216240009293e-06
2.283052745042368770e-04
1.664684305069386028e-06
1.161993239406911016e-07
3.475335006442037411e-06
7.889345397416036576e-06
2.813550509017659351e-06
5.906857950321864337e-06
3.606869469763296365e-08
1.480203337678176467e-07
4.136282313993433490e-06
9.965099678765909630e-08
2.662768281425087480e-07
1.787672658792871516e-07
9.897589734464418143e-06
1.126498900703154504e-04
1.388714154018089175e-04
1.728318056848365813e-05
3.240565711166709661e-04
2.699671767913969234e-06
6.579271882856119191e-08
2.434067027934361249e-07
2.576809947640867904e-07
3.930367256543831900e-06
2.260690962430089712e-06
6.711352540378356935e-08
7.169061518652597442e-06
6.158081669127568603e-05
8.977172547020018101e-05
1.943094866874162108e-05
7.677341784528834978e-08
9.188618605548981577e-06
2.345048187635256909e-06
1.172502834378974512e-05
1.467494939788593911e-06
8.307925781991798431e-06
1.485811822021787520e-06
1.976262922198657179e-07
1.755690846039215103e-07
5.253590416032238863e-07
3.693430983275902690e-07
2.402339305263012648e-05
1.602629781700670719e-04
5.618261639028787613e-06
8.206419011003163178e-07
2.176883026550058275e-05
2.008807496167719364e-05
1.139660298576927744e-06
1.616926965652965009e-06
1.976725798158440739e-06
4.703574450104497373e-05
2.297175524290651083e-05
1.487351369178213645e-06
7.094244551808515098e-07
3.940077988318080315e-07
1.368252469546860084e-06
1.457870821468532085e-04
3.439662918935937341e-07
1.457313345554211992e-07
3.176523750880733132e-05
1.238007189385825768e-05
5.648206752084661275e-06
2.676247504496132024e-06
7.863524160711676814e-07
2.514853463253530208e-07
8.456169666715140920e-07
3.933808184228837490e-04
1.245341678668410168e-07
2.315620690751529764e-07
4.042668138026783708e-07
2.848667099897284061e-05
1.302120745094725862e-05
4.961243575962726027e-06
9.156684299682638084e-09
5.355576249144178291e-08
1.796767946871113963e-06
5.542058829632878769e-07
4.378071309929509880e-07
1.608047028867076733e-07
4.570158580463612452e-06
5.226599455454561394e-07
5.528954005740160937e-08
1.459284106886116206e-07
3.990704954048851505e-06
3.123760734524694271e-06
9.476889317738823593e-06
1.285849407395289745e-06
1.209238234878284857e-06
3.810594762398977764e-06
4.496028705034404993e-04
1.903975004324820475e-07
3.186295089108170941e-06
1.837863919718074612e-06
5.096185873298963998e-07
3.446954906394239515e-06
1.914523891173303127e-04
8.728046850592363626e-06
3.551118061295710504e-05
2.345184611840522848e-06
8.594919563620351255e-06
3.130143682028574403e-07
4.993871698388829827e-07
1.925471678987378255e-06
3.689686423058446962e-08
4.474328761716606095e-06
1.088655881176237017e-05
6.995157377787108999e-07
2.441544165776576847e-05
1.226421591127291322e-05
1.829488428484182805e-05
6.920752184669254348e-07
2.232097529031307204e-08
4.640083261620020494e-06
6.815016035943699535e-07
5.090896229376085103e-05
3.695705117934267037e-06
8.221446478273719549e-06
9.383565213738620514e-08
7.603283847856801003e-06
1.153587447788595455e-07
3.333850372655433603e-06
3.446476455337688094e-07
1.962429905688622966e-06
1.670282916165888309e-03
1.086802626559801865e-06
3.604720404837280512e-06
7.650820771232247353e-05
5.431888894236180931e-06
8.096236001620127354e-07
5.132152637088438496e-06
8.183703357644844800e-06
4.350134531705407426e-06
5.008905645809136331e-07
4.534684649115661159e-06
1.147182160821103025e-06
2.586826667538844049e-05
9.758384112501516938e-05
5.401829184847883880e-06
1.904202945297583938e-04
8.837400855554733425e-06
1.226023414346855134e-06
2.960773826998774894e-06
1.105034425563644618e-05
2.383212267886847258e-05
1.081690470527973957e-06
3.837007625406840816e-06
6.879916327307000756e-06
3.161663335049524903e-05
4.789693048223853111e-05
6.804342774557881057e-06
6.405984009916210198e-08
1.020378874727612128e-07
1.509273417354961566e-08
5.546347097151738126e-07
6.576122757451230427e-08
1.032305476655892562e-07
3.852125871617317898e-07
4.356374574854271486e-06
1.064120510818611365e-06
5.282321922095434275e-07
1.053707819664850831e-06
7.524294196628034115e-04
1.404377201197348768e-07
6.026710252626799047e-06
4.404475475894287229e-05
1.968442802535719238e-06
6.170312190079130232e-06
9.561620117892744020e-07
1.056352061823417898e-06
1.536559693704475649e-06
4.611545591615140438e-06
5.407903245213674381e-07
4.174754764108001837e-08
4.381912276585353538e-06
2.885659284856956219e-07
2.029908472422903287e-07
1.906885392963886261e-02
3.825842327387363184e-07
2.311249090780620463e-06
1.497771700087469071e-05
4.302545130485668778e-05
7.493977136618923396e-06
4.057684236613567919e-06
1.140451331593794748e-05
9.651029841961644706e-08
1.454616904084105045e-05
8.824468409329710994e-07
5.848121418239315972e-06
1.027999445568639203e-07
2.618236649709615449e-08
1.194414039673574734e-06
2.681863179532228969e-06
2.533916813263203949e-06
6.499735172837972641e-04
3.745855394754471490e-07
5.922716468376165722e-07
5.893682464375160635e-05
8.714580872037913650e-06
1.221321144839748740e-05
2.140610922651831061e-05
2.700834613733604783e-07
8.999138117360416800e-06
1.072118834599677939e-06
8.173816604539752007e-05
4.150416771153686568e-06
5.095891538076102734e-06
7.168661113610141911e-07
1.064305251929908991e-06
1.363884166494244710e-06
1.123697893490316346e-05
4.893943241768283769e-07
3.710364580911118537e-06
5.185312943467579316e-07
5.121371941640973091e-06
5.076378073454179685e-08
1.610378177474558470e-07
5.655194286191544961e-07
4.172560147708281875e-05
1.035079094435786828e-06
1.052752736541151535e-06
1.646676196287444327e-06
1.062101304682983027e-07
2.460593577779945917e-06
3.476428901194594800e-06
3.374519110366236418e-06
1.296811092288407963e-06
2.129706808773335069e-05
4.797636393050197512e-06
7.572810289957487839e-08
2.076292275887681171e-06
7.102673407644033432e-05
1.981782588700298220e-06
6.084201800149457995e-07
5.943930591456592083e-05
2.624714397825300694e-06
5.293437061482109129e-05
3.170152012899052352e-06
1.730967085222800961e-07
1.709342086542164907e-06
2.966773138268763432e-07
3.529051753048406681e-07
2.064675719282149657e-08
7.231255381157097872e-07
4.663518120651133358e-05
1.392265289723582100e-06
2.917997335316613317e-06
1.543261532788164914e-05
3.835816460195928812e-05
2.778195485007017851e-04
5.741654831581399776e-07
2.292372982992674224e-06
2.545985466895217542e-07
9.268527355743572116e-05
5.982240054436260834e-06
3.101302326058430481e-08
2.250282414024695754e-04
1.155772224592510611e-07
4.621894549927674234e-05
1.405061811965424567e-05
5.896768584534584079e-07
3.444145477260462940e-06
1.528741336187522393e-06
7.471637945855036378e-05
4.240217208462127019e-07
1.130802684201626107e-05
1.218572506331838667e-04
3.258064316469244659e-05
3.063871918129734695e-05
1.163689084933139384e-04
8.827217243378981948e-06
1.583956986905832309e-06
4.034368714656011434e-07
7.780450772543190396e-08
1.464238437165477080e-07
4.703491413238225505e-06
1.403455371473683044e-06
1.319320472248364240e-05
1.504039100836962461e-04
6.605251883229357190e-07
1.953399078047368675e-07
9.746850992087274790e-05
3.023161809778684983e-07
1.750030662606150145e-07
8.369824354304000735e-05
1.245198109245393425e-05
3.104576933310454478e-07
2.649722148362343432e-07
1.079893536370946094e-05
7.521923180320300162e-06
7.527351613134669606e-07
5.524658718059072271e-06
7.713343075010925531e-05
1.672773505561053753e-04
2.327893162146210670e-04
7.775863082315481734e-07
4.331414515945652965e-08
3.839508906366972951e-07
8.154597708198707551e-06
7.548829671577550471e-06
4.904797492599755060e-07
3.590407004594453610e-06
6.349644081637961790e-06
4.259801426087506115e-05
7.811532327650638763e-07
1.812806686984913540e-07
1.349435660813469440e-05
1.052229777087632101e-06
9.915945753391497419e-08
8.906899751082164585e-08
1.515331587143009529e-05
1.318853810516884550e-05
8.991340109787415713e-06
2.859542291844263673e-06
5.347976184566505253e-06
1.731384031700144988e-06
6.064598210286931135e-07
3.689370032589067705e-06
1.988768872251966968e-06
1.748254180711228400e-05
1.275715883821249008e-03
2.936863347713369876e-05
1.480300056755368132e-06
2.826646721132419771e-07
3.964684219681657851e-05
2.570821197878103703e-05
2.353844763547385810e-08
8.566482574678957462e-04
6.053509764569753315e-07
3.821009613602655008e-06
4.526859356701606885e-06
4.665742494580626953e-07
7.781423846608959138e-06
2.781489274639170617e-05
9.515709098195657134e-05
9.926017128236708231e-07
1.471318500989582390e-05
2.679443298347905511e-07
1.104236844184924848e-07
2.395231604168657213e-05
2.542895316537396866e-08
1.312103177042445168e-05
5.872617236946098274e-08
2.909971499320818111e-06
7.875675510149449110e-05
1.281751593751323526e-08
2.557402467573410831e-06
5.465693675432703458e-09
1.626665380172198638e-07
5.131377065481501631e-07
2.588030838523991406e-07
3.362485358593403362e-06
5.866182982572354376e-05
1.599819283001124859e-03
2.430936341113465460e-08
8.301181514980271459e-05
7.423453212140884716e-07
9.040871304932807107e-07
1.401155313942581415e-04
1.995715865632519126e-05
5.495714503922499716e-06
3.653063274100531999e-08
4.574253580358345062e-06
5.112517828820273280e-05
9.470320947002619505e-06
1.068305118678836152e-05
8.743768376007210463e-06
2.548338443375541829e-06
3.066776343985111453e-06
1.386340882163494825e-04
2.007361763389781117e-05
7.220824954856652766e-06
5.935674352031128365e-08
5.615459940599976107e-06
3.041053787455894053e-06
4.271185844118008390e-06
1.121772612577842665e-07
6.287885980782448314e-07
1.254881732165813446e-03
2.849737757060211152e-05
4.496444016695022583e-04
6.069180744816549122e-05
6.597904445015956298e-09
4.208828556784283137e-07
1.534473454967155703e-07
2.123356125594000332e-06
1.230479392688721418e-04
9.317967851529829204e-06
6.576514692824275699e-07
1.100586723623564467e-05
1.337634927267572493e-07
2.076174496323801577e-05
2.494264208507956937e-07
7.985376555552647915e-07
3.072619620070327073e-06
2.809832437833392760e-07
3.579355620786373038e-07
6.426253094105049968e-07
1.324104050581809133e-05
1.163182972163667728e-07
3.789192305703181773e-06
8.171033982762310188e-07
5.527351021328286151e-08
5.696404414834432828e-08
6.623551598750054836e-05
8.457455805910285562e-06
8.452786204315998475e-08
6.265937827265588567e-06
2.845850076482747681e-06
5.207360800341120921e-07
1.181567713501863182e-04
3.718387461049132980e-06
8.007747965166345239e-06
2.934314125013770536e-06
3.985340129020187305e-07
3.572166633603046648e-07
2.065583657895331271e-06
7.228248932733549736e-07
1.190025145092477032e-08
6.598024242521205451e-07
1.936036113647787715e-07
1.098718485081917606e-06
3.446772325332858600e-07
8.545602270260133082e-08
3.602359583965153433e-06
3.375575033714994788e-06
2.745407800830435008e-05
3.421707879169844091e-05
7.082086739274018328e-08
1.674841456633657799e-07
4.402545982884475961e-06
1.864704813669959549e-06
1.402394409524276853e-04
3.174189259880222380e-05
1.333534328296082094e-06
4.692863512900657952e-06
1.292359108617802121e-08
1.904815871967002749e-05
2.899796299971058033e-06
4.102908424101769924e-04
4.103855462744832039e-04
1.870090045485994779e-06
3.924286673395727121e-09
7.856706361053511500e-06
2.155770062017836608e-06
1.303361273130576592e-06
2.594656507426407188e-05
1.041267478285590187e-05
8.418062407145043835e-07
1.909584170789457858e-06
1.427583697477530222e-06
6.991429586378217209e-07
1.618852593310293742e-06
2.050237526418641210e-07
2.646800396632897900e-07
1.256473183275375050e-07
1.285438770537439268e-06
2.374160976614803076e-05
1.979890839720610529e-05
1.208123012474970892e-05
2.807043301800149493e-06
5.891325116635925951e-08
1.769740975987588172e-07
2.963880092465842608e-07
1.498771871411008760e-05
8.402903404203243554e-07
1.758466623869026080e-06
2.511511183911352418e-06
2.688904316983098397e-07
4.745904334413353354e-06
1.296896971325622872e-05
1.213905579788843170e-05
5.391373179008951411e-07
3.851209385175025091e-06
1.676610423828606145e-07
3.398990083951503038e-04
2.530098981878836639e-06
3.410793283364910167e-07
1.485083657826180570e-06
2.457526079524541274e-06
2.877935230571893044e-06
5.130909812578465790e-06
7.653729880985338241e-06
1.538464566692709923e-04
1.081265509128570557e-06
2.658182211234816350e-06
5.172952569409972057e-06
8.306879095698604942e-08
1.643868330347686424e-07
9.337926167063415051e-05
2.539833019454817986e-07
1.312433505518129095e-05
9.823899205230191001e-08
8.680585597176104784e-05
1.186699023492110427e-06
6.289625957833777647e-07
1.612847313481324818e-06
1.492065990760238492e-07
5.072550266049802303e-06
3.342011950735468417e-06
1.994530612137168646e-05
6.711544756399234757e-06
1.221178390551358461e-04
1.392280682921409607e-05
1.631883833397296257e-06
5.628161034110235050e-06
5.472850534715689719e-05
7.875487790443003178e-05
2.065056889932748163e-07
2.294118303325376473e-06
1.118271825362171512e-06
6.683972628707124386e-07
5.125271400174824521e-06
3.657760885289462749e-07
7.048021188893471844e-08
1.873102337413001806e-05
1.081320806406438351e-05
3.071526677445035602e-08
5.916650479775853455e-06
1.141537177318241447e-05
1.870520122793095652e-06
1.627840356377419084e-05
8.984979103843215853e-06
8.473594789393246174e-06
1.014167646644636989e-04
7.178575033321976662e-04
2.262221278215292841e-05
7.041433036647504196e-07
