1.266281871026286865e-11
5.536797687000216683e-09
3.765508391206928707e-11
3.146350194271896328e-11
1.212300398956145386e-10
3.688813976499005776e-10
6.110147110494068556e-11
9.481802898392288625e-09
3.282269733784204391e-10
7.407944396797816466e-11
4.451628302093446621e-11
2.699808432371497702e-10
1.824452117160646480e-10
1.190613302393117579e-10
2.293979450840311074e-09
7.575421540062521331e-11
6.484531661632431110e-12
4.124748598233196617e-10
7.860936901415982447e-11
8.003209206464134695e-11
2.808202559378969454e-10
9.313633198004822589e-10
6.353332859809768252e-10
3.606138651579549048e-11
5.573075778642078149e-09
5.663871038841250538e-10
7.451907424460557650e-10
8.337304457928240708e-11
1.233599333794188624e-09
1.624321566140451978e-09
5.517049594949696711e-10
9.005756695934508116e-10
7.786423061872937978e-09
1.251996639695107660e-08
1.956038886419264600e-07
1.042050751243195350e-10
3.345800581033842036e-10
9.845021464727210514e-10
1.474981825566601401e-08
2.156886431611826360e-12
2.138964005915511279e-11
4.597980052256644967e-10
5.811903736052670411e-10
6.623807058403485826e-10
1.559973331066721869e-11
9.530348732411653145e-11
9.782505751634862357e-13
6.661204227098593833e-11
9.427943842288399878e-11
2.978996771485498130e-10
4.160194855273857684e-09
1.164403968800797884e-07
6.544352837423161873e-10
2.915955810145476335e-10
2.396143006233586448e-11
8.809017751354453196e-12
4.246197615742630660e-09
1.645631374225242638e-11
2.949607780244889454e-10
1.165390978163927116e-10
1.682387007484464903e-10
2.827211520450845228e-10
1.575992253366464979e-10
1.147320988215128068e-10
1.814063205207716578e-10
2.668359422308697049e-10
4.215756077563526105e-10
2.803305920728860201e-10
1.082086711901020237e-10
5.207442255183991620e-10
1.104574991472873080e-07
1.886938179040953401e-07
8.726412488613277674e-05
9.504510760307312012e-01
4.712705686688423157e-02
2.344063290138365119e-07
1.379008836011053063e-06
1.352674444206058979e-04
8.267849693766038399e-07
3.333077813749696361e-08
1.128623683399609945e-08
5.957078830221007593e-09
2.588504521838785877e-09
8.187540423421069136e-09
4.268078945823816639e-10
5.555094717557551576e-10
8.500141701617280887e-10
2.693232836747938563e-08
2.617968508644707981e-09
1.046129294302033941e-10
1.017841783079731499e-10
2.038769847390042855e-10
6.404494157230544715e-10
9.605430895121003232e-10
3.301835471702929681e-10
2.982911227050744074e-12
9.321767663328373033e-11
8.848494159607867005e-11
2.715860591973040528e-10
1.408125612639699042e-11
1.033014992990466396e-10
1.260463622365648462e-09
1.106838926068220985e-11
3.132644976755472044e-10
4.282475415950948161e-12
1.715872756380409925e-11
1.213438516334264250e-10
2.050527109531685710e-05
3.815993299127740102e-09
2.905418683418758974e-10
4.741099440125351450e-12
7.067142604455511901e-08
1.142371419682319811e-09
2.830506662387932693e-11
2.590100876831424870e-12
9.589002303300731000e-08
5.062483418583063610e-12
6.576878597286395234e-09
1.045360331630718065e-08
6.269064556363446172e-08
6.000965413477388211e-08
1.882095602923072875e-06
2.424655143329346174e-08
4.566286193607993482e-08
4.927332142301565909e-08
2.387807853665435687e-07
2.063917418126948178e-05
4.279474830060081558e-10
6.077752884303677661e-11
1.887779429304847767e-12
5.426194493729497026e-10
6.771115335091337784e-10
2.128994092132074911e-09
1.121971626716344872e-09
1.045117551529139988e-11
6.736897151249365834e-11
5.651946133333751732e-10
2.026355298834214835e-11
2.175478241994710515e-09
5.530817817622768473e-11
4.089317495736821684e-10
8.968701337153106579e-09
7.657766643021091113e-10
1.397813864656427540e-09
2.205238908148388077e-10
7.882567862327327646e-12
2.439974784718135226e-11
7.320857114967438406e-11
2.063868659307743769e-10
1.987196171504557185e-11
1.241103053661873901e-11
6.107866434845732329e-10
2.253461639512011061e-09
5.660890090020131993e-10
5.453024143342588559e-10
9.698435388116877220e-10
7.158110770788539412e-10
1.100098678818994813e-09
8.431617182225181750e-09
8.146594510094473662e-11
7.464387330458066572e-09
8.538034168559249792e-10
4.643385675962008463e-10
2.781581853739112375e-09
3.978706253349173494e-09
3.138627358012513469e-09
1.942005445343397696e-09
1.125025295145576365e-09
1.139294658614176114e-09
7.115584788053297416e-10
4.249797669331201178e-08
5.611589526388627291e-10
4.020248023373085289e-10
1.058772181039557836e-09
1.252080730762550331e-11
7.527970247167559137e-09
4.909156414711901562e-10
2.660406339671794740e-10
1.266391880250239410e-09
7.380347999408343185e-10
3.030545259186112617e-11
2.242503605032197811e-08
2.421842726363365728e-10
2.478321103893676991e-09
3.842865137215767390e-09
3.429421191469828045e-09
1.080539893671961238e-10
2.487490746716503054e-08
2.506253622414078563e-07
1.963358364776013332e-08
1.818560635413746240e-09
9.632813657844963018e-08
1.553083495142715265e-10
1.001809746270510004e-09
2.844259827661232976e-10
3.954247151938261595e-09
2.996814885136700468e-08
7.222419995400741755e-09
1.303146923703479843e-09
1.949866490491558579e-09
1.289764295364648206e-09
7.517419464697638887e-10
4.915342799449717859e-09
1.782186287435649774e-09
6.148792142113279624e-09
1.358634982295825466e-09
1.910803515414727372e-09
2.283267130920307864e-09
1.592488252377677327e-09
1.214870315457972083e-09
8.031724973989184946e-08
1.353960943362153557e-08
4.272277465133811347e-08
8.803975326543422852e-09
2.064617810049185209e-09
1.811637773130314599e-08
4.325400837501547358e-08
2.451977998418897187e-08
4.034661049701071533e-09
8.771659842921053496e-09
8.950364893678397493e-09
1.119629278178990717e-08
7.527735657042455841e-10
3.362213979452022272e-11
9.448317128679661892e-12
1.351221651929579437e-11
1.299519658548575762e-10
9.471020495643855952e-11
9.303055215070799022e-09
3.977763396445510580e-10
4.667651334888667236e-11
1.448196285114278226e-10
1.213027234214791861e-09
6.455779660852201118e-11
1.026136051129888926e-10
5.558427849938762932e-12
6.667980056995759242e-11
5.898577182250619444e-10
2.574500057583861690e-10
1.387633757898854014e-10
2.963826517543566297e-09
2.282352529192621660e-09
1.585402586989914653e-09
3.159570105548681340e-10
4.501116146471417778e-10
4.137134801407427176e-10
1.352602585491524678e-09
3.151747085539113868e-09
3.214092048064998153e-10
1.293918416855888154e-09
1.227395685088339405e-10
7.824286285540438257e-08
3.950950677733544580e-10
1.831624296677603070e-10
2.852735547786977577e-10
2.465175841237510213e-10
3.163966588726196960e-10
3.876932802571175785e-11
1.180050779314711917e-10
1.477892253021195756e-10
1.690492884565131249e-10
3.205982137752250161e-12
1.949480754603882815e-08
1.643602615120087762e-10
2.774873442135117330e-09
4.361171690447918081e-08
3.836290218828253273e-08
4.788960339396908239e-08
2.484610017727817421e-10
1.825063884741684461e-11
1.945547715986872817e-11
3.586849220416077344e-11
8.325691802646417727e-10
1.111529184666393277e-11
6.774952265864442325e-10
2.483696803778911999e-09
1.847202502069933416e-09
1.947281572101111635e-11
4.910177264783044393e-10
2.975656179793340073e-11
2.848825897405760088e-10
3.404654558281094978e-09
1.503336299890634109e-08
6.271214214592646385e-09
1.134825740323197607e-11
5.159708771351745327e-10
1.011146721907607571e-10
6.759756643326397807e-11
2.150712319348713208e-08
7.327650708432997817e-10
5.345727749350714930e-10
4.686253052277322695e-10
1.002278149364599358e-09
8.256395567229901644e-10
1.046773848156767883e-10
1.831564899745785624e-10
1.667160409724033343e-09
1.927097370568731094e-10
8.815118773819463627e-12
1.527758364261444513e-09
2.159965095671623203e-09
2.422305911409239343e-09
2.014554389973000070e-08
5.386396395579140517e-08
1.834118812382712349e-08
4.459859148653322336e-09
8.301146436906492454e-10
1.322220732902223972e-08
1.356829870680087424e-09
7.328087470170885354e-09
8.419211106058810401e-09
6.967799670576368953e-09
1.234522706283769367e-08
3.580026586291751300e-08
2.983314040250206745e-09
5.246385548218768236e-09
6.705565963605053525e-11
3.468754172786248091e-09
5.446288420252187734e-10
4.847269252650221460e-08
1.632991519784354750e-09
1.676445759990485840e-09
1.042600006329053031e-09
6.118698880896999981e-10
5.788472479117956482e-10
1.552799888671074768e-09
6.253437212500045916e-10
8.518145300229207351e-09
3.773714118970872278e-10
4.741102302419086811e-11
2.523526498876549340e-09
7.779085708925492781e-10
2.270486021416218136e-09
3.149659977275121037e-10
4.254405855386167445e-11
2.041457454471373723e-11
9.485731644609529667e-12
1.254016682161740448e-11
2.288388784021933020e-10
1.244698233371366314e-09
2.422259726131414936e-09
2.480468053178697119e-09
2.001717264166202881e-10
3.923742442069055869e-10
6.509193878345698181e-11
9.293563141277161321e-10
7.462276352399044299e-10
5.741462860697765791e-11
3.996021291641227435e-10
2.297047135835228460e-10
1.018743533975907667e-09
3.015596106159534884e-10
6.556059584106321836e-10
4.554069898965451557e-10
1.349094702618458541e-07
2.594267689559615064e-09
5.557405091671796526e-10
2.789320163731900948e-11
1.691989742758082116e-10
1.337484456520598997e-09
4.592047020413048131e-10
6.721930650988028333e-11
1.245928693549558375e-09
1.753913569935150463e-09
1.369084512425899902e-09
1.475182892507476140e-10
1.278048222808081391e-10
2.046780522846347594e-10
4.000541564685988760e-11
9.506565673556011120e-11
1.661542214578815013e-12
7.201544915957924786e-11
2.906138663050228388e-10
4.957055252385877964e-11
1.327412207929867805e-10
3.799450337682586110e-12
2.138500071469096042e-10
3.859169372955051358e-10
7.956600656111589842e-12
1.643401213724526855e-11
5.482064108219830700e-11
1.429261136526305265e-11
2.390088994774774989e-12
2.405327492738251749e-08
1.489469381166230733e-10
2.089070472166554282e-09
2.536143517417599469e-10
2.558912526318124492e-10
3.833373549144702963e-11
1.296637935910283090e-10
2.515364132260611285e-11
2.558530470819775360e-11
9.442796544689713301e-10
5.370037053920029280e-11
2.931622278268264381e-09
4.544889187219069981e-10
8.075642909943780978e-08
4.759331123649346296e-11
2.734961590533657727e-08
8.808018758799107673e-10
4.000591413699794430e-09
5.425797658387132572e-11
2.428730550008140199e-10
8.349630320481082890e-09
7.808687030319561018e-09
1.715119424261501990e-08
3.528505132521786436e-08
1.478911502809931999e-12
2.083815238418385007e-11
3.440584928071643844e-09
5.880513853639968147e-10
2.981607627461357879e-09
9.042872228803844337e-09
9.992959931759415326e-11
2.049546227178566937e-10
3.396752878970232814e-10
1.772183289006079576e-09
1.282950279346550815e-06
2.141522692511443893e-08
3.511077650841798459e-08
5.898979221763411829e-11
2.974144042156012802e-09
5.775382394546113574e-10
1.797977322581800763e-09
1.497837298636284231e-09
2.339348936786223021e-09
1.204827682066422767e-09
3.478400856238295091e-07
5.951809267656926750e-09
1.876219180019234045e-10
7.975756943778833374e-09
1.722270659421099026e-10
9.307199455577119807e-11
5.070006081631106554e-10
4.836994138557315637e-10
8.996267730765339365e-09
2.132069382154710979e-10
3.839092155288881258e-09
3.962094541343219589e-11
1.402736149458405635e-09
1.204293435808079238e-11
1.040215899528185162e-10
6.723229195593205532e-10
9.331797912182082655e-08
2.255103187520646202e-10
6.964687160326832327e-10
4.004484743802549929e-09
2.367527007773873038e-11
2.521781183872917609e-08
2.903735918380334624e-09
1.286051820592604145e-10
1.957342377068016503e-08
2.859197536508872872e-07
3.421135041925538189e-10
6.698509108504779874e-11
9.780570450756975731e-12
4.516626717077087960e-08
2.800668674751705112e-08
9.762296526716340850e-10
3.299168049863965280e-09
5.318486970273816894e-12
5.898692201355970610e-09
1.221427670117236630e-08
7.797971157685879007e-09
5.212609788252109411e-10
1.686319278659809129e-10
1.412609872825099089e-11
2.105411178732197186e-09
2.253495029469476663e-10
7.818787839397600692e-10
1.724294662608372164e-07
1.089917045504762427e-09
5.845745554289294432e-10
2.698051504435028392e-11
5.757220394864148716e-11
1.312370212502855793e-10
6.501991833829379175e-09
1.104535907181514176e-11
2.121564790513730259e-08
1.518576236980706540e-11
1.513562886135133567e-10
1.908199598332771529e-09
1.353032824669142542e-10
1.554415796078956191e-08
1.971492968877441854e-09
2.485547358210826729e-11
2.086672834522573794e-09
1.285893702629437030e-08
6.888455459375109058e-07
1.373610203359021398e-08
2.750690231145824782e-10
3.105530277380808002e-09
2.101170792911943863e-09
9.628143615714179759e-09
1.191773861819456215e-07
1.427469392689673100e-10
9.888625474019363537e-10
1.155099571548134918e-08
8.102222004424675106e-09
3.553965455260765793e-10
6.767727001033563283e-08
1.215981360047635462e-08
4.172838963256708666e-09
1.232990043398274338e-09
2.174432633950118543e-09
1.916936387402756736e-09
1.842856545408722013e-05
3.472302001483740241e-09
2.526081080422848402e-11
1.651257047763365904e-10
7.190321671401989079e-10
3.040057441894283841e-11
7.600307938560035836e-09
2.469643156643996917e-09
1.965623219746248651e-10
8.378265192732214928e-09
3.535797765685799732e-10
1.026853535535110495e-08
1.441175956351514742e-09
2.987369995821609336e-08
6.165844279593102328e-09
1.067287300204888822e-10
6.512712591444369536e-10
7.764814569100053632e-09
7.829920600777029449e-10
3.821036889672946302e-11
2.673287147203495806e-09
6.943914887536095648e-10
8.379811289316307921e-10
2.103240781536896975e-08
1.356512324690584137e-08
6.165241095423823481e-10
1.761470191929959128e-09
8.930771677739812731e-09
1.529669446664883026e-11
2.840741253340439698e-10
3.046172425413828933e-09
2.073326094143013165e-10
2.053522166534094140e-06
6.969460564221208188e-09
4.200972902879129833e-09
1.253305992321429585e-08
3.357372824197568661e-09
3.909365986487500777e-08
1.091774518013899353e-10
1.163325222819366900e-07
8.520619106111571028e-12
6.431359611536180410e-11
2.862446391027617665e-11
3.139486466352536809e-07
1.592243698000928021e-11
1.415400019411094945e-09
1.843697461367810320e-08
2.684818756204521151e-10
8.311820676176751022e-11
8.059458656006768251e-11
1.573323693548900337e-08
3.705380224872101280e-09
7.448813565957834726e-09
5.248167234128686687e-09
7.317147443508531524e-10
4.876933523689785943e-09
1.381955257784284186e-06
2.365186713149114439e-09
1.717369857434647429e-10
2.991430714249787570e-11
5.350906870371652246e-11
3.850508245584194356e-10
2.752140071393682774e-09
2.954476593930444039e-11
7.873395269086813641e-10
4.499920921996469758e-11
1.225754053812977418e-09
6.332604579606382345e-11
1.924544551501483625e-10
2.159601525386634080e-10
2.819049882418767083e-09
2.080935956882967730e-07
3.618228916479893087e-08
1.006650585111401597e-08
2.353205824645598909e-11
6.666317498016383070e-10
2.746422811394921837e-10
2.309379798504096470e-09
2.577569944151036907e-07
4.995091451576172403e-09
2.637710050379382665e-10
6.754488635074551439e-10
7.569687238140332397e-11
9.323235516944805568e-09
3.236928780570025310e-10
2.389504061284242198e-06
1.551005435196373128e-10
5.972537464593585810e-10
1.335677701774784509e-08
9.654822497040527196e-10
2.317233516180294828e-09
4.034093371851898979e-12
6.611424741009841455e-10
1.047083975080909113e-09
5.414403503323228506e-08
1.381650704956882691e-08
1.818447081802787579e-08
3.939482629000679026e-10
1.025180385028079399e-08
3.271234394475186491e-09
1.509092018014968062e-10
2.630894435640129814e-08
7.644679556051414693e-09
1.704417995629370353e-10
3.958730019348877249e-07
7.250874887176905759e-07
1.403697047486218707e-09
5.566719307736889277e-10
4.061460945337103112e-09
3.156090500056052406e-09
1.353507512249052525e-03
3.391167791022553502e-09
6.482679670849478271e-11
8.173704202363296645e-08
2.144468602693905268e-09
2.013544712908821310e-11
1.030942886615093812e-09
3.106478407843837886e-09
3.854639718525731951e-09
1.747872402368955136e-09
8.682116831026931436e-11
2.711022324599493549e-13
6.809023345155651441e-10
1.570468061151686356e-10
4.986183774896568721e-12
1.396424781363592160e-10
3.260139103122838833e-10
5.917169532132504628e-10
1.332353394278840142e-10
3.675140469727722348e-10
2.214293415292445388e-09
1.175088204519170176e-08
2.809795285330096704e-09
4.442031187323891572e-09
7.722830014378345709e-11
7.047298744566887763e-09
3.144971782997885157e-10
2.553454514497843775e-08
1.080755893667628698e-07
1.009190691547701135e-05
2.658207876038432005e-08
1.621263567841424447e-09
1.392918697051825916e-10
5.306127759396872534e-11
1.686830813918405170e-10
1.924174819478707832e-09
1.240371195511402735e-12
7.847952288031478929e-10
6.628014516353239460e-14
3.447738983197723428e-09
4.585419197122853063e-11
1.522347803373236275e-09
3.234875034507922464e-09
1.441466668250512839e-10
1.506616387203507657e-09
1.299105961694024813e-10
2.583334102190804060e-10
4.797012120860699724e-09
9.462086669742575396e-10
2.838141666128279894e-10
5.289558235865854385e-10
7.284913117189262266e-09
1.626884511551907053e-07
3.244998936224874342e-08
4.844121770375409142e-10
9.625660268852698209e-10
2.039105106987904037e-09
1.346516786959739420e-10
1.589102072152570599e-09
3.600193754227376530e-11
5.052562257468196094e-10
2.158626610793135114e-09
8.256930694727770970e-10
7.492590725632908288e-08
4.621504245960750268e-08
4.227623112695866325e-11
4.950597709552084780e-09
4.309400836177701422e-08
1.422220208269209252e-08
1.912306467691249345e-12
9.663766314949029379e-12
5.641265374833892565e-07
1.144277916864666622e-08
4.556887311935042817e-09
2.896080708580939245e-09
1.832283125224876130e-08
8.472579970941751526e-09
1.297330576299771110e-10
2.250626796040933186e-09
2.484920713641258772e-08
1.304433823179351748e-07
2.370282281560776028e-08
2.833357726217400341e-08
5.112401026963198092e-07
1.832779439325804560e-08
6.612775450776098296e-06
1.811333660839409276e-08
7.265538726208831122e-10
6.023744836269884217e-10
7.434403093142805119e-10
1.754019846034182706e-10
2.458015735395946422e-10
3.121917302451038267e-08
7.601319018668561966e-10
2.819669475684349891e-08
4.476040094125721680e-10
9.963279978819628013e-09
3.043900131949328625e-10
7.443299310239126498e-10
1.277811884081714311e-10
2.750486727265410991e-09
1.280061057151726800e-10
5.514212642054872049e-09
8.054156647174792738e-11
2.216388184095308134e-10
1.314363107240978934e-08
7.067971763419222953e-10
3.391305426703183912e-06
5.977509598409369573e-09
1.792881620943376220e-09
1.525115971012791505e-11
1.938993499095431616e-08
1.515563496923277853e-08
1.269042559925992464e-08
2.309974433956085704e-09
1.489906225060622091e-07
5.338951503119915287e-10
1.358226882075541653e-07
1.963385357073299531e-11
1.929640980335989298e-08
8.827966135882547860e-10
1.220380220490202561e-11
1.016380508644942893e-07
2.839556367817408500e-09
1.381067066263952370e-10
3.544572635405529581e-08
8.185845751240705681e-11
1.649359759881008358e-09
1.041296160408933247e-09
1.871368164596542982e-11
1.619878786662809489e-09
5.344802822548899712e-09
1.888214473666494087e-09
5.052586971032724250e-08
1.085316458926399719e-08
6.490687431970343368e-10
2.781278263253028626e-10
7.583492167562155828e-10
2.598485593363619728e-10
4.325712232855494221e-09
8.883982438590010133e-09
1.030617431674318851e-11
2.134892089500350920e-11
1.187987153095093618e-09
9.529071975933334215e-12
4.470238623710542925e-10
1.105691649350148964e-10
2.259201575816049967e-10
1.448328956765720932e-10
2.919453301331031980e-08
9.811484957822358410e-10
8.070253443293040618e-08
4.661684371853880293e-10
4.229968553204344062e-08
6.524287221587599106e-10
4.381972562583769104e-09
1.432019303138076793e-08
5.751743872850489936e-11
3.649861524124276002e-09
4.487554494669865335e-10
3.549925978174606200e-11
1.705832697318498958e-10
1.398730714585738610e-10
3.402095272164729067e-10
6.076028569168556714e-10
2.895985395934275175e-10
8.065921264233111287e-10
7.246526045889822853e-09
2.847772018199634658e-10
2.580428926091116182e-10
1.648582104163409667e-10
4.288123633955365221e-08
8.161551295904345693e-12
1.075810551753875188e-09
1.044409225769982186e-09
4.025788313821720976e-10
4.400108749580411427e-11
3.035933449080374658e-10
7.784428657231501347e-10
2.258390736642468255e-07
1.606586308433577415e-09
5.898270066806432510e-11
1.187941744973386449e-09
3.117649249873011286e-09
2.224333217615281910e-10
1.714006603314999211e-09
1.267032789797895020e-08
2.629361728345713800e-10
6.859705026229789837e-10
1.468713861640935647e-07
9.801916223128870342e-12
1.439541486014661587e-09
3.455342678648776200e-09
7.353218922645510247e-09
1.113657690371416820e-11
1.397381238499306733e-10
9.833620850940860691e-08
2.766536826015464356e-11
6.632248916726979360e-11
7.391372928395867348e-04
2.705366597410829854e-09
5.326349361567395135e-10
3.812901550048763966e-09
1.111752911953090006e-09
2.218477485049774600e-10
9.820321222875350031e-10
1.584136155585724737e-09
3.726547542770575205e-11
1.041539121615642216e-08
4.368693462541983763e-10
1.193590337678074320e-09
1.068436103479619703e-10
2.013561262170782129e-10
2.390512232608443810e-09
1.363986257274518721e-09
2.793166808956470959e-09
6.697753462958644377e-08
3.802207160230608451e-11
1.448456798947006519e-09
1.496192614247604524e-09
1.163505333745540327e-10
3.937973003242944969e-10
4.266925035523172482e-09
7.859201622828493328e-10
3.868791154104656016e-08
9.910873899343641824e-09
9.033144787728986103e-10
1.592441378761577653e-07
5.091510546506583523e-10
1.119545345318329055e-09
2.280790445396974064e-09
1.940571314751338150e-10
6.058597373792551366e-11
2.836845602871562733e-08
5.771216819994151592e-07
3.834232931154701873e-09
1.820014805531400270e-09
7.268168011886899649e-11
1.882426801103065372e-07
8.975897802798726843e-11
1.069635491290910068e-09
7.483750863457316882e-08
1.642779134947147668e-09
2.552020539337007676e-10
3.990728025815570845e-10
2.681374566826377759e-10
5.180854412145663446e-09
1.032263607925187898e-08
6.276604930244289449e-11
1.705433350096541290e-09
3.471121168274748925e-10
4.592793700908259780e-09
3.181464336421413464e-08
5.072695596908260995e-10
3.756676036914541328e-08
2.693546186094408768e-08
1.686166761771801248e-08
6.014150955024888390e-09
2.576553692623662073e-10
1.363598678416622079e-09
2.780079777497945770e-10
5.282913551063472823e-10
5.985318490830948690e-11
3.407768289775958692e-08
5.348527665205438097e-08
1.017702477845716658e-09
1.286827172597426738e-10
6.107674010991104296e-08
3.015783178739184223e-08
2.600118591544742230e-07
2.062935933189180560e-10
9.313649851350191966e-10
6.809468100499316279e-09
8.382980531962402893e-09
1.134657026113927714e-07
3.659302721947810255e-11
4.852357093909631658e-08
1.515422336229033107e-11
2.269080390249200718e-08
6.158607135375859798e-08
8.244153137937360043e-10
1.350311773506973623e-08
1.099190569675556617e-07
5.251391765881407991e-09
7.073035845905906172e-08
7.018853553919512933e-11
1.359291434965825829e-08
1.036100272244766529e-08
1.509516600606275460e-08
7.777557486932096253e-10
5.081469134360361295e-10
2.554620959216435949e-10
3.404824866493072477e-08
5.482423404146175017e-10
6.214701198103966817e-09
1.681731021108134883e-08
4.962251720641575048e-10
8.921267058425996765e-10
3.711452326027320225e-11
4.339562487132297974e-09
1.046756992195696512e-08
1.585562898753778427e-07
4.507610951165474944e-10
4.337576076096638644e-09
1.233941127054549725e-08
2.706255486373265740e-08
2.719756153624075523e-08
2.433639068044612941e-08
2.059107051533004551e-10
3.465204656549758511e-08
1.539392571747733029e-11
7.161926433851828477e-12
1.910462188448036613e-08
2.418117650559992171e-10
1.388067855101482451e-10
2.212793559497328033e-10
6.632403515283158413e-10
2.739109217220203618e-10
4.408417381140949942e-11
2.421703948485287583e-10
2.736598947450374908e-09
9.898301622790484089e-11
1.156277278369088890e-07
4.713385237664624583e-11
2.565128387477244587e-10
4.776273127005126184e-11
1.014491157746988392e-09
2.205904792162982631e-09
5.883307174769925041e-10
5.127380117708746354e-11
9.860919858439842756e-10
2.360238671172965041e-09
5.742571973499366322e-10
1.955884759707871012e-10
2.020792777557289810e-08
9.246796106587851227e-10
5.364221566939164632e-11
8.897356740256157082e-10
1.948045058597358548e-09
1.103956227647973076e-12
1.141523542358413579e-10
6.153537401853981237e-11
1.948788241890042627e-09
2.566460821640248469e-09
1.249531700331374395e-09
7.572737992234124249e-10
1.560690639224038279e-11
1.743209396276590439e-11
1.340721717674187019e-11
1.704338059571597341e-12
5.223796395448232488e-10
2.579753424769570813e-11
1.630688362119769863e-09
5.297767224909932793e-10
1.580687047919582255e-08
1.049011544296263310e-08
1.275161198854846134e-09
8.565027576068473536e-10
1.371483704382114865e-09
9.981212523157978467e-10
1.740446259335115542e-10
8.143661855974926311e-10
2.931136933170819248e-08
2.652225328247936886e-09
9.154311442216567229e-07
1.413875572175982143e-09
2.483473149350601261e-10
7.827146930594608421e-09
2.552422095902784349e-08
1.943902816492482089e-09
1.071218491688341601e-08
1.211293176872629829e-09
3.850229024493501129e-10
1.176439923256111797e-07
1.746381927958395863e-10
1.996978360452317247e-09
1.480474409731868946e-09
4.870404635148872785e-10
9.382742360841689333e-10
1.226489558803223190e-07
8.321691113977180976e-10
9.016976054709857635e-11
3.138526949442166369e-08
2.091396851255922229e-07
