5.167712515685707331e-07
1.511163372924784198e-05
6.225644710866617970e-07
7.882628239030964323e-08
2.832195377777679823e-06
8.098926628008484840e-06
1.091933654606691562e-06
6.492187822004780173e-05
5.772237273049540818e-06
1.170527980320912320e-06
4.198394876198108250e-08
3.859781543269491522e-07
4.059239472553599626e-06
8.115719538182020187e-06
4.258801709511317313e-05
6.016636234562611207e-06
5.066914354756590910e-07
8.941780833993107080e-05
6.068678885640110821e-06
1.062874343915609643e-05
7.274515212429832900e-08
2.567461478975019418e-07
1.902396462583055836e-08
8.693868380760250147e-08
9.119398782786447555e-06
4.445719881118748162e-08
1.881799221337132622e-06
6.136341994533722755e-07
6.484787036242778413e-07
2.217623489286779659e-07
1.229390367285532193e-08
1.435323838450131007e-06
2.186142609161834116e-07
5.085659608994319569e-07
3.827665295830229297e-06
2.168875568031580769e-07
8.225323995247890707e-07
3.053935415664454922e-07
5.220195362198865041e-06
9.336331277154386044e-05
4.227820318192243576e-05
6.075048531783977523e-06
1.153679259005002677e-04
3.494794327707495540e-06
2.201131110268761404e-06
3.883900774326320970e-07
1.272202007385203615e-05
6.056442507542669773e-04
6.453504738601623103e-06
8.630203041093409411e-08
4.003311744327220367e-07
1.260175736206292640e-06
6.269496566346788313e-07
9.207230533547772211e-08
2.824374689680553274e-07
3.770224338950356469e-06
1.884640255411795806e-06
5.057608731817708758e-08
5.684332222699595150e-07
2.232370945876027690e-07
1.907638079501339234e-06
2.057422761936322786e-06
4.730273758468683809e-06
1.982516550924628973e-07
4.409831944940378889e-06
1.041575728777388576e-06
2.909936847572680563e-05
5.838468041474698111e-06
4.590794105752138421e-06
3.331683910801075399e-05
6.777840899303555489e-04
4.045633977511897683e-05
3.590747292037121952e-05
8.325286954641342163e-02
5.998664535582065582e-03
1.190725131891667843e-03
8.403399842791259289e-04
2.348241582512855530e-02
3.039214061573147774e-04
6.468910141848027706e-04
1.183616041089408100e-05
5.851928222000424284e-07
1.606058390279940795e-06
2.247532620458514430e-06
8.913327474147081375e-05
3.125931300473894225e-07
1.969384175026789308e-05
3.547757842170540243e-06
1.820375655370298773e-05
6.719724865433818195e-07
1.081771870303782634e-06
1.381205834150023293e-07
3.030831430805847049e-05
1.376768636873748619e-07
2.974832932522986084e-05
1.948759944525590981e-07
2.020096644628210925e-06
3.746141032934247050e-07
5.248709555871755583e-08
1.122736215108943725e-08
1.069155075583694270e-07
6.899387585690419655e-07
6.427355092597508701e-09
1.112988599061282002e-07
1.868508547886449378e-06
3.566416921785275918e-07
9.392937272423296236e-08
4.352624237071722746e-04
2.023529850703198463e-05
9.831349416344892234e-06
7.857046284698299132e-07
4.428799729794263840e-05
7.882463251007720828e-06
1.017860540741821751e-05
5.083966811980644707e-07
3.041701711481437087e-05
6.868258850545316818e-08
3.631816070992499590e-05
6.277567194956645835e-07
1.733278077153954655e-05
2.948347400888451375e-06
1.764021144481375813e-04
5.164608296581718605e-07
1.119935518545389641e-06
3.935717904823832214e-05
3.013090463355183601e-05
1.707968185655772686e-04
1.904653714746018522e-07
1.404879412802984007e-07
6.311823597116017481e-08
2.938885472758556716e-07
1.737197521833877545e-06
1.408096409249992575e-06
1.476593780580515158e-07
9.193249184136220720e-07
5.938985481179770431e-08
6.955237381589540746e-07
5.063523644821543712e-07
2.419233851469471119e-06
2.683759987576195272e-07
5.122433890392130706e-07
8.685121883900137618e-07
1.421110937371850014e-06
1.207469750852396828e-07
1.668503273322130553e-06
2.411339927732569777e-08
7.326240503147118943e-09
3.579665417419164442e-07
1.359597661121370038e-07
5.139898462402925361e-07
3.730307085447748250e-08
8.935775440477300435e-06
1.148207005030599248e-07
5.789523243038274813e-07
3.749511279238504358e-07
4.391140009829541668e-06
6.031599468769854866e-07
3.185700450103468029e-07
2.284931952090119012e-06
2.730978621912072413e-06
4.991375703866651747e-07
1.315721078753995243e-06
1.268584924218885135e-06
7.240549280140839983e-07
2.447482529532862827e-06
2.821864200086565688e-06
9.670563940744614229e-07
6.500855533886351623e-07
2.179431612603366375e-05
5.026639655625331216e-07
4.409956090967170894e-05
9.933833098330069333e-06
3.240745854782289825e-06
2.460402174619957805e-05
1.702909798950713594e-06
3.971375917899422348e-06
7.383616775769041851e-07
1.648148099775426090e-06
2.699498963920632377e-06
3.114357696176739410e-06
4.606501136095175752e-07
9.766579751158133149e-06
1.071328097168589011e-05
7.742419256828725338e-06
6.216274414327926934e-06
2.199539449065923691e-05
2.839768512785667554e-06
3.513796400511637330e-06
9.808255526877474040e-06
1.025909878080710769e-04
3.300579010101500899e-06
6.651437161053763703e-06
3.798919351538643241e-05
3.511997419991530478e-06
2.312821862915370730e-07
5.471531494549708441e-06
2.335359795324620791e-06
7.983168325154110789e-05
6.625945388805121183e-05
8.467256702715530992e-05
1.573595113768533338e-06
9.538563062960747629e-06
7.323094450839562342e-06
2.077089084195904434e-05
2.736377837209147401e-06
2.096853449984337203e-06
2.564995838838513009e-06
9.338213203591294587e-06
1.163103115686681122e-05
1.886836230369226541e-06
7.456082471435365733e-07
8.851940947351977229e-06
3.694640554385841824e-06
3.744481773537700064e-06
4.617353624780662358e-06
2.656232140907377470e-07
1.587731617291865405e-06
8.959094799365630024e-08
9.636106597099569626e-07
3.239091483919764869e-07
7.630769260913439211e-08
5.006264132134674583e-07
5.160738965059863403e-07
7.766797693875560071e-07
3.460682819422800094e-06
2.322041382285533473e-06
2.379923353146295995e-05
2.340474338780040853e-06
8.878661788003228139e-07
2.723459601838840172e-06
4.920510718875448219e-07
2.440020125504815951e-06
8.981504038274579216e-07
2.619377710288972594e-06
5.628216399600205477e-07
4.252742087373917457e-07
8.920172831494710408e-07
3.133240534225478768e-05
5.253481958789052442e-06
2.271302292911059340e-07
1.717064333206508309e-05
1.832741531870851759e-07
1.227827510774659459e-06
5.296559265843825415e-06
2.392804105966206407e-07
9.444766874366905540e-06
1.724489993648603559e-05
1.769885102476109751e-06
1.979080479941330850e-05
2.561926703492645174e-05
4.832318154512904584e-06
2.466962996550137177e-06
7.017041752988006920e-06
2.809600573527859524e-06
3.323414057376794517e-05
1.836334149629692547e-06
5.862607963535992894e-07
2.646823759278049693e-06
1.096213622986397240e-06
4.304797016629891004e-07
9.649127150623826310e-07
7.162226722812192747e-08
2.308799139427719638e-06
1.049850993695145007e-06
9.092421464629296679e-07
1.575249598317896016e-06
6.714213185432527098e-08
5.114786745252786204e-06
3.860387096210615709e-06
2.129304306208723574e-07
1.756496033067378448e-07
2.949650763639510842e-07
2.844988011929672211e-05
9.156692613032646477e-07
4.244409623765932338e-08
6.418549958198127570e-08
2.552538269640081126e-08
4.699594313706256798e-08
4.354751581558957696e-07
2.790367830129980575e-07
2.677657278127298923e-07
1.490541308157844469e-05
1.629497319299844094e-07
9.878608580038417131e-07
1.839741798903560266e-06
4.093050847586710006e-06
2.433953056879545329e-07
1.816498418349965505e-08
1.014588661973903072e-07
2.614845229231832491e-08
2.435193096061993856e-07
6.153999532187981458e-09
4.145216223605530104e-07
4.296743583154238877e-08
1.327539678186440142e-08
1.849900144179628114e-08
3.030352857535945077e-08
2.274019195169785235e-08
2.000897296738912701e-07
1.964141631560778478e-07
2.327811671420931816e-05
1.866789170890115201e-05
1.126075439970009029e-04
7.645729783689603209e-05
6.352026684908196330e-05
1.768348920450080186e-05
6.841130925749894232e-06
1.844199505285359919e-05
2.696239389479160309e-04
2.139125172107014805e-05
7.919977651908993721e-04
2.559457789175212383e-04
1.540382392704486847e-03
3.809362533502280712e-04
2.624338667374104261e-04
1.174969220301136374e-04
8.734957191336434335e-06
1.063301169779151678e-05
3.501045983284711838e-03
5.864691920578479767e-03
1.942694303579628468e-03
9.952732398232910782e-06
2.998812760779401287e-06
1.521883132227230817e-05
2.707140538404928520e-06
9.650369747760123573e-07
1.021563730319030583e-05
1.824424107326194644e-04
1.804416242521256208e-04
4.768310645886231214e-06
4.121864185435697436e-05
2.737505383265670389e-06
4.251410246070008725e-06
1.562885245220968500e-06
5.988214724084173213e-08
4.716802379789442057e-07
1.366893798149249051e-07
2.612058658257865318e-08
2.891335043386789039e-06
4.880103460891405120e-06
1.456712925573810935e-05
1.275946260648197494e-06
1.592537302030905266e-08
9.390443551637872588e-07
3.503643952740276291e-08
3.036666953448730055e-07
1.033967009789193980e-06
5.229473387657890271e-08
5.358095904739457183e-07
3.574309914711193414e-07
5.725894425268052146e-07
2.889078984935622429e-07
1.834696519154022099e-07
4.219884317535615992e-07
1.147432067227782682e-05
1.463969397264008876e-06
6.015238795953337103e-07
6.436019248212687671e-06
1.180816070700529963e-06
5.540005531656788662e-06
8.043485877351486124e-07
2.108949388457403984e-07
3.445807195134875656e-08
3.496380941214738414e-06
2.613869219203479588e-05
1.300287181038584094e-06
1.677928338494893978e-07
5.021802351734550030e-08
6.332081881055273698e-08
6.999193260526226368e-07
2.062099468957967474e-08
4.524212471324062790e-08
4.559618460575620702e-08
1.094882975394284585e-07
2.693587930480134673e-07
4.093605099342312315e-08
1.610345634617260657e-07
2.509988007659558207e-06
2.877251326083296590e-08
8.106378572847461328e-07
1.613432516478496836e-07
1.367819635333944461e-07
7.157832442317157984e-07
4.585792794387089089e-06
6.685234552605834324e-07
5.010522727388888597e-06
9.422109314982662909e-09
1.084061977962846868e-07
5.563751415138540324e-08
7.101249366314732470e-07
7.576316534141369630e-07
6.916931738487619441e-07
1.348091927866335027e-06
9.501008548795653041e-07
1.089794750441797078e-06
9.845057320490013808e-06
1.239548146259039640e-04
4.107617314730305225e-06
1.067702614818699658e-04
8.071183401625603437e-06
9.931451359079801477e-07
1.040148802644580428e-07
2.267250920340302400e-07
2.576516180852195248e-06
1.841576249717036262e-06
8.567935765313450247e-06
2.554198985649236420e-08
2.466589990035572555e-07
8.518854599515179871e-08
2.739767069215304218e-06
5.816793418489396572e-06
4.673892108257859945e-04
4.896410246146842837e-06
9.994087690756714437e-08
5.226220309850759804e-05
6.081219225961831398e-07
7.296675903489813209e-07
8.543277544958982617e-06
3.510464011924341321e-06
5.065035111329052597e-07
3.376057293280609883e-06
1.915599341373308562e-06
5.141418455423263367e-07
3.172733045175846200e-07
6.659708105871686712e-06
2.513744220777880400e-06
1.464017600483202841e-07
2.220998567281640135e-06
2.219492898802855052e-06
9.654968380345962942e-06
1.708345371298491955e-05
6.052651770005468279e-06
1.200893962050031405e-07
2.974574999825563282e-05
1.806578016839921474e-03
5.712926849810173735e-06
2.568160880400682800e-06
4.647917251077160472e-08
6.259885765302897198e-08
2.042814770675249747e-07
1.214811618410749361e-06
8.625068659284806927e-08
5.014214821130735800e-07
3.395236562937498093e-04
3.832429911199142225e-07
2.134766646122443490e-06
5.909448574925590947e-08
5.480258096213219687e-06
5.905558282393030822e-07
1.373477118704613531e-07
5.924867991780047305e-07
3.654453166745952331e-06
4.956682096235454082e-04
3.870389662097295513e-07
2.400493031018413603e-07
3.617298352764919400e-05
2.921192208305001259e-05
2.410607885394711047e-05
4.392327070945611922e-07
9.364455763716250658e-05
2.856739683920750394e-06
1.771512984305445570e-06
4.944772172166267410e-06
1.097410768124973401e-05
7.216728135972516611e-06
8.559355819670599885e-07
4.138181566304410808e-07
1.480220106486740406e-07
8.199008334486279637e-07
2.430039103273884393e-06
1.993407522604684345e-06
2.787045104923890904e-06
9.072905413631815463e-07
1.379154582537012175e-06
8.776620234129950404e-05
5.567932248595752753e-07
7.440789886459242553e-07
9.308249815376257175e-08
1.735784098855219781e-05
4.843968426371247915e-08
1.107943035094649531e-06
1.468927280257048551e-06
1.365318803436821327e-05
1.861745033693296136e-07
5.041534123506608012e-08
4.007240477221785113e-06
1.743144366628257558e-07
3.266504791099578142e-05
2.377356577198952436e-04
2.819903311319649220e-04
1.935648288053926080e-05
3.253487363963358803e-07
7.370014827756676823e-06
1.231993678629805800e-06
2.579198508101399057e-06
9.501371209807984997e-07
3.145032678730785847e-05
1.815599830479186494e-06
3.168789771734736860e-05
1.214943239347121562e-07
2.878938119010854280e-07
2.914573769885464571e-06
2.976131099785561673e-06
4.398879411837697262e-07
2.143111942132236436e-06
1.359230736852623522e-07
3.486111381789669394e-05
7.523992167079995852e-07
1.266046365344664082e-05
3.446405344220693223e-06
5.083401902084005997e-06
2.121550551237305626e-06
1.494525179168704199e-07
1.315068857365986332e-06
1.960766439879080281e-06
6.677595229120925069e-05
2.810234400385525078e-05
6.662715895799919963e-05
2.181191575800767168e-06
5.752033757744356990e-05
1.030286057357443497e-05
2.412380695204774383e-07
5.042183602199656889e-06
1.814940333133563399e-06
1.098924045095373003e-07
9.739471806824440137e-07
9.253564599021046888e-07
4.418067760525445919e-07
1.423299238467734540e-07
4.335030098445713520e-06
2.060126234937342815e-06
2.002430221637041541e-07
1.471151307441687095e-07
3.154787002131342888e-03
1.686793460464741656e-08
8.658273031869612169e-08
1.799026722437702119e-05
4.621783591574057937e-05
3.201802201147074811e-06
3.421844681724905968e-03
3.003242909471737221e-06
2.494051386747742072e-06
9.144845535047352314e-06
1.150128696281171869e-06
9.338115347645725706e-08
1.149710878962650895e-04
2.055009531432006042e-07
3.498343801311420975e-07
7.677065241296077147e-07
2.291072392836213112e-03
1.423263173983002616e-10
2.676610790786071448e-07
2.530360507080331445e-05
5.600967369900899939e-07
7.642054811185516883e-07
6.710484399263805244e-07
2.371412701904773712e-03
2.351337388972751796e-05
1.429043777534388937e-06
9.711840539239346981e-05
1.047261093845008872e-06
1.079932985703635495e-06
2.163397221011109650e-05
1.409817105013644323e-05
1.183468114618335676e-07
2.021527870965655893e-05
4.287558041937700182e-08
6.845271514066553209e-07
1.078722448255575728e-06
2.404653969279024750e-07
1.947509736055508256e-05
1.115982528610004465e-09
4.176005404588067904e-06
4.922343066482426366e-08
4.940869075653608888e-06
2.632541509228758514e-07
1.058859737668171874e-07
7.908394763944670558e-06
1.673516749178816099e-06
2.232429551440873183e-06
8.508056453138124198e-06
8.671333375787071418e-07
8.141955731844063848e-07
4.553515111638262169e-07
7.566490769386291504e-01
2.199296250182669610e-05
7.596349291816295590e-07
3.691248821269255131e-06
3.331013256683945656e-03
3.300944172224262729e-06
1.510600031906506047e-05
1.059406995773315430e-02
2.276793509281560546e-07
1.842653091443935409e-06
9.115746252064127475e-06
1.426563540007919073e-05
1.096266942113288678e-06
5.797650715066993143e-07
1.574813950355746783e-06
4.472969521884806454e-05
2.171415144402999431e-05
1.567111894473782741e-06
2.334366627110284753e-06
4.675289346778299659e-06
2.867271007289673435e-07
1.727724520605988801e-05
1.184089683192723896e-06
9.017482511808339041e-07
2.919936196121852845e-05
1.210347818414447829e-06
1.801826442715537269e-06
1.004593912512063980e-03
9.003638865578977857e-07
1.553976630930264946e-06
1.097129370464244857e-05
7.862881545861455379e-08
1.778421364724636078e-02
3.617713900894159451e-06
1.906226884784700815e-06
4.093412644579075277e-05
5.512321422429522499e-06
5.242848715170111973e-07
1.202286330226343125e-05
3.861664936266606674e-06
4.511078657287725946e-07
1.385504049267183291e-07
1.123674024938736693e-07
1.733361365552354982e-08
2.066182560156448744e-06
5.041988515586126596e-07
1.583153448336815927e-06
1.722229967526800465e-07
8.763025107327848673e-06
3.543230377545114607e-06
1.424179208697751164e-05
3.423233010835247114e-06
3.184011802659370005e-05
9.942866199708078057e-06
8.224539556067611557e-07
1.059323494700947776e-05
4.344124988620023942e-07
8.319301741721574217e-06
3.249921007864031708e-07
4.079285281477496028e-05
4.157923976890742779e-04
1.022367287077941000e-04
6.049186922609806061e-04
8.056299702730029821e-05
4.546895127077732468e-08
2.953476325728843221e-07
5.213205440668389201e-06
1.784910068636236247e-06
1.529532823951740284e-06
3.228904574825719465e-07
3.188358377315125836e-08
1.764267653925344348e-05
7.201523999356140848e-07
1.418532065144972876e-07
7.252575363963842392e-03
2.719828444242011756e-06
6.795772264922561590e-07
2.327168857618744369e-08
2.961212430818704888e-07
3.019674466031574411e-07
2.085408368657226674e-06
5.959618079032225069e-07
1.135101115323777776e-06
7.597654416713339742e-07
4.762602657137904316e-06
4.042845393996685743e-04
1.181365746560913976e-06
1.087349914996593725e-06
2.347397185076260939e-06
2.257499772895243950e-06
1.830961446103174239e-05
4.607746362239595328e-08
6.550933449034346268e-06
1.314177352469414473e-04
1.355757319743133849e-07
1.055634857038967311e-04
7.105019449227256700e-06
8.900860848370939493e-08
2.159073062557581579e-07
4.085907789885823149e-07
3.235233947407323285e-08
3.658288605379311775e-08
2.644892447278834879e-07
6.070800395718833897e-07
7.613927591592073441e-04
1.793845285646966659e-06
8.419224855060747359e-07
2.590820986370090395e-05
1.197311867144890130e-04
2.271247240059892647e-06
2.056847961284802295e-06
1.376569798594573513e-06
6.316930921457242221e-06
2.114429298671893775e-05
4.992016329197213054e-06
5.612241238850401714e-06
6.575573206646367908e-05
1.721500302664935589e-04
7.788300422362226527e-07
7.644295692443847656e-06
3.967741577071137726e-06
7.205096039797354024e-07
6.216413339643622749e-07
8.023841928661568090e-07
6.011591722199227661e-07
8.035980135900899768e-05
1.462295671217361814e-07
1.064715604570665164e-07
5.552901257033227012e-06
2.228118091807118617e-06
1.085197598449383349e-09
1.342226170208959957e-07
5.506061279447749257e-05
2.572121537980365247e-08
2.566750481491908431e-06
1.385182372359849978e-06
2.582233094017283292e-08
6.222099065780639648e-03
2.511930233595194295e-06
5.678638262907043099e-05
9.461829222345841117e-07
7.660852361368597485e-07
2.464782866695713892e-08
1.734054080770874862e-06
3.924073462258093059e-05
5.062241598352557048e-06
3.415913670323789120e-05
2.768400918284896761e-06
7.814548439455393236e-07
2.015457084780791774e-06
3.072759824362947256e-08
4.150715540163218975e-04
3.517235924732631247e-08
7.813650881871581078e-08
4.665519736590795219e-05
5.886142844246933237e-07
1.657816852684845799e-07
1.791516697267070413e-04
3.848493861369206570e-07
1.221371076098876074e-05
7.162130799542865134e-08
4.293174242775421590e-07
5.672340193996205926e-06
1.285077502188869403e-07
6.238974165171384811e-04
6.757600349374115467e-04
1.913301639433484524e-05
6.184712333379138727e-07
5.152936864760704339e-06
1.886769609882321674e-06
3.646592176664853469e-06
1.276962721021845937e-04
2.804741598083637655e-06
2.267692167379209423e-07
3.379740576292533660e-07
2.900971821873099543e-06
3.415387084260146366e-08
2.277839257658342831e-06
1.545876493480591307e-08
1.431097018667060183e-07
2.609624800697929459e-07
1.676100328040774912e-05
7.373368589469464496e-06
1.262585215044964571e-06
6.765050670765049290e-07
2.169010258512571454e-05
4.975975116394693032e-06
7.104050325779098785e-08
1.199585269205272198e-03
1.460985430412620190e-07
2.508693569325259887e-06
7.020746852504089475e-05
8.627355896351218689e-08
2.229531673947349191e-06
7.291021120181540027e-07
1.318014852813575999e-07
9.911145752994343638e-07
6.349836439767386764e-06
3.283528258180012926e-06
1.059197256836341694e-05
6.689446763630257919e-06
6.159155600471422076e-05
8.424702855336363427e-07
1.214652274938998744e-05
2.176592062141935457e-07
3.501330866129137576e-05
3.314424975542351604e-05
1.021152274915948510e-04
8.683473993187362794e-07
4.495356336065015057e-07
5.451544348034076393e-05
4.738882125820964575e-05
1.533135800855234265e-04
1.712100697659479920e-06
6.887129984534112737e-06
2.244435108877951279e-06
1.648894709660453373e-08
7.935335588626912795e-08
4.689746617714263266e-07
2.964829661777912406e-07
3.593297037696174812e-08
8.376455298275686800e-06
3.951679536839947104e-05
1.191378221847116947e-03
4.133848997298628092e-04
9.377803507959470153e-06
3.737380609436513623e-07
3.474530956282251282e-07
9.299221801484236494e-07
3.678538007534370990e-08
8.722233246771793347e-07
2.023340016603469849e-02
5.695000290870666504e-04
6.255909283936489373e-07
2.128969356363086263e-07
1.950779591197715490e-07
7.960534844642097596e-07
1.611013971114516607e-07
1.857214374467730522e-05
8.032408800318080466e-07
7.220160332508385181e-04
2.364858346481923945e-06
7.968548061398905702e-07
3.492783093861362431e-07
5.972782382741570473e-04
1.093493665393907577e-06
2.657320237631211057e-06
1.775237734591428307e-07
4.001141860499046743e-06
2.188837015637545846e-06
2.840830120476312004e-06
1.033921034832019359e-05
7.360911240539280698e-06
6.941431365703465417e-06
1.177960984932724386e-05
3.200509308953769505e-05
1.411043058396899141e-06
2.059062717307824641e-05
4.708030019173747860e-07
4.221935341774951667e-06
9.310585369348700624e-08
1.674743107287213206e-04
1.959911060112062842e-07
4.738269510085046932e-08
1.840543859543686267e-06
9.053855478668992873e-07
3.806463064393028617e-05
8.905714639695361257e-05
1.013879864331101999e-05
1.138232846642495133e-06
6.520727765746414661e-06
9.959084309230092913e-06
4.678369077737443149e-05
3.377752761934971204e-07
1.264178536075633019e-05
5.658241093442484271e-07
3.467667930578954838e-09
1.837225795497943182e-06
1.660545649428968318e-06
1.552734545384737430e-07
1.947565579030197114e-05
4.860876288148574531e-07
4.677320930568384938e-07
2.390675888364057755e-07
3.759248556889360771e-06
1.661895566940074787e-06
8.521523682247789111e-07
7.501806067011784762e-06
5.258878081804141402e-05
3.956317584652424557e-07
3.445064322704638471e-08
8.265521387329499703e-07
2.238377419416792691e-06
1.999734649871243164e-06
1.729462013599913917e-07
2.532978833187371492e-04
5.509194579644827172e-06
3.614599563661613502e-06
1.520670934951340314e-06
5.682644314219942316e-06
6.310966682576690800e-07
1.292370143346488476e-04
1.970295073761008098e-07
7.804442248016130179e-07
1.403965796953343670e-07
8.341788770849234425e-07
9.045708429766818881e-05
7.557290615523015731e-08
5.540338406717637554e-06
8.424567204201593995e-05
4.315268142818240449e-06
8.991828508442267776e-06
3.283509158791275695e-06
3.204080940122366883e-06
8.961352250480558723e-06
2.094222395498945843e-07
6.331604708975646645e-06
1.081366884925216709e-09
1.014139415929093957e-04
4.059932052768999711e-06
9.567431174218654633e-03
1.574501038703601807e-05
3.996192390331998467e-06
2.083132358166039921e-06
1.181866718980018049e-05
4.585409669743967243e-07
6.092437160987174138e-06
9.078151779249310493e-04
2.286519011249765754e-04
1.674516242928802967e-04
1.445780526410089806e-07
3.447277947543625487e-07
2.363617386436089873e-05
1.232806425832677633e-05
2.591679503893828951e-06
4.336739891641627764e-07
4.838257609662832692e-06
1.612004562048241496e-04
1.652907144489290658e-07
3.662486278699361719e-07
1.928734292278022622e-07
2.531164113861450460e-07
3.565359341095586387e-09
1.114994390150059189e-07
6.972400967697467422e-08
2.417845280433539301e-06
3.484273065623710863e-07
5.865720353881442861e-08
6.482731350843096152e-06
2.786797459464196436e-08
1.587190467944310512e-07
3.688449101701962718e-09
1.650641252126661129e-06
4.123729624438965402e-08
1.121419018090819009e-06
3.766278496186714619e-06
4.955821282237593550e-07
3.324106145896621456e-08
3.269034891673072707e-07
7.144035976125451270e-07
1.791336580936331302e-05
4.515178275710240996e-08
1.160705141955986619e-05
2.025902716695782146e-07
3.906028211986267706e-07
7.440818308168672957e-07
2.442725417495239526e-06
3.579484371130092768e-07
2.229944129794603214e-06
8.676296943121997174e-07
2.510758804419310763e-06
5.912470157909410773e-08
1.129450950543287036e-07
1.653326506811936270e-07
4.186835667496779934e-06
3.650663302323664539e-06
1.597518348717130721e-07
3.622571398409490939e-08
5.211199027854718224e-09
1.658679593674605712e-08
1.132602100994972716e-08
5.443943074112667091e-09
2.464160161252948456e-06
1.427486018279466862e-09
5.900719770579598844e-06
3.359396316682250472e-07
1.714173231448512524e-05
1.077124488801928237e-05
4.941196038998896256e-07
4.253622682881541550e-05
5.198921115834309603e-08
2.686114385141991079e-06
3.509933037548762513e-07
1.626890934858238325e-06
1.348016085103154182e-04
2.251807131870009471e-07
2.473497943356051110e-06
5.553002210945123807e-06
5.083658834337256849e-06
3.530229514581151307e-05
1.929183417814783752e-05
3.354501677677035332e-05
1.850626318855574937e-07
2.026893298534560017e-06
3.995500605924462434e-07
1.364267664030194283e-04
1.873651285677624401e-06
5.203182354307500646e-06
5.306001185090281069e-07
1.312393838048819816e-08
4.772700634703141986e-08
4.477593847695970908e-06
1.701096010719993501e-07
3.644867518914907123e-08
2.324151682842057198e-05
2.736034730332903564e-05
