5.280570576360332780e-07
7.193458259280305356e-06
5.563022568821907043e-06
5.184226097298960667e-07
2.608222473554633325e-07
3.675257403301657178e-06
9.510844392934814095e-06
1.019258888845797628e-05
2.524582441765232943e-06
5.995051651552785188e-06
2.051691296856006375e-07
1.525807692814851180e-05
7.396125965897226706e-06
6.715966947012930177e-07
4.346778951003216207e-05
3.588843355828430504e-06
3.596270971684134565e-06
2.677574002518667839e-07
4.050128836752264760e-07
1.893696321531024296e-06
6.311823881333111785e-07
4.511722363531589508e-05
8.949714356276672333e-06
5.657283281834679656e-07
2.538747821745346300e-06
7.956868103065062314e-06
1.813204835343640298e-05
1.015489033306948841e-06
1.390926627209410071e-06
7.110892511263955384e-06
2.661105099832639098e-06
6.863211456220597029e-05
7.648918835911899805e-05
6.019227439537644386e-04
7.391663384623825550e-04
1.145639835158362985e-04
2.942464489024132490e-04
1.058049747371114790e-05
2.419015572741045617e-06
8.302165497298119590e-07
2.186893198086181656e-06
1.703487981785656302e-07
8.621811957709724084e-07
6.598630193366261665e-07
7.531988899245334323e-08
2.625502384034916759e-05
1.911224217110429890e-06
3.890977950504748151e-06
3.135803581244545057e-07
1.716745430258015404e-07
9.358642273582518101e-06
5.713468098633711634e-08
1.371151370221923571e-06
2.827696050644590287e-07
6.432171630876837298e-07
7.172906890673402813e-08
1.485940401835250668e-07
3.034058693174301879e-08
2.361832457609125413e-06
2.420157898086472414e-06
7.131857728381874040e-06
1.415679093952348921e-06
6.751640739821596071e-07
5.357135535177803831e-08
2.186459596487111412e-06
2.599986373752471991e-06
5.177877255846397020e-07
2.726043476286577061e-06
2.256168727399199270e-06
2.127856987499399111e-06
2.646142616868019104e-03
1.855619950219988823e-03
3.653944586403667927e-04
2.496455013751983643e-01
3.479095399379730225e-01
1.064733951352536678e-04
3.379188128747045994e-04
8.935383521020412445e-03
1.909456402063369751e-01
5.775037152488948777e-06
3.342103809700347483e-05
8.670113516018318478e-07
2.543172740843147039e-06
4.548933816295175347e-07
3.294963335065403953e-06
5.406006948760477826e-07
2.967046839330578223e-06
2.233301529486197978e-06
1.860829979705158621e-05
1.182876872007909697e-06
8.033718586375471205e-06
2.295818291031537228e-07
2.469859509801608510e-06
9.058211958290485200e-07
9.267199857276864350e-06
4.521025402937084436e-07
2.190832447013235651e-06
7.203268069133628160e-06
2.934361020834330702e-07
2.262541158870590152e-07
1.039517997014627326e-06
7.183657224629769189e-09
2.343678261240711436e-06
4.305484617361798882e-05
3.731212473212508485e-06
4.159795174984992627e-09
7.963369625940686092e-07
8.344338129973039031e-05
1.362933380733011290e-05
1.685714414634276181e-05
7.790480367475538515e-07
1.128343683376442641e-05
2.227382901764940470e-05
1.045118478941731155e-04
1.181070547318086028e-05
1.051564936460636090e-06
1.427526967745507136e-06
2.885979665734339505e-05
2.446485996188130230e-05
3.159470215905457735e-04
1.303365424973890185e-04
1.116944622481241822e-05
6.151238949314574711e-07
6.223376658454071730e-08
3.662224344225251116e-06
1.124495291151106358e-03
6.224063225090503693e-03
9.066949928637768608e-07
7.759078926028450951e-07
8.053666178398088960e-09
8.791124059825961012e-07
5.186347493690846022e-07
2.546639734646305442e-07
8.670902388985268772e-06
1.085388134924869519e-06
7.271429058164358139e-05
8.888662250683410093e-07
2.161529664590489119e-05
6.437716365326195955e-06
7.732582503194862511e-07
9.625189250073162839e-07
4.951965820509940386e-06
1.942290055012563244e-06
6.621361876568698790e-07
2.464080353092867881e-05
7.087713811415596865e-07
2.566451371421862859e-07
1.477428395446622744e-05
6.836277748334396165e-07
1.063622130459407344e-05
7.619323696417268366e-07
2.422641591692809016e-05
8.293579298879194539e-07
2.376328211539657786e-06
3.567319879493879853e-07
1.417294697603210807e-06
8.722403208594187163e-07
2.346742348890984431e-06
3.842439127765828744e-06
1.810186489592524595e-07
9.927459814207395539e-07
5.168910320207942277e-06
5.364190656109713018e-06
3.049610768357524648e-06
7.105666554707568139e-06
1.463395733480865601e-07
2.132870213245041668e-05
5.766780830640527711e-08
3.302448874364927178e-07
6.193482931848848239e-06
1.619330942048691213e-05
5.162535217095864937e-06
5.441871962830191478e-06
7.958882406455813907e-07
9.750172011990798637e-07
2.069722359010484070e-05
3.260318806042050710e-07
1.257368893448074232e-07
8.898590749595314264e-06
3.163245992254815064e-06
4.043768342398834648e-07
2.421475073788315058e-05
2.590011717984452844e-05
1.341210827376926318e-05
3.134113057967624627e-06
3.021802331204526126e-05
1.094760409614536911e-05
1.126999923144467175e-04
3.389624680494307540e-06
8.793605957180261612e-05
1.052052994054974988e-05
5.887336374144069850e-05
5.919874638493638486e-06
5.148890522832516581e-06
2.015659902099287137e-06
4.282741883798735216e-06
1.586908865647274069e-06
9.571768941896152683e-07
2.497502009646268561e-07
2.172198946936987340e-05
4.311390966904582456e-06
7.608323357999324799e-05
2.514527004677802324e-04
4.334372715675272048e-05
8.914576937968377024e-06
1.554563482386583928e-07
9.109693564823828638e-06
4.638900747977459105e-07
1.475052613386651501e-06
1.050876221597718541e-06
1.981558170882635750e-06
7.808872396708466113e-06
1.224605057359440252e-06
9.954241022569476627e-07
7.324281341425376013e-07
8.562016517998927156e-08
3.699196895468048751e-06
2.173348912037909031e-05
1.431028636034170631e-06
3.900425781466765329e-06
3.998848967512458330e-07
1.141142888627655338e-06
4.471248189474863466e-07
5.493253411259502172e-06
5.183578650758136064e-07
7.654917340005340520e-07
9.580252253726939671e-07
7.257226570800412446e-07
1.292262027163815219e-06
3.661873779492452741e-05
6.265722163334430661e-07
6.099988922869670205e-07
9.124281859840266407e-06
6.450806722568813711e-06
1.796803559273030260e-07
7.058782784952200018e-07
2.906346026065875776e-07
1.999228288696031086e-06
8.485584999107231852e-07
6.757773576282488648e-07
1.328286316493176855e-06
1.319163516200205777e-07
1.566219907545018941e-05
9.248482456314377487e-06
5.525492241531537729e-08
3.474191180430352688e-05
2.450401552778203040e-07
8.195862051252333913e-07
1.584922983965952881e-06
1.888457177301461343e-06
2.021725151735154213e-07
2.676383592188358307e-04
7.651757414350868203e-07
1.021856974148249719e-06
2.803134520945604891e-05
4.349849405116401613e-06
1.360634627189938328e-07
9.007739549815596547e-07
1.864547016339201946e-06
9.836271601670887321e-07
9.378431542472753790e-08
1.941236405400559306e-06
6.205691533978097141e-06
9.456948646402452141e-06
9.766537004907149822e-06
1.155301506514661014e-04
4.662483843276277184e-05
6.359517556120408699e-06
1.742437092389081954e-07
1.338421355967511772e-07
1.952639507862841128e-07
1.587708879924321081e-07
1.098995312531769741e-06
6.906018938934721518e-07
3.594572319798317039e-07
9.249386039300588891e-07
1.457943471905309707e-05
1.302754526477656327e-07
1.062911181293202389e-07
4.510971152171805443e-08
4.396542863105423748e-08
3.662849621832720004e-06
1.065222477336646989e-06
2.576992847025394440e-05
6.191814350131608080e-07
2.182888465540600009e-06
3.783356294917439300e-09
1.247119474356850333e-08
1.854322206895631098e-08
3.054794461831988883e-08
7.034784630377544090e-07
1.093227197657142824e-08
2.311979230285032827e-08
1.126916444604830758e-07
9.559602887065921095e-08
2.132306633484404301e-07
1.648637635298655368e-06
2.224516890692029847e-07
7.549686387164911139e-08
3.364898475410882384e-06
3.617465335992164910e-05
2.517160493880510330e-03
2.477443078532814980e-03
1.958762004505842924e-04
5.947640747763216496e-04
1.266913488507270813e-03
4.932731389999389648e-04
5.599782336503267288e-03
1.917562331072986126e-03
6.468580104410648346e-04
6.272891187109053135e-04
4.040565181639976799e-05
2.914614924520719796e-05
9.695876542537007481e-06
1.232168870046734810e-03
1.284006284549832344e-04
1.960098961717449129e-05
2.602654421934857965e-05
1.779575395630672574e-04
4.506987534114159644e-05
1.592331500432919711e-06
1.358661211270373315e-05
3.405181632842868567e-05
1.455473375244764611e-05
6.310924163699382916e-06
2.524178171370294876e-06
5.663307820213958621e-05
2.531588961574016139e-06
1.257927942788228393e-05
1.315034836579798139e-07
6.284016126301139593e-05
3.617336005845572799e-06
8.692728442838415504e-06
2.672883965715300292e-06
1.822658646233321633e-07
3.843104252609919058e-07
3.910062105205724947e-07
1.329393307969439775e-05
5.114701252750819549e-06
4.204482451086732908e-08
7.741835474917024840e-07
6.468194442277308553e-07
6.256648532598774182e-08
1.268935818643512903e-07
5.548361059481976554e-08
2.145456164726056159e-06
1.385678501719667111e-06
5.511196263796591666e-07
3.136645432277873624e-08
9.184358162883654586e-09
2.590676047020679107e-07
1.526606610013914178e-07
1.265874693956448027e-08
7.793968848091026302e-08
2.029522647717385553e-06
1.332964387756874203e-07
2.494530235708225518e-06
3.107470092800213024e-06
5.841645815962692723e-06
8.515077070114784874e-07
9.138032510236371309e-06
1.102255509977112524e-06
3.181915531058621127e-07
5.725280516344355419e-07
2.724877776927314699e-05
3.059033559793533641e-08
2.356293293814815115e-08
1.205547448535071453e-07
1.728121468147492124e-08
1.789939396701356600e-08
1.329670240579616802e-08
4.495102956525443005e-08
2.671033705325953633e-08
7.020330627938164980e-08
4.213327144952927483e-07
1.496843005099890433e-08
1.707705763465128257e-07
1.453528710726459394e-07
1.104241960092622321e-06
2.064977934423950501e-06
1.084971017917268910e-06
6.390362159436335787e-07
2.175993074615689693e-07
3.786686420426121913e-06
1.530341720012984297e-08
2.780003342195414007e-06
3.720639369930722751e-07
1.503198205909939134e-07
3.900259741840272909e-07
2.771499509890418267e-07
1.284415816371620167e-06
9.398843303642934188e-07
7.945368997752666473e-05
3.798582611125311814e-06
3.345828645251458511e-07
5.815900863126444165e-07
2.444855635985732079e-05
9.454139444642351009e-07
1.000295196718070656e-05
2.653755473147612065e-06
3.017279595951549709e-06
1.734117063278972637e-07
1.024632297230709810e-06
1.373410896121640690e-07
3.070958030093606794e-07
2.385598418186418712e-05
3.972233571403194219e-06
5.109995981911197305e-08
4.044271406655752799e-08
8.588973287260159850e-06
9.194695849146228284e-06
9.684058022685348988e-04
2.776831934170331806e-06
1.292533170271781273e-06
4.103009414393454790e-04
2.362806696964980802e-07
9.834284355747513473e-07
8.714750038052443415e-06
1.822362537495791912e-04
1.387894315030280268e-07
1.663690483155733091e-07
1.727943640617013443e-06
9.220551646649255417e-07
5.316820050893511507e-08
4.336168757390623796e-08
6.024740287102758884e-06
3.740784086403436959e-05
6.552745048793440219e-07
4.812374299945076928e-06
5.284497461843784549e-08
1.106202375922293868e-06
3.365968552770937094e-07
2.422086708975257352e-07
4.086919216206297278e-05
7.237028057716088369e-06
3.048703547392506152e-06
3.441652154378971318e-07
4.796992470801342279e-06
3.314752916594443377e-08
1.371570448327474878e-07
2.873363200706080534e-07
3.614999286583042704e-07
6.887077006467734464e-07
3.425048635108396411e-05
1.074129514222477155e-07
1.090370119527506176e-06
1.587805891176685691e-04
6.378692773978400510e-08
4.648205504054203629e-05
7.205442784652404953e-07
1.589583007444161922e-07
6.396621301973937079e-06
3.741103228094289079e-06
1.305435262111132033e-06
2.677765564840228762e-07
7.635035217390395701e-07
1.186743588732497301e-06
1.015124416881008074e-05
6.288944132393226027e-05
2.548698830651119351e-06
3.875294623867375776e-06
8.884374551598739345e-07
1.093174091693072114e-06
5.086155942990444601e-05
3.942782132071442902e-05
3.666295697257737629e-06
3.934197323474108998e-08
1.783310494829493109e-07
8.747907486394979060e-06
5.216482463765714783e-07
3.702873436850495636e-05
1.051683753416909894e-07
2.193751015511224978e-06
8.751410973673046101e-08
1.097768745239591226e-06
1.383146127409418114e-06
4.460532352368318243e-07
2.406551047329230641e-08
2.996742659888695925e-05
2.019353928517375607e-08
7.907587473710009363e-07
2.040341996689676307e-06
1.464236675019492395e-06
4.709832808202918386e-07
3.008117133163068502e-08
6.056837378309865016e-07
8.670228908158605918e-07
1.264691036340082064e-06
1.210333994094980881e-05
4.548988272290444002e-06
1.195302047563018277e-06
3.000804937869361311e-08
6.338069215416908264e-05
2.229548554169014096e-04
9.989912541641388088e-07
1.169433858194679487e-06
7.638180932190152816e-07
1.396326024405425414e-05
3.216056825294799637e-07
1.037876060649978172e-07
4.050049540182953933e-08
5.719921318814158440e-05
2.803909956128336489e-05
4.613435748979100026e-07
2.459478309901896864e-07
2.546826749494357500e-07
2.512188643777335528e-07
1.015411498883622698e-06
9.752920249184171553e-08
1.448785980073807877e-07
1.200811539092683233e-06
1.659369246453934466e-07
1.800448785616026726e-07
2.889879340273182606e-07
1.337041055649024202e-07
3.527501917233166751e-07
1.067750403649370128e-07
2.796309854602441192e-05
1.510316224084817804e-06
3.305927748442627490e-05
1.445775069441879168e-06
7.849230314604938030e-07
5.980030550745141227e-07
5.866640549356816337e-06
6.926122750883223489e-07
6.817049325036350638e-08
5.308776849233254325e-07
1.388978148497699294e-06
1.203449428999192605e-08
5.303870409534283681e-08
1.872464963525999337e-05
9.764562491909600794e-06
3.694571432788507082e-06
1.166444349109951872e-06
7.685178502470080275e-07
9.076902562910049710e-10
4.203903927191277035e-07
2.671355900929484051e-07
2.398264332441613078e-04
5.563547601923346519e-04
8.772096862230682746e-07
9.674144166638143361e-06
2.290642896696226671e-06
8.498886927554849535e-08
5.765901178733656707e-08
1.161182353826006874e-06
8.268260103250213433e-07
3.820184986125241267e-07
8.764340719835672644e-08
2.471330109983682632e-03
1.270514182749593601e-08
3.881989485421399877e-08
1.216369014400697779e-06
5.065136065240949392e-06
1.770504383102888823e-07
3.382147610864194576e-07
1.161066666245460510e-01
6.657853373326361179e-05
1.277031401514250319e-06
3.335670271553681232e-06
1.010781076615785423e-07
2.509142689177679131e-07
9.078224684344604611e-05
2.124672391801141202e-05
1.818333856817844207e-07
2.251304749734117649e-06
2.674275734193543030e-08
5.692048166139329624e-09
4.452079451766621787e-07
2.061468364900065353e-07
1.570018980601162184e-06
6.205445490792271812e-09
3.081420800299383700e-06
5.569596783772112758e-09
8.028758884393027984e-07
2.584512870384969574e-08
5.855754352523945272e-07
5.519493697647703812e-06
5.491909541888162494e-05
1.274940814255387522e-06
5.971396967652253807e-05
4.557770694191276561e-07
6.480023557742242701e-07
4.751684556936197623e-08
1.073501407518051565e-04
5.515444172488059849e-07
1.024268840410513803e-06
9.249968684343912173e-07
3.471687159617431462e-05
1.459302438888698816e-07
3.403918640287884045e-07
3.890126943588256836e-03
4.090765770570214954e-08
2.370652367744696676e-07
8.531556972002363182e-08
8.897850989342259709e-08
8.943085049395449460e-06
1.137954264152085671e-08
7.951421139296144247e-06
1.004421355901286006e-04
9.534134005662053823e-05
2.138559921149862930e-06
2.895953002735041082e-06
3.070357479373342358e-07
6.675801387245883234e-07
1.160152919510437641e-06
1.010328196571208537e-05
1.719467218208592385e-05
9.787525414139963686e-06
1.193252501252572984e-07
1.114189126383280382e-05
2.760811412372277118e-06
1.252161183629141306e-07
2.911667138505436014e-07
1.535321644041687250e-05
6.602692792512243614e-08
1.644058647798374295e-04
7.353238743235124275e-06
3.999835371359949932e-06
7.913314038887619972e-04
5.788526209471456241e-07
3.588752406358253211e-07
9.508418656878347974e-07
6.492751708719879389e-06
1.239721086676581763e-06
4.138986696489155293e-06
5.948116950094117783e-07
2.705019852555778925e-08
1.996574155782582238e-06
3.200617584298015572e-07
2.284624684989466914e-07
1.817395286707323976e-06
1.710285869194194674e-05
1.502407087627943838e-07
1.082163905152810912e-07
1.915693246701266617e-06
1.623646239750087261e-04
7.199868377938400954e-06
2.643080279085552320e-07
2.016961843764875084e-06
2.760752408903499600e-07
1.397683604409394320e-07
1.781019420832308242e-07
2.203534677391871810e-06
1.422034074494149536e-05
4.230053946230327711e-06
4.851418452744837850e-06
6.836632593376634759e-08
6.312759978754911572e-06
6.841472895757760853e-06
2.195781235059257597e-06
2.300300184288062155e-05
3.031611583992344094e-08
1.224990029413675074e-07
5.083079201995133189e-08
6.535036845889408141e-06
1.646598803972665337e-07
1.483475386976351729e-07
9.322512596554588526e-06
3.848811331863544183e-07
2.825720366672612727e-05
9.157070657295207639e-09
2.804100859066238627e-06
1.192486365653167013e-06
3.842922742478549480e-04
1.312448745238725678e-07
6.395215450538671575e-07
2.059947291854768991e-05
2.675203177204821259e-05
1.520077967143151909e-05
3.293509053037269041e-06
4.878201664837433782e-08
1.847987846304022241e-06
1.904366797589318594e-08
1.131457224801124539e-06
5.538610707844782155e-07
4.692768413860903820e-07
1.688085831119678915e-05
3.584049750315898564e-07
6.795444642193615437e-05
4.200556986688752659e-07
3.543843604347785003e-06
5.205799880059203133e-06
1.440733922208892182e-05
5.989171313558472320e-06
4.270948466000845656e-07
1.737063048956599687e-09
1.443502384290695773e-07
1.330760642304085195e-05
2.809999568853527308e-05
1.562373910246606101e-07
3.487780304567422718e-06
4.561819150694645941e-05
6.070988456485792994e-05
3.477996415313100442e-07
1.481399885960854590e-05
3.850534994853660464e-06
2.650750730026629753e-06
5.397026143327821046e-06
2.071744376053175074e-07
4.800997430720599368e-06
1.837369520217180252e-03
4.455484031495871022e-06
1.577685893039415532e-08
1.695655328148859553e-06
7.357636633287256700e-08
1.643847546972665441e-08
7.550094096586690284e-07
2.377171540501876734e-06
2.643323969095945358e-04
7.437060389747784939e-07
3.970116267737466842e-06
2.968593548757780809e-07
3.381913757039001212e-06
1.078258037523482926e-06
7.668434705010440666e-07
1.653354120207950473e-04
2.141827515345084976e-08
4.337672407928039320e-07
5.783919050372787751e-07
2.020269960212317528e-07
1.065957258106209338e-04
1.124232539950753562e-06
3.766599547816440463e-06
4.093347172329231398e-07
1.868651088443584740e-05
7.364853615854372038e-08
2.272590245411265641e-05
2.543496520956978202e-05
1.168541388096855371e-07
4.516846630053805711e-08
6.848640623502433300e-06
1.095299584363829126e-08
3.773886055569164455e-05
3.800129277919950255e-08
3.325953230159939267e-06
8.124558917188551277e-06
1.739483366236527218e-07
3.628224294516257942e-05
3.329301279109131428e-08
3.041730423092303681e-08
4.204264550935477018e-04
1.199199004986439832e-06
4.192168887584557524e-07
7.316241834587344783e-08
1.132542593040852807e-07
1.942084736583638005e-06
1.036731987369421404e-06
2.963050064863637090e-05
1.450741001463029534e-05
7.310878572752699256e-06
1.193225784845708404e-08
3.653276962722884491e-06
4.256945885572349653e-06
2.154524025854698266e-07
5.351590516511350870e-06
8.672271292198274750e-07
2.966476699839404318e-07
6.308460433501750231e-05
8.740314001443039160e-07
1.466562252971925773e-06
7.839661861908098217e-07
1.817826841943315230e-06
1.567154413351090625e-06
8.903213029043399729e-07
9.204310913446533959e-08
1.104851776290161069e-06
2.582170054665766656e-06
6.132914222689578310e-06
2.137222054443554953e-06
3.822164273969974602e-07
2.662393380887806416e-04
6.205641693668439984e-05
3.585834349451033631e-07
2.612412117741769180e-07
7.297448519238969311e-06
2.113692119110055501e-07
7.454475962731521577e-06
2.021570026045083068e-06
3.668516683319467120e-06
7.306982041654919158e-08
1.711893133915509679e-07
3.363002406331361271e-06
1.597034679434727877e-05
1.525120183032413479e-06
3.986289812019094825e-06
6.731295343342935666e-08
7.357507274718955159e-05
3.827794444077881053e-06
3.135005317744798958e-05
3.525810097926296294e-05
4.006925337307620794e-06
2.166965259675635025e-06
3.181650072292541154e-06
1.330616790801286697e-02
5.916911959502613172e-06
2.717363940973882563e-06
1.013878772937459871e-06
2.969088939153152751e-07
7.633047789568081498e-05
5.717109274883114267e-08
6.752346052962820977e-06
3.363977839399012737e-06
1.776471520997802145e-07
1.960416682322829729e-07
4.492844709602650255e-06
2.433971424409264728e-08
7.305345206987112761e-06
8.440199962933547795e-06
1.400579094479326159e-05
8.987862543108349200e-08
8.028626325540244579e-06
3.074617893616959918e-07
2.224315664989262586e-07
3.952091276460123481e-07
3.444475121796131134e-03
2.291483951921691187e-06
2.007145809557187022e-07
2.148919884348288178e-05
7.974499283136537997e-08
2.034524371197221626e-08
1.902617867699518683e-07
1.647352064537699334e-06
2.675037080734909978e-07
6.410618425434222445e-06
5.263082059059343010e-08
8.014893865038175136e-06
1.062345802438358078e-07
4.121283438962564105e-07
1.592547164364077616e-06
7.972526532284973655e-07
1.017399063130142167e-05
1.590627107361797243e-06
1.727775611470860895e-06
9.223788947565481067e-05
3.400160039745969698e-06
5.927043730480363593e-06
5.083290670881979167e-05
1.018848649891879177e-07
1.156472308139200322e-06
2.167136699426919222e-06
4.483361806251195958e-07
1.260546355297265109e-06
4.827543520491417439e-08
7.906856626505032182e-05
1.973940015886910260e-06
2.028167546086478978e-05
1.544964867150611099e-08
4.999672569283575285e-07
7.180678380791505333e-07
2.508426841814070940e-04
1.758635880833026022e-05
3.651270844784448855e-06
5.787130135104234796e-07
3.909660154022276402e-05
5.220481398282572627e-06
4.212975923678641266e-08
1.082954213416087441e-06
1.481491040067339782e-06
1.867683607770231902e-07
1.242089098241194733e-08
4.318831543059786782e-06
6.063772843845072202e-07
2.729476022977905814e-07
4.083138094301830279e-08
9.215228402581487899e-08
2.146339141972930520e-07
2.459157144585333299e-07
1.973828148038592190e-05
1.921113289427012205e-04
2.776924702629912645e-06
5.109170047035149764e-07
1.745692316035274416e-05
3.952579845645232126e-06
2.819656508279422269e-08
1.767761119708666229e-07
4.130126853851834312e-06
2.665470049123541685e-07
6.306125399646589358e-09
2.290978329256176949e-03
1.761104471142971306e-07
2.684569722077867482e-07
2.458504241076298058e-06
8.553733096050564200e-06
1.025698475132230669e-05
2.708563442865852267e-05
7.076795327520812862e-08
1.647107183089246973e-06
1.311159110173321096e-07
1.263483000002452172e-06
1.034933234222989995e-06
3.824619554393393628e-08
1.217909506522119045e-03
4.190388608549255878e-06
3.264425904490053654e-04
1.543473990750499070e-05
1.755301309458445758e-05
7.804571282576944213e-07
1.657291250012349337e-05
3.287068182089569746e-07
1.521454919384268578e-06
2.017922753339007613e-07
1.758502321536070667e-06
1.197492025539759197e-07
9.977604262530803680e-03
1.652569835641770624e-06
3.788949470617808402e-05
3.744399634797446197e-07
1.532542057702812599e-07
1.060981503542279825e-06
7.960639777593314648e-06
3.527786175254732370e-04
2.402691507086274214e-06
3.590101259760558605e-04
2.743994969023333397e-07
5.589998295363329817e-07
1.092714446713216603e-04
7.613887191837420687e-06
4.236943880187027389e-07
2.675209543667733669e-06
1.370791778754210100e-06
1.085765034076757729e-04
1.134457761509111151e-06
1.810119101719465107e-05
9.267646419175434858e-07
2.679510373582161264e-07
9.238401617039926350e-07
1.868289132289646659e-07
1.872355994692043168e-07
2.627268145261041354e-07
6.530970875218145011e-09
1.313813147163500616e-08
1.436354057915423255e-08
2.275679378271888709e-08
4.919721874330207356e-08
3.039167140173049120e-08
1.018310555878088053e-07
2.100077267641609069e-07
1.437150331184966490e-06
1.317713724802160868e-07
9.585461384631344117e-07
8.843730370244884398e-07
7.928980494398274459e-07
1.436057601722495747e-07
1.829834582167677581e-05
7.105730333023529965e-07
7.015121809672564268e-05
4.460585842025466263e-06
3.621747524107377103e-08
1.066388285835273564e-04
1.685228198766708374e-04
3.947874574805609882e-06
3.634258291640435345e-06
8.725278348720166832e-06
1.087192867998965085e-04
3.694911185903038131e-07
1.272688564313284587e-06
6.923663022462278605e-06
2.124464799635461532e-06
3.524764338180830237e-07
5.464723429327023041e-08
4.774753037395385036e-09
7.448016248190469923e-08
2.161127525823758333e-07
5.435354637484124396e-07
2.515361252619641164e-08
1.020915624394547194e-05
4.717175272617168957e-08
2.247769316454650834e-06
6.707291078100752202e-08
1.246787064701493364e-07
2.140632886948878877e-06
6.730483050887414720e-07
3.715016282512806356e-05
7.137290936043427791e-07
3.795361772063188255e-05
1.045922530806819850e-07
3.131584094262507278e-07
3.912653028237400576e-06
3.899094380699352769e-08
2.953270723082823679e-06
6.182470713156362763e-08
1.041983068716945127e-05
2.532453509047627449e-04
1.029734048643149436e-04
1.895095556392334402e-05
5.421648893388919532e-06
2.116198402291047387e-06
1.153633002104470506e-05
5.182095992495305836e-05
1.771660549820808228e-06
4.131745754420990124e-06
2.583788273113896139e-06
5.023617859478690661e-07
3.520835434756008908e-06
3.241855301894247532e-05
5.891335490559868049e-07
4.053200939324597130e-07
6.692882834613556042e-06
8.966732821136247367e-06
