4.016873390355613083e-06
1.474452292313799262e-04
3.982551334047457203e-06
1.058746329363202676e-05
4.238255314703565091e-06
1.007417722576064989e-05
2.234271960332989693e-05
6.752742774551734328e-05
4.429777618497610092e-05
1.560221062391065061e-05
1.137702111009275541e-05
3.823550359811633825e-04
8.213577530113980174e-05
2.786359436868224293e-05
8.182594319805502892e-04
1.158071609097532928e-04
7.218951941467821598e-05
5.263255661702714860e-05
4.665468077291734517e-05
1.211293783853761852e-04
8.344252710230648518e-04
7.324159014387987554e-06
1.132298802986042574e-05
1.608946513442788273e-05
8.856700333126354963e-06
1.013355431496165693e-04
3.960819594794884324e-05
2.417114410491194576e-05
2.409206899756100029e-05
2.299467014381662011e-04
8.852557220961898565e-05
3.970151301473379135e-03
9.333584603155031800e-05
2.472129153829882853e-06
1.245506155100883916e-05
1.732832424750085920e-05
2.121466532116755843e-04
2.919806502177380025e-05
5.993842933094128966e-05
1.962892129085958004e-04
3.422745503485202789e-04
1.905926910694688559e-05
2.955039053631480783e-05
3.847202151519013569e-06
2.722514545894227922e-05
1.347419674857519567e-05
6.029523792676627636e-04
1.102137495763599873e-03
8.867289579939097166e-05
2.220759051851928234e-05
5.407951539382338524e-05
1.600776704435702413e-05
1.414270373061299324e-04
1.085756375687196851e-04
2.115122188115492463e-04
1.060978788882493973e-02
1.811915535654406995e-05
5.241511462372727692e-05
4.294571117497980595e-04
4.348973184823989868e-02
3.359267255291342735e-03
2.317686303285881877e-04
1.557884534122422338e-04
5.929286635364405811e-05
2.369242487475275993e-03
2.441633296257350594e-05
3.714044287335127592e-04
3.726001523318700492e-05
1.924517855513840914e-04
1.208803405461367220e-05
2.374193817377090454e-02
1.297383132623508573e-04
7.569770095869898796e-04
7.554885465651750565e-03
7.583282422274351120e-03
1.807871391065418720e-03
6.387392641045153141e-04
4.798624664545059204e-03
8.797143585979938507e-03
1.013845554552972317e-03
6.378657417371869087e-06
4.863852609560126439e-06
3.444217145442962646e-05
1.527712925053492654e-06
2.358188648940995336e-04
7.906954851932823658e-05
5.889546628168318421e-06
1.111246638174634427e-05
1.197476285597076640e-05
4.522065137280151248e-05
1.782958679541479796e-05
1.190532057080417871e-04
5.903832789044827223e-05
1.025397796183824539e-04
7.976144552230834961e-03
4.410424662637524307e-05
2.667710941750556231e-04
4.232596893416484818e-06
7.097684715517971199e-07
4.295656253816559911e-06
8.442454600299242884e-06
5.496051471709506586e-06
1.766695277183316648e-06
2.359912032261490822e-04
1.643773430259898305e-04
1.801359030650928617e-05
3.452573582762852311e-05
1.175479246739996597e-05
9.196345672535244375e-06
2.146217866538790986e-06
3.638534963101847097e-06
4.211986379232257605e-05
1.319019647780805826e-04
5.834472831338644028e-03
6.878895801492035389e-04
8.864084520610049367e-06
6.673131792922504246e-06
7.975002517923712730e-06
2.430665153951849788e-05
3.872845354635501280e-06
3.667061973828822374e-04
3.626638317655306309e-06
1.569844016557908617e-06
1.963560316653456539e-05
3.885194309987127781e-04
2.947266621049493551e-04
4.216254455968737602e-04
4.088779314770363271e-05
5.594522008323110640e-05
4.179587267572060227e-05
1.527281710878014565e-04
5.807714769616723061e-04
4.205028817523270845e-04
8.444865670753642917e-05
4.196633744868449867e-05
6.682354141958057880e-04
7.041725621093064547e-05
1.600984251126646996e-05
1.796798824216239154e-05
1.250579430234211031e-06
1.118392174248583615e-05
3.550643441485590301e-06
4.654325039155082777e-06
1.579774220772378612e-06
6.329730695142643526e-06
3.086987589995260350e-07
1.031769897963386029e-06
2.663785210188507335e-07
1.204394379783479962e-06
9.171855708700604737e-06
2.786663571896497160e-06
2.278006650158204138e-05
1.887333837657934055e-06
1.949545548995956779e-05
2.588610414022696204e-06
4.041358988615684211e-05
9.915476766764186323e-06
5.795901074634457473e-07
9.459628017793875188e-06
8.031957804632838815e-06
2.722095132412505336e-06
5.420256275101564825e-05
8.517738024238497019e-06
2.824136572598945349e-05
6.001842848490923643e-06
6.658142410742584616e-06
6.713858510920545086e-06
1.298457391385454684e-06
1.413983954989816993e-05
2.551211082391091622e-06
5.052501364843919873e-06
9.203426998283248395e-06
2.182760727009736001e-05
2.040524123003706336e-05
2.055337063211482018e-06
8.630179308966035023e-07
4.874361366091761738e-06
4.699905730376485735e-06
7.403328345390036702e-05
1.211567450809525326e-05
5.188740942685399204e-06
9.215194040734786540e-06
1.520220121165039018e-05
5.584694463323103264e-06
1.184955090138828382e-05
5.021247488912194967e-05
1.313065058639040217e-05
6.970819231355562806e-05
1.509903722762828693e-05
2.670234243851155043e-04
7.470005130016943440e-06
3.718663720064796507e-05
6.271805432334076613e-06
8.596508109803835396e-07
3.048635335289873183e-07
1.386600524710956961e-05
2.791128099488560110e-05
4.106314918317366391e-06
1.466663798055378720e-05
3.914006447303108871e-05
1.678524677117820829e-05
1.751084710122086108e-05
8.702550076122861356e-06
1.211188500747084618e-04
1.168102025985717773e-04
3.764556595342583023e-06
5.121076355862896889e-06
5.040286850999109447e-06
9.467429481446743011e-05
8.399480975640472025e-06
1.026840095619263593e-06
3.458518767729401588e-05
1.136036826210329309e-05
5.642028099828166887e-06
2.160301846743095666e-05
1.030440944305155426e-05
4.033335062558762729e-05
7.982794159033801407e-06
1.907026853587012738e-05
5.350598075892776251e-05
2.147243321815039963e-06
2.954286355816293508e-05
2.954232877527829260e-05
9.419734124094247818e-05
7.323401950998231769e-05
8.566584256186615676e-06
2.837457941495813429e-06
6.985650088608963415e-06
2.654289573911228217e-06
1.572047221998218447e-05
7.469484444300178438e-06
6.424389084713766351e-06
5.757934559369459748e-06
1.335646993538830429e-05
1.453171171306166798e-05
9.816925739869475365e-06
1.166499569080770016e-04
2.621324529172852635e-05
1.410640925314510241e-05
3.218410347471944988e-05
2.914096739914384671e-06
9.839899576036259532e-06
1.349145350104663521e-05
4.665297183237271383e-06
2.736755050136707723e-06
1.849625186878256500e-05
5.288683041726471856e-06
2.861357415895326994e-06
4.008251835330156609e-06
7.997523789526894689e-05
1.119093867600895464e-04
4.787327270605601370e-06
3.594735289880190976e-06
5.426925326901255175e-06
3.346014273120090365e-05
3.445425988957140362e-07
1.059512851497856900e-05
4.771395106217823923e-05
1.167403206636663526e-05
1.313187749474309385e-05
6.033388672221917659e-06
4.163381618127459660e-06
1.151718151959357783e-05
2.402971404080744833e-06
2.788573874568101019e-05
1.639647780393715948e-05
1.145895112131256610e-05
1.848168722062837332e-05
3.365794100318453275e-06
4.815643933397950605e-06
6.478451723523903638e-06
7.312787056434899569e-05
1.404688464390346780e-05
1.091016656573629007e-05
2.770411083474755287e-05
6.381127150234533474e-06
3.006418228324037045e-05
1.002238277578726411e-04
7.961309165693819523e-06
3.913339696737239137e-06
3.432494486332871020e-05
3.848477790597826242e-04
2.873546036425977945e-04
1.877586619229987264e-04
1.400931214448064566e-04
3.288473089924082160e-05
5.268634413368999958e-05
4.222775460220873356e-04
1.580481184646487236e-04
2.553008380346000195e-05
1.359430007141781971e-05
1.544537190056871623e-05
2.309080991835799068e-05
2.204341853939695284e-06
9.480290827923454344e-06
2.397365897195413709e-04
8.598328236075758468e-07
1.623971620574593544e-04
1.772653922671452165e-05
8.716994670976419002e-06
1.598825491964817047e-02
8.361880900338292122e-04
1.063236384652554989e-03
1.170032005757093430e-02
2.348330058157444000e-02
8.999231504276394844e-04
4.202519077807664871e-03
2.481416799128055573e-02
8.623766899108886719e-02
2.460841089487075806e-03
3.442747890949249268e-02
3.928688820451498032e-03
1.552090048789978027e-02
5.966650694608688354e-02
2.102430211380124092e-03
2.376590520143508911e-01
1.413888880051672459e-03
4.863922484219074249e-03
2.420931495726108551e-02
1.087415870279073715e-02
1.065672375261783600e-02
5.851894966326653957e-04
3.958329034503549337e-04
1.102195237763226032e-03
5.765121802687644958e-02
1.039703027345240116e-03
4.799252003431320190e-02
1.142456858360674232e-05
4.784305929206311703e-06
6.471674396379967220e-07
3.158513864036649466e-04
1.206432716571725905e-04
1.388229338772362098e-05
1.880271611298667267e-06
1.215220800077077001e-05
9.418902664037887007e-06
8.394299584324471653e-06
5.813882671645842493e-05
9.436623258807230741e-06
1.346415842817805242e-06
7.086234109010547400e-05
6.798650247219484299e-06
1.171909752883948386e-05
2.132113877451047301e-05
5.828163466503610834e-06
4.435171649674884975e-05
1.199615508085116744e-04
1.723031164146959782e-05
1.301957922805740964e-06
3.417194193389150314e-06
8.421000529779121280e-06
3.737543011084198952e-05
1.510383390268543735e-05
5.186867929296568036e-05
3.740575721167260781e-06
1.634057844057679176e-05
1.995962229557335377e-04
2.706214036152232438e-05
1.113859980250708759e-04
5.902400516788475215e-06
1.623679600015748292e-05
6.975841097300872207e-05
7.583824481116607785e-05
7.428634125972166657e-05
3.411061479710042477e-04
3.264578845119103789e-05
1.282761077163740993e-04
7.336081762332469225e-05
3.789515403695986606e-06
1.202938346978044137e-05
1.101405996450921521e-05
3.529029709170572460e-05
1.010545588542299811e-06
1.292872912017628551e-05
2.670548929017968476e-05
9.182994108414277434e-05
8.725312363822013140e-05
1.023326767608523369e-04
4.508698839345015585e-05
5.413153121480718255e-05
6.803173891967162490e-05
1.310314200964057818e-05
3.609481063904240727e-05
3.997736348537728190e-05
1.097384229069575667e-04
2.787510129564907402e-05
2.963093947982997634e-06
3.130537807010114193e-04
1.670987694524228573e-04
1.323299238720210269e-05
1.571161374158691615e-05
2.742364131336216815e-06
5.685042197001166642e-06
1.825603476390824653e-06
4.331850050220964476e-06
1.105427963921101764e-05
3.244017716497182846e-05
1.358164468001632486e-06
5.304564183461479843e-06
5.408607539720833302e-04
1.517397049610735849e-05
1.363465271424502134e-04
2.207399811595678329e-04
1.174572048512345646e-06
9.297417022935405839e-07
7.419528992613777518e-05
1.128271651396062225e-05
1.179229366243816912e-05
1.047073851623281371e-06
4.581078537739813328e-04
7.325749174924567342e-05
1.899246967695944477e-06
1.938762034114915878e-05
2.702896927075926214e-05
1.727293965814169496e-05
4.210937913740053773e-05
3.390413667148095556e-06
6.511723768198862672e-05
1.088316366804065183e-06
3.464447217993438244e-05
1.962340902537107468e-04
5.938258836977183819e-04
2.446508460707264021e-06
1.311856467509642243e-04
4.334759723860770464e-04
4.914960663882084191e-05
8.411236194660887122e-05
1.668660406721755862e-04
6.074394914321601391e-04
1.071715905709424987e-05
1.754697905198554508e-06
1.038648974827083293e-06
2.204782504122704268e-04
5.061056526756146923e-06
7.945835022837854922e-06
1.879447954706847668e-04
7.006974556134082377e-06
4.976867421646602452e-05
4.409873872646130621e-05
5.981961749057518318e-06
2.017786209762562066e-05
1.435448484699008986e-05
6.944974302314221859e-05
1.408229491062229499e-05
3.078373993048444390e-05
2.939065097962156869e-06
1.128424446505960077e-05
7.995258783921599388e-05
9.485827176831662655e-04
2.692194902920164168e-05
1.466261664972989820e-06
5.413049439084716141e-05
2.390264671703334898e-05
5.601528682745993137e-04
1.912682273541577160e-05
2.814344588841777295e-05
3.756804289878346026e-05
3.238475255784578621e-05
2.570025390014052391e-05
4.278062624507583678e-05
7.694070518482476473e-06
4.471510692383162677e-06
4.460851778276264668e-05
2.040644903900101781e-04
4.744100351672386751e-06
1.753532887960318476e-05
3.082396915488061495e-06
2.147523900930536911e-06
2.143095662177074701e-05
4.187393060419708490e-04
6.566069350810721517e-05
2.723568832152523100e-05
2.272898382216226310e-05
1.518373464932665229e-04
6.929093615326564759e-06
7.771876698825508356e-05
1.611794687050860375e-06
9.928397730618598871e-07
1.391521218465641141e-04
1.075734035111963749e-04
4.365750100987497717e-06
3.580141856218688190e-05
1.317337737418711185e-04
1.865239937615115196e-05
5.676276941812830046e-06
3.432522644288837910e-04
1.256807445315644145e-04
1.693968952167779207e-04
6.003682938171550632e-05
1.499224163126200438e-04
1.664465685280447360e-06
1.795022581063676625e-05
2.070186455966904759e-04
4.345834313426166773e-04
6.406396278180181980e-04
6.041423766873776913e-04
6.826912795077078044e-06
9.373806824441999197e-05
2.440092248434666544e-05
1.054739914252422750e-04
1.191073079098714516e-05
1.803519990062341094e-04
2.995158411067677662e-06
4.655570228351280093e-05
1.307554248342057690e-05
7.054079469526186585e-05
3.491010284051299095e-05
2.180107403546571732e-04
7.837758312234655023e-05
3.301619472040329129e-06
5.508230060513596982e-06
1.390579313920170534e-06
5.115703970659524202e-05
2.891849726438522339e-04
2.358643087063683197e-06
3.204678650945425034e-04
2.224369018222205341e-05
6.134263094281777740e-05
6.064184708520770073e-05
1.247940672328695655e-04
3.040038427570834756e-05
2.283594585605897009e-05
3.288471589257824235e-06
9.468685311730951071e-05
3.697462034324416891e-06
8.248025551438331604e-06
1.446664216928184032e-03
1.310123829171061516e-03
2.100879937643185258e-04
1.758247549332736526e-06
2.950766647700220346e-04
8.996772521641105413e-06
7.749983924441039562e-04
1.289173837903945241e-06
1.545264240121468902e-04
2.283789399371016771e-06
9.429260785509541165e-07
4.835522418034088332e-07
7.055269816191866994e-05
7.782313332427293062e-05
3.079689179230626905e-07
2.648618246894329786e-04
2.276554878335446119e-04
1.337586945737712085e-05
3.706134521053172648e-05
1.013565110042691231e-03
6.488582585006952286e-05
6.912958383509248961e-07
1.431232958566397429e-04
1.634934051253367215e-05
1.244918348675128073e-05
4.811675171367824078e-05
2.665739521034993231e-05
5.138100241310894489e-04
1.859622557276452426e-06
2.332142457817099057e-06
4.896606333204545081e-05
2.306741407664958388e-05
5.122592483530752361e-05
4.978690412826836109e-04
1.436681122868321836e-05
6.775859674235107377e-06
8.311162673635408282e-05
1.705129761830903590e-05
2.011139258684124798e-05
2.503865289327222854e-05
7.871522029745392501e-06
3.439513238845393062e-05
5.911224798182956874e-05
1.238156346516916528e-05
1.560282107675448060e-04
9.025793588079977781e-06
8.055965008679777384e-05
3.263433256961434381e-07
1.868177205324172974e-04
1.001450509647838771e-04
1.072421400749590248e-05
1.386128715239465237e-03
3.566480518202297390e-05
1.479949918575584888e-03
3.987725824117660522e-03
1.063533563865348697e-04
9.241060070053208619e-06
1.562760880915448070e-04
3.202532025170512497e-05
4.000337139586918056e-05
8.927474482334218919e-06
2.252878221042919904e-05
1.270160009880783036e-05
1.495698234066367149e-05
8.715344392840052024e-07
1.935042018885724247e-05
7.849294888728763908e-06
3.897343995049595833e-04
1.101200250559486449e-04
1.791840418263745960e-06
1.967534262803383172e-05
5.055911174167704303e-07
3.066385688725858927e-04
1.184658467536792159e-04
4.263617738615721464e-04
5.055648671259405091e-06
7.688590812904294580e-06
5.629833140119444579e-06
7.567781722173094749e-04
1.013446217257296667e-05
4.438304749783128500e-04
6.297604704741388559e-05
3.707039286382496357e-05
1.111609162762761116e-05
1.846035411290358752e-05
2.327579932170920074e-05
1.005780995910754427e-05
5.047843387728789821e-06
2.267803574795834720e-05
7.290758276212727651e-06
7.773559627821668983e-05
2.466777186782564968e-05
3.934787237085402012e-04
3.761054540518671274e-04
2.150716172764077783e-04
1.683304872130975127e-04
5.470514952321536839e-05
1.879263436421751976e-05
2.264382601424586028e-05
1.530468921373540070e-06
1.410262339049950242e-04
1.861541932157706469e-05
5.765897185483481735e-06
1.044385771820088848e-05
2.126566141669172794e-05
9.303125261794775724e-05
5.668639205396175385e-04
3.818956611212342978e-04
2.974641120090382174e-07
5.209910523262806237e-05
2.933720679720863700e-05
5.790686191176064312e-05
2.765834778983844444e-06
1.678120383985515218e-06
5.108851837576366961e-06
2.955374111479613930e-05
6.172848225105553865e-05
1.072497107088565826e-04
7.869453838793560863e-05
6.500093604699941352e-06
6.031533121131360531e-05
4.831961632589809597e-06
2.138869058398995548e-05
3.940908300137380138e-06
7.626099977642297745e-05
1.853043504524976015e-04
7.730982906650751829e-05
1.330560917267575860e-04
2.096380740113090724e-06
4.584784619510173798e-06
2.192551619373261929e-05
5.138688266015378758e-06
9.086735190066974610e-06
5.061234787717694417e-06
1.718283783702645451e-05
5.524842345039360225e-05
5.134855018695816398e-05
2.305138150404673070e-05
2.345819724723696709e-03
5.556525138672441244e-05
2.089022455038502812e-04
4.781119787367060781e-05
9.820816922001540661e-05
1.430562770110554993e-05
1.198589161504060030e-04
1.426870312570827082e-05
2.027533446380402893e-05
1.322574826190248132e-04
2.897876547649502754e-04
5.900531959923682734e-06
2.418429858153103851e-06
6.429693894460797310e-05
9.122116352955345064e-06
1.226850727107375860e-04
7.213772732939105481e-06
2.666187174327205867e-05
1.367558143101632595e-04
7.311468652915209532e-05
7.888983964221552014e-05
1.680815148574765772e-05
1.309579033659247216e-06
1.185897872346686199e-05
1.025745441438630223e-04
6.463998488470679149e-06
4.103601895621977746e-06
6.531825056299567223e-05
5.832058741361834109e-05
1.483982214267598465e-05
4.014504497718007769e-07
1.138943625846877694e-04
9.810145274968817830e-05
3.861188361042877659e-06
2.458648668834939599e-05
3.601682328735478222e-05
6.095343269407749176e-05
1.272951431019464508e-05
2.408002274023601785e-06
4.233640720485709608e-05
6.601167842745780945e-05
1.257810936294845305e-06
2.321474603377282619e-04
1.367539371130988002e-04
1.506190255895489827e-05
2.107891759806079790e-06
1.105168666981626302e-05
3.307741717435419559e-04
2.920670158346183598e-05
3.126162482658401132e-05
8.368251292267814279e-05
1.723932541608519387e-06
1.323195057921111584e-03
3.861840468744048849e-06
6.291077170317294076e-06
4.402558261062949896e-05
2.888237577280960977e-05
4.963787432643584907e-06
5.190524825593456626e-05
1.624153264856431633e-05
8.613089448772370815e-06
8.868041913956403732e-04
7.097968932612275239e-07
7.467305749742081389e-06
6.030641816323623061e-05
5.136681647854857147e-05
1.104539696825668216e-04
8.443395927315577865e-05
7.159471351769752800e-06
1.637672539800405502e-05
1.624072069716930855e-06
1.751550553308334202e-05
9.129623504122719169e-05
1.146879585576243699e-04
4.870483651757240295e-03
1.168511516880244017e-05
2.025770663749426603e-05
9.437650078325532377e-06
1.220079411723418161e-05
3.399646375328302383e-04
3.076925395362195559e-06
4.746940248878672719e-05
2.326260528207058087e-06
3.127248055534437299e-05
3.226643457310274243e-05
2.381173195317387581e-03
2.653425690368749201e-05
1.105271985579747707e-05
1.521495050837984309e-05
5.935090302955359221e-05
8.471892942907288671e-05
2.640458296809811145e-05
5.743439542129635811e-04
1.027750272442062851e-06
2.084337029373273253e-05
1.339515292784199119e-04
4.964575055055320263e-05
4.177863593213260174e-04
3.018313145730644464e-04
3.012771458088536747e-06
2.204540760430973023e-05
1.007025912258541211e-05
1.283368510485161096e-05
5.881503511773189530e-06
6.856091204099357128e-06
8.313619764521718025e-04
1.872231368906795979e-04
1.657224347582086921e-04
4.649720503948628902e-04
5.410401718108914793e-05
3.365076918271370232e-05
2.032390693784691393e-05
2.334043820155784488e-04
2.759161361609585583e-06
7.029841799521818757e-05
1.759723090799525380e-05
3.636094334069639444e-05
4.426616669661598280e-06
1.779250887921079993e-04
1.738720857247244567e-05
4.416195588419213891e-05
2.406527164566796273e-05
6.356899393722414970e-04
1.430746942787664011e-05
1.291145599680021405e-05
2.620669780299067497e-03
3.139587761324946769e-06
7.166627619881182909e-05
6.112411210779100657e-05
9.510473319096490741e-06
5.986131509416736662e-05
4.918448757962323725e-05
5.659361340804025531e-05
2.070287337119225413e-05
5.085896646050969139e-06
9.735933854244649410e-04
1.433246052329195663e-05
6.598193522222572938e-06
7.809311682649422437e-06
2.055664253930444829e-06
8.100181585177779198e-04
8.084198270807974041e-06
1.107608113670721650e-05
4.296416227589361370e-05
2.567619594628922641e-05
2.317780308658257127e-05
2.052202034974470735e-05
1.815154973883181810e-05
1.852696073001425248e-06
2.654837953741662204e-05
6.848608336440520361e-06
3.047828795388340950e-03
5.754992344009224325e-06
4.296041424822760746e-06
7.811356801539659500e-03
3.098390152445062995e-05
2.271759740324341692e-06
1.586340840731281787e-05
1.561724639032036066e-05
1.423806497768964618e-05
4.081180577486520633e-06
2.175420740968547761e-05
1.834616414271295071e-04
1.162309126812033355e-04
2.949132067442405969e-05
7.963204552652314305e-05
5.867625532118836418e-06
6.098203448345884681e-05
3.987704531027702615e-06
1.351795890514040366e-05
4.156013164902105927e-05
1.968510150618385524e-05
9.954626875696703792e-05
2.136798575520515442e-04
1.910477294586598873e-06
1.201631221192656085e-05
9.427169970877002925e-06
3.020240728801582009e-05
3.040715455426834524e-06
9.886894258670508862e-05
1.131559383793501183e-05
9.152493439614772797e-04
5.455752252601087093e-04
2.489584630893659778e-06
1.871576241683214903e-04
1.050398917868733406e-03
1.480104401707649231e-04
1.583913108333945274e-03
4.298850763007067144e-05
1.078285458788741380e-05
3.176500831614248455e-05
2.251020487165078521e-04
3.987757736467756331e-06
7.618057225045049563e-06
3.038632894458714873e-05
1.395200670231133699e-04
9.319525815953966230e-06
8.065058500505983829e-05
7.321310476982034743e-06
8.445723324257414788e-06
2.981752231789869256e-06
4.302421075408346951e-06
3.884345933329313993e-04
2.689373332032118924e-06
2.494203363312408328e-05
9.243924068869091570e-06
3.783111242228187621e-05
2.394873808952979743e-05
2.884897112380713224e-04
6.224739627214148641e-05
1.249545789505646098e-06
7.552269380539655685e-05
2.120008284691721201e-04
5.395595962909283116e-06
3.710020610014908016e-05
1.551950845168903470e-04
2.358610436203889549e-05
3.440381260588765144e-04
5.203004184295423329e-05
2.231417782604694366e-02
1.424903985025594011e-05
6.434672741306712851e-06
1.163350043498212472e-05
1.664750925556290895e-05
6.300440145423635840e-05
1.753621618263423443e-04
6.168887125568289775e-07
5.210762992646778002e-06
4.902571090497076511e-04
5.545103704207576811e-06
3.410515200812369585e-04
4.624265329766785726e-06
1.174938050098717213e-03
5.812446761410683393e-05
1.126165225286968052e-04
4.364331252872943878e-04
2.008591945923399180e-05
5.736626917496323586e-05
1.546771090943366289e-04
3.302600816823542118e-05
1.965525001287460327e-02
1.175746135413646698e-02
9.432323167857248336e-06
8.519671246176585555e-05
9.383819815411698073e-06
3.440911314100958407e-05
7.510793238907353953e-06
7.141935043364355806e-07
2.625449997140094638e-05
1.446032911189831793e-06
1.280730543840036262e-06
1.056490054907044396e-05
1.367991324514150620e-03
1.016567057376960292e-05
3.159630068694241345e-05
1.066316690412349999e-05
1.500658891018247232e-05
2.210418460890650749e-05
3.705805647769011557e-05
2.592352211649995297e-05
7.969057151058223099e-06
1.604204589966684580e-05
9.142041562881786376e-06
9.106097422773018479e-06
3.746773472812492400e-06
1.825823528633918613e-05
1.880942249954387080e-06
2.297241053383913822e-06
4.520780123584700050e-07
1.151970195678586606e-06
7.780553801239875611e-07
1.193719344882993028e-05
1.076545777323190123e-05
4.213912689010612667e-06
1.803167288016993552e-05
1.749766624925541691e-06
1.082365270121954381e-04
5.726225208491086960e-05
7.969258876983076334e-05
2.802743110805749893e-04
2.781811053864657879e-05
4.834155261050909758e-04
1.647924218559637666e-04
1.007046594168059528e-04
6.478433497250080109e-04
9.575326112098991871e-04
1.147995237261056900e-03
1.151604112237691879e-03
3.789853144553489983e-05
2.888326998800039291e-04
1.397803716827183962e-04
3.085728167206980288e-05
2.017138031078502536e-04
2.055362710962072015e-04
2.108140324708074331e-05
2.698196840356104076e-05
1.041934410750400275e-05
7.325335786845244002e-07
5.781335858046077192e-06
2.056604716926813126e-05
1.371255439153173938e-05
8.917220839066430926e-06
1.429755357094109058e-04
4.698086286225588992e-06
6.758586096111685038e-05
1.158743816631613299e-05
3.901157106156460941e-05
1.092931837774813175e-03
1.742784661473706365e-05
1.061349485098617151e-05
1.436988668501726352e-06
3.107864467892795801e-04
2.678377768461359665e-06
3.215676770196296275e-05
3.522765109664760530e-05
2.885393587348517030e-05
1.270095799554837868e-05
1.741482833494956139e-06
1.289847714360803366e-04
2.574175887275487185e-04
3.079588059335947037e-04
3.334147389978170395e-03
3.526459680870175362e-03
1.252794463653117418e-04
2.752399886958301067e-04
1.463696011342108250e-03
2.701173070818185806e-05
5.292167043080553412e-05
4.927958798361942172e-06
7.359616574831306934e-06
2.128943160641938448e-04
1.131602039095014334e-04
1.362704824714455754e-05
2.581708577054087073e-05
8.886582509148865938e-05
4.845631701755337417e-05
