2.549675457430566894e-07
4.002116475021466613e-05
4.439996814653568435e-07
7.708122495841962518e-08
6.787919915041129570e-07
1.158404785428501782e-07
2.017266297116293572e-06
1.963373392754874658e-07
2.289347378336969996e-07
1.625380264158593491e-06
1.249700972039136104e-06
3.435688427089189645e-07
3.458806361322785961e-07
2.290525571879697964e-06
4.570361852529458702e-06
3.297703585758426925e-07
3.573545654944609851e-07
2.616930032672826201e-06
6.347198677758569829e-07
1.865060568206899916e-07
2.950948641000650241e-08
3.816204596773786761e-08
3.522319218518532580e-07
3.769464740344119491e-08
4.533487185653939378e-07
5.746160240960307419e-07
3.498861644857242936e-08
1.269930010039388435e-07
1.075322415999835357e-06
4.248126117545325542e-08
1.482843430267166696e-07
6.352218520078167785e-07
2.698711698556621741e-09
1.094601543627504725e-06
1.674505438131745905e-05
3.113663638032448944e-07
1.429103946293253102e-07
1.875334646683768369e-06
4.906156618744716980e-07
6.189831758263153461e-09
1.064850465581912431e-07
8.618193447773592197e-08
7.843542704222272732e-08
8.307122101314234897e-08
7.943052651171456091e-07
1.040935899254691321e-06
5.289064297642198653e-09
6.342656888591591269e-08
8.774110682452374022e-08
1.207459554564138671e-08
4.818847173737594858e-06
8.771881425673200283e-07
7.143489710870198905e-07
9.732217449709423818e-07
6.319240242191881407e-07
6.225744755283812992e-07
5.445512215374037623e-06
1.213610456574087948e-08
3.414561149384098826e-07
2.077615306461666478e-07
2.446672169753583148e-06
1.789946850294654723e-06
2.554006186983315274e-06
2.120965092444748734e-08
2.656248909715941409e-07
1.717381366006520693e-07
9.616320539862499572e-07
4.704312743797345320e-07
2.532170242375286762e-07
8.162369908859545831e-07
3.123192016118991887e-07
8.455012903141323477e-07
1.254367907677078620e-05
6.100520477048121393e-05
5.328189581632614136e-04
2.845380731741897762e-05
6.539836613228544593e-05
1.939026114996522665e-04
5.638901257043471560e-07
2.092847353196702898e-06
1.355889594378822949e-06
5.220779257797403261e-07
2.946196445918758400e-06
7.260766210492874961e-07
1.207904824696015567e-05
1.158753875074580719e-07
5.723221420339541510e-06
3.065272267122054473e-06
9.834644151851534843e-05
2.038241291302256286e-05
6.559046596521511674e-06
3.207014742656610906e-06
6.080139428377151489e-05
1.612883693269395735e-06
3.235660551581531763e-05
7.312878551601897925e-07
9.132429840974509716e-05
2.953574096409283811e-07
2.008390964647333021e-07
2.492563169198547257e-07
7.523534151232524891e-08
6.392149884959508199e-07
9.746092821671936690e-09
2.064225270714814542e-07
1.045988611281245539e-07
2.463283088616208261e-08
1.815168957364221569e-07
5.073274223832413554e-06
4.775874913320876658e-07
5.457899874272698071e-07
3.259677527900350924e-10
7.894320219747896772e-07
2.971670483020716347e-07
1.385895529892877676e-06
5.133873770546415471e-08
3.323270334476546850e-07
8.105792659307553549e-08
5.978472927381517366e-06
3.504448613966815174e-06
3.660543939076887909e-07
8.843753107612428721e-08
2.174275323341134936e-06
3.452309556450927630e-06
6.715056599659874337e-08
6.916223469488613773e-07
9.589734872861299664e-07
5.022378104513336439e-07
2.178676510311561287e-07
1.303356356174845132e-07
1.937412434926955029e-06
2.616855454107280821e-06
2.896166733989957720e-06
4.116996933589689434e-06
1.818880690507285181e-07
7.625235411978792399e-07
4.459678564217028907e-07
3.290321615168068092e-07
7.453034811533143511e-08
1.583661969561944716e-06
7.244291282404446974e-07
4.841760073759360239e-06
2.944091193057829514e-07
5.026312237532692961e-07
3.442628440097905695e-07
1.867518477638441254e-07
2.821481537296222086e-08
3.233547207770470777e-09
6.467491875383757360e-09
1.235385411746392492e-06
8.088885010693047661e-07
3.303311402191866364e-08
2.200772723881527781e-05
9.849158288943726802e-08
8.757007890380918980e-06
2.282390141772339121e-06
9.759449994817259721e-07
3.045140329049900174e-05
9.780525260794092901e-07
9.846731927609653212e-07
4.133264610572950915e-06
2.443644007144030184e-07
3.329794481032877229e-06
1.544941915199160576e-04
2.236234649899415672e-06
4.380671816761605442e-05
5.078322828921955079e-06
4.605195499607361853e-05
4.684669875132385641e-06
1.096576761483447626e-05
7.380749593721702695e-07
7.866968189773615450e-06
8.459699893137440085e-05
3.130008553853258491e-05
2.369213689235039055e-05
1.792332113836891949e-07
5.867822494565189118e-08
1.781871361572484602e-07
3.597189959236857248e-07
7.706710675847716630e-06
1.233237071573967114e-06
9.926307029672898352e-07
5.052439973951550201e-06
3.212204683222807944e-05
4.379431265988387167e-05
1.275576687476132065e-05
3.399553315830416977e-05
1.331579255747783463e-06
2.535695102778845467e-06
1.860105612649931572e-06
4.239147699536260916e-07
3.057290541619295254e-06
1.164696186606306583e-06
4.036314567201770842e-05
9.774320460564922541e-06
1.272229468440855271e-07
8.210027772292960435e-06
2.724058731473633088e-06
1.257393341802526265e-05
1.243686256202636287e-06
2.410174201941117644e-04
2.269919150421628729e-06
6.824837782914983109e-06
4.196500412945169955e-06
1.127602299675345421e-04
2.473199128871783614e-05
2.616258825582917780e-06
2.863494228222407401e-05
1.182207256533729378e-06
3.432191078900359571e-05
2.428961306577548385e-04
2.448559462209232152e-05
5.384236828831490129e-06
6.971468792471569031e-06
1.803834152269701008e-06
2.008141109399730340e-06
5.954146035946905613e-05
9.100894544644688722e-07
4.348173024482093751e-05
4.441866622073575854e-06
7.121064413695421536e-07
5.405802880886767525e-07
1.769353912095539272e-05
3.548017502907896414e-06
3.075088534387759864e-05
2.003970621444750577e-06
2.971697767861769535e-06
2.923316287706256844e-06
2.395371211605379358e-06
1.275552904189680703e-06
1.594524110259953886e-05
1.678569788055028766e-05
4.935046945320209488e-06
1.032477825901878532e-06
4.062458458520268323e-07
1.645390875637531281e-05
3.841767579615407158e-07
4.033839786643511616e-07
1.293503464694367722e-05
1.593515480635687709e-04
6.743255198671249673e-06
8.255515422206372023e-05
1.349874128209194168e-05
3.014736830664332956e-05
1.008995877782581374e-05
1.793115274040246732e-07
5.131196758156875148e-06
1.190543025586521253e-05
6.306898430921137333e-04
3.350198994667152874e-06
1.475287263019708917e-05
4.514397915045265108e-06
1.820969773689284921e-04
7.109135253813292366e-07
6.911081436555832624e-05
2.563326597737614065e-05
6.005719569657230750e-06
2.636578244619158795e-07
2.087949269480304793e-06
2.367653678447823040e-06
7.641505703759321477e-07
8.558402697644851287e-08
6.143259412283441634e-08
8.110207971867566812e-08
3.597772956709377468e-05
1.293042878387495875e-04
5.187593615119112656e-06
1.375682359139318578e-06
5.620435331366024911e-06
5.341401561054226477e-07
5.196434358367696404e-07
9.029187708620156627e-08
1.058050926872056152e-07
1.262613864128070418e-06
1.960200251005517202e-07
5.470071755553362891e-07
3.113470370408322196e-07
1.248740666426328971e-08
2.286145445395959541e-06
3.729710158495436190e-07
3.037028193375590490e-07
8.059247988967399579e-07
1.144120346907584462e-06
4.179382813163101673e-06
1.263784179172944278e-05
1.220460717377136461e-06
2.849589861853019102e-07
3.019512746504915413e-07
3.595387454424781026e-08
2.249203276960543008e-07
2.756127059910795651e-08
4.069484873525652802e-07
5.609470221656920330e-09
2.028077324212063104e-05
8.469425161194976681e-09
1.373853990571660688e-07
7.075961548252962530e-06
5.023026972139632562e-08
1.551490811380062951e-07
1.490774614865131298e-08
6.249443185168956916e-09
1.353202833342947997e-06
2.066861725324997678e-06
2.496902880011475645e-07
8.861128662829287350e-06
1.933957349820047966e-07
1.107150524148892146e-06
2.070702151968362159e-07
1.232358954439405352e-06
3.724256430359673686e-06
4.872837962466292083e-06
2.709662294364534318e-05
6.870606625852815341e-07
4.924532390759850387e-07
3.719489086506655440e-06
4.480766619963105768e-06
1.651322691031964496e-06
2.438648039060353767e-07
1.979825583475758322e-07
1.341962132528351503e-07
6.257655513763893396e-07
7.423935954875560128e-08
1.917270492413081229e-05
3.067409807044896297e-06
3.252394526498392224e-05
3.492346252187417122e-07
2.324666411368525587e-06
7.283167064997542184e-07
7.531545520578220021e-08
4.655652929841380683e-08
6.472579627825325588e-08
2.848463509508292191e-06
3.785743274420383386e-07
2.167980710510164499e-06
2.261353438370861113e-05
5.278364056948703364e-08
1.190754606028576745e-08
3.265486839154618792e-06
1.586618658677707572e-08
1.532854639663128182e-06
7.001859557931311429e-06
3.508988868361484492e-07
2.059638518403517082e-06
8.443684009762364440e-07
6.776145511366848950e-08
8.890203417877273750e-08
8.722288953322276939e-07
9.955383575288578868e-07
8.775404580774193164e-07
8.471324690617620945e-07
2.015922859754937235e-07
1.729660652927123010e-06
5.399230573743807327e-08
1.409574679200886749e-07
2.585382503639266361e-07
7.920387361082248390e-06
2.567503770478651859e-06
1.047248190388927469e-07
8.524251597918919288e-07
3.424742658353352454e-07
2.044762595687643625e-06
3.356732847237253736e-08
9.435015613235009369e-08
8.104014881382681779e-08
5.752164042860385962e-07
6.222880529094254598e-06
2.578554756382800406e-07
2.622901362769880507e-08
1.566719087797707743e-09
1.051152693776202796e-07
2.067226390067844477e-08
3.659711467207671376e-08
3.904379042296568514e-08
6.865674251343989454e-09
2.760088335662658210e-08
5.777870683232322335e-06
6.548626174662786070e-08
8.318957952724304050e-06
1.951839578850922408e-07
4.487332887492812006e-07
3.119804148354887730e-07
3.457895729752635816e-07
1.031907913784380071e-06
2.437367072616325459e-07
4.263894879841245711e-06
1.419083730525017017e-07
8.299290129798464477e-06
6.553496518790780101e-07
1.162129933618416544e-06
4.938618758387747221e-07
3.263127013042321778e-08
6.399112351118674269e-08
1.459883378629456274e-07
1.204177692670782562e-06
1.561911858516396023e-06
1.676561822705480154e-07
3.642595629571587779e-07
2.223556839453522116e-05
3.110314494847443711e-08
1.842233701609075069e-03
1.160206920758355409e-05
1.668105142016429454e-06
1.342169326790099149e-07
1.929735117300879210e-05
3.590276946852100082e-07
2.264373506477568299e-06
5.212958785705268383e-04
4.278538199287140742e-06
6.722259058733470738e-06
4.232026071804284584e-07
4.050512507092207670e-04
2.501684357412159443e-04
5.980523419566452503e-04
4.009221470369084273e-07
4.933527179673546925e-06
1.390206307405605912e-05
1.000195652522961609e-06
3.245649224936641986e-07
2.069487422704696655e-02
4.677738729697011877e-07
5.822865059599280357e-04
1.705670365481637418e-05
1.116008547796809580e-06
8.072655646174098365e-07
5.015923676410238841e-08
3.364865915500558913e-05
2.447723527438938618e-04
2.122955447703134269e-05
1.086051197489723563e-04
6.095132448535878211e-06
7.660857227165251970e-05
4.094846190128009766e-06
1.618498458810790908e-06
8.013118986127665266e-07
2.934385747721535154e-06
1.055348275258438662e-05
2.667568878678139299e-05
1.367139975627651438e-05
1.215962947753723711e-05
4.179451877917017555e-07
3.321076292195357382e-06
2.443063920054555638e-07
3.286392029622220434e-07
3.447482640694943257e-06
1.234095077961683273e-02
5.354522272682515904e-06
3.315368815037800232e-07
7.292901045730104670e-06
6.071442112443037331e-05
1.544099359307438135e-04
7.731022196821868420e-05
2.725388367252890021e-05
2.447564838803373277e-05
2.231994812973425724e-06
2.410212800896260887e-06
9.602834438737772871e-08
3.171035496052354574e-05
6.178264811751432717e-06
8.585908653913065791e-05
1.532391252112574875e-06
4.132481990382075310e-04
1.578952151248813607e-06
3.953199666284490377e-06
1.663342700339853764e-04
4.250016718287952244e-05
3.336815279908478260e-05
2.938096031357417814e-06
4.485947968646541995e-08
6.448919975809985772e-08
3.359294709071036777e-08
8.955954058365023229e-07
4.491395770855888259e-07
1.512455582997063175e-06
8.319145194946031552e-07
4.060343883338646265e-07
5.497251404449343681e-04
2.536418151066754945e-06
1.951599733729381114e-05
1.030212217756343307e-07
4.605542562785558403e-05
6.262237661758263130e-08
1.069698896571935620e-06
4.014210935565643013e-05
1.753039327923033852e-06
9.683298412710428238e-05
1.241982232613736414e-07
1.489241412855335511e-06
5.916549525863956660e-07
1.691966463113203645e-04
5.769280960521427915e-06
3.685084084281697869e-05
5.069758117315359414e-06
4.969990641257027164e-07
8.931248885346576571e-06
6.704783572786254808e-07
7.543410174548625946e-05
1.596560650796163827e-06
5.652050022035837173e-04
1.650266349315643311e-04
2.930127038780483417e-06
2.757804622888215818e-06
5.531887290999293327e-05
4.179340976406820118e-05
1.360168826067820191e-04
3.702137973959906958e-06
6.208639388205483556e-05
3.906374331563711166e-05
4.238153633195906878e-05
3.078634108533151448e-06
7.680908424845256377e-07
9.323965059593319893e-06
2.095270792779047042e-05
1.610257811535120709e-07
4.735720082749139692e-08
2.030217547144275159e-05
1.183199401566525921e-05
8.036541657929774374e-06
1.623643470338720363e-06
4.400445504870731384e-06
1.307881902903318405e-04
1.094975777959916741e-05
1.216702512465417385e-04
6.253501396713545546e-06
3.830118203040910885e-06
3.574234028747014236e-07
1.229285402359892032e-07
1.451225853088544682e-05
2.293111037943162955e-06
1.663264157514277031e-07
6.219800496864991146e-08
5.276074261928442866e-06
1.015468951663933694e-04
2.002075461859931238e-06
3.806057293331832625e-06
3.825044259428977966e-04
3.956455714160256321e-07
1.009565142595647558e-08
4.927409918309422210e-06
9.550680988468229771e-05
1.387316500768065453e-03
2.277059102198109031e-04
5.436141691461671144e-06
6.688514076813589782e-06
8.689377864357084036e-05
6.011209279677132145e-06
8.655254077893914655e-07
1.742851782182697207e-05
1.095810446827272244e-07
5.536805360861762892e-07
1.677736690908204764e-06
2.479520253837108612e-02
5.223507848484132410e-09
6.252373623283347115e-06
3.932439431082457304e-04
1.409109131600416731e-06
4.572329999064095318e-07
1.467358742957003415e-06
2.402572135906666517e-04
2.545334245951380581e-05
1.758029952725337353e-06
1.906674515339545906e-05
7.773298420943319798e-06
3.011121521012682933e-07
6.601169297937303782e-05
1.210502318826911505e-06
3.572870991774834692e-05
1.150849948317045346e-05
1.193371758745342959e-06
1.811445258681487758e-06
1.195701543110772036e-06
1.589800376677885652e-05
8.731777779757976532e-05
4.778727635823543096e-09
3.172112337779253721e-05
4.272848457276268164e-07
1.435878061784023885e-06
2.797869683490716852e-06
2.862109624857112067e-07
7.060787538648582995e-06
1.932618260980234481e-06
6.168032996356487274e-06
5.779482671641744673e-05
2.241889944798458600e-07
2.919448149896197719e-07
3.241893580252508400e-07
1.605092620593495667e-05
8.158149285009130836e-06
4.128312866669148207e-06
1.412540086676017381e-06
2.465413708705455065e-04
2.138837999154930003e-06
2.438184310449287295e-06
6.154665723443031311e-03
8.812716032480238937e-07
3.701412788359448314e-05
6.884163212816929445e-07
4.859933824263862334e-07
4.907994025415973738e-06
1.021811499413161073e-06
8.544184311176650226e-07
5.793410673504695296e-05
1.490788145019905642e-05
3.147993993479758501e-05
1.007249821327604877e-07
1.252675701834959909e-06
1.460160490296402713e-07
1.710911988084262703e-06
5.266327207209542394e-06
2.322272302990313619e-05
1.011413551168516278e-04
1.699029894552950282e-07
1.489451155066490173e-03
7.041331529617309570e-01
7.764767246953852009e-07
1.305404566664947197e-06
1.437286409782245755e-04
2.309951412371447077e-07
4.976358613930642605e-04
7.307121268240734935e-05
1.899089625112537760e-06
6.617712788283824921e-04
4.498911221162416041e-05
3.257772959841531701e-06
3.946603555959882215e-06
2.378147200943203643e-06
2.102197186104604043e-06
1.569869164086412638e-05
5.373482281356700696e-07
6.844744149248072063e-08
7.064488727337447926e-07
3.603672382723743794e-07
1.075367549674410839e-06
2.129227823388646357e-06
1.620562761672772467e-05
4.194195753370877355e-06
8.072552191151771694e-06
3.580055590646225028e-06
1.323432516073808074e-04
1.513228926341980696e-04
3.095305828537675552e-06
2.524680894566699862e-05
4.641761393031629268e-07
6.342409051285358146e-06
7.675363121961709112e-06
5.668867288477485999e-06
2.385013431194238365e-06
8.300910121761262417e-04
2.704375037865247577e-05
1.824209757614880800e-04
2.233200859791395487e-07
3.102126555631912197e-08
8.803287698810891015e-08
5.594173217104980722e-06
3.182654108968563378e-05
5.525030701392097399e-06
1.294292587772361003e-06
8.886215800885111094e-05
4.955742497259052470e-06
2.601120513645582832e-06
1.291064079850912094e-02
2.016133657889440656e-04
8.843729119689669460e-06
4.904800334770698100e-07
7.325104434130480513e-06
5.429590237326920033e-05
4.822271876037120819e-06
4.050415896017511841e-07
5.354225777409737930e-06
6.462317287514451891e-06
8.473126945318654180e-05
2.083574188873171806e-03
3.368930947544868104e-07
7.249616828630678356e-06
6.081264582462608814e-04
3.578570328954810975e-08
4.034582161693833768e-07
9.005406127471360378e-07
4.608978372289129766e-07
1.518133444733393844e-06
6.670861552038331865e-08
4.117249045521020889e-03
3.675444304462871514e-06
3.308476834718021564e-07
2.329757990082725883e-06
1.515458097856026143e-05
3.609762416090234183e-06
1.724712433315289672e-06
1.065653023601953464e-07
2.146152837667614222e-06
1.153316446789176553e-07
1.019898409140296280e-04
4.752002951136091724e-06
5.493239314091624692e-06
7.363086297118570656e-06
1.409224637427541893e-06
5.597521521849557757e-07
2.691920963115990162e-05
5.414982442744076252e-04
7.479320629499852657e-05
9.008447523228824139e-05
5.988433622405864298e-05
6.382602266967296600e-03
4.196018446236848831e-03
4.093346461786495638e-08
3.732035565917612985e-06
7.138212367863161489e-07
1.314214017611448071e-07
1.755372250045184046e-05
7.716937489021802321e-07
8.564040854253107682e-07
1.152579807239817455e-05
3.590794585761614144e-05
5.562971182371256873e-06
2.692196858333772980e-06
4.696131838954897830e-07
4.857526164414593950e-06
3.860069597294568666e-08
4.108272958546876907e-03
2.545988131430476642e-08
4.196618590412981575e-07
6.288126769504742697e-06
3.027000445854355348e-07
1.094039529561996460e-03
1.081211121345404536e-05
1.351537765003740788e-03
4.073148375027813017e-06
7.433713108184747398e-06
2.361247730675586354e-08
1.137288636527955532e-04
8.014839113457128406e-05
8.047566097957314923e-07
2.690916062420001253e-06
6.344908033497631550e-04
2.106871306750690565e-06
5.591762146650580689e-06
9.929038213840613025e-08
6.413073092699050903e-02
6.126167022557638120e-07
1.736480771796777844e-05
2.100043202517554164e-04
9.854801419351133518e-07
6.230519602468120866e-07
6.552319973707199097e-03
1.000530573946889490e-06
1.016772785078501329e-05
2.887761638703523204e-07
7.266841350883623818e-09
1.178419006464537233e-05
9.905528277158737183e-04
1.788912923075258732e-04
2.505577185729634948e-06
6.973956525325775146e-02
3.047050086024682969e-06
7.023648322501685470e-06
3.354884756845422089e-05
1.088441550223251397e-07
1.017695376503979787e-05
8.424042607657611370e-05
6.328111794573487714e-07
5.952924766461364925e-07
8.077291226982197259e-07
8.443864317086990923e-06
9.952786967915017158e-06
9.944556040863972157e-07
2.828437800417304970e-06
4.102272669115336612e-06
2.146961378457490355e-06
1.371552542650533724e-07
6.924044555489672348e-07
5.527062239707447588e-05
5.729310487367911264e-06
3.261787639985413989e-07
7.648592941222887021e-07
4.653833457268774509e-04
6.931556413292128127e-07
1.506027001596521586e-05
4.411814443301409483e-04
6.290636633821122814e-07
1.175877969217253849e-06
3.737251290658605285e-07
1.266733761440264061e-06
2.637077578526714206e-08
7.641845513717271388e-06
1.851933348007150926e-06
9.937767799783614464e-07
4.227301360515411943e-06
6.646882866334635764e-06
2.314930895863653859e-07
2.281829620187636465e-05
3.208908765373053029e-06
9.100604074774309993e-06
5.088480747872381471e-07
2.033999408013187349e-06
3.014676272869110107e-03
1.357610358354577329e-06
2.767542842775583267e-03
4.163762205280363560e-04
9.012099326355382800e-05
1.440028336219256744e-05
2.621687258397287223e-07
3.503763537082704715e-06
4.973528007212735247e-07
2.609307102829916403e-06
5.297260031511541456e-06
3.636232349890633486e-06
2.975930328830145299e-07
1.201022605528123677e-04
2.213694242527708411e-04
7.324818398046772927e-06
2.733891278694500215e-06
6.349805062200175598e-06
1.972222740675988462e-08
3.557366881068446673e-07
1.232979684573365375e-06
7.987045137269888073e-06
1.857491724877036177e-07
6.216281908564269543e-04
2.764832061075139791e-05
8.265271134177964996e-08
8.940631232690066099e-06
1.285971734432678204e-06
5.865470029675634578e-07
4.787672764905437361e-07
6.169068001327104867e-06
1.629166831662587356e-06
3.465120913460850716e-03
1.264946604351280257e-05
2.061654868157347664e-06
1.072183266614956665e-07
8.130168862408027053e-05
2.008110413953545503e-06
2.825101432790688705e-07
4.799769158125855029e-05
6.923672044649720192e-04
1.332510919382912107e-07
1.152841946350235958e-06
1.091769945560372435e-06
9.495200356468558311e-05
2.948889450635761023e-04
3.174643552483757958e-06
8.943479770096018910e-06
9.242159285349771380e-05
1.668845216045156121e-04
4.267460462870076299e-05
3.145054797641932964e-04
1.361695740342838690e-05
9.765915820025838912e-06
1.401506779075134546e-05
8.304809284709335770e-08
4.372048749701207271e-07
1.059383357642218471e-04
5.009469987271586433e-06
8.447163418168202043e-05
7.150240890041459352e-06
4.316092963563278317e-05
3.648346319096162915e-05
6.830294751125620678e-06
3.073198584502279118e-08
1.807143576115777250e-06
3.419082495383918285e-04
3.633001824709936045e-06
5.779567800345830619e-06
3.393126826267689466e-05
8.694111102158785798e-07
1.799173105609952472e-06
4.882613211520947516e-07
5.160024375072680414e-05
3.038859404114191420e-07
6.574244793000616482e-08
4.052298027090728283e-05
5.891974524274701253e-06
6.078078513382934034e-06
1.204557747769285925e-06
4.628231181413866580e-05
2.437723878756514750e-06
1.833396510164675419e-07
4.709724180429475382e-06
3.600416312110610306e-05
1.108513281167233799e-08
5.611406894701076453e-09
1.005834201350808144e-03
7.828178240743000060e-06
7.077590566950675566e-07
2.473791209922637790e-05
1.397451560478657484e-04
6.985924756008898839e-06
6.558861932717263699e-04
2.139003925094584702e-07
1.433326360711362213e-06
1.057815438798570540e-06
1.154163101091398858e-06
1.477855767006985843e-05
4.276529352864599787e-07
1.268538180738687515e-03
1.264355087187141180e-04
6.634771125391125679e-05
1.294932735618203878e-05
2.100750180034083314e-06
1.333396426161925774e-06
1.274969008591142483e-06
4.374503532744711265e-06
1.899252965813502669e-04
1.787607146752634435e-07
4.608013568940805271e-06
2.488877953510382213e-06
4.467899911105632782e-03
1.658293476793915033e-04
2.305055386386811733e-05
2.013355810959183145e-07
2.749437044258229434e-05
4.971218459104420617e-07
5.045055786467855796e-07
1.473389333114027977e-03
1.707349838397931308e-05
6.343866971292300150e-06
9.511367693448846694e-07
2.799179055728018284e-04
8.328301191795617342e-06
7.457938045263290405e-05
6.499828486994374543e-06
1.887148027890361845e-05
5.691561568710312713e-07
1.001940981950610876e-04
1.063432773662498221e-05
4.420378445502137765e-06
4.329901912569766864e-06
5.447408511827234179e-06
8.961899879977863748e-07
6.503880740638123825e-07
1.109808636101661250e-07
2.525069703551707789e-06
2.319311853682393121e-08
4.657022998344473308e-07
4.347403773863334209e-06
3.733204607669904362e-07
5.962888138810740202e-08
2.039615907278857776e-07
2.664177145561552607e-07
3.993227892351569608e-06
3.536135579906840576e-07
2.512558125999930780e-07
6.381938874255865812e-06
4.529420607468637172e-07
2.859664164134301245e-06
4.336205563504336169e-07
1.114164547288964968e-06
2.470888489369826857e-07
6.958423909964039922e-06
2.214130108768586069e-05
1.528870484435174149e-06
1.248802163900109008e-05
5.969980702502653003e-05
7.702218135818839073e-05
6.524154287035344169e-06
2.032242491623037495e-06
6.792346084694145247e-06
5.683832000613620039e-07
1.343855018376416410e-07
2.927862681190163130e-07
4.126659405301325023e-06
1.886907739390153438e-06
1.464961343344839406e-07
7.528217338403919712e-07
3.220897895062080352e-07
7.428227632999551133e-08
1.950435546405060450e-08
1.537480898150533903e-08
5.397393251769244671e-04
9.310981852195254760e-08
3.225353339075809345e-06
1.230617158398672473e-06
1.786358916433528066e-04
1.029592938721179962e-03
1.362844250252237543e-05
2.530195706640370190e-05
1.503461817264906131e-06
8.055552025325596333e-04
1.999165033339522779e-05
2.612068101370823570e-06
6.121348997112363577e-05
7.055029709590598941e-05
8.735863048059400171e-06
1.153238940787559841e-06
5.732643785449909046e-06
6.427158223232254386e-05
8.743189937376882881e-06
1.450740674044936895e-04
5.567222160607343540e-06
6.582407422683900222e-06
2.673297558430931531e-06
3.929362283088266850e-04
3.096004093094961718e-07
3.799547130256542005e-06
2.512153514544479549e-05
6.518534974020440131e-07
9.122083355350696365e-08
1.132726197283773217e-06
5.267671099318249617e-07
2.398487879418098601e-07
6.384260586855816655e-07
3.585051163099706173e-04
