9.097311135519703384e-07
2.143475430784747005e-04
1.964756847883109003e-06
3.173227241859422065e-06
3.612536966102197766e-05
1.866894649538153317e-06
1.216319105878937989e-05
2.320604380656732246e-06
3.466613236469129333e-07
1.849088903327356093e-06
5.129746227794385049e-07
2.911803449023864232e-06
4.870714747085003182e-06
2.309637693542754278e-06
6.331561507977312431e-06
6.531435019496711902e-07
8.086178127086895984e-07
3.022948931175051257e-06
3.314903324280749075e-06
5.733245700412226142e-08
9.963903480070257501e-09
4.269763394404435530e-06
5.695056188415037468e-06
5.214902785155572928e-07
7.855348485463764518e-06
4.506602238052437315e-07
9.857706118054920807e-07
6.003913313179509714e-07
8.307175107802322600e-07
3.099660716543439776e-06
3.528947800646164978e-08
4.173392426309874281e-06
9.475277096271383925e-08
5.620893830382556189e-07
6.330417932076670695e-07
8.604762342656613328e-07
5.124607582729368005e-07
1.169501274489448406e-06
8.959436854638624936e-06
3.420649363761185668e-07
6.123530511104036123e-06
6.168256305727481958e-08
2.769921820799936540e-06
4.260804189470945857e-07
1.547737952023453545e-06
6.954377568035852164e-06
7.440242484335612971e-07
1.288724320147593971e-06
7.657548621864407323e-07
9.377175302915929933e-08
1.173649252450559288e-05
2.140013293683296070e-06
8.833926301576866535e-08
1.608565014521445846e-07
1.860083784777089022e-07
3.971699129579064902e-07
2.072559510679639061e-07
6.223248583125950972e-10
5.449537070489895996e-07
2.451813507775568723e-08
6.577349267899990082e-06
9.964522860173019581e-07
1.559421889396617189e-06
2.157770673250070104e-08
1.902815483845188282e-06
1.812962750591395888e-06
1.571039138070773333e-05
9.021145501719729509e-07
2.466732212269562297e-06
8.158266609825659543e-06
7.528366040787659585e-06
3.664212272269651294e-05
9.609061817172914743e-05
9.200958884321153164e-04
2.748686121776700020e-03
1.594424684299156070e-04
1.610155962407588959e-02
3.084459807723760605e-03
7.333076791837811470e-05
1.033425178320612758e-05
5.465111371449893340e-06
6.621983175136847422e-07
7.245438951031246688e-07
8.752375833864789456e-06
5.222388426773250103e-05
2.549594135814459150e-08
2.023459046540665440e-06
1.426617654942674562e-05
1.816384174162521958e-04
4.655187694879714400e-06
1.092092934413813055e-04
5.720681315324327443e-07
1.855489608715288341e-05
5.737199899158440530e-06
1.480672508478164673e-04
1.688196604732183914e-08
5.455813879962079227e-05
4.159562649874715135e-07
2.636752469697967172e-07
2.908640794885286596e-07
2.127036168531049043e-06
2.592084683783468790e-06
3.310420026991778286e-08
4.034505991512560286e-07
1.838212995153298834e-07
3.328788267253912636e-08
5.942596317254356109e-07
1.359883579425513744e-03
2.887372393161058426e-04
2.544692484661936760e-03
5.596342589342384599e-07
2.595524347270838916e-05
9.932573448168113828e-06
3.786593651966541074e-06
1.753709888419052731e-08
1.645385491428896785e-04
1.384123152092797682e-06
4.432582936715334654e-04
1.604799535925849341e-06
6.283038601395674050e-06
2.118568090736516751e-06
4.158823230682173744e-06
1.221440129484108184e-06
7.873712206674099434e-07
4.596330654749181122e-06
4.111669113626703620e-06
4.984874976798892021e-06
8.370483328690170310e-07
3.883385488734347746e-07
1.444387152105264249e-07
5.193325705477036536e-06
2.588164306871476583e-06
4.337879090599017218e-06
2.915886625487473793e-07
2.158991492251516320e-06
2.921620421147963498e-07
5.759254236181732267e-06
9.977197805710602552e-07
1.256078007827454712e-06
1.219036960264929803e-08
2.781203193080727942e-06
3.856899866150342859e-07
7.340279495338108973e-08
6.758368726877961308e-07
8.793115284788655117e-07
7.156479568948270753e-07
1.918428971237062797e-08
2.825258036409650231e-07
1.528873553979792632e-06
7.865715815569274127e-06
4.424264830049651209e-07
7.293012913578422740e-06
3.073727725677599665e-07
7.229411949083441868e-07
6.263836667130817659e-07
7.116122446859662887e-07
6.009335720591479912e-06
3.375921778570045717e-06
1.806254545044794213e-06
7.497949354728916660e-06
9.588948159944266081e-07
3.097139824603800662e-06
1.027072175929788500e-05
3.381355497822369216e-07
4.109762085136026144e-05
5.520951162907294929e-07
3.168632247252389789e-05
2.766439592960523441e-06
5.650764251186046749e-06
3.100311971593328053e-07
8.505248842993751168e-06
1.742162794471369125e-06
3.843850038265372859e-07
1.501092901889933273e-05
8.328301959181771963e-08
3.263130565756000578e-06
1.506886860624945257e-06
1.403307123837294057e-07
5.338807113730581477e-06
4.371078148324158974e-07
5.528577773361575964e-08
1.174997578345937654e-05
9.733894330565817654e-06
1.074039346349309199e-06
1.148510818893555552e-06
7.923904195195063949e-05
1.322046273344312795e-06
7.963612915773410350e-06
1.230921384376415517e-06
1.845443875936325639e-06
2.120347630807373207e-07
1.643743303247902077e-06
6.083582320570712909e-06
2.693080659810220823e-06
9.211577634005152504e-08
5.495922323461854830e-06
5.664957711815077346e-07
2.175777353841112927e-06
1.344842985417926684e-06
1.346586486761225387e-05
5.009831625102378894e-07
6.662943405899568461e-07
4.981448910257313401e-06
1.904857163026463240e-05
8.628013347333762795e-06
2.026212769123958424e-06
2.241895572296925820e-06
4.331071068008895963e-06
7.931861546239815652e-06
4.010225893580354750e-06
2.955221361844451167e-06
4.304798494558781385e-06
6.938144565538095776e-07
8.128413355734664947e-06
6.623691660934127867e-06
1.430480665476352442e-06
4.442998033482581377e-06
1.359342240903060883e-05
2.032333895840565674e-06
1.267364041268592700e-05
1.329741223798919236e-07
8.720622645341791213e-06
2.492545718268956989e-06
1.958812134716936271e-07
6.202375146813210449e-08
5.331148145160113927e-07
1.173408008980914019e-06
1.977027068278403021e-06
9.009727932607347611e-07
1.953733953996561468e-05
9.244619718629110139e-07
1.536573790872353129e-06
3.498238356769434176e-06
9.888843806038494222e-07
1.156768234977789689e-06
1.184031361844972707e-07
1.556909069222456310e-06
8.444244485872332007e-06
5.344400960893835872e-06
1.412410824741527904e-06
1.535345654701814055e-05
3.759982973861042410e-06
6.056935490050818771e-06
4.030808668176177889e-06
3.827875971751382167e-08
1.738595983624691144e-06
7.702721632085740566e-06
6.333497731247916818e-05
7.807802830939181149e-06
9.533269803796429187e-06
1.081813024939037859e-06
8.730662375455722213e-05
1.269956726446253015e-07
2.843136599040008150e-06
1.638381490920437500e-06
3.503082552924752235e-06
8.592183462496905122e-07
5.113815859658643603e-06
1.818763962546654511e-06
6.325586099364954862e-08
1.823266302380943671e-07
3.752091615183417161e-08
5.039767074777046219e-07
8.242582225648220628e-07
1.268201449420303106e-04
3.538067176123149693e-06
3.720887661984306760e-06
4.466580776352202520e-06
1.788958797988016158e-06
1.127479777096596081e-06
3.292371388852188829e-07
2.186616939070518129e-06
2.472908136041951366e-06
3.175664232912822627e-06
2.537965701776556671e-05
2.184006575589592103e-07
4.604444825417886022e-07
2.600238815375632839e-07
1.189661276157494285e-07
1.009211928248987533e-06
1.154184730012275395e-07
2.740864374572993256e-06
6.873297479614848271e-06
2.980762292281724513e-05
1.014493250295345206e-06
9.605065542928059585e-07
6.599419748454238288e-07
4.022689736871143396e-08
1.555531099484142032e-07
6.766059357232734328e-08
4.433121603142353706e-07
2.651407839948660694e-07
1.122221306104620453e-06
6.499149662886338774e-07
3.579275755782873603e-07
5.472405177897599060e-07
6.599035486942739226e-07
3.131812036372139119e-07
1.104054447864655231e-07
9.087872143709319062e-08
8.257771696662530303e-06
4.525000258581712842e-05
1.788552071957383305e-05
3.840921999653801322e-05
3.354246928211068735e-06
1.055847292263933923e-06
3.349140388309024274e-05
1.350273523712530732e-04
2.154748071916401386e-04
6.311465403996407986e-05
4.435744602233171463e-03
1.685924144112505019e-05
3.111861951765604317e-05
1.299533869314473122e-05
5.615745249087922275e-05
1.681747380644083023e-05
3.068722378429811215e-07
4.054442968026705785e-07
5.398608664108905941e-06
1.266154868062585592e-05
3.576839446850499371e-07
3.404054496058961377e-06
6.670712764389463700e-07
6.418555130949243903e-06
2.621441581140970811e-06
7.244758762681158260e-06
7.410179023281671107e-06
4.645761218853294849e-04
6.283682887442409992e-05
2.337082878511864692e-05
1.072532177204266191e-05
1.305889691138872877e-05
1.373182203678879887e-05
3.859818025375716388e-05
9.765502682057558559e-07
8.429422848621470621e-08
5.497694033351763210e-08
5.610188509308500215e-07
5.245170996204251423e-06
1.544995757285505533e-05
2.764671444310806692e-05
1.485044322180328891e-05
1.429710846423404291e-05
8.389716640522237867e-06
5.862794751010369509e-06
6.469763889072055463e-07
8.401542800129391253e-06
4.168126451986609027e-06
2.497476089047268033e-06
4.900737167190527543e-07
7.978957228260696866e-07
5.921927368035539985e-06
6.608621561099425890e-07
4.980237463314551860e-06
1.240574420080520213e-06
9.300516126131697092e-07
1.356173697786289267e-07
2.709508407860994339e-06
4.127275872178870486e-07
1.135587126555037685e-06
2.378236843014747137e-07
1.261534293917065952e-06
2.574162927260204015e-08
1.052734788231646235e-07
6.028915777278598398e-06
2.237236174096324248e-07
2.209613967352197506e-07
9.678810641844393103e-09
1.243587721688754755e-08
1.230100998839134263e-08
2.130915888187701057e-08
1.810898595522303367e-07
6.919955097828278667e-08
8.680218321899246803e-09
5.929197186560486443e-07
1.244536491640246822e-07
9.608437494534882717e-07
2.376053913621944957e-07
6.867852420100462041e-08
9.350322471846084227e-08
3.137430894639692269e-06
8.781114502198761329e-07
1.445080073381177499e-07
3.983175702160224319e-06
1.159963503027938714e-07
1.710758078843355179e-05
9.489584954280871898e-06
2.938298166554886848e-06
6.310195317382749636e-07
9.542191037326119840e-08
1.166318597256577050e-07
6.858557753730565310e-06
7.220737752504646778e-04
3.605097881518304348e-04
4.044888441967486870e-07
3.876290520565817133e-06
1.419966109097003937e-02
9.475526212554541416e-07
3.735552309080958366e-05
1.720139380267937668e-06
8.097170933751840494e-08
1.255218194273766130e-06
3.749305506062228233e-06
2.651231852723867632e-06
9.481424967816565186e-06
2.460699761286377907e-05
1.319051648351887707e-06
2.265911689391941763e-06
6.625264603599134716e-08
2.027847513090819120e-04
1.029602935886941850e-04
4.508861456997692585e-04
2.711480647121788934e-06
3.201389517926145345e-06
3.670624864753335714e-04
2.078980287478771061e-06
1.346181420558423270e-06
1.422951027052477002e-04
2.269786637043580413e-04
1.620613184059038758e-04
1.317934902544948272e-06
3.164517693221569061e-06
1.966942818398820236e-06
2.451912735068617621e-07
5.556370524573139846e-06
6.689159781672060490e-04
9.869813220575451851e-05
3.992171332356519997e-05
2.408252112218178809e-05
5.022942204959690571e-04
9.239763016921642702e-07
7.569360604975372553e-07
7.523524345742771402e-07
5.641764146275818348e-04
5.308974068611860275e-04
5.593051173491403461e-05
3.035142299268045463e-06
1.009560037346091121e-05
5.009852884541032836e-06
2.509951627871487290e-06
3.702103413161239587e-06
5.878599949937779456e-06
4.612201678355631884e-07
3.811584610957652330e-04
7.282677870534826070e-06
3.651787665148731321e-06
1.810098474379628897e-04
6.505546934931771830e-06
8.137449185596778989e-06
6.008639275023597293e-07
4.649024958780501038e-06
3.476434585536480881e-06
6.057458449504338205e-05
7.845836194064759184e-07
1.249163119609875139e-07
6.809274964325595647e-06
2.813439778037718497e-06
1.090256191673688591e-04
2.829438926710281521e-06
3.941415343433618546e-05
6.712755862281483132e-07
3.291280791017925367e-06
7.043292134767398238e-05
6.255875923670828342e-04
1.177108933916315436e-04
7.117741006368305534e-06
4.860515900872997008e-08
4.234509560774313286e-07
1.121231662182253785e-06
8.464074312541924883e-07
6.730262248311191797e-05
5.345830800251860637e-07
1.706496050246641971e-06
1.872477241704473272e-06
4.358975274953991175e-04
2.419772317807655782e-05
1.207365357913658954e-06
8.325967115752064274e-08
2.637665311340242624e-04
6.339582796499598771e-07
2.718631185416597873e-05
9.369618055643513799e-05
5.031979526393115520e-06
4.791028459294466302e-06
1.902415220911279903e-07
3.798308625846402720e-06
4.158244337304495275e-06
9.322587866336107254e-04
1.533282556920312345e-05
3.641973307821899652e-04
1.756168639985844493e-04
4.507958095700814738e-08
7.954587999847717583e-06
4.823504696105374023e-06
4.698950135662016692e-07
5.635265097225783393e-06
1.393014736095210537e-05
4.192107007838785648e-05
1.988312396861147135e-05
5.408093102232669480e-07
7.708875955358962528e-07
5.120856076246127486e-05
3.501611354295164347e-05
1.341204210802970920e-06
2.962500184366945177e-05
5.023454377806046978e-06
5.019422133045736700e-06
3.299348009022651240e-06
1.240777328348485753e-05
4.476425601751543581e-05
2.916052380896871909e-06
2.017625178041271283e-07
2.969745871439499751e-08
6.433846465370152146e-06
4.428213742357911542e-06
3.847247626254102215e-06
2.121347733918810263e-06
3.724070484167896211e-05
1.472811127314344049e-04
2.516354652470909059e-05
2.435787246213294566e-05
4.359452759672421962e-06
2.280078660987783223e-05
6.844823474239092320e-06
6.273664325817662757e-07
2.540995467370521510e-07
1.261520446860231459e-05
4.936655386700294912e-05
3.997525865884199447e-08
6.140741334093036130e-06
1.915424712933599949e-03
1.913643473017145880e-06
8.240161264438938815e-07
1.941881928360089660e-04
2.376909378654090688e-06
5.431734617644679020e-09
5.331564238986175042e-07
1.448642251489218324e-06
2.802976268867496401e-06
4.360526218079030514e-04
7.733607162663247436e-06
1.127188988903071731e-05
3.032444510608911514e-05
6.125171239546034485e-06
2.059105383978021564e-07
4.912820440949872136e-05
1.020098920889722649e-06
1.667228957558108959e-06
5.726587914978154004e-07
4.643035307526588440e-02
2.771472651375006535e-08
3.159659854645724408e-06
2.564435417298227549e-04
1.642351776354189496e-06
1.835915554693201557e-06
3.439217607592581771e-06
4.782341420650482178e-02
8.523567885276861489e-06
7.437259228026960045e-06
1.035623790812678635e-04
1.126537244999781251e-04
3.445538823143579066e-07
1.815582392737269402e-03
7.189826192188775167e-06
2.117310629046187387e-07
1.038175076246261597e-03
3.113337072591093602e-07
1.040433858179312665e-06
2.302198254255927168e-06
5.116322881804080680e-06
3.468364184300298803e-06
8.299367095787602011e-07
2.376588818151503801e-04
1.242660232492198702e-07
1.044124110194388777e-05
3.231349410270922817e-07
8.618103208846150665e-08
6.305204806267283857e-06
6.639477305725449696e-06
1.359957536806177814e-06
1.828785898396745324e-04
3.508707777655217797e-07
4.302711715808982262e-07
2.573583479659191653e-08
2.052948810160160065e-03
5.897464870940893888e-05
1.873871440238872310e-07
1.149946001532953233e-05
1.333678956143558025e-04
3.280126838944852352e-05
7.304233349714195356e-06
5.809608846902847290e-02
4.242592240188969299e-06
2.639096010170760565e-06
1.335537831437250134e-07
1.970732000700081699e-06
1.224871994054410607e-06
1.826804520987934666e-07
6.956882134545594454e-05
5.723895446863025427e-05
4.169716703472658992e-06
1.164859077107394114e-05
2.306046837929898174e-07
9.277872550228494219e-07
9.917613397192326374e-07
4.516706976573914289e-04
1.776707904355134815e-05
2.326602952962275594e-06
8.486778824590146542e-05
5.291345246405398939e-07
6.413190276362001896e-04
1.996436156332492828e-02
3.957934040954569355e-06
8.118369441945105791e-05
1.779830199666321278e-04
6.674881092294526752e-07
7.956705056130886078e-03
3.306034841443761252e-06
1.168370886261982378e-06
1.652032515266910195e-04
4.198128590360283852e-05
1.026230165734887123e-05
7.063499083415081259e-07
5.871957569070218597e-07
3.397253678372180730e-08
3.193650172761408612e-06
2.009503305089310743e-06
4.520817853403968911e-08
1.010886626318097115e-05
1.325861285295104608e-05
4.537308996077626944e-06
4.447735773283056915e-05
8.335025086125824600e-06
8.107080589070392307e-07
1.047665989517554408e-07
1.518011995358392596e-04
1.077460765372961760e-04
6.173312431201338768e-04
5.458686791826039553e-05
1.819345343392342329e-04
2.225519608600734500e-07
4.521952178038191050e-06
4.965571065440599341e-07
4.224506483296863735e-05
1.010345931717893109e-05
4.411524423630908132e-05
7.419888788717798889e-06
5.179092404432594776e-04
1.905414848124564742e-07
4.002232856237242231e-08
2.564175156294368207e-05
2.836973362718708813e-05
3.696703458899719408e-07
4.756356247526127845e-06
1.178263028123183176e-05
9.829689588514156640e-06
5.393776064011035487e-06
1.637298964851652272e-06
1.874776353361085057e-04
3.320417818031273782e-06
3.153995203319936991e-05
4.223732901209586998e-07
2.502978986740345135e-06
1.402098405378637835e-06
1.723530516028404236e-02
3.396395186427980661e-06
6.961879535083426163e-07
1.296778577852819581e-06
5.663877686856721994e-07
5.675175343640148640e-04
1.058670932252425700e-05
1.738255377858877182e-05
3.076069788221502677e-06
7.831547009118366987e-06
7.995226951607037336e-07
3.211131343050510623e-06
6.777279963898763526e-07
7.000344339758157730e-06
2.718987616390222684e-06
5.992093065287917852e-06
1.695911691967921797e-06
4.844258910452481359e-06
1.391939076711423695e-05
5.901118584006326273e-06
2.293212872928052093e-07
2.264670729346107692e-05
5.218118914740443870e-08
4.371040631667710841e-07
3.095511579886078835e-03
9.299105840909760445e-07
1.812063828765531071e-06
6.639756520598893985e-06
2.811775542795658112e-03
1.710571154944773298e-06
1.195987260871334001e-05
1.970081066247075796e-04
9.167840471491217613e-05
2.075851080007851124e-05
6.825672244303859770e-06
2.616669735289178789e-05
1.052298815920948982e-03
5.982766393572092056e-03
3.360353844072960783e-07
6.033960744389332831e-06
7.601422112202271819e-05
2.016988582909107208e-05
2.466251203259162139e-07
2.350499471504008397e-06
1.594533216575655388e-07
6.419973447918891907e-03
1.399947223035269417e-06
4.757662281917873770e-06
1.193452135339612141e-05
3.916868081432767212e-05
1.143997724284417927e-05
2.702313572910952644e-08
1.800622121663764119e-04
2.550884516949736280e-07
8.801102353572787251e-07
1.371527105220593512e-06
1.528171651443699375e-07
4.323581233620643616e-02
7.049088253552326933e-06
2.142327866749837995e-04
1.126698407460935414e-06
7.516277491959044710e-06
1.100075674997924580e-08
9.526679605187382549e-06
4.382395673019345850e-06
3.653439080153475516e-06
1.419703949068207294e-05
6.615153688471764326e-05
2.137256842615897767e-07
1.879450428532436490e-05
2.509773082692845492e-07
2.175873669330030680e-04
1.832660018408205360e-06
3.324942781546269543e-06
2.184940967708826065e-03
5.250055437500122935e-06
5.639939786306058522e-07
4.928615817334502935e-05
6.082317668187897652e-06
7.953286171868967358e-07
3.256497791426227195e-07
6.640313131356379017e-06
7.166619070630986243e-06
2.435044007143005729e-05
4.190524574369192123e-03
5.455844802781939507e-05
1.234881492564454675e-04
6.615765641981852241e-07
7.872593528190918732e-07
3.175708479830063879e-05
2.909102477133274078e-06
2.274604639751487412e-06
2.359436039114370942e-04
5.444116141006816179e-06
2.505267048036330380e-06
7.299052867892896757e-06
3.694079850902198814e-06
2.270425102324225008e-05
9.226739621226442978e-07
5.482351070895674638e-07
9.095775794776272960e-07
7.101912729012838099e-07
2.389380995282408549e-07
9.376961315865628421e-06
5.304886872181668878e-05
1.432358403690159321e-04
3.992384517914615571e-05
3.680418558360543102e-06
4.971574890078045428e-05
2.260727114844485186e-06
4.293114216125104576e-06
3.617263428168371320e-05
1.978939735636231489e-06
3.126378089746140176e-07
9.186763054458424449e-05
1.199873895529890433e-05
2.396968490359085990e-08
2.986750359923462383e-06
2.538319211453199387e-03
1.635403714317362756e-05
1.134092485699511599e-06
9.744775888975709677e-05
1.168067319667898118e-05
8.045959475566633046e-06
8.871601266946527176e-07
1.084739324141992256e-05
3.190999996149912477e-05
9.402167961525265127e-06
3.045724588446319103e-04
1.640773007238749415e-05
1.466798782348632812e-01
2.130009124812204391e-05
4.202322452329099178e-05
2.549447526689618826e-05
4.488799277169164270e-06
1.304457055084640160e-05
5.544679515878669918e-05
8.312829777423758060e-06
4.248363438819069415e-07
2.335463932467973791e-06
3.319903214560326887e-07
2.522489921830128878e-06
5.608353603747673333e-05
1.129202155425446108e-05
2.895290162996388972e-05
2.263406486235908233e-06
1.002110025183355901e-06
3.605726988098467700e-06
2.945356982309021987e-06
4.022523114599607652e-07
7.349245123577929917e-08
2.460039407014846802e-02
9.634800335334148258e-07
1.802694100661028642e-06
5.068728569312952459e-06
5.497725396708119661e-06
1.638083801935863448e-07
1.364804234071925748e-07
1.133341720560565591e-05
1.206522824759304058e-06
8.980805869214236736e-04
2.438193860143655911e-06
3.301357719465158880e-05
1.735266664582013618e-06
1.290224754484370351e-04
1.758208782121073455e-05
1.066335812538454775e-06
1.298179995501413941e-05
3.492231599011574872e-06
2.410948582109995186e-06
2.391660746070556343e-05
1.093336550184176303e-07
2.191170824517030269e-05
1.721010921755805612e-04
2.211258288298267871e-05
1.028383053380821366e-06
1.773013791535049677e-04
1.086557313101366162e-05
1.054025779012590647e-05
2.168384298784076236e-06
1.025660239974968135e-04
6.466972536145476624e-06
6.765417879250890110e-07
3.398374914809210168e-08
1.043715928972233087e-05
1.163427987194154412e-05
8.759406227909494191e-06
2.410324988886713982e-03
1.206965316669084132e-05
1.184646833962688106e-07
3.637821355368942022e-04
2.143127858289517462e-06
1.919368060043780133e-06
5.946551482338691130e-06
5.207505637372378260e-06
7.400764843623619527e-06
2.511164325369463768e-07
8.009533303265925497e-06
6.370962637447519228e-06
3.368216312082950026e-06
2.112856782332528383e-05
1.075188811228144914e-05
6.259614019654691219e-05
6.588201358681544662e-05
5.965469405055046082e-03
1.666996286076027900e-05
1.566308492328971624e-05
5.419311719379038550e-07
3.948548328480683267e-05
6.670642846984264906e-07
5.517810919286603166e-08
1.269488848265609704e-06
1.455969595554051921e-05
3.535119219577609329e-08
1.666582818415918155e-07
2.517036395147442818e-03
5.287151452648686245e-06
1.059787678059365135e-06
4.020684173156041652e-06
1.450983108952641487e-04
3.653785256574337836e-07
2.926822053268551826e-04
1.591233922226820141e-05
5.153158895154774655e-07
5.139314112057036255e-07
4.909571543976198882e-06
3.520019163261167705e-05
2.016342079969035694e-07
1.125035341829061508e-03
7.468985277228057384e-04
1.141777556767920032e-05
1.039468406816013157e-05
8.085793524514883757e-05
1.333064687969454098e-06
1.598780954736866988e-06
2.151317858078982681e-05
8.227762737078592181e-05
3.333795106641446182e-08
5.314208829076960683e-05
9.771013537829276174e-06
5.660408735275268555e-02
1.565897764521650970e-05
4.525798431131988764e-05
1.324043637396243867e-06
1.303239696426317096e-05
1.892998056973738130e-06
5.174435955268563703e-06
1.625655801035463810e-03
4.347033245721831918e-05
1.111248711822554469e-04
2.417670827981055481e-07
6.694161584164248779e-06
1.635042950510978699e-03
1.080999281839467585e-04
6.797427431592950597e-06
6.174009467940777540e-05
4.365879067336209118e-05
6.740922690369188786e-04
9.136255248449742794e-04
6.220537215995136648e-06
1.690933402187511092e-07
2.874708570743678138e-06
1.280455563801297103e-07
1.642548426161738462e-07
4.122738062051212182e-08
1.022728101816028357e-04
1.563556537576005212e-07
3.780755264415347483e-08
9.532815056445542723e-06
4.167883815853201668e-08
8.687017611919145565e-07
6.988440492960990014e-09
2.799974367917457130e-07
9.262299016654651496e-08
5.965980562905315310e-07
2.082046677287507919e-07
2.548615896103001432e-07
2.294185108553392638e-08
1.536816256475503906e-07
1.277577013070185785e-07
2.898634420489543118e-06
4.879001949120720383e-07
5.047304439358413219e-04
8.342786713910754770e-06
1.945756139321019873e-06
2.484907054167706519e-05
6.225721881492063403e-05
3.594290774344699457e-06
5.310892447596415877e-06
2.871042624974506907e-06
3.242049842810956761e-06
4.597687279783713166e-07
1.024276116368127987e-06
1.160652459475386422e-06
2.383313767495565116e-05
1.071862925527966581e-06
2.101828222578205896e-08
2.007182899887993699e-07
1.438765480088477489e-07
8.999160883149670553e-08
1.130957016926004144e-08
1.667726756693355128e-08
8.074004290392622352e-05
1.656636960944979364e-08
5.688035525963641703e-05
1.186308281830861233e-06
2.847854375431779772e-05
1.226684980792924762e-04
3.023599219886818901e-07
3.864938616752624512e-01
1.955638026629458182e-06
2.804976538754999638e-04
3.089994379479321651e-06
1.134134254243690521e-05
6.076204590499401093e-04
3.713407750183250755e-06
6.829464837210252881e-05
9.380208211950957775e-06
5.505834633368067443e-05
8.672459051012992859e-03
8.451918256469070911e-05
1.414847094565629959e-03
1.578673845870071091e-06
5.723483809561003000e-06
5.534391675610095263e-06
2.530379788368009031e-05
1.201491670599352801e-07
5.331574720912612975e-05
1.830241089919582009e-04
1.442920734007202554e-07
8.658919909976248164e-07
1.770670860423706472e-05
1.297197229632729432e-07
2.188515509260469116e-06
4.393841209093807265e-06
5.837068427354097366e-03
