7.666772079493306118e-16
2.590991454048431619e-14
8.723394118062381686e-15
5.326102514753572326e-14
3.202272431598873759e-15
5.244521722284900545e-13
9.037263125344363601e-13
1.546636950455759774e-12
1.063053318333187502e-13
8.792823375869743274e-14
2.062791343987457893e-12
3.062015701757458963e-13
7.115666020816868720e-13
1.556565857110947526e-12
1.796212050625412004e-12
1.335271276143787378e-13
9.089474832524313541e-12
2.876371016369283495e-13
7.840127744067337812e-13
1.000334450690365529e-11
6.085028314561924390e-13
9.736741306883706093e-14
1.501787247077529530e-13
1.137029787814589077e-13
1.114706525869035847e-12
1.736850802069866972e-10
2.130943199674106836e-09
1.698508445002744338e-09
4.176649026632617279e-10
4.633780338603177285e-12
4.031340192223176189e-11
2.733179238489924501e-10
1.217635103856196110e-09
7.343912804269603356e-12
2.403616888857484923e-11
2.289800076979431331e-12
8.136799610827805118e-13
4.431368466617513491e-12
1.221415502072886738e-08
5.556626339608961018e-11
5.826922055973682291e-09
1.016418416099895694e-08
7.707530613743074355e-09
5.036220745990860337e-11
2.106104041166290131e-10
7.897457132699514659e-10
1.810744554298082676e-09
2.716961378101956370e-11
1.833892060562267168e-14
4.999406379331550188e-13
2.350892375733992790e-13
1.426080594216748432e-14
2.451709057993411989e-09
6.564637028416697717e-11
7.818467401277118256e-11
4.959001265181228746e-11
6.387299716914540682e-11
2.230849671658319266e-10
6.681077219239384135e-11
1.142313743596190534e-10
2.379372254779354989e-08
9.476432659416555992e-12
1.104367031851127834e-11
7.405955731489000105e-13
4.641083524437039642e-13
2.010645556299595071e-12
1.203498967150551380e-10
3.952205923640761398e-11
2.989210962089927648e-11
1.309893998824307459e-10
1.298970746574923396e-04
5.289915350203955313e-08
1.173203756366092421e-07
1.628437712497543544e-05
9.723295079311355948e-05
5.960998237242165487e-07
6.002974987495690584e-05
9.996876716613769531e-01
4.350898734628572129e-07
7.149705716358312202e-09
7.401531780049444564e-14
8.110895635682346949e-12
3.374971309366703309e-12
1.942663694839974475e-13
1.531308039355236406e-13
2.113426621208613909e-11
2.865885913999610679e-12
2.363885657856966416e-14
1.697517045548893599e-13
1.161744057751783535e-14
1.742382686699059380e-13
8.878252408424380793e-13
6.327343705404830931e-13
1.199125976465709176e-12
1.105552932187392479e-12
1.003992895765026816e-11
3.893987183482133796e-13
3.851056978735126202e-14
8.750522889297042417e-15
1.829967248697869642e-15
1.557591776640398357e-14
1.545297364461545309e-13
1.528673563601368190e-12
2.714258803609634341e-14
1.096859473907751958e-12
6.631527331392092495e-14
1.404868771635132615e-14
1.087759114552777628e-12
7.204262880700085248e-11
3.043953977766022945e-12
1.289412478698570563e-12
2.534608113669012397e-11
1.069397435188301770e-11
6.510572636564404547e-10
2.798704878959057396e-10
1.677547163680959130e-11
9.614826296244771697e-11
1.546866205005131834e-13
3.995684616509009857e-10
1.912379048008006066e-06
1.246703220658673672e-07
1.023530860067012327e-08
1.923837174636067182e-12
1.201107269199752636e-10
9.723515326243159507e-09
1.380087016888964513e-10
4.798346822099119890e-07
4.389103148852782632e-14
1.878145398535521760e-13
4.364466009735765151e-15
5.090795491456906810e-15
1.593398806995494077e-13
2.084093395906747026e-14
3.016188373280298540e-13
8.318492887517039275e-15
2.979754030324466285e-12
1.494665800632830055e-13
1.633638055831710539e-14
5.437611081890447728e-13
5.125850698756151402e-12
7.663187033719875974e-13
1.029509797182380504e-13
8.389683045506579617e-12
1.277144216120865150e-13
1.522415853593642870e-14
6.823082477160936909e-15
5.423852488558970897e-14
8.081640283201518837e-14
1.207317140819496107e-15
1.317578172420666958e-15
7.453779482741521023e-14
4.505479106117760146e-13
2.019853400747444183e-14
5.978500419739516888e-16
1.690358960694060639e-15
3.443058284226946375e-13
3.755803380431875504e-14
5.828663425392135999e-14
1.161060044765557797e-13
1.137879666792546152e-14
1.867071103435870641e-15
5.318113977621427568e-14
2.194730637191440875e-14
1.464948767761903303e-13
1.985378685455743697e-13
2.785178500590984596e-14
4.319993730686304267e-14
6.043271081040274550e-14
3.246221379812203045e-13
9.886106927395939964e-15
6.041104031948019149e-14
3.994047930930277879e-13
5.069887923109944738e-14
2.956614445458194407e-13
2.135674144856155449e-14
1.021904932094024054e-14
5.498474058333001346e-14
7.302304919597213395e-15
2.775014918375562356e-13
1.314634436467426726e-14
3.336575646374910671e-15
2.471116844135479163e-13
6.670103244689126742e-14
9.359001204231609528e-14
2.794673401116526401e-13
4.930457626374507019e-13
7.781619180404972247e-14
5.860761637284384040e-13
4.772213982491557704e-13
3.943123171729068233e-12
1.611427327295397727e-14
9.868464552476030605e-13
1.517476736715567265e-13
3.232788385945650766e-13
1.388045278522475560e-15
3.207740876306347522e-13
1.266591676376063735e-13
2.550476682335132278e-14
2.188381278218822640e-14
2.239142031512653119e-13
2.329922062574429908e-12
1.083491003622989723e-13
2.801217374379105784e-12
2.388012544326557907e-14
2.735896599060424345e-14
1.777635350930836106e-14
4.347082318677947255e-13
7.882451337698839766e-14
1.127897905281449731e-12
1.425931855231210577e-13
3.135789154382062627e-13
2.769056143235582024e-13
4.263688570770290259e-15
3.076227152783855834e-14
3.583990539784455420e-14
7.615100634491070442e-14
1.085207634475213179e-13
1.071006889945269602e-13
1.969252126816922743e-13
1.900983981773657350e-13
8.362866741338029208e-14
5.041710186273404282e-14
2.435445034120083119e-15
2.689597905218446376e-15
3.713553377022831004e-15
1.299958675860662938e-13
2.126382362831365225e-14
4.091687519401990270e-14
1.459751678529411928e-14
9.817109317578499167e-15
3.789573228786188852e-14
1.323990965690705068e-13
1.551507538980270717e-14
1.217023714878556762e-14
1.075142816301440790e-14
3.227845372716017791e-14
2.470843625188012815e-13
9.100932626873031728e-14
5.910929298108547059e-14
1.555433367284204949e-14
3.273827403290664739e-14
5.923038481122494536e-14
9.251883384842757296e-15
1.810059941558320173e-14
4.935824884526101783e-15
7.430628378227166486e-14
3.966139279520421168e-14
3.170100426196260923e-15
3.375262182174856330e-15
6.766060219151777411e-15
1.319762035116925358e-14
5.763035448164144370e-13
9.530093728060684555e-14
8.002674450847610532e-14
1.529565184362965957e-13
1.805552371026211689e-15
3.768303215041096665e-14
5.378203087822710712e-15
2.658046647911228855e-14
1.579530268787463637e-14
7.088252282287763224e-16
3.379268859773605985e-15
1.995799528517906013e-14
7.853979172209833715e-15
1.605669400607870334e-13
9.473743336585287167e-15
4.569287114473963296e-13
2.870879261315101294e-13
9.549203875552914056e-13
1.867135266181625154e-15
7.473620721311184656e-15
1.158637056197960036e-14
1.381223152345512073e-12
8.437464594189536538e-14
4.324156728215469703e-14
2.800911358315921751e-13
3.482174130205878404e-14
2.709537509724274651e-13
3.612809649968656833e-14
1.737496661846117674e-14
7.416281672979752049e-15
6.295583900115669929e-14
4.343441296732197809e-14
4.089040117925346954e-15
9.979416923898420944e-14
3.716765325958819310e-14
6.305173668331304215e-14
8.301568661011130001e-14
1.106060704722348909e-13
1.917702413154701718e-14
4.673067556287997804e-14
1.149326808854919668e-14
2.376098305945421006e-15
3.728160968417999765e-14
2.190289474042397128e-14
6.833857075063190512e-14
4.414782307901512354e-16
1.077664009868943215e-14
5.945188731506373392e-14
6.011738958207335504e-13
3.756667510401712207e-08
4.651840856961797499e-10
1.601095434011767793e-08
7.551421390417090151e-07
6.405166619316560173e-09
8.138880680519378075e-09
1.777632208099788613e-10
1.631888267183967400e-06
1.667413984662857729e-09
1.172493907519722711e-10
5.204429385230469052e-07
1.214652645131764075e-08
2.905846088196994970e-07
9.524731012788834050e-07
3.763406919432554787e-09
1.474677446822170168e-08
2.606695415074966604e-10
1.383735681592668243e-09
1.458568960055472985e-10
1.683582162570473884e-08
3.203077980629132071e-08
5.799820623764162519e-10
1.031111529492534373e-09
8.770689036152745643e-12
5.519297172074111302e-11
4.065801081226672054e-12
4.181303636663358247e-10
4.068144221491820645e-08
5.516724854714993853e-09
3.634117173856310501e-10
2.661874626969096269e-12
6.977920845308016595e-12
1.781066511993573825e-14
2.565891563891670168e-13
9.299941323764535084e-14
3.851189115874897873e-14
1.472039330707719529e-11
4.236517956108035166e-14
3.310357647316785126e-15
4.495571124564501364e-14
4.303135064530512477e-14
3.409760538156114684e-13
2.310121766189304759e-14
2.547031053949655455e-13
4.657253112349581115e-15
7.493708615875088741e-14
9.448406887067016535e-15
3.825665810888462942e-15
1.169673841290574945e-12
3.435546931575966800e-13
2.142392860338127036e-11
3.486553629356362038e-14
1.964966343391723325e-14
4.453657562642106271e-14
3.158790842284521505e-14
2.787208499752374252e-14
2.771558156589026822e-11
3.828649636911096721e-12
2.997577771939041735e-13
5.225228683438699895e-14
2.660426403917198757e-13
6.451730019370674474e-14
1.246588688394792421e-13
1.155182720313785438e-12
2.515808091366200649e-12
1.214236637668911212e-14
4.388136239567668167e-16
2.391882637862562805e-14
4.587553142812277052e-14
6.389186461798132544e-15
1.634511617850872844e-13
4.566322431395937465e-14
2.389781623458875348e-13
3.612501465501127829e-13
7.286897322524021892e-13
2.575608827506525172e-14
7.167737811706459405e-14
2.073374458233523399e-12
6.287007047779680224e-13
2.164627425059201943e-14
8.855877186089711195e-13
1.073274176916503078e-14
2.553319155499528259e-14
4.964485853659050818e-13
2.862109692042952291e-13
6.422693052312439255e-14
8.338284659362583257e-15
3.476287590035639918e-14
8.191370182793113880e-15
7.766416294254473163e-15
3.070618574945588319e-13
4.156603277446612593e-15
8.047230416752260140e-14
1.322678538960911365e-13
9.219177071057016448e-14
8.450529772469073109e-13
5.408342176882463548e-12
7.603671164924108439e-12
3.484379465187349700e-14
8.591796436634158152e-13
2.807269119855376749e-14
1.902894752577391491e-14
4.150837862987831473e-14
3.403093101371143514e-14
3.583269121823278933e-16
5.938745457755728336e-16
1.945805712735837467e-12
5.370630697977551993e-14
1.839050618265987945e-15
1.592438881497029723e-13
3.035064875204357415e-13
1.096388401616334163e-13
7.490521739114339161e-14
1.402323352925338718e-13
9.517487844926467155e-14
5.178628251049921527e-13
4.569729536722973162e-14
4.499300525927967323e-15
1.024848456289027473e-14
1.129129775789827761e-11
8.603631452023738357e-14
3.590582909121509125e-12
6.886710711244414806e-13
1.998883697451603325e-12
4.556554786261379775e-13
1.454485810221603503e-13
2.444705679213732274e-12
2.032190171349923524e-12
1.074621641672379724e-11
1.967008153580529495e-12
2.370397443867550136e-13
1.603749481848305847e-14
6.813713005274224521e-13
1.603159269290659050e-14
7.545200900703485924e-13
1.285392148622777064e-13
2.466505732295898312e-14
4.505013170234134501e-14
1.570420768252922539e-12
2.658457289484057740e-14
1.117235210595923789e-12
8.315518954839229426e-13
1.388126918099030771e-12
2.146299664959692294e-14
5.047329402845489310e-14
4.142928269326370816e-14
4.694624883608798649e-14
4.636942414239231258e-13
3.760939476515900992e-12
4.564892216264498578e-15
1.080005018352740969e-15
7.088212395506277019e-12
2.011305184901335252e-12
1.063566417011316267e-13
5.990149240346631654e-14
4.940488296245604261e-11
4.395447493390353122e-13
5.259009373814738098e-12
6.862767190467244927e-13
2.844438822934697297e-13
1.779483504993351062e-11
1.644427324344610586e-13
1.355443426769020743e-12
6.129412515737397982e-12
8.163163612955048887e-13
6.094692892727460176e-13
5.391185561805277374e-15
5.276508938979740382e-13
9.199060716186084619e-15
2.127307153403177470e-14
7.375045886492959113e-12
6.449494801066824046e-13
3.070599465882298262e-14
1.367020429146603711e-12
9.338084911445290737e-14
1.256778155937082753e-13
1.084067240137006824e-14
6.435495447090419652e-14
2.592754136387931396e-12
1.134420031870253531e-12
4.977346439600507585e-15
3.625819262886853522e-12
1.906325032725864066e-13
2.073337974830419261e-13
1.183677128887986388e-14
2.062175571363594750e-14
4.371891778177754151e-14
3.961940150953857653e-12
3.826040040344480531e-10
8.465930040335578610e-11
9.284114682551677933e-14
6.596838418408690341e-13
7.388291909694866266e-13
4.629367093660075039e-14
1.987985649579485092e-13
2.047780212543690026e-13
1.136121361919317785e-13
1.058167971106603600e-13
1.583602633791272862e-14
1.916526019916237056e-13
3.787510235997437746e-12
3.538159077786512396e-13
1.221452626543051423e-12
7.582909994363618011e-14
7.510811634095504452e-13
2.619441772863662088e-12
2.980185976469984510e-12
1.774571266842384087e-12
2.934618964934437857e-13
5.164286424712283274e-13
1.458819095254484943e-14
2.113122231448688604e-13
4.083487833896753960e-13
1.113358672833256180e-13
5.788431366171575831e-12
1.519944787435958955e-13
1.723488769777604956e-14
3.223441750067196354e-13
2.872230448272561354e-14
2.454319570927704364e-13
1.791563791308896370e-14
1.377767105454784022e-14
1.171316461791999108e-13
6.050566297988169140e-12
4.039107440981411223e-14
3.970605176031524741e-14
1.201366615780422031e-13
8.273996552731876369e-15
4.083257847510915473e-15
1.201900585350371142e-13
9.598690115311669935e-13
3.405841418353122707e-13
1.131100828234352096e-13
5.447331987746975926e-15
1.189806767514086858e-14
2.557447255271266817e-14
1.548483970171751767e-13
1.428198515398063084e-14
1.770596845952331772e-14
3.606984773796978461e-14
4.437648978752178897e-14
4.399515419941518735e-13
7.882872821293393506e-14
9.644570298644739026e-13
2.493335670306767726e-13
7.049221015936746326e-12
2.809631664151858443e-14
2.142543793816624638e-15
1.057897056088753784e-14
3.967632158149297927e-13
4.111048659697150165e-14
7.453883430624808071e-13
1.044404566627986364e-13
1.746477582779265569e-14
7.570632781188758962e-16
2.582636913979778279e-15
6.060773627761251170e-13
1.447712934775358118e-13
1.744797069411913037e-13
1.756185664556972337e-13
2.886574358311249852e-15
5.900869257200597184e-14
1.556553930887050186e-12
1.634616717698968158e-14
7.041335339097584342e-15
1.065088450514237520e-14
1.993227936490041957e-14
2.527167928048634771e-12
2.835932545383872821e-14
6.984834006350986238e-15
8.924341842776739586e-14
2.747580537653532273e-13
4.139636767055976385e-13
9.543532075175463480e-15
2.106049492786588040e-12
2.334038249674798282e-14
3.607314777833228736e-14
4.364745598370994850e-13
3.760938229683402634e-13
4.448969404685643170e-15
1.088829750645579908e-13
1.985374890748139998e-13
4.811919092351235605e-13
4.150054526918210696e-14
1.752382960962250991e-11
1.405292847150504953e-13
3.321581020215153002e-13
6.681685153081540207e-12
2.488707753333513351e-13
7.703561638421063673e-13
6.940345718378822248e-15
5.537945861437687523e-13
3.103052008597041722e-14
3.782128486806181356e-14
4.425645844263227657e-14
1.573654570638950007e-14
7.645266364431080319e-11
9.306506845545292617e-14
2.045526799972132576e-14
5.151011561732588007e-11
1.071455979495539168e-10
4.307117474635323295e-14
2.130385101726910146e-14
2.170631838334380337e-13
2.184466529105838495e-13
2.767662130292308786e-13
2.494791211723329516e-13
1.119506302439156331e-13
2.799113154802745917e-12
7.957397761548801185e-13
5.826446963785869571e-12
1.673136347350723252e-12
4.788316011056226174e-13
1.412505502102964772e-13
2.364409666319455816e-13
1.202092641600831582e-14
6.401962848734399358e-10
1.808896795915150568e-14
2.115716239356468797e-12
1.439831869183560986e-13
7.665435397975067788e-14
7.829950880375302624e-13
7.655462201661134003e-12
8.071384272750892208e-13
2.404874429207549263e-14
1.135979496606146898e-15
1.207347329751362608e-11
2.802785943872149188e-14
3.406762109285470241e-14
8.496073311027585451e-13
1.199036855047130867e-12
3.610649973451174333e-12
1.323251268758526833e-13
1.401624302732606964e-11
6.074244297653297320e-13
9.531789420258451884e-13
1.230304378339874827e-13
4.251730803365993960e-13
3.002943895066487179e-14
2.252685986695295711e-14
4.144718856319284939e-12
1.667653320124029559e-12
3.133714804575554735e-13
2.127090387507579727e-12
9.986458188171454253e-11
2.273053402131793715e-14
3.599633069915897376e-13
5.815607869406880237e-13
3.469501595743107458e-12
2.701827748075730229e-13
4.348116240974683744e-14
2.038458648840474341e-13
5.924973510949838040e-13
1.177885805385414653e-12
4.110184177871182426e-15
1.019553060412677764e-14
7.454288041323052505e-15
1.175263906376747269e-13
1.048732295124733815e-13
3.637204469900123804e-13
1.103014367668207762e-13
2.606177907759753970e-14
2.271342700510201040e-13
1.988990704993379155e-13
1.552091381850154161e-13
6.091551281407411866e-14
2.361751853113824851e-12
1.479372722414107333e-13
7.114847719227185285e-14
2.799568192760472189e-15
1.682495255042517485e-14
1.018631742675949262e-14
6.706140769649829303e-14
4.881869986928834282e-14
2.765457784645319883e-12
1.050565223600615286e-15
3.430990951416856838e-12
3.070801923854560300e-08
6.015360328988708649e-14
9.853535522241774203e-12
5.590895585036448345e-13
3.147220372225027762e-14
3.490095040227514378e-13
1.171195844300310096e-13
9.553479968921196885e-14
2.821171471618661580e-14
2.379935576954719800e-15
1.004792240757350699e-14
2.221793170449626320e-13
1.275967551831857366e-14
6.680697255167025728e-14
1.418655333994527784e-14
1.742962718598306537e-11
6.073299500163270928e-15
4.222888531912882826e-12
1.901719337560336953e-10
9.788736661520136551e-13
5.628576624965367370e-14
3.078398945260615860e-14
3.660880802604411788e-14
2.673878696582421277e-12
3.919827922535881748e-14
7.540995416001686213e-14
3.749227762018386700e-13
2.280602193639041930e-13
1.047128810933604590e-14
3.986852962025756730e-14
3.971127964766570095e-14
1.198264144158800448e-12
9.502735580303907359e-15
1.842665695592562991e-13
2.472268483683093265e-12
3.531139072007576096e-14
9.897351289770740801e-15
5.246212535572891689e-13
1.429623902441702621e-14
6.737700675163438291e-12
1.703052236452611001e-14
9.176441209549426881e-14
2.073232210908493300e-12
2.175208364124658900e-12
2.783767140412951591e-13
2.094616364037293899e-12
2.035306125025559965e-11
8.830723695688047492e-14
3.125973655274116858e-12
3.606202521929530169e-13
5.636867468156387187e-15
2.597440220807739619e-13
3.730890870903705650e-15
6.711589617403035390e-11
1.610180765847582518e-13
7.563651006241896985e-15
2.710045512652192734e-12
8.294537101702793153e-15
2.239012842047537893e-14
1.834447417714134450e-15
6.151428108211454138e-13
5.542780470713104535e-11
6.379001602115075276e-13
8.540770087689386614e-13
3.266654728293315324e-14
6.680926292875963290e-14
3.321156826115168048e-13
2.296766834879171437e-13
1.306188925060238273e-14
6.476503361385610447e-13
1.524394691965018367e-14
5.529541532772394574e-14
4.839506399789694768e-12
7.638769445542786807e-14
1.226896476801868710e-14
4.536182966253556048e-14
1.197053307172568637e-12
2.097156507425892297e-14
8.065547334830044934e-14
3.294563244177900474e-13
8.817070032798076523e-15
4.648357436812244892e-13
1.544987248758896564e-14
7.786592957871249499e-14
2.446878149316850104e-13
7.231389423899281521e-13
1.693341511932108800e-14
2.428279813012669541e-14
2.146758248597335772e-14
1.629858249231619371e-12
3.402997285004150108e-13
8.005834900180405778e-14
8.171630733189161333e-11
1.188245465563730896e-12
1.029595245866099518e-11
3.187193009512867548e-10
2.504863851060523672e-11
1.578810554514475939e-10
9.639323708806810109e-14
3.055666275022204947e-14
5.870808396715720967e-13
2.831544948598413436e-13
2.305328576147382125e-14
2.050842524639216388e-15
6.167340062582758742e-15
1.811991854304417782e-13
1.809321442669542535e-10
1.198650987493943276e-11
4.049490709662033339e-14
9.482937438770600025e-13
2.842882179665551234e-13
1.273520460094712536e-12
2.055979220422568532e-13
1.154981600810789377e-13
8.934293734517984031e-13
1.795636556112256699e-12
2.203963635129691651e-14
1.092306150043964585e-12
1.039102834945191192e-14
2.337972548308205056e-14
2.454725706285253856e-14
8.803596957332460171e-14
1.096695772932233803e-13
2.298359739628789457e-15
6.792377532822968522e-14
1.319610416219366839e-15
1.103569411417884560e-14
1.848474932147903260e-12
3.080462046469584214e-13
1.384769696236324774e-14
4.045319665319868987e-15
3.121764999280962627e-13
3.244872090208544835e-13
3.868246326553526071e-14
6.328536192269293426e-14
1.521954390043978728e-14
2.215336854932692390e-12
1.807261048239060426e-15
4.765348080582043622e-07
1.708932881273536597e-13
5.347068274264010768e-15
1.088939864928722967e-13
2.432725719546217913e-14
1.015132734274136472e-14
1.765697641266730789e-13
1.005175523165983270e-14
4.401286735240816927e-13
3.220625602686801037e-14
1.633089774522034077e-10
4.841157314437738446e-13
9.437731222613002235e-14
2.176760507954789148e-12
6.584060367357614033e-15
1.206308002706796279e-13
1.936695263524395444e-14
2.208841189653160814e-14
2.365040163764074027e-14
4.078817090937686407e-13
1.024990769343814279e-11
2.374279700796677606e-13
6.573868619602629693e-12
1.185717149465581599e-11
4.603374363014271775e-14
6.120274100886169411e-13
2.544748808376573468e-13
4.673738609670130550e-13
2.941386961470907058e-14
3.684588170595887169e-13
1.626930187792474669e-11
1.439957196178436732e-14
3.983774505482255701e-14
1.456814337674923465e-14
1.995560834633369751e-13
9.454136258579826091e-12
5.762175404790820243e-14
1.573535897934907890e-12
3.539942644570359676e-12
4.882568280890550727e-14
1.428429423355748185e-11
3.788590331754194962e-14
9.229786666941144913e-14
7.922338457998223671e-13
1.390739953754938085e-12
1.062803494435724319e-14
1.882757730102546656e-13
8.593168223432895436e-14
2.168910125284473356e-13
1.495238123854630841e-14
5.604077721625341790e-14
9.785563201761271479e-13
5.114955835727914846e-14
2.625277653687391188e-13
6.730424187808073389e-14
9.292162308702223150e-13
2.098222040992220316e-13
2.831470734959706803e-12
4.482054376080124580e-13
1.352247781523201187e-14
1.627502657381568740e-13
1.787519920493432779e-13
2.288983672743549747e-12
2.634174379545582007e-14
2.164207533886589041e-13
1.613100386772814421e-14
8.597951079672861568e-15
2.874208778424168498e-14
2.917930654044997851e-13
1.697780262731318768e-12
1.461847678498051639e-13
4.012965547833596477e-15
5.097797184383523472e-13
3.633188585053237496e-14
2.998153754343174660e-14
2.760727708722363061e-14
4.209914480825943661e-13
1.876977983846297993e-13
2.269857343533895899e-13
4.671953877368947849e-14
2.488113542780355514e-14
1.976465594921011926e-13
7.272272519419364922e-14
1.257032780817290973e-12
5.991420467393870908e-13
1.576827996516497188e-13
7.497235999880634549e-15
9.035302887816509809e-12
4.466162479449010958e-14
6.761794457688097282e-10
6.274929171103463266e-14
6.903462176910402093e-14
1.498365884491925648e-12
9.986214871519905056e-14
1.856752869944938711e-13
1.188608586555339741e-11
4.169479431853639895e-13
1.337760718173042207e-11
1.431248674264862242e-12
8.385910780887850802e-15
4.615269754912332267e-14
1.064757819673606276e-13
1.643003190909732986e-14
1.420033371896415805e-14
9.679432412925195739e-14
9.819510655983965108e-14
5.870995421590474717e-14
1.412259557616400013e-14
2.656547670645131864e-13
1.332465089870851771e-13
4.647673847342492781e-13
7.062883433759260116e-15
4.527558341259341201e-13
6.679158636758997236e-13
7.578170946667683872e-13
2.863714853359317081e-13
9.660122094606871102e-14
2.165492828457016294e-12
1.601253174108793753e-13
3.041131799511043177e-13
6.230293516339135973e-13
2.904801914413099317e-14
2.632457782574676441e-13
9.408242414299383682e-13
2.326155490017106642e-13
6.194458330608873520e-14
7.832236378554902068e-13
3.767378390587966530e-13
4.095782740742848205e-12
2.003260431886547122e-13
1.283510515752428471e-13
1.336645529502467067e-12
7.882448860296875637e-11
4.202407085512893659e-12
1.142763618108832979e-12
3.405817078014350407e-12
1.701055779795932615e-14
5.470893269660104252e-12
4.361658061634299255e-13
1.574899932688111903e-11
1.843604208098120756e-13
5.306454060882703772e-13
1.743001684824385666e-12
1.916098302159191524e-13
9.615300329763373094e-15
4.926819585984731908e-13
5.906952986640956471e-13
1.569469889066334861e-14
6.704085528906611469e-13
1.400123100141550947e-14
4.512666959945524359e-14
1.027218877991918633e-13
3.708561669563126273e-12
4.079945474348700696e-13
2.006521271564250947e-14
4.294691772349645831e-13
2.459938719737153612e-13
1.744298065362026584e-13
1.200662312628164585e-11
6.897315428218767086e-14
8.890593122812262550e-12
2.629069311972480338e-14
5.073481565420756567e-12
2.070422609398714364e-12
4.590538425731580108e-14
7.148855753246266542e-14
8.139414875874429606e-15
9.038659577742524931e-13
1.764331736264779238e-12
1.599764266370373722e-12
1.270668431585519897e-10
9.951195683449709506e-13
5.808205045393366461e-12
1.496331947237194981e-07
1.158019236058294155e-09
6.288480292049314357e-10
9.696965452832273513e-11
8.193726079575025523e-12
1.676763415614512809e-11
4.498402206287721583e-10
7.503642507344920887e-08
3.866089306331366160e-12
2.232359609666278999e-11
9.027173106246344503e-12
2.303546242643506048e-12
