1.232650160789489746e+00
6.425514072179794312e-02
0.000000000000000000e+00
2.754585444927215576e-01
2.134400606155395508e-01
4.503704547882080078e+00
2.977669537067413330e-01
2.630891278386116028e-03
3.873065114021301270e-01
3.260986804962158203e-01
1.330046504735946655e-01
9.758154153823852539e-01
2.588679790496826172e-01
4.309299588203430176e-01
7.206839509308338165e-03
7.318679094314575195e-01
4.890999794006347656e-01
3.190673142671585083e-02
1.574387788772583008e+00
4.902911558747291565e-02
3.064432926476001740e-02
6.609640270471572876e-02
0.000000000000000000e+00
1.986241340637207031e-02
3.188466653227806091e-02
1.861332654953002930e-01
1.062042778357863426e-03
1.062242314219474792e-02
1.760639995336532593e-01
1.039828956127166748e-01
2.911330223083496094e+00
0.000000000000000000e+00
4.370509982109069824e-01
2.167523384094238281e+00
1.288379073143005371e+00
5.131517071276903152e-03
2.075221985578536987e-01
5.759710818529129028e-02
1.505247410386800766e-02
6.709241122007369995e-02
4.013909492641687393e-03
6.931542605161666870e-02
1.406857490539550781e+00
1.655965894460678101e-01
1.750017642974853516e+00
1.766619235277175903e-01
1.653893709182739258e+00
2.791776359081268311e-01
4.040058255195617676e-01
4.225276708602905273e-01
8.378635346889495850e-02
4.807299375534057617e-02
6.902326345443725586e-01
9.404923021793365479e-02
1.562743932008743286e-01
8.497153520584106445e-01
1.717268526554107666e-01
4.017235934734344482e-01
2.145107239484786987e-01
9.249684810638427734e-01
2.516601681709289551e-01
4.879403710365295410e-01
9.004780650138854980e-01
8.857794106006622314e-02
1.521246433258056641e+00
3.051363676786422729e-02
1.726424694061279297e-02
2.416128478944301605e-02
0.000000000000000000e+00
4.943289458751678467e-01
2.532908320426940918e-01
2.813943624496459961e-01
9.618777781724929810e-03
1.345902979373931885e-01
1.047591805458068848e+00
2.772358179092407227e+00
1.427500545978546143e-01
2.371368370950222015e-02
4.818329811096191406e-01
3.060776889324188232e-01
1.249758481979370117e+00
0.000000000000000000e+00
2.187492132186889648e+00
6.099448204040527344e-01
1.028323531150817871e+00
1.006262063980102539e+00
1.190053671598434448e-02
2.068439722061157227e+00
1.714626908302307129e+00
2.192886590957641602e+00
0.000000000000000000e+00
2.681756205856800079e-02
4.814161956310272217e-01
8.125396966934204102e-01
1.880127549171447754e+00
1.324076205492019653e-01
3.085334971547126770e-02
4.155012965202331543e-02
5.249387621879577637e-01
2.214214205741882324e-02
9.975412487983703613e-01
1.370413303375244141e-01
7.058042287826538086e-01
1.662835597991943359e+00
3.927251398563385010e-01
8.315518498420715332e-02
4.186747968196868896e-02
2.997006773948669434e-01
6.662544328719377518e-03
8.410626053810119629e-01
0.000000000000000000e+00
6.567924618721008301e-01
1.592739224433898926e+00
0.000000000000000000e+00
0.000000000000000000e+00
1.366755008697509766e+00
5.839771628379821777e-01
2.665494680404663086e-01
0.000000000000000000e+00
1.470434069633483887e+00
4.547325894236564636e-03
3.502555489540100098e-01
0.000000000000000000e+00
2.435616254806518555e-01
5.621899962425231934e-01
1.154983863234519958e-01
0.000000000000000000e+00
8.480462431907653809e-02
1.768004775047302246e+00
1.727135777473449707e-01
8.099039793014526367e-01
2.047811076045036316e-02
2.332598567008972168e-01
9.411486983299255371e-01
0.000000000000000000e+00
3.514022588729858398e+00
7.975725531578063965e-01
1.208735853433609009e-01
1.896279603242874146e-01
1.022029280662536621e+00
3.330301046371459961e-01
2.556923963129520416e-02
3.032158911228179932e-01
1.190762408077716827e-02
3.425660431385040283e-01
1.136593461036682129e+00
1.983068883419036865e-01
4.839318394660949707e-01
0.000000000000000000e+00
2.670050561428070068e-01
1.171473488211631775e-01
1.314035177230834961e+00
3.830324411392211914e+00
5.209360718727111816e-01
3.477431237697601318e-01
3.828522562980651855e-01
1.796220898628234863e+00
0.000000000000000000e+00
4.012845754623413086e-01
0.000000000000000000e+00
0.000000000000000000e+00
8.524618148803710938e-01
8.800811320543289185e-02
5.589886009693145752e-02
7.272613048553466797e-01
1.149569511413574219e+00
1.060094356536865234e+00
1.591456413269042969e+00
2.019732259213924408e-02
3.259741663932800293e-01
2.006161451339721680e+00
1.153627485036849976e-01
4.079919159412384033e-01
1.871177554130554199e+00
0.000000000000000000e+00
2.689190022647380829e-02
1.168950438499450684e+00
8.853759616613388062e-02
0.000000000000000000e+00
2.215465903282165527e-02
3.624856173992156982e-01
4.785459041595458984e-01
2.034533977508544922e+00
9.422442317008972168e-01
4.637561798095703125e+00
2.484953701496124268e-01
4.473538398742675781e-01
0.000000000000000000e+00
8.549586534500122070e-01
8.290414810180664062e-01
4.928761720657348633e-01
1.925994642078876495e-02
1.349647998809814453e+00
1.102496743202209473e+00
3.710760921239852905e-02
9.411961436271667480e-01
1.108084201812744141e+00
2.610989511013031006e-01
3.449769318103790283e-02
1.835364252328872681e-01
3.476864695549011230e-01
6.349866837263107300e-02
1.149297237396240234e+00
2.311151504516601562e+00
1.460325419902801514e-01
0.000000000000000000e+00
4.534547626972198486e-01
0.000000000000000000e+00
1.646910458803176880e-01
2.608990669250488281e-02
0.000000000000000000e+00
4.170514643192291260e-01
7.963132262229919434e-01
2.712803184986114502e-01
7.798596620559692383e-01
9.319142252206802368e-02
8.630037307739257812e-02
2.194288492202758789e+00
1.458192942664027214e-03
1.583094447851181030e-01
1.385091543197631836e+00
1.646350175142288208e-01
5.994186997413635254e-01
3.284255743026733398e+00
7.380402088165283203e-02
5.220646262168884277e-01
0.000000000000000000e+00
0.000000000000000000e+00
1.260948018170893192e-03
2.924909293651580811e-01
3.377640247344970703e-01
1.533107876777648926e+00
3.644330501556396484e-01
7.410289049148559570e-01
1.753237366676330566e+00
5.440440773963928223e-01
8.551418781280517578e-03
1.426469326019287109e+00
8.042819052934646606e-02
1.886096410453319550e-02
0.000000000000000000e+00
7.754358649253845215e-01
0.000000000000000000e+00
7.479678094387054443e-02
8.153065443038940430e-01
4.556116759777069092e-01
6.299456954002380371e-02
4.684412479400634766e-01
3.693625032901763916e-01
2.000385046005249023e+00
5.091544389724731445e-01
7.688193321228027344e-01
2.355854064226150513e-01
2.795657515525817871e-02
2.840600535273551941e-02
3.420120179653167725e-01
2.477156519889831543e-01
5.386310815811157227e-02
9.268316030502319336e-01
2.825722992420196533e-01
2.338440567255020142e-01
2.513632476329803467e-01
1.655858755111694336e-01
3.505123555660247803e-01
1.182835221290588379e+00
5.787853151559829712e-02
1.060704946517944336e+00
2.418827265501022339e-01
0.000000000000000000e+00
1.172445639967918396e-01
2.384115934371948242e+00
4.264861717820167542e-02
0.000000000000000000e+00
0.000000000000000000e+00
2.719340920448303223e-01
1.746716141700744629e+00
1.237114906311035156e+00
1.067590951919555664e+00
0.000000000000000000e+00
1.544836521148681641e+00
2.543714083731174469e-02
1.085250154137611389e-01
2.884484641253948212e-02
1.069431900978088379e+00
1.453862935304641724e-01
5.201742425560951233e-02
6.551271677017211914e-01
7.699399590492248535e-01
0.000000000000000000e+00
1.998098373413085938e+00
0.000000000000000000e+00
1.303948044776916504e+00
2.143475413322448730e-02
8.009900152683258057e-02
4.303482174873352051e-01
6.786748766899108887e-02
3.740937262773513794e-02
1.269090414047241211e+00
2.969722151756286621e-01
9.309920668601989746e-01
9.127712994813919067e-02
9.865400940179824829e-02
8.105774521827697754e-01
1.456924974918365479e-01
2.762207388877868652e-01
5.859025195240974426e-02
6.505519151687622070e-01
2.336596138775348663e-02
4.303800761699676514e-01
8.249210193753242493e-03
3.643021881580352783e-01
0.000000000000000000e+00
8.119464516639709473e-01
1.690278761088848114e-02
9.840167164802551270e-01
1.492064833641052246e+00
7.285389304161071777e-02
1.678549349308013916e-01
2.996274456381797791e-02
1.427101939916610718e-01
8.573399186134338379e-01
7.172717452049255371e-01
5.440749600529670715e-02
1.311545819044113159e-01
5.959615856409072876e-02
3.183750629425048828e+00
1.899927258491516113e+00
0.000000000000000000e+00
3.545919954776763916e-01
3.967287018895149231e-02
0.000000000000000000e+00
0.000000000000000000e+00
5.258426070213317871e-01
3.474362492561340332e-01
1.598563790321350098e+00
6.794574260711669922e-01
0.000000000000000000e+00
1.493542551994323730e+00
1.739284396171569824e-01
1.304822802543640137e+00
8.007089495658874512e-01
1.207436546683311462e-01
9.393759816884994507e-02
1.855633020401000977e+00
3.256349638104438782e-02
6.458520889282226562e-01
2.376505360007286072e-02
7.060732692480087280e-03
1.211673974990844727e+00
3.666879832744598389e-01
0.000000000000000000e+00
1.019010767340660095e-01
1.435674190521240234e+00
3.342943489551544189e-01
0.000000000000000000e+00
6.645576953887939453e-01
1.836975663900375366e-01
2.314923405647277832e-01
6.896887440234422684e-03
3.355707824230194092e-01
1.990337371826171875e-01
1.131609201431274414e+00
6.213441491127014160e-02
2.787176966667175293e-01
1.824007630348205566e-01
5.229248404502868652e-01
4.795383512973785400e-01
4.347758740186691284e-02
3.101859092712402344e-01
2.735334336757659912e-01
8.214744925498962402e-01
3.179558515548706055e-01
5.293081402778625488e-01
1.248211562633514404e-01
0.000000000000000000e+00
2.780626714229583740e-01
4.765164107084274292e-02
4.246264934539794922e+00
2.713100016117095947e-01
2.153346501290798187e-02
4.794639945030212402e-01
0.000000000000000000e+00
9.464494585990905762e-01
1.033268570899963379e+00
2.604202628135681152e-01
4.619331359863281250e-01
1.093236878514289856e-01
1.421952992677688599e-01
2.568392276763916016e+00
1.149071473628282547e-02
6.086880564689636230e-01
0.000000000000000000e+00
3.379939556121826172e+00
2.850832045078277588e-02
5.358568951487541199e-02
2.220439910888671875e-02
9.917217493057250977e-02
0.000000000000000000e+00
4.059699773788452148e-01
2.952345311641693115e-01
1.013296365737915039e+00
2.790355384349822998e-01
1.746330410242080688e-01
0.000000000000000000e+00
1.024194002151489258e+00
2.404211461544036865e-02
1.496845960617065430e+00
3.627759218215942383e-02
2.464297413825988770e-01
9.680806100368499756e-02
0.000000000000000000e+00
2.370476484298706055e+00
7.728970050811767578e-01
0.000000000000000000e+00
2.516810297966003418e-01
2.145369350910186768e-02
1.867884993553161621e+00
6.074067950248718262e-01
1.918740570545196533e-02
1.399314999580383301e-01
1.216183677315711975e-01
0.000000000000000000e+00
0.000000000000000000e+00
1.581453561782836914e+00
1.966931670904159546e-02
1.056728512048721313e-02
0.000000000000000000e+00
6.723918486386537552e-03
1.495938003063201904e-01
8.431209921836853027e-01
0.000000000000000000e+00
2.122980952262878418e-01
0.000000000000000000e+00
9.601315855979919434e-02
8.981458544731140137e-01
6.974275708198547363e-01
2.051842957735061646e-01
3.144406378269195557e-01
1.183647140860557556e-01
3.362407982349395752e-01
2.470384091138839722e-01
0.000000000000000000e+00
5.547235906124114990e-02
5.796322599053382874e-03
5.999254807829856873e-02
4.611621797084808350e-01
8.465355038642883301e-01
5.446809157729148865e-02
7.576878070831298828e-01
6.242450326681137085e-03
0.000000000000000000e+00
5.374306440353393555e-01
3.236283734440803528e-02
7.187537103891372681e-02
2.513597488403320312e+00
3.693167527671903372e-04
2.257657237350940704e-02
1.028241142630577087e-01
7.409133017063140869e-02
1.389280892908573151e-03
1.870805770158767700e-01
3.570105075836181641e+00
1.640481591224670410e+00
4.008305072784423828e-01
1.494316577911376953e+00
1.107048708945512772e-03
1.284545063972473145e+00
1.104794502258300781e+00
5.676587671041488647e-02
7.172365188598632812e-01
3.101304918527603149e-02
7.180211544036865234e-01
6.391187757253646851e-02
0.000000000000000000e+00
0.000000000000000000e+00
4.205865561962127686e-01
1.017273813486099243e-01
4.347904324531555176e-01
3.261523842811584473e-01
4.475509524345397949e-01
0.000000000000000000e+00
1.828061342239379883e-01
6.046691536903381348e-02
4.491550922393798828e-01
9.335083514451980591e-02
4.406980276107788086e-01
5.940345674753189087e-02
5.945935249328613281e-01
0.000000000000000000e+00
3.469011545181274414e+00
0.000000000000000000e+00
1.974357962608337402e+00
4.860098958015441895e-01
9.477983415126800537e-02
1.390638351440429688e+00
6.183034777641296387e-01
0.000000000000000000e+00
0.000000000000000000e+00
1.834728121757507324e-01
0.000000000000000000e+00
3.530040740966796875e+00
3.142787516117095947e-01
1.066219955682754517e-01
8.923276066780090332e-01
0.000000000000000000e+00
4.816380143165588379e-02
3.509688973426818848e-01
1.525807231664657593e-01
6.468187570571899414e-01
2.362618923187255859e+00
8.448841571807861328e-01
1.686241179704666138e-01
0.000000000000000000e+00
4.271683990955352783e-01
1.272610872983932495e-01
2.549984455108642578e-01
5.236520767211914062e-01
4.530546069145202637e-02
5.244895815849304199e-01
1.548112928867340088e-01
4.888874012976884842e-03
1.627846807241439819e-01
7.400116920471191406e-01
0.000000000000000000e+00
8.864763379096984863e-01
0.000000000000000000e+00
0.000000000000000000e+00
0.000000000000000000e+00
6.796889007091522217e-03
3.210746645927429199e-01
3.023734986782073975e-01
4.223332703113555908e-01
1.523050200194120407e-02
4.811925441026687622e-02
2.160264551639556885e-01
3.971933126449584961e-01
5.525089800357818604e-03
5.385453701019287109e-01
2.626930952072143555e+00
8.943674154579639435e-03
3.812562227249145508e-01
1.204960703849792480e+00
5.626618862152099609e-01
7.746167778968811035e-01
5.566325783729553223e-01
4.770965874195098877e-02
2.831637561321258545e-01
4.134602844715118408e-02
0.000000000000000000e+00
3.344275429844856262e-02
0.000000000000000000e+00
1.174934953451156616e-01
5.447844974696636200e-03
7.686225175857543945e-01
6.801240146160125732e-03
0.000000000000000000e+00
1.300941221415996552e-02
8.772052824497222900e-02
6.592727452516555786e-02
0.000000000000000000e+00
2.175688184797763824e-02
1.756804138422012329e-01
1.867192983627319336e-01
7.774732112884521484e-01
0.000000000000000000e+00
1.255791336297988892e-01
0.000000000000000000e+00
2.251986265182495117e-01
0.000000000000000000e+00
3.471586480736732483e-02
2.857682704925537109e-01
3.775460958480834961e+00
1.147515252232551575e-01
1.839288175106048584e-01
4.746039509773254395e-01
1.667952686548233032e-01
5.726928114891052246e-01
3.884570598602294922e-01
7.249813526868820190e-02
3.660234063863754272e-02
6.666396856307983398e-01
0.000000000000000000e+00
4.492247402667999268e-01
7.914611101150512695e-01
2.518854439258575439e-01
1.462534189224243164e+00
7.023135423660278320e-01
0.000000000000000000e+00
1.547524631023406982e-01
1.471167325973510742e+00
4.195354282855987549e-01
7.539806514978408813e-02
2.771938741207122803e-01
3.360613062977790833e-02
1.717439740896224976e-01
5.195681937038898468e-03
7.872151136398315430e-01
3.286494910717010498e-01
1.093681097030639648e+00
8.534701466560363770e-01
6.154934763908386230e-01
3.212227821350097656e-01
1.574562489986419678e-01
8.183113932609558105e-01
5.715036019682884216e-02
2.787523269653320312e-01
3.459727168083190918e-01
5.927190184593200684e-02
1.127028465270996094e-01
5.435080826282501221e-02
0.000000000000000000e+00
3.127806901931762695e+00
2.467422932386398315e-01
0.000000000000000000e+00
8.918178081512451172e-01
2.927985973656177521e-02
7.786648869514465332e-01
6.205257773399353027e-01
0.000000000000000000e+00
3.536572456359863281e-01
6.168947219848632812e-01
8.290226757526397705e-02
0.000000000000000000e+00
2.171247601509094238e-01
9.946441054344177246e-01
3.589121624827384949e-03
8.905754089355468750e-01
1.223731935024261475e-01
7.750801444053649902e-01
1.524832606315612793e+00
2.620732188224792480e-01
4.101366922259330750e-02
1.621752858161926270e+00
9.126633405685424805e-02
9.022664427757263184e-01
9.595255851745605469e-01
1.209989488124847412e-01
3.625159263610839844e-01
1.757483601570129395e+00
5.559498667716979980e-01
7.380472868680953979e-02
7.542166113853454590e-02
8.894200325012207031e-01
1.873631328344345093e-01
3.306858241558074951e-01
3.802823647856712341e-02
4.330839496105909348e-03
5.697264671325683594e-01
1.894118070602416992e+00
3.482615351676940918e-01
5.680808424949645996e-02
4.316213428974151611e-01
1.949356943368911743e-01
5.553623437881469727e-01
2.094950377941131592e-01
6.024119853973388672e-01
2.243611514568328857e-01
4.499197900295257568e-01
9.814620614051818848e-01
1.066636443138122559e-01
5.201770737767219543e-02
1.533529255539178848e-02
2.662304043769836426e-02
1.949274837970733643e-01
6.240431591868400574e-02
1.975784301757812500e-01
5.131838321685791016e-01
4.925031960010528564e-01
3.072335422039031982e-01
5.990172624588012695e-01
4.247932136058807373e-01
3.991184532642364502e-01
3.816678762435913086e+00
1.503413077443838120e-02
4.049990177154541016e-01
4.288268461823463440e-02
0.000000000000000000e+00
2.735834419727325439e-01
1.831590831279754639e-01
1.245737552642822266e+00
0.000000000000000000e+00
2.754333317279815674e-01
2.392054535448551178e-02
7.117368513718247414e-04
1.894465684890747070e-01
5.751854777336120605e-01
1.110268831253051758e-01
8.739758282899856567e-02
4.070423245429992676e-01
2.312675416469573975e-01
1.584455966949462891e+00
1.291828989982604980e+00
9.171190857887268066e-02
1.774319410324096680e-01
1.453871186822652817e-02
6.917005032300949097e-02
1.185280561447143555e+00
1.343739986419677734e+00
0.000000000000000000e+00
9.751988649368286133e-01
3.655701577663421631e-01
3.648961484432220459e-01
1.158408597111701965e-01
0.000000000000000000e+00
5.493314862251281738e-01
3.947935253381729126e-02
0.000000000000000000e+00
1.337459385395050049e-01
1.208577677607536316e-02
3.376343727111816406e+00
4.138876199722290039e-01
2.238639146089553833e-01
1.545919477939605713e-01
9.899869328364729881e-04
1.092237114906311035e+00
1.686042249202728271e-01
1.346269726753234863e+00
0.000000000000000000e+00
4.831996187567710876e-02
2.045998349785804749e-02
4.530902951955795288e-02
4.843163490295410156e-02
5.539684295654296875e-01
1.852217316627502441e-01
1.019192710518836975e-01
3.869514167308807373e-02
2.655671723186969757e-02
0.000000000000000000e+00
0.000000000000000000e+00
3.295911550521850586e-01
7.493339776992797852e-01
2.987092137336730957e-01
1.470251083374023438e+00
1.634967774152755737e-01
2.465550899505615234e-01
0.000000000000000000e+00
4.930287599563598633e-01
6.509299576282501221e-02
7.873971015214920044e-03
1.262858211994171143e-01
2.823211550712585449e-01
6.686080247163772583e-02
3.863995522260665894e-02
6.659041643142700195e-01
0.000000000000000000e+00
2.632261253893375397e-03
7.884175777435302734e-01
3.966011285781860352e+00
5.117704272270202637e-01
6.110837683081626892e-02
6.251407414674758911e-02
0.000000000000000000e+00
8.181665092706680298e-02
1.644950747489929199e+00
0.000000000000000000e+00
3.982831239700317383e-01
3.450779244303703308e-02
3.148272633552551270e-02
6.617410778999328613e-01
5.009246468544006348e-01
8.035136461257934570e-01
3.129886388778686523e-01
7.506100535392761230e-01
1.082150220870971680e+00
1.719020754098892212e-01
9.256055951118469238e-01
0.000000000000000000e+00
6.576282978057861328e-01
8.316659927368164062e-01
7.120051980018615723e-02
7.332003116607666016e-01
5.418877601623535156e-01
5.759209394454956055e-03
1.614506170153617859e-02
1.267749071121215820e+00
3.027828633785247803e-01
7.593350410461425781e-01
1.130201742053031921e-01
5.587340593338012695e-01
5.377492904663085938e-01
2.897746860980987549e-01
0.000000000000000000e+00
5.851597189903259277e-01
1.652677953243255615e-01
1.052266731858253479e-01
7.493734359741210938e-01
1.376770585775375366e-01
1.764817982912063599e-01
9.800329804420471191e-02
4.116968512535095215e-01
0.000000000000000000e+00
1.207573339343070984e-02
0.000000000000000000e+00
6.483909673988819122e-04
1.650660872459411621e+00
0.000000000000000000e+00
3.220971524715423584e-01
9.035584330558776855e-02
7.190827131271362305e-01
8.450989723205566406e-01
9.706058539450168610e-03
6.396833062171936035e-02
7.497489452362060547e-02
5.297701805830001831e-02
5.597571134567260742e-01
2.643338032066822052e-02
0.000000000000000000e+00
3.497266173362731934e-01
2.375073283910751343e-01
6.019409298896789551e-01
2.818301916122436523e-01
6.698488593101501465e-01
8.331989496946334839e-02
1.079311728477478027e+00
7.556745409965515137e-01
0.000000000000000000e+00
3.705722689628601074e-01
8.573888987302780151e-02
2.975257635116577148e-01
7.969289086759090424e-03
6.306046992540359497e-02
8.218233585357666016e-01
3.239744808524847031e-03
8.520303666591644287e-02
1.155886888504028320e+00
7.394752502441406250e-01
1.910260438919067383e+00
7.403418421745300293e-02
5.882677435874938965e-01
1.596014946699142456e-01
0.000000000000000000e+00
1.342547237873077393e-01
1.895825028419494629e+00
1.695198714733123779e-01
3.655272424221038818e-01
5.704140067100524902e-01
1.052619099617004395e+00
2.637306228280067444e-02
5.482477694749832153e-02
2.648979797959327698e-02
2.647477090358734131e-01
0.000000000000000000e+00
4.125752747058868408e-01
1.557261347770690918e-01
0.000000000000000000e+00
5.968923121690750122e-02
5.184480175375938416e-02
1.037499681115150452e-01
3.267736136913299561e-01
1.169571638107299805e+00
6.844608485698699951e-02
2.480747222900390625e+00
7.570613026618957520e-01
4.223706782795488834e-04
4.464473724365234375e-01
2.208471149206161499e-01
3.023049794137477875e-02
5.883496403694152832e-01
5.071586463600397110e-03
3.656409382820129395e-01
1.304891705513000488e-01
8.963176012039184570e-01
1.440583020448684692e-01
1.669130563735961914e+00
4.298025369644165039e-01
2.339521408081054688e+00
1.857424974441528320e+00
1.226152642630040646e-03
3.511418402194976807e-01
4.520155489444732666e-02
8.949779868125915527e-01
2.791740894317626953e-01
3.176322281360626221e-01
0.000000000000000000e+00
1.081898584961891174e-01
8.125431835651397705e-02
1.388635188341140747e-01
4.781050607562065125e-02
2.103717997670173645e-02
1.973099112510681152e+00
6.248673796653747559e-01
6.180952787399291992e-01
4.814481735229492188e-02
1.939214562298730016e-04
2.840470373630523682e-01
2.779622375965118408e-01
1.160423606634140015e-01
2.398598939180374146e-02
8.507588505744934082e-01
2.089014202356338501e-01
3.255763649940490723e-01
1.967975869774818420e-03
2.974120974540710449e-01
0.000000000000000000e+00
3.438262045383453369e-01
2.142840772867202759e-01
6.466825604438781738e-01
1.170326352119445801e+00
9.453342109918594360e-02
0.000000000000000000e+00
1.834736466407775879e-01
7.946375012397766113e-01
2.015175104141235352e+00
2.884465694427490234e+00
1.249855663627386093e-02
1.101687736809253693e-02
1.387582123279571533e-01
0.000000000000000000e+00
1.139633581042289734e-01
0.000000000000000000e+00
5.008443072438240051e-02
2.373640686273574829e-01
1.888034641742706299e-01
3.118886798620223999e-02
2.899645082652568817e-02
0.000000000000000000e+00
5.236326456069946289e-01
1.983739376068115234e+00
3.974007442593574524e-02
1.310716420412063599e-01
1.841930449008941650e-01
2.563632726669311523e-01
8.065707981586456299e-02
3.708108095452189445e-03
8.379257917404174805e-01
5.960659980773925781e-01
7.488062381744384766e-01
0.000000000000000000e+00
2.792455852031707764e-01
3.269009590148925781e-01
7.228742837905883789e-01
4.530255496501922607e-01
8.089747279882431030e-03
1.740571558475494385e-01
4.052717983722686768e-01
3.424541950225830078e-01
5.032218694686889648e-01
3.382602632045745850e-01
2.086598277091979980e-01
7.238914817571640015e-02
2.458938956260681152e-02
9.817233681678771973e-01
1.973923146724700928e-01
4.968495666980743408e-01
1.153976440429687500e+00
7.852970957756042480e-01
1.897435635328292847e-01
0.000000000000000000e+00
9.819857776165008545e-02
4.086400568485260010e-01
1.258060634136199951e-01
1.442313790321350098e+00
4.075357019901275635e-01
0.000000000000000000e+00
1.666330397129058838e-01
1.964461207389831543e-01
2.740569785237312317e-02
1.386429667472839355e+00
3.248653113842010498e-01
1.704331189393997192e-01
2.697826921939849854e-01
5.842508077621459961e-01
1.582573294639587402e+00
2.934224903583526611e-01
8.254471421241760254e-02
1.012483015656471252e-01
8.266736865043640137e-01
8.108561038970947266e-01
2.638115644454956055e+00
4.430787861347198486e-01
4.880790710449218750e-01
9.652791544795036316e-03
1.767930984497070312e+00
9.910143911838531494e-02
5.494371652603149414e-01
1.726709492504596710e-02
3.744255006313323975e-01
5.077110603451728821e-02
1.375982910394668579e-01
2.478894442319869995e-01
7.091558654792606831e-05
1.026971787214279175e-01
4.060676693916320801e-01
1.177559375762939453e+00
6.113079786300659180e-01
4.328534379601478577e-02
1.748729199171066284e-01
3.070355951786041260e-01
4.184219539165496826e-01
3.680169284343719482e-01
2.215812504291534424e-01
9.516115784645080566e-01
1.137583851814270020e+00
3.723843693733215332e-01
1.002099961042404175e-01
8.147606253623962402e-01
4.788156747817993164e-01
0.000000000000000000e+00
6.721893697977066040e-02
7.647379636764526367e-01
1.346599608659744263e-01
5.663542747497558594e-01
0.000000000000000000e+00
1.370049595832824707e+00
1.106435209512710571e-01
1.189062356948852539e+00
8.377355337142944336e-02
2.352984249591827393e-01
0.000000000000000000e+00
5.429834127426147461e-01
4.716349244117736816e-01
0.000000000000000000e+00
0.000000000000000000e+00
1.005022525787353516e+00
2.012234330177307129e-01
3.497556447982788086e-01
5.092974305152893066e-01
2.364557027816772461e+00
3.037901222705841064e-01
3.847433328628540039e-01
1.595337510108947754e+00
6.909439563751220703e-01
2.039809525012969971e-01
1.960615999996662140e-02
4.319144412875175476e-03
2.562656439840793610e-02
0.000000000000000000e+00
6.393452882766723633e-01
3.475227057933807373e-01
2.504043102264404297e+00
0.000000000000000000e+00
4.473714530467987061e-02
1.013242244720458984e+00
6.030309945344924927e-02
2.320157587528228760e-01
1.259960412979125977e+00
1.291149854660034180e+00
9.459774196147918701e-02
6.307922601699829102e-01
9.467359185218811035e-01
6.837024539709091187e-02
3.509901463985443115e-01
7.893921136856079102e-01
2.609122276306152344e+00
0.000000000000000000e+00
2.722255885601043701e-01
5.361334681510925293e-01
7.924493402242660522e-02
8.427787423133850098e-01
6.719237565994262695e-02
7.881201058626174927e-02
1.731412291526794434e+00
9.354893118143081665e-02
1.014669895172119141e+00
7.699058651924133301e-01
0.000000000000000000e+00
1.383119914680719376e-02
0.000000000000000000e+00
4.033782780170440674e-01
1.890792399644851685e-01
3.015107810497283936e-01
4.240934848785400391e-01
9.601280689239501953e-01
9.578409045934677124e-02
2.010822482407093048e-02
1.041067123413085938e+00
4.195211887359619141e+00
8.963100612163543701e-02
5.632066726684570312e-01
3.557899594306945801e-01
6.611653566360473633e-01
4.462570250034332275e-01
0.000000000000000000e+00
1.109325140714645386e-01
1.181043028831481934e+00
0.000000000000000000e+00
2.004261016845703125e-01
2.962702885270118713e-02
5.353139638900756836e-01
6.917406320571899414e-01
4.341878592967987061e-01
2.669244073331356049e-02
6.612727046012878418e-01
1.290670871734619141e+00
8.168106675148010254e-01
2.245665043592453003e-01
2.215658128261566162e-01
4.135349392890930176e-02
5.836662054061889648e-01
7.156384587287902832e-01
8.823950886726379395e-01
6.023212522268295288e-02
4.705868959426879883e-01
1.711999177932739258e+00
5.444772839546203613e-01
1.795703172683715820e+00
1.801714658737182617e+00
2.840944826602935791e-01
1.021540090441703796e-01
1.317114949226379395e+00
1.114605665206909180e+00
7.862782478332519531e-02
5.705062150955200195e-01
2.269494831562042236e-01
3.162065893411636353e-02
5.911808609962463379e-01
2.371948808431625366e-01
4.967102408409118652e-02
2.384550124406814575e-01
0.000000000000000000e+00
3.031847476959228516e-01
9.940283745527267456e-02
3.657815512269735336e-03
2.833638191223144531e-01
1.799648106098175049e-01
9.519843012094497681e-02
3.966523706912994385e-01
1.917921155691146851e-01
1.880092740058898926e+00
2.036709897220134735e-02
9.676548838615417480e-02
1.829446852207183838e-01
5.126773715019226074e-01
1.764995418488979340e-02
8.467091321945190430e-01
4.507828876376152039e-02
1.643735319375991821e-01
1.612946987152099609e-01
7.498782593756914139e-03
1.288656294345855713e-01
2.310232371091842651e-01
1.202404778450727463e-02
1.570458710193634033e-02
4.073251187801361084e-01
1.002264738082885742e+00
0.000000000000000000e+00
6.797612309455871582e-01
7.895308732986450195e-01
1.031083106994628906e+00
4.473058879375457764e-01
7.219532877206802368e-02
1.279374957084655762e-01
1.291661262512207031e+00
1.539591550827026367e-01
3.035642020404338837e-02
0.000000000000000000e+00
4.139203429222106934e-01
4.670733213424682617e-01
0.000000000000000000e+00
1.711011747829616070e-03
8.332986384630203247e-02
6.503702402114868164e-01
2.557684183120727539e-01
0.000000000000000000e+00
4.836395382881164551e-02
6.204271912574768066e-01
2.421847581863403320e+00
1.138227224349975586e+00
6.316144764423370361e-02
7.285667657852172852e-01
5.572635680437088013e-03
1.209491133689880371e+00
1.753445863723754883e-01
1.599223494529724121e+00
4.057552337646484375e+00
0.000000000000000000e+00
7.264286279678344727e-02
1.309417247772216797e+00
7.199264168739318848e-01
3.374791741371154785e-01
2.369143217802047729e-01
5.071174725890159607e-02
1.381579637527465820e+00
9.608160257339477539e-01
1.521183848381042480e-01
3.721609413623809814e-01
2.645290195941925049e-01
1.351478099822998047e-01
1.664392054080963135e-01
2.868102192878723145e-01
3.407226502895355225e-01
7.764016091823577881e-02
3.598472848534584045e-02
0.000000000000000000e+00
3.390833362936973572e-02
3.385475277900695801e-01
2.002143114805221558e-02
1.086593747138977051e+00
1.114114761352539062e+00
3.315692842006683350e-01
8.207209110260009766e-01
9.560103416442871094e-01
1.857065111398696899e-01
2.358717471361160278e-01
9.236621260643005371e-01
2.197471447288990021e-02
2.595906145870685577e-02
1.605068743228912354e-01
0.000000000000000000e+00
5.804773569107055664e-01
2.334930896759033203e-01
9.549640119075775146e-02
5.267026424407958984e-01
3.872041404247283936e-01
2.103513777256011963e-01
1.203572988510131836e+00
4.359741508960723877e-02
1.122551560401916504e-01
2.311465097591280937e-03
8.480064272880554199e-01
8.564381599426269531e-01
0.000000000000000000e+00
6.278829276561737061e-02
2.379576116800308228e-02
1.773594766855239868e-01
2.433407604694366455e-01
0.000000000000000000e+00
0.000000000000000000e+00
1.606041043996810913e-01
1.819990389049053192e-02
2.174876213073730469e+00
7.453133463859558105e-01
0.000000000000000000e+00
0.000000000000000000e+00
2.833018004894256592e-01
5.297584086656570435e-02
6.774445176124572754e-01
1.137604117393493652e-01
1.168221473693847656e+00
2.798386573791503906e+00
4.079487323760986328e-01
5.955249071121215820e-01
4.940006732940673828e-01
2.510011672973632812e+00
4.673501476645469666e-03
5.646168813109397888e-02
9.413173422217369080e-03
1.541362144052982330e-03
6.737434864044189453e-02
4.729289561510086060e-02
8.996208012104034424e-02
6.879717707633972168e-01
2.836363315582275391e-01
8.611059188842773438e-02
2.096106112003326416e-01
1.357884854078292847e-01
3.182073831558227539e-01
0.000000000000000000e+00
0.000000000000000000e+00
1.692986011505126953e+00
2.971669137477874756e-01
1.336157768964767456e-01
2.819455146789550781e+00
0.000000000000000000e+00
5.641542077064514160e-01
1.007887840270996094e+00
3.322334289550781250e-01
0.000000000000000000e+00
2.206821441650390625e-01
0.000000000000000000e+00
6.310248970985412598e-01
3.036300651729106903e-03
2.296149730682373047e+00
5.162293314933776855e-01
3.390400886535644531e+00
3.186717331409454346e-01
0.000000000000000000e+00
2.117121964693069458e-01
0.000000000000000000e+00
2.441851139068603516e+00
0.000000000000000000e+00
1.292715314775705338e-04
1.283209085464477539e+00
1.432726085186004639e-01
7.907085120677947998e-02
1.996813863515853882e-01
1.676599383354187012e-01
8.825630694627761841e-02
3.687565326690673828e-01
4.367987215518951416e-01
2.075310498476028442e-01
1.729306101799011230e+00
5.494878813624382019e-02
1.206748113036155701e-01
6.089327111840248108e-02
2.006004571914672852e+00
4.254094660282135010e-01
8.331158757209777832e-02
8.861705064773559570e-01
1.692807301878929138e-02
0.000000000000000000e+00
1.447888731956481934e+00
1.480189412832260132e-01
2.745922565460205078e+00
1.418484561145305634e-02
5.063748955726623535e-01
1.042347550392150879e+00
1.757857799530029297e-01
0.000000000000000000e+00
4.017601013183593750e-01
9.358921647071838379e-01
2.356528304517269135e-02
2.640519440174102783e-01
0.000000000000000000e+00
3.554875254631042480e-01
5.197132751345634460e-02
6.386887431144714355e-01
1.137245595455169678e-01
0.000000000000000000e+00
5.304656982421875000e+00
6.263888790272176266e-04
4.244745969772338867e-01
1.600912213325500488e-01
4.245965927839279175e-02
1.924969255924224854e-01
7.364779114723205566e-01
4.785052239894866943e-01
5.206744670867919922e-01
6.795144081115722656e-01
4.334092140197753906e-01
7.148066759109497070e-01
2.801541984081268311e-01
7.944954633712768555e-01
4.651429876685142517e-02
1.254322171211242676e+00
1.059452369809150696e-01
0.000000000000000000e+00
6.172500848770141602e-01
8.915691077709197998e-02
1.190368771553039551e+00
4.019983112812042236e-01
1.002763271331787109e+00
2.985182404518127441e-01
2.250511944293975830e-01
7.044252753257751465e-02
2.024096488952636719e+00
2.489186823368072510e-01
5.809116959571838379e-01
2.580336034297943115e-01
1.744171231985092163e-01
2.495813928544521332e-02
4.379588961601257324e-01
3.624788522720336914e-01
5.126867890357971191e-01
1.272389531135559082e+00
3.516024649143218994e-01
1.591696739196777344e+00
3.420421481132507324e-02
4.631806164979934692e-03
3.234355151653289795e-01
5.694223642349243164e-01
2.007547169923782349e-01
4.498846232891082764e-01
4.807151794433593750e+00
1.429040729999542236e-02
8.235708624124526978e-02
3.048312425613403320e+00
1.037554025650024414e+00
8.006943762302398682e-02
1.492447972297668457e+00
6.372215747833251953e-01
4.717042148113250732e-01
4.400484561920166016e-01
0.000000000000000000e+00
0.000000000000000000e+00
0.000000000000000000e+00
2.596928365528583527e-02
4.145346581935882568e-01
2.078433275222778320e+00
1.665350645780563354e-01
1.997692704200744629e+00
2.490000873804092407e-01
5.658793821930885315e-02
9.680925309658050537e-02
6.295720934867858887e-01
6.199464797973632812e-01
1.246627688407897949e+00
5.154857039451599121e-01
1.147270947694778442e-01
3.204765021800994873e-01
8.003743886947631836e-01
1.379156112670898438e-01
5.557360649108886719e+00
5.919959023594856262e-02
0.000000000000000000e+00
2.428452298045158386e-02
4.117323085665702820e-02
1.348278224468231201e-01
2.126744985580444336e+00
1.357427000999450684e+00
2.662822902202606201e-01
1.140358000993728638e-01
1.425501346588134766e+00
2.581251561641693115e-01
4.730615764856338501e-02
2.781120128929615021e-02
1.169416867196559906e-02
1.214873313903808594e+00
0.000000000000000000e+00
1.321877837181091309e-01
4.183688387274742126e-02
4.898402988910675049e-01
7.273349165916442871e-01
1.141336038708686829e-01
4.084485769271850586e-01
2.154629230499267578e+00
3.104238584637641907e-02
9.074771776795387268e-03
1.234332323074340820e+00
3.062235713005065918e-01
3.160389959812164307e-01
1.008037447929382324e+00
9.325060248374938965e-01
8.181648701429367065e-02
1.551580667495727539e+00
0.000000000000000000e+00
1.718090772628784180e+00
9.189859032630920410e-02
2.538377523422241211e+00
7.164015900343656540e-03
5.389827489852905273e-01
6.239452958106994629e-01
3.812497258186340332e-01
8.503382094204425812e-03
6.929021328687667847e-02
0.000000000000000000e+00
7.470520138740539551e-01
2.085319757461547852e+00
1.094847083091735840e+00
1.269095897674560547e+00
5.964698269963264465e-02
1.079114973545074463e-01
1.735469698905944824e-02
2.071263790130615234e-01
6.165057420730590820e-01
6.133694201707839966e-02
7.396922707557678223e-01
9.350606203079223633e-01
9.120641648769378662e-02
8.555993437767028809e-02
3.369142115116119385e-02
6.055755913257598877e-02
0.000000000000000000e+00
8.715716600418090820e-01
1.421152204275131226e-01
8.008474111557006836e-01
4.566631615161895752e-01
7.506502270698547363e-01
4.580549895763397217e-01
0.000000000000000000e+00
1.432710438966751099e-01
5.558840632438659668e-01
2.094553709030151367e-01
8.289393782615661621e-02
3.079231828451156616e-03
2.123928815126419067e-01
6.051455065608024597e-02
0.000000000000000000e+00
2.625276446342468262e-01
2.237073928117752075e-01
4.663064479827880859e-01
3.489488363265991211e-01
0.000000000000000000e+00
2.289106883108615875e-02
8.933041691780090332e-01
1.104593276977539062e-01
0.000000000000000000e+00
8.927181959152221680e-01
2.067132741212844849e-01
6.627666950225830078e-02
1.292335867881774902e+00
0.000000000000000000e+00
1.612247973680496216e-01
0.000000000000000000e+00
7.019569873809814453e-01
9.227067232131958008e-02
5.134601891040802002e-02
6.114835739135742188e-01
2.534087300300598145e-01
1.522778421640396118e-01
1.204005599021911621e+00
1.169211789965629578e-01
6.273282766342163086e-01
2.473386228084564209e-01
3.218436241149902344e-02
0.000000000000000000e+00
2.760692536830902100e-01
5.445098876953125000e-01
1.652100235223770142e-01
4.617332816123962402e-01
6.310715079307556152e-01
2.798831462860107422e-02
8.928801864385604858e-02
3.417365550994873047e-01
4.111499309539794922e+00
4.435145109891891479e-02
9.553995132446289062e-01
2.663837373256683350e-02
9.030598998069763184e-01
4.399047046899795532e-02
5.817306637763977051e-01
1.587711125612258911e-01
8.615059256553649902e-01
0.000000000000000000e+00
6.718128919601440430e-02
2.268611341714859009e-01
9.031620621681213379e-02
5.707049965858459473e-01
7.188023328781127930e-01
4.002748131752014160e-01
2.043111771345138550e-01
1.152511779218912125e-02
2.887606620788574219e-03
4.745271503925323486e-01
3.182442486286163330e-01
1.949455291032791138e-01
1.076118499040603638e-01
2.555066645145416260e-01
5.546058341860771179e-02
0.000000000000000000e+00
2.892718315124511719e-01
3.353466093540191650e-01
8.330523222684860229e-02
1.370202302932739258e-01
0.000000000000000000e+00
5.357763171195983887e-01
1.510292291641235352e-01
6.104271411895751953e-01
2.426823139190673828e+00
6.679775565862655640e-02
4.734847843647003174e-01
3.365618705749511719e+00
5.838198661804199219e-01
0.000000000000000000e+00
1.448001116514205933e-01
5.946639776229858398e-01
1.385029684752225876e-02
9.381045103073120117e-01
1.063948035240173340e+00
3.444178104400634766e-01
3.171079397201538086e+00
1.107046380639076233e-01
3.140469789505004883e-01
0.000000000000000000e+00
3.145979881286621094e+00
1.118271872401237488e-01
3.255633115768432617e-01
1.495611574500799179e-02
6.670138984918594360e-02
4.370370209217071533e-01
9.107310324907302856e-02
4.675874412059783936e-01
6.435202956199645996e-01
6.037651747465133667e-02
4.278793334960937500e-01
1.053775101900100708e-01
8.570595830678939819e-02
5.957640409469604492e-01
9.111522696912288666e-03
7.491788864135742188e-01
0.000000000000000000e+00
2.265131771564483643e-01
5.101766586303710938e-01
1.557366549968719482e-01
0.000000000000000000e+00
7.656604796648025513e-02
1.154263168573379517e-01
4.296399280428886414e-02
1.860825538635253906e+00
1.291324943304061890e-02
6.100123524665832520e-01
4.459059834480285645e-01
1.768604069948196411e-01
4.366151115391403437e-04
5.720733404159545898e-01
1.902287155389785767e-01
0.000000000000000000e+00
1.413928121328353882e-01
1.093262657523155212e-01
3.653068542480468750e-01
2.285411953926086426e-01
2.687743902206420898e+00
7.912883162498474121e-02
3.707610070705413818e-01
2.858965098857879639e-01
0.000000000000000000e+00
1.499666333198547363e+00
1.156525254249572754e+00
3.543547689914703369e-01
0.000000000000000000e+00
3.144213557243347168e-02
4.410733878612518311e-01
2.065547406673431396e-01
1.367276310920715332e-01
5.489165335893630981e-02
4.339050054550170898e-01
5.906351208686828613e-01
1.180251017212867737e-01
8.997901529073715210e-02
7.620938420295715332e-01
2.386051416397094727e-01
9.927394390106201172e-01
1.056050181388854980e+00
7.982663512229919434e-01
2.506442964076995850e-01
7.697047293186187744e-02
1.071158528327941895e+00
0.000000000000000000e+00
4.674455616623163223e-03
4.452601969242095947e-01
5.131726264953613281e-01
5.387957207858562469e-03
1.620713949203491211e+00
7.962734997272491455e-02
2.235148847103118896e-02
7.957584857940673828e-01
2.784851193428039551e-02
1.474223658442497253e-02
9.152034670114517212e-02
2.534878253936767578e-01
0.000000000000000000e+00
6.268955469131469727e-01
5.667226761579513550e-02
2.065871506929397583e-01
0.000000000000000000e+00
9.109413623809814453e-02
1.266035676002502441e+00
0.000000000000000000e+00
8.844023197889328003e-02
4.460379183292388916e-01
2.222890377044677734e+00
0.000000000000000000e+00
1.206678822636604309e-01
1.918336749076843262e-01
3.641118705272674561e-01
0.000000000000000000e+00
2.258746623992919922e+00
0.000000000000000000e+00
5.641158819198608398e-01
6.755990982055664062e-01
9.077551215887069702e-02
1.981969922780990601e-01
2.388073205947875977e-01
5.451937019824981689e-02
1.072217300534248352e-01
7.643569111824035645e-01
1.254833489656448364e-02
3.421437367796897888e-02
2.083719968795776367e-01
1.388718485832214355e-01
3.850969076156616211e+00
7.715339660644531250e-01
1.714104264974594116e-01
4.168487489223480225e-01
1.077390193939208984e+00
3.550772070884704590e-01
3.023198604583740234e+00
9.643790125846862793e-02
0.000000000000000000e+00
0.000000000000000000e+00
1.372692734003067017e-01
1.025145053863525391e+00
1.162652254104614258e+00
5.910747051239013672e-01
1.899340748786926270e+00
4.685613214969635010e-01
1.024190902709960938e+00
9.705368280410766602e-01
6.573016047477722168e-01
0.000000000000000000e+00
3.037637174129486084e-01
5.294577479362487793e-01
0.000000000000000000e+00
6.017196178436279297e-01
5.309232473373413086e-01
4.265260994434356689e-01
0.000000000000000000e+00
1.533271670341491699e-01
5.505821704864501953e-01
1.640785336494445801e+00
2.373423725366592407e-01
5.018359422683715820e-01
3.620690703392028809e-01
9.408089518547058105e-01
1.777788698673248291e-01
4.878886044025421143e-02
5.604286193847656250e-01
4.031467065215110779e-02
3.010543584823608398e-01
2.144090235233306885e-01
1.972923129796981812e-01
1.613794416189193726e-01
2.485894411802291870e-01
1.242103353142738342e-01
5.501134991645812988e-01
1.298878639936447144e-01
4.612395763397216797e-01
1.050199568271636963e-01
1.128607764840126038e-01
2.254454344511032104e-01
1.281373389065265656e-02
1.399460434913635254e-01
7.872882485389709473e-02
4.896115362644195557e-01
1.070983767509460449e+00
1.551244258880615234e-01
7.683935165405273438e-01
1.485528945922851562e-01
3.470799326896667480e-02
8.078711628913879395e-01
1.963067352771759033e-01
1.295222491025924683e-01
5.817388296127319336e-01
1.927383057773113251e-02
1.294526904821395874e-01
1.440938189625740051e-02
6.536567807197570801e-01
1.035012975335121155e-01
0.000000000000000000e+00
3.089004158973693848e-01
0.000000000000000000e+00
4.087758064270019531e-01
1.161070823669433594e+00
8.246454000473022461e-01
2.601005434989929199e-01
6.376907229423522949e-01
7.301537394523620605e-01
2.111590206623077393e-01
0.000000000000000000e+00
0.000000000000000000e+00
7.336940169334411621e-01
1.058515429496765137e+00
1.430834054946899414e+00
2.069954127073287964e-01
2.182938754558563232e-01
0.000000000000000000e+00
2.354092448949813843e-01
7.177254557609558105e-02
1.261926770210266113e+00
5.053405463695526123e-02
2.768268883228302002e-01
4.969230651855468750e+00
3.144885897636413574e-01
1.089973330497741699e+00
2.006375312805175781e+00
2.742599725723266602e+00
3.236983343958854675e-02
5.320154428482055664e-01
1.669210642576217651e-01
6.088259816169738770e-02
0.000000000000000000e+00
1.283043026924133301e-01
1.498885273933410645e+00
3.936907768249511719e+00
3.442980349063873291e-01
1.664519071578979492e+00
1.177309632301330566e+00
5.569987893104553223e-01
7.549183070659637451e-02
1.229772567749023438e+00
8.776044845581054688e-01
7.791668772697448730e-01
1.775027997791767120e-02
8.266324996948242188e-01
2.658885717391967773e-01
1.806087978184223175e-02
3.054104559123516083e-02
1.529351711273193359e+00
1.551526069641113281e+00
1.904389262199401855e-02
6.649740785360336304e-02
1.046226859092712402e+00
4.092114567756652832e-01
1.737442165613174438e-01
1.301598697900772095e-01
1.247786823660135269e-02
2.247401699423789978e-02
2.509032785892486572e-01
7.572362571954727173e-02
6.032015383243560791e-02
0.000000000000000000e+00
1.987789198756217957e-02
8.059240877628326416e-02
3.014072477817535400e-01
4.356362521648406982e-01
1.884018301963806152e+00
7.524327635765075684e-01
8.936401605606079102e-01
4.459661245346069336e-01
0.000000000000000000e+00
3.462635278701782227e+00
4.928858950734138489e-03
1.707657985389232635e-02
1.318409591913223267e-01
4.953609108924865723e-01
8.024097234010696411e-02
0.000000000000000000e+00
3.709329962730407715e-01
3.432028293609619141e-01
5.031619668006896973e-01
1.247253298759460449e+00
7.700596749782562256e-02
0.000000000000000000e+00
9.599317610263824463e-02
1.546261608600616455e-01
3.216010034084320068e-01
4.417617991566658020e-02
3.369824886322021484e-01
9.142602682113647461e-01
3.768917322158813477e-01
5.568053722381591797e-01
1.802719570696353912e-02
1.221467494964599609e+00
2.023293972015380859e-01
4.682661294937133789e-01
1.214124262332916260e-02
4.980696737766265869e-01
1.563804626464843750e+00
1.544387042522430420e-01
7.447992563247680664e-01
4.288232624530792236e-01
1.340506505221128464e-02
1.092003583908081055e+00
2.385737001895904541e-01
2.261713147163391113e-01
2.284877598285675049e-01
1.177474975585937500e+00
4.111028313636779785e-01
6.687792539596557617e-01
1.014904737472534180e+00
8.423871546983718872e-02
4.832430928945541382e-02
1.161637544631958008e+00
1.457435011863708496e+00
7.586024403572082520e-01
0.000000000000000000e+00
7.477641850709915161e-02
1.252243071794509888e-01
4.063094854354858398e-01
1.183005690574645996e+00
7.861907780170440674e-02
1.737182587385177612e-01
3.154222667217254639e-01
0.000000000000000000e+00
3.935193419456481934e-01
6.189139559864997864e-02
8.479384332895278931e-02
3.082319162786006927e-03
3.618802428245544434e-01
3.440737724304199219e-02
7.298054099082946777e-01
1.615136861801147461e-02
1.133022904396057129e+00
3.078519403934478760e-01
6.903375387191772461e-01
1.792282104492187500e+00
7.814476490020751953e-01
3.099000453948974609e-01
7.282858341932296753e-02
2.744888663291931152e-01
3.575711011886596680e+00
7.482310533523559570e-01
7.768876105546951294e-02
7.995947450399398804e-02
2.871909737586975098e-01
1.232971429824829102e+00
1.604739129543304443e-01
5.944241285324096680e-01
1.784549593925476074e+00
1.227360740303993225e-01
6.722656488418579102e-01
0.000000000000000000e+00
4.666595160961151123e-02
5.947208032011985779e-02
4.104391485452651978e-02
3.841064870357513428e-01
1.614700071513652802e-02
1.168209671974182129e+00
3.238907828927040100e-02
2.895135581493377686e-01
3.665407374501228333e-02
6.817337125539779663e-02
0.000000000000000000e+00
2.971602044999599457e-02
3.925488233566284180e+00
1.550751179456710815e-01
1.163413301110267639e-01
0.000000000000000000e+00
1.043369293212890625e+00
0.000000000000000000e+00
1.267719417810440063e-01
1.469763875007629395e+00
2.293825149536132812e-01
1.867896199226379395e+00
3.444677963852882385e-02
8.756271749734878540e-02
9.489665925502777100e-02
6.778997927904129028e-02
0.000000000000000000e+00
2.003584355115890503e-01
9.637838006019592285e-01
5.963618755340576172e-01
0.000000000000000000e+00
3.648158609867095947e-01
7.484133839607238770e-01
1.365747928619384766e+00
3.774831295013427734e+00
1.036967396736145020e+00
9.510014951229095459e-02
9.918162822723388672e-01
7.198393940925598145e-01
1.689737290143966675e-01
0.000000000000000000e+00
0.000000000000000000e+00
4.023486077785491943e-01
1.714882373809814453e+00
2.757757008075714111e-01
8.822011351585388184e-01
0.000000000000000000e+00
1.889689207077026367e+00
1.116126656532287598e+00
3.934580683708190918e-01
1.059810891747474670e-01
7.003699988126754761e-02
1.933584928512573242e+00
2.394429175183176994e-03
5.916351079940795898e-01
1.083596795797348022e-01
4.061159864068031311e-02
3.751456141471862793e-01
8.235550522804260254e-01
3.287661075592041016e+00
0.000000000000000000e+00
1.492242068052291870e-01
5.136908218264579773e-02
7.515095472335815430e-01
3.268129348754882812e+00
0.000000000000000000e+00
3.783125430345535278e-02
2.967913627624511719e+00
5.876289010047912598e-01
1.247439347207546234e-02
5.036286264657974243e-02
7.631986141204833984e-01
2.559684813022613525e-01
1.390051376074552536e-02
2.623486518859863281e-01
8.990744501352310181e-02
4.004970490932464600e-01
1.984752774238586426e+00
4.159448444843292236e-01
0.000000000000000000e+00
0.000000000000000000e+00
0.000000000000000000e+00
2.176132798194885254e-01
2.710497975349426270e-01
6.696258485317230225e-02
9.866749495267868042e-02
0.000000000000000000e+00
2.972564697265625000e-01
2.104962766170501709e-01
0.000000000000000000e+00
1.613447070121765137e-02
0.000000000000000000e+00
1.062277197837829590e+00
1.244326829910278320e-01
1.975656747817993164e-01
8.724892139434814453e-02
4.407651424407958984e-01
0.000000000000000000e+00
3.709845244884490967e-01
3.872014999389648438e+00
9.454484097659587860e-03
5.422614216804504395e-01
1.463720798492431641e-01
5.240430310368537903e-02
0.000000000000000000e+00
7.347442954778671265e-02
3.066129386425018311e-01
2.912938594818115234e-01
4.179397225379943848e-01
2.687246799468994141e-01
1.648832321166992188e+00
1.167869195342063904e-01
2.823374792933464050e-02
2.793997526168823242e+00
1.730127334594726562e-01
1.747930347919464111e-01
2.560280561447143555e-01
7.103590178303420544e-04
1.531346797943115234e+00
1.787247955799102783e-01
3.981798887252807617e-02
2.685666084289550781e+00
5.972905755043029785e-01
0.000000000000000000e+00
2.768705785274505615e-01
2.010342359542846680e+00
7.612495124340057373e-02
1.975801885128021240e-01
6.258412450551986694e-02
3.643280267715454102e-01
5.178514719009399414e-01
3.136401623487472534e-02
1.386192440986633301e+00
9.240590929985046387e-01
7.100311517715454102e-01
1.455848336219787598e+00
1.963069736957550049e-01
7.282400131225585938e-02
0.000000000000000000e+00
9.060939401388168335e-02
4.068415760993957520e-01
1.669012069702148438e+00
0.000000000000000000e+00
1.847684383392333984e-01
5.913357138633728027e-01
7.311591506004333496e-02
1.310005664825439453e+00
3.137431442737579346e-01
7.224375009536743164e-01
3.468873724341392517e-02
5.165039896965026855e-01
3.189039230346679688e+00
7.845259457826614380e-02
3.583822846412658691e-01
3.645324409008026123e-01
3.206358551979064941e-01
0.000000000000000000e+00
1.527338027954101562e-01
0.000000000000000000e+00
2.255786210298538208e-01
4.955394938588142395e-02
2.478116303682327271e-01
0.000000000000000000e+00
6.598680615425109863e-01
4.558938741683959961e-01
1.179253160953521729e-01
2.019389420747756958e-01
8.311756849288940430e-01
6.814942359924316406e-01
8.537288308143615723e-01
3.617076635360717773e+00
2.113812714815139771e-01
7.962448894977569580e-02
9.909920692443847656e-01
3.624194264411926270e-01
5.102612972259521484e-01
