8.615552783012390137e-01
4.007320106029510498e-01
2.369782030582427979e-01
1.786818504333496094e+00
7.141121029853820801e-01
1.054793968796730042e-02
1.203955858945846558e-01
6.690410971641540527e-01
7.338280081748962402e-01
0.000000000000000000e+00
2.172630429267883301e-01
1.689820885658264160e+00
2.485111542046070099e-02
4.352858662605285645e-01
1.912572681903839111e-01
5.841969251632690430e-01
1.301150560379028320e+00
6.847696900367736816e-01
8.242085576057434082e-02
1.080939453095197678e-02
5.633610114455223083e-02
0.000000000000000000e+00
0.000000000000000000e+00
8.169466853141784668e-01
7.417529355734586716e-03
1.587925851345062256e-02
2.536318302154541016e+00
0.000000000000000000e+00
2.440403029322624207e-02
3.174072504043579102e-01
3.479286670684814453e+00
6.060785055160522461e-01
1.045109517872333527e-02
5.138113021850585938e+00
1.208341643214225769e-01
0.000000000000000000e+00
1.033009216189384460e-01
7.619684934616088867e-02
7.534144520759582520e-01
6.871963292360305786e-02
1.779007762670516968e-01
0.000000000000000000e+00
1.990952342748641968e-01
3.375196754932403564e-01
7.444866895675659180e-01
1.234924435615539551e+00
5.295042991638183594e-01
1.952911317348480225e-01
1.826526880264282227e+00
1.762161731719970703e+00
1.603706926107406616e-02
4.057924076914787292e-02
1.259793758392333984e+00
1.376237869262695312e-01
6.179805397987365723e-01
1.788542270660400391e-01
3.013001941144466400e-02
2.344019174575805664e+00
2.765075862407684326e-01
1.748062819242477417e-01
3.430561125278472900e-01
7.227869629859924316e-01
3.357853293418884277e-01
4.767974466085433960e-02
1.713197082281112671e-01
0.000000000000000000e+00
7.241980731487274170e-02
6.867468357086181641e-02
6.440815632231533527e-04
3.702329397201538086e-01
0.000000000000000000e+00
1.821032166481018066e-01
3.115539252758026123e-01
0.000000000000000000e+00
4.472464025020599365e-01
0.000000000000000000e+00
0.000000000000000000e+00
9.287780523300170898e-01
0.000000000000000000e+00
1.136331260204315186e-02
3.372269570827484131e-01
7.242487370967864990e-02
2.593497335910797119e-01
1.429571956396102905e-01
7.312437295913696289e-01
2.753753900527954102e+00
1.142460405826568604e-01
2.436221837997436523e-01
1.028137952089309692e-01
2.564256429672241211e+00
2.963456809520721436e-01
1.323325652629137039e-02
1.694046147167682648e-02
0.000000000000000000e+00
1.203352510929107666e-01
4.911412894725799561e-01
9.819664061069488525e-02
1.224799081683158875e-01
6.550766229629516602e-01
5.131203681230545044e-02
0.000000000000000000e+00
0.000000000000000000e+00
2.447359114885330200e-01
2.476446628570556641e-01
9.278935194015502930e-02
5.407535433769226074e-01
0.000000000000000000e+00
2.114298343658447266e-01
0.000000000000000000e+00
1.391683936119079590e+00
1.959372401237487793e+00
4.336552619934082031e-01
4.155876636505126953e-01
2.077463865280151367e-01
0.000000000000000000e+00
5.977995991706848145e-01
0.000000000000000000e+00
7.516807317733764648e-02
1.817154325544834137e-02
6.038714051246643066e-01
1.469752937555313110e-01
6.135981678962707520e-01
2.096792459487915039e-01
3.752496242523193359e-01
0.000000000000000000e+00
3.579769134521484375e-01
6.587818861007690430e-01
1.809670180082321167e-01
4.355949759483337402e-01
1.179934889078140259e-01
1.005074530839920044e-01
4.827964305877685547e-01
5.814791098237037659e-02
0.000000000000000000e+00
1.162425279617309570e-01
1.793259531259536743e-01
1.111129879951477051e+00
0.000000000000000000e+00
4.103363957256078720e-03
1.233777642250061035e+00
0.000000000000000000e+00
1.556198596954345703e-01
6.738609820604324341e-02
0.000000000000000000e+00
4.104205965995788574e-01
8.006947636604309082e-01
0.000000000000000000e+00
2.507800050079822540e-02
0.000000000000000000e+00
1.085574775934219360e-01
4.117419943213462830e-02
0.000000000000000000e+00
0.000000000000000000e+00
1.098440438508987427e-01
8.624324202537536621e-02
4.874916076660156250e-01
1.959744840860366821e-01
7.469336036592721939e-03
1.349245905876159668e-01
5.178827047348022461e-02
1.762036532163619995e-01
3.887590020895004272e-02
1.424750387668609619e-01
3.055130839347839355e-01
1.586060971021652222e-01
8.259422183036804199e-01
3.633182495832443237e-02
1.093724608421325684e+00
5.173686891794204712e-02
6.249983906745910645e-01
1.634083539247512817e-01
1.213058549910783768e-02
0.000000000000000000e+00
3.017342090606689453e+00
4.832223057746887207e-02
8.804356306791305542e-02
4.485541880130767822e-01
6.657892465591430664e-01
0.000000000000000000e+00
6.207885146141052246e-01
5.761501789093017578e-01
7.852791994810104370e-02
5.660691484808921814e-02
3.430814146995544434e-01
5.365208387374877930e-01
2.452808804810047150e-02
1.502193063497543335e-01
2.569105923175811768e-01
1.863188445568084717e-01
9.368944913148880005e-02
3.500585854053497314e-01
2.690941691398620605e-01
4.835207462310791016e-01
3.175399601459503174e-01
6.620703637599945068e-02
0.000000000000000000e+00
8.249204754829406738e-01
1.822687126696109772e-02
0.000000000000000000e+00
1.330862879753112793e+00
3.751296550035476685e-02
2.402051687240600586e-01
0.000000000000000000e+00
2.476988583803176880e-01
3.121694087982177734e+00
1.448234468698501587e-01
0.000000000000000000e+00
3.889512270689010620e-02
2.332244813442230225e-01
1.074554562568664551e+00
2.031788788735866547e-02
5.631716251373291016e-01
1.753454953432083130e-01
1.258236542344093323e-02
5.467523932456970215e-01
5.969609022140502930e-01
2.347776293754577637e-02
6.766849756240844727e-02
0.000000000000000000e+00
1.599605008959770203e-02
3.676553964614868164e-01
7.783698439598083496e-01
9.280321537517011166e-04
2.325423508882522583e-01
8.224697783589363098e-03
1.959161281585693359e+00
1.548371165990829468e-01
0.000000000000000000e+00
9.915684908628463745e-02
1.267089724540710449e+00
7.342172861099243164e-01
2.084345668554306030e-01
1.518012303858995438e-02
3.275280892848968506e-01
4.227313678711652756e-03
8.656826615333557129e-02
2.449137903749942780e-02
3.257829230278730392e-03
6.015176698565483093e-02
1.063240617513656616e-01
0.000000000000000000e+00
2.894984185695648193e-02
7.423228118568658829e-03
8.544014096260070801e-01
0.000000000000000000e+00
5.080696940422058105e-01
7.617411017417907715e-01
1.651993989944458008e-01
7.820514030754566193e-03
2.178881168365478516e-01
4.610145464539527893e-02
9.434620738029479980e-01
9.909616410732269287e-02
1.997127383947372437e-02
0.000000000000000000e+00
2.215949296951293945e+00
0.000000000000000000e+00
5.679625868797302246e-01
5.504369735717773438e-02
3.359887003898620605e-02
2.414081059396266937e-02
1.059233918786048889e-01
1.883616805076599121e+00
6.271194815635681152e-01
1.726972013711929321e-01
0.000000000000000000e+00
0.000000000000000000e+00
5.915666818618774414e-01
1.092431396245956421e-01
1.107177808880805969e-01
0.000000000000000000e+00
4.065312445163726807e-01
1.121713742613792419e-01
0.000000000000000000e+00
6.281021237373352051e-02
1.039331778883934021e-01
1.817798614501953125e-01
5.066177248954772949e-01
0.000000000000000000e+00
7.746403217315673828e-01
0.000000000000000000e+00
2.137937694787979126e-01
1.405329227447509766e+00
1.550646275281906128e-01
0.000000000000000000e+00
1.018638983368873596e-01
5.810425281524658203e-01
9.292026609182357788e-02
9.915787726640701294e-02
1.930323690176010132e-01
0.000000000000000000e+00
2.108150273561477661e-01
1.030506372451782227e+00
2.336189299821853638e-01
1.156242012977600098e+00
3.369709253311157227e-01
1.243559177964925766e-02
8.974376320838928223e-01
1.486082792282104492e+00
1.206108927726745605e+00
1.520141810178756714e-01
1.186652705073356628e-01
1.233376145362854004e+00
5.642191320657730103e-02
7.381311058998107910e-02
3.916886448860168457e-02
6.594395637512207031e-01
7.319224067032337189e-03
4.561830312013626099e-03
1.247803047299385071e-01
6.827408075332641602e-02
1.773450076580047607e-01
2.562451362609863281e-02
4.600920155644416809e-02
3.303217291831970215e-01
1.524675786495208740e-01
7.732229679822921753e-02
1.105679720640182495e-01
5.731185525655746460e-02
1.183457672595977783e-01
8.977379649877548218e-03
8.324488997459411621e-01
1.009890660643577576e-01
2.429567975923418999e-03
3.002531528472900391e-01
1.719071529805660248e-02
1.945821940898895264e-02
0.000000000000000000e+00
5.584383606910705566e-01
1.381541490554809570e-01
2.203283458948135376e-01
1.332360744476318359e+00
7.428526133298873901e-02
7.570711374282836914e-01
0.000000000000000000e+00
2.895188927650451660e-01
7.633546739816665649e-02
7.910740375518798828e-01
5.837053060531616211e-01
9.439198374748229980e-01
4.808988273143768311e-01
1.090218313038349152e-02
2.880316972732543945e-01
3.047774434089660645e-01
2.086436450481414795e-01
5.918044447898864746e-01
4.074919596314430237e-02
6.667622923851013184e-01
4.297302663326263428e-01
4.714841246604919434e-01
0.000000000000000000e+00
1.915193498134613037e-01
1.075042605400085449e+00
1.345418952405452728e-02
0.000000000000000000e+00
1.081226691603660583e-01
1.406234502792358398e-01
1.261820495128631592e-01
1.187874898314476013e-01
3.391426056623458862e-03
1.420181989669799805e-01
0.000000000000000000e+00
6.275451928377151489e-02
3.463214635848999023e-01
3.007843732833862305e+00
1.210744027048349380e-02
1.181078851222991943e-01
2.751628756523132324e-01
2.759139537811279297e-01
3.727303266525268555e+00
5.578802153468132019e-02
9.195548295974731445e-02
6.560534238815307617e-02
1.109884500503540039e+00
3.963549733161926270e-01
2.999627292156219482e-01
1.594666689634323120e-01
7.021655440330505371e-01
1.555203497409820557e-01
2.548261642456054688e+00
2.174268960952758789e-01
1.111363992094993591e-01
0.000000000000000000e+00
2.801358103752136230e-01
2.237737365067005157e-02
2.276375591754913330e-01
0.000000000000000000e+00
3.227226063609123230e-02
4.760389924049377441e-01
3.456150889396667480e-01
1.045965552330017090e+00
4.591804146766662598e-01
6.656020283699035645e-01
4.214355945587158203e-01
2.080966532230377197e-01
1.017308700829744339e-02
3.414728641510009766e-01
4.811950325965881348e-01
3.466053679585456848e-02
7.495074719190597534e-02
7.394229620695114136e-02
1.646900177001953125e-01
0.000000000000000000e+00
1.499364059418439865e-02
8.894795924425125122e-02
1.843211889266967773e+00
7.876683473587036133e-01
0.000000000000000000e+00
1.038188099861145020e+00
2.878687381744384766e-01
2.681013941764831543e-01
1.148809313774108887e+00
4.219148457050323486e-01
1.834366284310817719e-02
3.794579803943634033e-01
5.201191902160644531e-01
3.276811838150024414e+00
0.000000000000000000e+00
0.000000000000000000e+00
1.146180868148803711e+00
9.846451282501220703e-01
4.894166439771652222e-02
7.273618578910827637e-01
1.490199565887451172e-01
0.000000000000000000e+00
1.162827968597412109e+00
1.143517792224884033e-01
9.525035023689270020e-01
3.267247080802917480e-01
3.406432224437594414e-03
1.070056319236755371e+00
1.681698560714721680e+00
0.000000000000000000e+00
5.697402521036565304e-04
0.000000000000000000e+00
1.469916343688964844e+00
1.497148722410202026e-01
3.432398140430450439e-01
2.372964099049568176e-02
1.213851869106292725e-01
2.433216571807861328e-01
0.000000000000000000e+00
9.167420119047164917e-02
1.018763110041618347e-01
0.000000000000000000e+00
6.904072165489196777e-01
2.852503210306167603e-02
1.375247240066528320e+00
1.425680875778198242e+00
0.000000000000000000e+00
1.386497467756271362e-01
0.000000000000000000e+00
2.982382476329803467e-01
1.096951682120561600e-02
4.125120937824249268e-01
4.813008755445480347e-02
7.296488285064697266e-01
1.001606136560440063e-02
2.587652444839477539e+00
8.858126401901245117e-02
2.733254339545965195e-03
4.212065696716308594e+00
2.379052489995956421e-01
1.471820622682571411e-01
1.098107814788818359e+00
1.435040961951017380e-02
5.071652680635452271e-02
1.924665421247482300e-01
6.164917722344398499e-02
1.004067510366439819e-01
1.692033857107162476e-01
0.000000000000000000e+00
1.697006821632385254e-01
0.000000000000000000e+00
0.000000000000000000e+00
7.830032110214233398e-01
2.669241130352020264e-01
1.966685429215431213e-02
2.337377332150936127e-02
1.493804454803466797e-01
2.412600070238113403e-01
9.436973184347152710e-02
1.500926315784454346e-01
9.426597952842712402e-01
8.853761851787567139e-02
0.000000000000000000e+00
4.717032611370086670e-02
4.526974201202392578e+00
1.448576897382736206e-01
9.063514322042465210e-02
0.000000000000000000e+00
4.109168052673339844e+00
4.010304510593414307e-01
2.775363326072692871e-01
5.772185921669006348e-01
8.480061292648315430e-01
2.751565694808959961e+00
8.932209759950637817e-02
3.899376839399337769e-02
2.381291836500167847e-01
1.821418166160583496e+00
3.619762897491455078e+00
1.252226978540420532e-01
2.604175508022308350e-01
7.218059897422790527e-02
2.579890191555023193e-01
2.884471714496612549e-01
6.812474727630615234e-01
3.710105419158935547e-01
1.884021043777465820e+00
7.623158395290374756e-02
0.000000000000000000e+00
2.520457841455936432e-02
7.364352047443389893e-02
4.859801754355430603e-02
2.083576768636703491e-01
4.470458626747131348e-01
8.774021863937377930e-01
1.725529581308364868e-01
3.409740030765533447e-01
1.457211256027221680e+00
1.060224045068025589e-02
1.124485954642295837e-01
1.824650317430496216e-01
1.010752469301223755e-01
1.373483091592788696e-01
7.311629652976989746e-01
6.222852319478988647e-02
0.000000000000000000e+00
7.074831724166870117e-01
5.635384321212768555e-01
8.005066215991973877e-02
1.836828887462615967e-02
0.000000000000000000e+00
7.590182870626449585e-02
0.000000000000000000e+00
1.006963939289562404e-04
4.603643119335174561e-01
1.018830060958862305e+00
4.611313343048095703e-01
1.132915169000625610e-01
7.614920288324356079e-02
6.725829839706420898e-01
1.487178087234497070e+00
4.449331462383270264e-01
9.706805348396301270e-01
6.676869094371795654e-02
8.810767531394958496e-02
4.773664101958274841e-02
3.983946144580841064e-01
1.889726817607879639e-01
1.019791588187217712e-01
4.768555611371994019e-02
2.792137384414672852e+00
3.519352525472640991e-02
8.306737057864665985e-03
1.511988788843154907e-01
0.000000000000000000e+00
1.089382916688919067e-02
0.000000000000000000e+00
6.525609493255615234e-01
1.201616227626800537e-01
9.920489042997360229e-02
1.254579544067382812e+00
6.773571670055389404e-02
2.799457609653472900e-01
1.173234954476356506e-01
1.203030347824096680e-01
3.240140154957771301e-03
1.677695512771606445e-01
6.681638211011886597e-02
3.929249286651611328e+00
3.699005246162414551e-01
3.144129812717437744e-01
3.819544911384582520e-01
2.855398692190647125e-02
1.116539716720581055e+00
0.000000000000000000e+00
0.000000000000000000e+00
4.318483546376228333e-02
2.070230692625045776e-01
0.000000000000000000e+00
9.013730287551879883e-02
4.087185263633728027e-01
4.571906030178070068e-01
4.142706394195556641e-01
1.637210398912429810e-01
3.043074011802673340e-01
4.300183057785034180e-02
0.000000000000000000e+00
1.924987509846687317e-02
3.927076701074838638e-03
5.124032497406005859e-01
1.676756441593170166e-01
1.561766982078552246e+00
1.931437611579895020e+00
1.939786195755004883e+00
6.197321787476539612e-02
1.216105222702026367e+00
6.591135859489440918e-01
1.073054596781730652e-01
6.504616141319274902e-01
6.986437439918518066e-01
4.692127406597137451e-01
6.495518237352371216e-02
4.059470891952514648e-01
1.463074535131454468e-01
1.216107606887817383e+00
2.434851136058568954e-03
0.000000000000000000e+00
8.225345611572265625e-02
0.000000000000000000e+00
1.981487683951854706e-02
2.339934743940830231e-02
7.846289314329624176e-03
3.462170064449310303e-01
4.016067087650299072e-02
7.778571844100952148e-01
1.767106503248214722e-01
1.847045421600341797e-01
5.184865370392799377e-02
2.704208791255950928e-01
1.271774023771286011e-01
4.444399476051330566e-01
1.309071667492389679e-02
3.837607335299253464e-03
2.209643274545669556e-01
4.775588512420654297e-01
1.644667834043502808e-01
5.480099841952323914e-02
5.542358756065368652e-01
3.422710672020912170e-02
8.834533393383026123e-02
3.713067770004272461e+00
7.452635467052459717e-02
4.662321135401725769e-02
1.097067631781101227e-02
0.000000000000000000e+00
3.864148855209350586e-01
2.890264987945556641e-01
2.587357461452484131e-01
3.008162789046764374e-02
3.627194091677665710e-02
0.000000000000000000e+00
4.156503379344940186e-01
1.398865431547164917e-01
3.595427423715591431e-02
2.352346479892730713e-02
8.981365710496902466e-02
1.472990866750478745e-02
2.212248563766479492e+00
3.649752140045166016e-01
2.011694759130477905e-01
2.554001659154891968e-02
0.000000000000000000e+00
1.012685894966125488e-01
2.052484750747680664e-01
3.753448128700256348e-01
0.000000000000000000e+00
9.662541747093200684e-02
2.474397048354148865e-02
4.779600538313388824e-03
1.567171514034271240e-01
1.180797368288040161e-01
5.919256061315536499e-02
8.631716370582580566e-01
8.499184250831604004e-01
3.712345957756042480e-01
1.127318590879440308e-01
5.846683308482170105e-02
1.633664593100547791e-02
6.851782556623220444e-03
3.095606565475463867e+00
2.139681577682495117e-01
1.800010800361633301e-01
9.926942735910415649e-02
1.853660047054290771e-01
3.895075991749763489e-03
1.836891919374465942e-01
4.488562047481536865e-01
0.000000000000000000e+00
7.062759250402450562e-02
0.000000000000000000e+00
2.182838022708892822e-01
6.689859628677368164e-01
1.299990564584732056e-01
4.773621447384357452e-03
3.655460178852081299e-01
1.122805595397949219e+00
3.658533692359924316e-01
3.474867045879364014e-01
9.060403704643249512e-01
2.988519370555877686e-01
3.462488651275634766e-01
6.087633594870567322e-02
3.437433838844299316e-01
0.000000000000000000e+00
0.000000000000000000e+00
1.228027939796447754e-01
4.341084361076354980e-01
4.762136042118072510e-01
0.000000000000000000e+00
0.000000000000000000e+00
3.162651555612683296e-03
8.988434821367263794e-02
8.854578733444213867e-01
0.000000000000000000e+00
1.449832916259765625e-01
1.181353449821472168e+00
2.450001001358032227e+00
1.989038586616516113e-01
1.737818866968154907e-01
9.664972312748432159e-03
1.151603162288665771e-01
8.284214735031127930e-01
3.880369290709495544e-02
1.270266771316528320e+00
6.203896552324295044e-02
2.160977363586425781e+00
4.335628151893615723e-01
1.793484449386596680e+00
2.994970418512821198e-03
2.745470702648162842e-01
8.278214372694492340e-04
1.050396561622619629e+00
1.900806069374084473e+00
8.254356682300567627e-02
2.767560631036758423e-02
4.279538691043853760e-01
7.080113291740417480e-01
3.247285494580864906e-04
0.000000000000000000e+00
6.255511641502380371e-01
3.541281446814537048e-02
3.158037066459655762e-01
1.044107377529144287e-01
0.000000000000000000e+00
2.843808233737945557e-01
3.320379853248596191e-01
7.022216171026229858e-02
4.285375773906707764e-02
0.000000000000000000e+00
4.300087317824363708e-02
5.253897309303283691e-01
1.219572592526674271e-02
2.920316159725189209e-01
1.146648302674293518e-01
6.694893538951873779e-02
0.000000000000000000e+00
1.957575092092156410e-03
4.603308141231536865e-01
6.819041073322296143e-02
0.000000000000000000e+00
1.346533656120300293e+00
0.000000000000000000e+00
4.719336703419685364e-02
1.372899860143661499e-02
4.138696193695068359e-01
3.190718218684196472e-02
0.000000000000000000e+00
0.000000000000000000e+00
2.585394620895385742e+00
4.668041691184043884e-02
1.755322217941284180e+00
2.064605057239532471e-01
5.365317463874816895e-01
6.382765173912048340e-01
8.561500906944274902e-02
2.015246301889419556e-01
9.708918631076812744e-02
2.842851877212524414e-01
9.089431762695312500e-01
9.160565584897994995e-02
0.000000000000000000e+00
1.316168665885925293e+00
4.027606546878814697e-01
6.087526798248291016e+00
4.206744953989982605e-02
1.262590885162353516e+00
1.245847791433334351e-01
6.889442801475524902e-01
4.456578493118286133e-01
7.658308371901512146e-03
1.193735837936401367e+00
1.187718152999877930e+00
4.109229147434234619e-01
1.994341135025024414e+00
0.000000000000000000e+00
3.172909319400787354e-01
0.000000000000000000e+00
9.264263324439525604e-03
9.626602753996849060e-03
2.383301556110382080e-01
3.181528568267822266e+00
2.026424407958984375e+00
6.868042051792144775e-02
1.253089457750320435e-01
3.457103297114372253e-02
1.202533170580863953e-01
1.757889151573181152e+00
3.965722620487213135e-01
2.066402137279510498e-02
5.160987973213195801e-01
3.748359680175781250e-01
2.001080214977264404e-01
7.812403440475463867e-01
0.000000000000000000e+00
1.447653532028198242e+00
1.754402220249176025e-01
0.000000000000000000e+00
4.197665490210056305e-03
2.442685663700103760e-01
1.058317899703979492e+00
8.615545183420181274e-02
5.169273819774389267e-03
1.471685290336608887e+00
1.043738484382629395e+00
3.477860391139984131e-01
3.172517061233520508e+00
2.378284931182861328e-01
5.356175303459167480e-01
5.989464372396469116e-02
1.005653850734233856e-02
1.966134309768676758e-01
2.769849449396133423e-02
1.174040317535400391e+00
2.336030721664428711e+00
1.803373336791992188e+00
6.913898140192031860e-02
1.041216611862182617e+00
7.957386225461959839e-02
1.811683028936386108e-01
2.451408147811889648e+00
3.018108196556568146e-02
6.382433697581291199e-03
6.461455672979354858e-02
3.632836639881134033e-01
3.861030936241149902e-01
3.920100256800651550e-02
1.438240706920623779e-01
3.064052164554595947e-01
2.401467226445674896e-02
7.886922955513000488e-01
0.000000000000000000e+00
2.850318551063537598e-01
9.753300249576568604e-02
0.000000000000000000e+00
4.104177951812744141e+00
1.344714403152465820e+00
0.000000000000000000e+00
3.934413939714431763e-02
4.128204584121704102e-01
2.448646426200866699e-01
1.763710081577301025e-01
0.000000000000000000e+00
3.433010280132293701e-01
0.000000000000000000e+00
7.453093528747558594e-01
4.765735194087028503e-02
2.774022519588470459e-01
1.248525734990835190e-02
1.603683531284332275e-01
3.842828571796417236e-01
1.118443906307220459e-01
4.676903411746025085e-02
0.000000000000000000e+00
3.029927313327789307e-01
9.540089964866638184e-01
1.465268582105636597e-01
2.680596113204956055e-01
1.553496271371841431e-01
1.365741938352584839e-01
3.305393159389495850e-01
1.706606447696685791e-01
1.797602772712707520e-01
1.003128383308649063e-02
0.000000000000000000e+00
4.334807395935058594e-01
3.015355765819549561e-01
1.988786697387695312e+00
8.776391297578811646e-02
2.373562812805175781e+00
3.848698735237121582e-02
7.311974186450242996e-03
0.000000000000000000e+00
1.186568960547447205e-01
2.714702161028981209e-03
1.409642398357391357e-01
5.836184695363044739e-02
2.164583057165145874e-01
2.233874052762985229e-01
0.000000000000000000e+00
0.000000000000000000e+00
2.831420004367828369e-01
4.687992036342620850e-01
4.671860660891979933e-04
6.894006729125976562e-01
5.845223665237426758e-01
1.778820991516113281e+00
5.781358340755105019e-04
9.576562792062759399e-02
1.898457765579223633e+00
5.506350398063659668e-01
3.163267374038696289e+00
2.959400713443756104e-01
4.927137792110443115e-01
6.971086859703063965e-01
8.627799898386001587e-02
3.775044918060302734e+00
2.281094342470169067e-01
1.251283407211303711e+00
5.406660959124565125e-02
9.963446855545043945e-02
3.065403178334236145e-02
1.210237480700016022e-02
2.617450952529907227e-01
9.384081363677978516e-01
1.638316869735717773e+00
7.487197965383529663e-02
7.516733407974243164e-01
3.234289120882749557e-03
3.184600174427032471e-01
5.322875380516052246e-01
1.213306114077568054e-01
2.726914361119270325e-02
0.000000000000000000e+00
7.111388724297285080e-03
1.329198665916919708e-02
0.000000000000000000e+00
0.000000000000000000e+00
3.853422403335571289e+00
1.034506559371948242e+00
3.896779567003250122e-02
2.641181088984012604e-02
5.598011240363121033e-02
4.363619908690452576e-02
4.353039860725402832e-01
4.051962196826934814e-01
5.048411432653665543e-03
3.032729029655456543e-01
3.277425095438957214e-02
4.906144365668296814e-02
7.146390676498413086e-01
0.000000000000000000e+00
4.096959233283996582e-01
1.200345516204833984e+00
2.998545020818710327e-02
6.820380687713623047e-02
7.532638311386108398e-01
0.000000000000000000e+00
8.616896718740463257e-02
2.474167346954345703e-01
1.378157973289489746e+00
4.594489932060241699e-01
2.711563110351562500e-01
0.000000000000000000e+00
1.395043373107910156e+00
1.773610413074493408e-01
6.820954382419586182e-02
5.707374773919582367e-03
3.136269981041550636e-03
1.395059470087289810e-02
5.908091366291046143e-02
5.980179831385612488e-02
4.774190858006477356e-02
0.000000000000000000e+00
0.000000000000000000e+00
3.081063926219940186e-02
2.773686647415161133e+00
1.153190582990646362e-01
1.312252134084701538e-01
4.210099875926971436e-01
8.665784262120723724e-03
1.435509681701660156e+00
1.236197829246520996e+00
0.000000000000000000e+00
4.367657005786895752e-01
1.410230547189712524e-01
5.194752812385559082e-01
1.142016961239278316e-03
7.560670375823974609e-02
5.507616698741912842e-02
0.000000000000000000e+00
0.000000000000000000e+00
9.348619580268859863e-01
0.000000000000000000e+00
2.546544671058654785e-01
4.072866961359977722e-02
8.798719048500061035e-01
4.235650599002838135e-01
1.078990846872329712e-02
1.500513553619384766e-01
8.743200451135635376e-02
1.108648702502250671e-01
4.483031034469604492e-01
9.856578111648559570e-01
7.154762148857116699e-01
3.084750175476074219e-01
3.964718282222747803e-01
7.993386685848236084e-02
8.756592869758605957e-02
2.599182724952697754e-01
1.039716720581054688e+00
3.431714475154876709e-01
2.345335483551025391e-01
2.736375033855438232e-01
7.951424270868301392e-02
4.138717055320739746e-02
3.528056666254997253e-02
1.601494103670120239e-02
6.089129447937011719e-01
1.565867215394973755e-01
9.491875767707824707e-03
4.980359598994255066e-02
0.000000000000000000e+00
1.223703861236572266e+00
7.866269946098327637e-01
9.348972320556640625e+00
3.941434621810913086e-01
7.322421669960021973e-01
8.110445737838745117e-02
1.271541714668273926e-01
0.000000000000000000e+00
2.145752683281898499e-02
1.784049719572067261e-02
1.020730752497911453e-02
0.000000000000000000e+00
7.050058245658874512e-01
1.763934642076492310e-01
2.565132379531860352e-01
1.685506850481033325e-01
1.608990430831909180e+00
2.658297121524810791e-01
9.388118386268615723e-01
1.260930951684713364e-02
8.190619945526123047e-01
1.087753381580114365e-02
4.868864640593528748e-02
4.066161066293716431e-02
0.000000000000000000e+00
8.338742852210998535e-01
0.000000000000000000e+00
2.851402759552001953e-01
2.332558155059814453e+00
1.002908349037170410e+00
3.193994052708148956e-03
2.599666640162467957e-02
0.000000000000000000e+00
5.740800127387046814e-02
1.257265210151672363e-01
4.021457433700561523e-01
3.165664434432983398e+00
0.000000000000000000e+00
6.779810190200805664e-01
3.048811256885528564e-01
1.504850983619689941e-01
8.314403146505355835e-02
5.804381966590881348e-01
8.538261055946350098e-01
2.638222277164459229e-01
1.782756857573986053e-02
1.155415102839469910e-01
6.428496539592742920e-02
3.587729930877685547e-01
6.497134566307067871e-01
0.000000000000000000e+00
1.173449754714965820e+00
2.089100144803524017e-02
3.944464027881622314e-02
3.210522532463073730e-01
3.346415460109710693e-01
6.596555113792419434e-01
0.000000000000000000e+00
1.135627508163452148e+00
6.875781416893005371e-01
3.029674589633941650e-01
2.979179620742797852e-01
1.550894498825073242e+00
4.837389588356018066e-01
1.760236173868179321e-01
3.308631107211112976e-02
0.000000000000000000e+00
7.456179708242416382e-03
2.035129070281982422e+00
1.043406128883361816e-01
1.903101056814193726e-02
5.488502383232116699e-01
7.889102101325988770e-01
0.000000000000000000e+00
3.615630790591239929e-02
2.314848825335502625e-02
3.708134591579437256e-01
1.151039674878120422e-01
7.754592299461364746e-01
1.574298501014709473e+00
4.904174804687500000e-02
9.034300595521926880e-02
2.242900729179382324e-01
2.356954291462898254e-02
2.595685124397277832e-01
4.785513039678335190e-03
8.060283027589321136e-03
2.352510243654251099e-01
0.000000000000000000e+00
1.984674334526062012e-01
2.788279652595520020e-01
1.211935356259346008e-01
6.687772274017333984e-02
1.015761680901050568e-02
0.000000000000000000e+00
0.000000000000000000e+00
2.503430247306823730e-01
1.944933831691741943e-02
0.000000000000000000e+00
5.412418842315673828e-01
2.356044482439756393e-03
4.831876605749130249e-02
2.250968694686889648e+00
5.574977397918701172e+00
2.719584852457046509e-02
0.000000000000000000e+00
0.000000000000000000e+00
1.829303979873657227e+00
1.160060316324234009e-01
3.049179017543792725e-01
1.723916381597518921e-01
3.636216521263122559e-01
7.905410975217819214e-02
0.000000000000000000e+00
3.804510831832885742e-01
4.894593656063079834e-01
7.493613958358764648e-01
1.798344254493713379e-01
0.000000000000000000e+00
7.900998592376708984e-01
0.000000000000000000e+00
2.376484721899032593e-01
7.488383054733276367e-01
0.000000000000000000e+00
4.413156211376190186e-02
6.791628003120422363e-01
0.000000000000000000e+00
9.743722528219223022e-02
4.029406309127807617e-01
8.364360034465789795e-02
1.423620879650115967e-01
8.974094688892364502e-02
7.725037634372711182e-02
0.000000000000000000e+00
1.304197032004594803e-02
1.663057804107666016e-01
2.558770775794982910e-01
1.215783134102821350e-01
0.000000000000000000e+00
5.141129717230796814e-02
4.428623244166374207e-02
7.981857061386108398e-01
0.000000000000000000e+00
1.071637988090515137e+00
6.474118828773498535e-01
0.000000000000000000e+00
5.791699886322021484e-01
3.976292610168457031e-01
2.940296195447444916e-02
1.832995116710662842e-01
1.121608167886734009e-01
0.000000000000000000e+00
4.394485950469970703e-01
3.934196233749389648e-01
6.468039005994796753e-03
1.946634501218795776e-01
4.673693478107452393e-01
2.954722382128238678e-02
8.127669245004653931e-02
3.211363032460212708e-02
1.440261363983154297e+00
9.709339588880538940e-02
1.109470650553703308e-01
5.433206558227539062e-01
3.220557272434234619e-01
3.698072135448455811e-01
0.000000000000000000e+00
1.247286126017570496e-01
5.516813322901725769e-02
1.908288151025772095e-02
1.002205833792686462e-01
7.340492606163024902e-01
9.431790709495544434e-01
2.559276521205902100e-01
2.495693974196910858e-02
9.473223239183425903e-02
0.000000000000000000e+00
2.827977947890758514e-02
0.000000000000000000e+00
1.452071368694305420e-01
2.269396334886550903e-01
0.000000000000000000e+00
2.770557627081871033e-02
0.000000000000000000e+00
1.477874964475631714e-01
1.613574475049972534e-01
1.827955842018127441e-01
1.097582578659057617e+00
0.000000000000000000e+00
3.963018581271171570e-02
9.865179657936096191e-02
0.000000000000000000e+00
4.505569487810134888e-02
0.000000000000000000e+00
2.621412515640258789e+00
3.730682283639907837e-02
0.000000000000000000e+00
4.513631463050842285e-01
2.090593427419662476e-01
9.633096307516098022e-02
0.000000000000000000e+00
5.399396419525146484e-01
3.429254889488220215e-01
9.203742146492004395e-01
3.499632477760314941e-01
1.904656410217285156e+00
3.609161823987960815e-02
3.429888010025024414e+00
4.158566892147064209e-01
3.210888803005218506e-01
2.733864076435565948e-02
2.392092496156692505e-01
4.304445087909698486e-01
1.662830114364624023e+00
1.074596524238586426e+00
1.149527549743652344e+00
1.231796383857727051e+00
0.000000000000000000e+00
0.000000000000000000e+00
9.308494627475738525e-02
9.565385058522224426e-03
1.489987373352050781e+00
0.000000000000000000e+00
8.052936941385269165e-02
1.092838644981384277e+00
8.329088985919952393e-02
9.231252223253250122e-02
3.034361600875854492e-01
1.640378952026367188e+00
1.762176118791103363e-02
2.750164130702614784e-03
3.410857170820236206e-02
8.492556810379028320e-01
2.764234840869903564e-01
2.515186369419097900e-01
1.188243508338928223e+00
6.116061122156679630e-04
1.642260909080505371e+00
1.618238836526870728e-01
1.147886812686920166e-01
1.675475984811782837e-01
1.983379870653152466e-01
4.636993110179901123e-01
0.000000000000000000e+00
1.985399723052978516e-01
1.297080218791961670e-01
8.421215415000915527e-02
2.922528982162475586e+00
3.623919934034347534e-02
6.301535964012145996e-01
1.577053815126419067e-01
4.689305648207664490e-02
1.109656393527984619e-01
4.379437565803527832e-01
4.445468634366989136e-02
7.336769718676805496e-03
1.788388378918170929e-02
4.846786558628082275e-01
2.595691204071044922e+00
7.823357582092285156e-01
1.766761839389801025e-01
0.000000000000000000e+00
1.531670521944761276e-02
7.808627188205718994e-02
1.362916529178619385e-01
4.384380280971527100e-01
8.146539330482482910e-02
1.071606352925300598e-01
1.161928549408912659e-01
2.043265551328659058e-01
4.142945259809494019e-02
1.472695469856262207e-01
2.414164543151855469e+00
3.293305337429046631e-01
2.136358320713043213e-01
2.376803606748580933e-01
3.009589910507202148e+00
2.036995738744735718e-01
3.899875581264495850e-01
2.198011428117752075e-01
4.554875195026397705e-02
2.987413406372070312e-01
5.629255250096321106e-02
3.347026407718658447e-01
6.221014540642499924e-03
8.875595331192016602e-01
3.829758986830711365e-02
4.437319189310073853e-02
3.784723347052931786e-03
1.481746554374694824e+00
6.393169760704040527e-01
1.529954433441162109e+00
4.820573031902313232e-01
6.662168502807617188e-01
8.370927572250366211e-01
2.490520328283309937e-01
7.104577030986547470e-03
3.668726682662963867e-01
0.000000000000000000e+00
2.345237731933593750e-01
7.085030665621161461e-04
0.000000000000000000e+00
3.576236665248870850e-01
1.762309968471527100e-01
5.615936964750289917e-02
4.202727079391479492e-01
1.562160551548004150e-01
4.528349339962005615e-01
6.478632241487503052e-02
2.009537816047668457e-01
8.087183237075805664e-01
1.428584009408950806e-01
0.000000000000000000e+00
3.702855110168457031e-01
0.000000000000000000e+00
0.000000000000000000e+00
8.419506549835205078e-01
1.492024660110473633e+00
3.260013461112976074e-01
0.000000000000000000e+00
3.155588358640670776e-02
4.926007986068725586e-02
5.823699757456779480e-02
3.645026683807373047e-01
2.579637467861175537e-01
2.007095143198966980e-02
1.207473516464233398e+00
3.067342042922973633e-01
0.000000000000000000e+00
1.208173632621765137e-01
1.062306761741638184e-01
0.000000000000000000e+00
0.000000000000000000e+00
1.947204768657684326e-01
0.000000000000000000e+00
1.657397150993347168e-01
2.412555515766143799e-01
3.568913638591766357e-01
1.233087301254272461e+00
8.922936320304870605e-01
0.000000000000000000e+00
4.269862174987792969e+00
2.027644077315926552e-03
2.915911078453063965e-01
3.587131202220916748e-01
9.304572343826293945e-01
5.142725631594657898e-02
2.684669971466064453e+00
0.000000000000000000e+00
1.063173294067382812e+00
2.465974092483520508e-01
4.247437953948974609e+00
3.149467110633850098e-01
5.641382336616516113e-01
4.896906316280364990e-01
7.936767488718032837e-02
1.869169771671295166e-01
2.083566188812255859e+00
2.173673659563064575e-01
4.495527446269989014e-01
9.571052193641662598e-01
4.009291231632232666e-01
5.951591953635215759e-02
4.437585175037384033e-01
2.345308288931846619e-02
1.220079660415649414e+00
4.609480127692222595e-02
2.127545118331909180e+00
0.000000000000000000e+00
8.664501947350800037e-04
5.693238973617553711e-01
2.926710620522499084e-02
1.549233347177505493e-01
1.099464371800422668e-01
1.879866480827331543e+00
4.432666599750518799e-01
0.000000000000000000e+00
7.078878283500671387e-01
9.325823187828063965e-02
3.573524355888366699e-01
0.000000000000000000e+00
1.264340400695800781e+00
0.000000000000000000e+00
2.833114862442016602e-01
5.277531147003173828e-01
3.572057932615280151e-02
2.232522219419479370e-01
1.493111550807952881e-01
1.087620630860328674e-01
1.020163297653198242e-01
6.742942929267883301e-01
1.114050626754760742e+00
3.736796081066131592e-01
7.554536312818527222e-02
2.135109454393386841e-01
1.449020579457283020e-02
6.255581378936767578e-01
1.043594628572463989e-01
2.482965029776096344e-02
1.389385581016540527e+00
0.000000000000000000e+00
5.549238249659538269e-02
0.000000000000000000e+00
3.351497173309326172e+00
3.837079275399446487e-04
3.558524608612060547e+00
4.918067902326583862e-02
0.000000000000000000e+00
2.265449762344360352e-01
0.000000000000000000e+00
0.000000000000000000e+00
3.769598156213760376e-02
4.724635183811187744e-01
8.034794032573699951e-02
2.731231749057769775e-01
6.431021690368652344e-01
2.592085897922515869e-01
2.569661848247051239e-02
5.174682736396789551e-01
9.443657100200653076e-02
1.120501663535833359e-02
0.000000000000000000e+00
2.892973124980926514e-01
1.555182933807373047e-01
1.529795466922223568e-03
1.305651515722274780e-01
6.064101308584213257e-02
5.271167680621147156e-02
1.341821670532226562e+00
0.000000000000000000e+00
0.000000000000000000e+00
9.839335680007934570e-01
0.000000000000000000e+00
4.244243204593658447e-01
3.069214820861816406e-01
7.186225056648254395e-02
0.000000000000000000e+00
1.867011427879333496e+00
2.638022601604461670e-02
0.000000000000000000e+00
1.420719385147094727e+00
4.950769245624542236e-03
4.932792857289314270e-02
2.140795998275279999e-02
2.834601640701293945e+00
0.000000000000000000e+00
3.934969305992126465e-01
0.000000000000000000e+00
6.140812635421752930e-01
2.082964420318603516e+00
5.204747430980205536e-03
0.000000000000000000e+00
3.901540338993072510e-01
9.690201282501220703e-02
7.772944867610931396e-02
3.010982088744640350e-02
6.764951348304748535e-01
2.111139241605997086e-03
1.948465853929519653e-01
1.968948543071746826e-02
2.872184216976165771e-01
8.549058437347412109e-02
1.279390789568424225e-02
3.464716374874114990e-01
0.000000000000000000e+00
6.015996932983398438e-01
1.012845709919929504e-01
4.842558503150939941e-01
4.268448352813720703e-01
0.000000000000000000e+00
3.139345347881317139e-01
0.000000000000000000e+00
3.221872821450233459e-02
1.682465821504592896e-01
6.792104244232177734e-01
0.000000000000000000e+00
3.692469596862792969e-01
1.860161274671554565e-01
3.095160238444805145e-02
9.387177228927612305e-01
1.536103785037994385e-01
5.458816140890121460e-02
3.793491795659065247e-02
4.204747676849365234e+00
0.000000000000000000e+00
8.511251211166381836e-01
2.390738278627395630e-01
5.992850288748741150e-03
1.616528511047363281e+00
1.210681907832622528e-02
1.732706278562545776e-02
0.000000000000000000e+00
5.025534629821777344e-01
2.269943356513977051e-01
5.831306576728820801e-01
5.127846002578735352e-01
9.092779830098152161e-03
7.471280544996261597e-02
1.402503490447998047e+00
6.918483972549438477e-02
2.392180263996124268e-01
2.892604768276214600e-01
1.315782666206359863e+00
0.000000000000000000e+00
1.847427785396575928e-01
8.693286180496215820e-01
0.000000000000000000e+00
2.013328019529581070e-03
8.516255021095275879e-01
9.157426655292510986e-02
5.278245732188224792e-02
1.371261239051818848e+00
1.101000085473060608e-01
3.453567028045654297e-01
2.768459320068359375e-01
1.275953650474548340e+00
6.649260520935058594e-01
4.604249000549316406e-01
2.888221107423305511e-02
8.919937908649444580e-02
2.056114077568054199e-01
0.000000000000000000e+00
4.262354373931884766e-01
3.433802425861358643e-01
1.531429886817932129e-01
3.472921609878540039e+00
1.036122590303421021e-01
3.653868734836578369e-01
2.232373058795928955e-01
6.958960890769958496e-01
1.362253427505493164e-01
1.705082654953002930e-01
4.734416902065277100e-01
0.000000000000000000e+00
2.914692878723144531e+00
1.053728349506855011e-02
1.075668334960937500e-01
8.080505132675170898e-01
2.879476785659790039e+00
1.283873319625854492e-01
1.574895858764648438e+00
3.042289018630981445e-01
9.708868265151977539e-01
8.757957071065902710e-02
5.225861072540283203e-01
1.658090800046920776e-01
0.000000000000000000e+00
2.018834091722965240e-02
2.522368669509887695e+00
7.330093383789062500e-01
4.108595196157693863e-03
5.388703569769859314e-02
4.881695285439491272e-02
1.165779471397399902e+00
1.878566108644008636e-02
2.886838652193546295e-02
1.154381185770034790e-01
2.757906913757324219e-01
6.632936187088489532e-03
1.959283798933029175e-01
8.318676352500915527e-01
6.734491884708404541e-02
1.779193058609962463e-02
1.596578836441040039e+00
0.000000000000000000e+00
2.494107007980346680e+00
2.798441052436828613e-02
8.499342203140258789e-02
8.241426944732666016e-02
5.820037424564361572e-02
1.924877524375915527e+00
3.578699827194213867e-01
4.118697643280029297e-01
9.131494164466857910e-02
1.839565336704254150e-01
2.815765701234340668e-02
3.025372028350830078e+00
4.429858326911926270e-01
3.641483485698699951e-01
2.003973007202148438e+00
7.769278883934020996e-01
3.170738741755485535e-02
1.601799488067626953e+00
2.028122097253799438e-01
2.971307337284088135e-01
4.790007174015045166e-01
9.178781509399414062e-02
0.000000000000000000e+00
8.705291152000427246e-01
1.344893455505371094e+00
1.703497767448425293e-02
1.787567287683486938e-01
1.959672421216964722e-01
1.221700012683868408e-01
1.977408826351165771e-01
0.000000000000000000e+00
4.826980531215667725e-01
6.663379073143005371e-01
9.893349558115005493e-02
5.466405749320983887e-01
6.626605391502380371e-01
6.404759287834167480e-01
6.624186038970947266e-01
4.059407114982604980e-02
2.037046253681182861e-01
3.038152456283569336e-01
6.249331310391426086e-02
1.681203208863735199e-02
7.142513990402221680e-02
7.802685722708702087e-04
0.000000000000000000e+00
3.506553173065185547e+00
9.129286743700504303e-03
5.303376913070678711e-01
7.670872658491134644e-02
7.099027633666992188e-01
2.578398585319519043e-02
2.814761921763420105e-02
5.767334103584289551e-01
2.269774861633777618e-02
1.201980635523796082e-01
0.000000000000000000e+00
6.461689621210098267e-02
1.588550448417663574e+00
4.178906604647636414e-02
0.000000000000000000e+00
0.000000000000000000e+00
3.802780508995056152e-01
9.337759763002395630e-02
7.736526727676391602e-01
7.062187790870666504e-02
2.660345733165740967e-01
2.552359700202941895e-01
0.000000000000000000e+00
5.339179653674364090e-03
6.085587739944458008e-01
1.164706610143184662e-02
1.953328251838684082e-01
2.588361734524369240e-03
2.659004330635070801e-01
1.815852403640747070e+00
5.219856500625610352e-01
4.233820438385009766e-01
5.484619736671447754e-01
1.679116129875183105e+00
1.507439762353897095e-01
0.000000000000000000e+00
6.113965511322021484e-01
1.212342619895935059e+00
2.122552841901779175e-01
5.160973872989416122e-03
0.000000000000000000e+00
2.035485744476318359e+00
7.202857732772827148e-01
6.048716977238655090e-02
6.071941182017326355e-02
4.970803391188383102e-03
4.370428621768951416e-01
1.069592118263244629e+00
5.974606871604919434e-01
3.978216648101806641e-01
6.714524328708648682e-02
4.369505941867828369e-01
1.826561391353607178e-01
3.747527301311492920e-02
7.680431008338928223e-01
4.300381243228912354e-02
0.000000000000000000e+00
2.369125485420227051e-01
1.627562642097473145e-01
1.706333756446838379e-01
1.448004394769668579e-01
4.087454453110694885e-02
1.268015652894973755e-01
6.695303916931152344e-01
4.886236488819122314e-01
0.000000000000000000e+00
9.370311349630355835e-02
6.272005289793014526e-02
7.019598782062530518e-02
6.474493537098169327e-03
2.159271091222763062e-01
9.094429612159729004e-01
9.104385972023010254e-02
9.900643490254878998e-03
2.799737751483917236e-01
1.807807981967926025e-01
3.100927686318755150e-03
0.000000000000000000e+00
4.463060855865478516e+00
1.386647582054138184e+00
5.416203662753105164e-02
2.141813486814498901e-01
1.209429740905761719e+00
6.413112580776214600e-02
1.393396058119833469e-03
2.501866519451141357e-01
1.504392623901367188e-01
8.566008806228637695e-01
1.039653867483139038e-01
2.422583401203155518e-01
0.000000000000000000e+00
1.010494753718376160e-01
5.845575779676437378e-02
1.004585742950439453e+00
6.004667282104492188e-01
1.373728662729263306e-01
4.204528331756591797e+00
8.846066594123840332e-01
2.328360795974731445e+00
4.096388816833496094e-01
4.750410467386245728e-02
2.611965239048004150e-01
1.171939447522163391e-02
0.000000000000000000e+00
5.002011731266975403e-02
2.034992694854736328e+00
1.810792386531829834e-01
3.768362700939178467e-01
9.525419026613235474e-02
2.907749116420745850e-01
5.988654494285583496e-01
1.051791608333587646e-01
6.172536611557006836e-01
1.797773540019989014e-01
7.770498748868703842e-03
3.985354304313659668e-01
1.747093047015368938e-03
4.340109527111053467e-01
1.583394780755043030e-02
4.378700256347656250e-01
6.258674263954162598e-01
1.407121300697326660e+00
1.644964329898357391e-02
1.177132844924926758e+00
1.129542708396911621e+00
0.000000000000000000e+00
2.398771345615386963e-01
5.675187110900878906e+00
4.174415171146392822e-01
1.780803442001342773e+00
3.211905434727668762e-02
2.891495525836944580e-01
1.793413609266281128e-01
1.316352486610412598e+00
0.000000000000000000e+00
1.298924982547760010e-01
0.000000000000000000e+00
5.698200464248657227e-01
6.495045423507690430e-01
6.760463118553161621e-02
7.037638220936059952e-03
0.000000000000000000e+00
4.582646787166595459e-01
9.116280078887939453e-01
7.981824129819869995e-02
1.989695191383361816e+00
0.000000000000000000e+00
6.471482515335083008e-01
5.544301271438598633e-01
4.647347629070281982e-01
3.160042524337768555e+00
1.296021975576877594e-02
0.000000000000000000e+00
1.907807469367980957e+00
1.055541634559631348e-01
0.000000000000000000e+00
1.615724116563796997e-01
2.868304401636123657e-02
2.441361099481582642e-01
2.641414701938629150e-01
4.412790760397911072e-02
1.077941879630088806e-01
0.000000000000000000e+00
3.238081634044647217e-01
1.210181355476379395e+00
1.453219633549451828e-02
0.000000000000000000e+00
3.250559326261281967e-03
2.031320035457611084e-01
2.876414358615875244e-01
5.983442068099975586e-01
2.171324193477630615e-01
0.000000000000000000e+00
3.146347284317016602e+00
4.331139475107192993e-02
2.947099320590496063e-02
5.943645238876342773e-01
6.034472957253456116e-02
0.000000000000000000e+00
7.958593219518661499e-02
7.302462458610534668e-01
2.587571361800655723e-05
1.944850385189056396e-01
8.019514381885528564e-02
1.440536975860595703e+00
0.000000000000000000e+00
4.917213320732116699e-01
1.995402574539184570e-01
1.167011559009552002e-01
3.334038704633712769e-02
7.631447315216064453e-01
3.969017416238784790e-02
5.600037053227424622e-02
2.601071260869503021e-03
0.000000000000000000e+00
1.667653210461139679e-02
4.639090597629547119e-01
5.175576210021972656e-01
3.302776217460632324e-01
2.426773309707641602e-01
4.589113593101501465e-01
9.775853753089904785e-01
2.409107424318790436e-02
4.388876259326934814e-02
2.316726595163345337e-01
2.895181998610496521e-02
1.772122681140899658e-01
3.813018798828125000e-01
2.237123250961303711e+00
2.379336161538958549e-03
0.000000000000000000e+00
0.000000000000000000e+00
4.263910949230194092e-01
1.586139500141143799e-01
9.290364384651184082e-02
6.276182830333709717e-02
7.476325631141662598e-01
1.863514482975006104e-01
1.037122964859008789e+00
2.312157452106475830e-01
1.598878800868988037e-01
3.829053789377212524e-02
5.714470148086547852e-01
3.391893953084945679e-02
2.142866551876068115e-01
2.074888795614242554e-01
8.205187916755676270e-01
5.393515229225158691e-01
3.727105855941772461e-01
1.985592022538185120e-02
3.049990534782409668e-01
6.881234049797058105e-02
2.003610581159591675e-01
6.780359148979187012e-01
2.483641356229782104e-01
2.834423445165157318e-02
3.188830986618995667e-02
1.939795911312103271e-02
2.590256929397583008e+00
2.869842946529388428e-01
1.666627973318099976e-01
4.202476143836975098e-01
2.432734966278076172e+00
1.596106886863708496e-01
4.560600519180297852e-01
2.910216450691223145e-01
0.000000000000000000e+00
1.401724852621555328e-02
1.241295933723449707e+00
5.104327574372291565e-02
2.060048282146453857e-01
2.212043106555938721e-01
1.610474437475204468e-01
2.719907164573669434e-01
1.979309618473052979e-01
2.195156365633010864e-02
1.213136672973632812e+00
0.000000000000000000e+00
1.413464248180389404e-01
8.827269822359085083e-02
0.000000000000000000e+00
2.909281849861145020e-01
4.302003085613250732e-01
1.497307419776916504e-01
0.000000000000000000e+00
8.167160749435424805e-01
0.000000000000000000e+00
1.317417621612548828e-01
5.665389820933341980e-03
3.758135065436363220e-02
0.000000000000000000e+00
1.666579395532608032e-01
7.595184445381164551e-02
6.912041306495666504e-01
3.270380198955535889e-02
4.064464941620826721e-02
0.000000000000000000e+00
3.848619759082794189e-02
4.918094724416732788e-02
1.883973717689514160e+00
5.861737251281738281e+00
8.031630888581275940e-03
1.616459637880325317e-01
3.123317360877990723e-01
0.000000000000000000e+00
1.912620477378368378e-02
6.380418688058853149e-02
3.007192909717559814e-01
3.077059425413608551e-02
2.735043525695800781e+00
3.192353487014770508e+00
3.441088795661926270e-01
1.004780650138854980e+00
9.012651443481445312e-01
2.315046340227127075e-01
2.618302777409553528e-02
5.315752029418945312e-01
3.543488681316375732e-01
3.482619067654013634e-03
0.000000000000000000e+00
8.731259703636169434e-01
5.544458050280809402e-03
3.373669147491455078e+00
6.762015819549560547e-02
5.771051645278930664e-01
0.000000000000000000e+00
4.221217930316925049e-01
3.896434605121612549e-02
1.215336680412292480e+00
0.000000000000000000e+00
4.037829041481018066e-01
7.156661897897720337e-02
5.490855872631072998e-02
4.328730583190917969e+00
1.215606331825256348e-01
9.835023432970046997e-03
1.075156554579734802e-01
4.151056054979562759e-03
9.725393056869506836e-01
5.212949472479522228e-04
0.000000000000000000e+00
6.769604086875915527e-01
1.063216805458068848e+00
8.824484944343566895e-01
8.157963305711746216e-02
0.000000000000000000e+00
0.000000000000000000e+00
0.000000000000000000e+00
2.865318395197391510e-02
0.000000000000000000e+00
3.446915626525878906e+00
3.205747306346893311e-01
9.933481216430664062e-01
1.919245362281799316e+00
3.687497228384017944e-02
0.000000000000000000e+00
8.231796622276306152e-01
4.399369657039642334e-02
9.783188104629516602e-01
8.835907094180583954e-03
0.000000000000000000e+00
9.317055344581604004e-01
0.000000000000000000e+00
0.000000000000000000e+00
2.099606767296791077e-02
4.969251155853271484e-01
0.000000000000000000e+00
3.161465749144554138e-02
3.240850940346717834e-02
0.000000000000000000e+00
6.019812822341918945e-01
4.600796476006507874e-02
0.000000000000000000e+00
0.000000000000000000e+00
4.822066426277160645e-02
2.598924003541469574e-02
1.133881926536560059e+00
2.808362841606140137e-01
1.775295436382293701e-01
1.347125917673110962e-01
5.216903090476989746e-01
4.628397226333618164e-01
6.558628678321838379e-01
4.082082584500312805e-02
9.705154597759246826e-02
1.769444704055786133e+00
2.628219723701477051e-01
1.884317874908447266e+00
1.032078504562377930e+00
0.000000000000000000e+00
1.752813309431076050e-01
8.236366510391235352e-01
3.147929906845092773e-02
3.481611609458923340e-02
1.777383238077163696e-01
0.000000000000000000e+00
9.487125873565673828e-01
0.000000000000000000e+00
9.677027463912963867e-01
8.204535841941833496e-01
1.704018831253051758e+00
3.189116716384887695e+00
1.573321782052516937e-02
1.524832993745803833e-01
0.000000000000000000e+00
2.978961728513240814e-02
1.025741621851921082e-01
9.988535642623901367e-01
2.748906910419464111e-01
4.003113135695457458e-02
0.000000000000000000e+00
6.429732590913772583e-02
0.000000000000000000e+00
5.096254348754882812e-01
2.418600171804428101e-01
0.000000000000000000e+00
5.176872014999389648e-02
7.177348732948303223e-01
4.482684135437011719e-01
1.133902091532945633e-02
6.115648746490478516e-01
1.574750095605850220e-01
1.240908876061439514e-01
3.293728455901145935e-02
0.000000000000000000e+00
4.331619143486022949e-01
0.000000000000000000e+00
3.583435118198394775e-01
1.682087630033493042e-01
9.518951773643493652e-01
2.435262501239776611e-02
0.000000000000000000e+00
9.825803339481353760e-03
3.997994959354400635e-01
1.624834299087524414e+00
2.123617082834243774e-01
6.465765476226806641e+00
8.128026127815246582e-01
4.763026237487792969e-01
1.775372624397277832e-01
6.260595917701721191e-01
0.000000000000000000e+00
