4.092116432730108500e-05
1.941902592079713941e-04
9.444200986763462424e-05
2.008613228099420667e-04
5.030995234847068787e-03
2.503083944320678711e-01
8.392496407032012939e-02
3.234443283872678876e-05
1.660697744227945805e-04
9.655922622187063098e-05
1.177390455268323421e-03
6.539085006806999445e-05
2.537458203732967377e-04
2.527951495721936226e-03
4.715166141977533698e-05
4.578563093673437834e-04
9.660316572990268469e-05
4.509776408667676151e-05
1.071950100595131516e-04
1.204192958539351821e-04
1.114314363803714514e-04
1.420585322193801403e-04
3.351176565047353506e-04
1.903757220134139061e-03
1.773060648702085018e-05
4.468303523026406765e-04
1.558534917421638966e-03
3.893727553077042103e-04
8.970197814051061869e-05
2.863453119061887264e-04
6.688060238957405090e-05
7.180200555012561381e-06
2.514343941584229469e-04
1.039953529834747314e-02
6.930369883775711060e-03
7.047970575513318181e-05
9.918287105392664671e-05
3.706387360580265522e-05
1.261873985640704632e-03
1.282034063478931785e-04
6.449940701713785529e-05
5.064046010375022888e-03
2.562294830568134785e-04
2.350256909267045557e-05
9.044937905855476856e-04
3.409887722227722406e-04
4.294849713915027678e-05
3.275657581980340183e-05
6.995964213274419308e-05
3.714660488185472786e-05
2.652308648976031691e-05
3.084036507061682642e-06
1.038796850480139256e-03
5.818800418637692928e-04
2.187145175412297249e-03
5.649377999361604452e-05
4.239068221068009734e-05
3.101658949162811041e-04
2.072928007692098618e-03
3.905752964783459902e-05
1.356758875772356987e-03
8.068478928180411458e-05
3.923080512322485447e-04
5.746513488702476025e-05
1.639726906432770193e-05
4.131390526890754700e-02
5.390990525484085083e-03
2.090508205583319068e-04
3.789595561102032661e-03
1.328454382019117475e-04
2.227256045443937182e-04
9.008441702462732792e-05
4.577840627462137491e-06
7.803728658473119140e-05
6.320104148471727967e-05
1.441162312403321266e-03
5.584195023402571678e-04
3.946627548430114985e-04
5.499523467733524740e-05
1.746197231113910675e-03
5.798403799417428672e-05
2.296551363542675972e-03
8.814413449726998806e-04
1.052607622114010155e-04
6.767633021809160709e-05
7.893386646173894405e-04
7.960941875353455544e-04
1.358442432319861837e-06
2.769063939922489226e-06
2.513009712856728584e-05
6.388334895746083930e-06
1.426564995199441910e-05
4.550696467049419880e-04
1.614707252883818001e-05
2.974400704260915518e-04
1.071372116712154821e-05
2.812193088175263256e-06
1.222532955580390990e-05
8.233992957684677094e-06
1.316327543463557959e-04
1.031940246321028098e-05
1.192434751828841399e-06
1.126464412664063275e-04
7.458623440470546484e-05
2.726384627749212086e-05
6.454641834352514707e-07
2.095945092150941491e-05
1.621310040354728699e-02
7.998821092769503593e-04
3.405551193282008171e-03
1.939027942717075348e-02
2.464246470481157303e-03
7.080189883708953857e-02
4.205845762044191360e-03
1.431560050696134567e-02
3.484875336289405823e-02
1.354703097604215145e-03
8.903932030079886317e-05
1.254467060789465904e-04
6.557157030329108238e-04
5.801504594273865223e-04
5.835076808580197394e-05
6.343064342217985541e-06
2.396276686340570450e-04
4.259438137523829937e-04
1.654838211834430695e-02
1.081990194506943226e-03
1.150629759649746120e-05
1.280408378079300746e-05
3.160291817039251328e-05
6.096128345234319568e-06
2.776662950054742396e-05
3.193582233507186174e-05
1.307871134486049414e-04
1.521543017588555813e-04
3.694689894473413005e-06
5.646865247399546206e-06
7.509816441597649828e-06
1.707849442027509212e-04
1.613556640222668648e-03
1.503176405094563961e-03
2.644624328240752220e-04
3.275529597885906696e-04
4.263164883013814688e-04
2.453445631545037031e-05
1.654825318837538362e-04
2.398691140115261078e-04
2.465411089360713959e-04
1.368230732623487711e-05
5.250327521935105324e-04
5.434783175587654114e-03
1.297876860917313024e-05
3.269917385750886751e-07
6.723479600623250008e-06
6.603787369385827333e-06
1.279398929909802973e-05
4.818876277568051592e-06
2.619935003167483956e-06
1.909450929815648124e-06
6.193877197802066803e-06
1.133111709350487217e-05
1.776616772986017168e-05
7.496320904465392232e-06
4.520659786066971719e-06
2.902660071413265541e-06
7.670560648875834886e-07
3.243853825551923364e-06
1.860895736172096804e-06
7.956554327392950654e-06
2.766318857538863085e-06
5.995061201247153804e-06
2.963693623314611614e-05
1.121755667554680258e-05
1.073278326657600701e-05
2.312119704583892599e-06
4.705487299361266196e-06
1.750741648720577359e-05
1.584665596965351142e-06
1.703552334220148623e-05
2.091742544507724233e-06
1.575521764607401565e-06
2.516759650461608544e-06
2.249365024908911437e-05
4.345616559930931544e-07
1.367728600598638877e-05
6.412631046259775758e-05
1.611313746252562851e-05
1.359749603579984978e-05
7.396215096378000453e-06
3.132783604087308049e-05
1.281610457226634026e-05
4.231830098433420062e-05
5.725190931116230786e-05
1.550926208437886089e-05
1.770973540260456502e-05
2.726724005697178654e-06
2.984823595397756435e-06
1.803731493055238388e-06
6.780792318750172853e-07
2.209557715104892850e-05
1.315291501668980345e-05
1.303753469983348623e-05
7.092661689966917038e-05
3.292259134468622506e-05
2.833013058989308774e-05
8.101066669041756541e-06
1.948777708093984984e-06
7.320019358303397894e-05
2.971680260088760406e-05
6.463363388320431113e-05
1.147466082329628989e-05
1.707720002741552889e-05
2.369361172895878553e-04
1.076769240171415731e-05
9.159702131000813097e-06
7.955522960401140153e-06
6.738005595252616331e-06
1.181040897790808231e-05
1.099108794733183458e-05
1.915530992846470326e-05
1.813570065678504761e-06
2.398110154899768531e-06
4.665494998334906995e-06
5.523294021259061992e-06
1.533216391180758364e-06
9.960063835023902357e-06
7.754900252621155232e-06
7.395489319605985656e-06
4.858820830122567713e-06
2.139719754268298857e-06
4.169462954450864345e-06
1.270136453968007118e-05
3.927204943465767428e-06
1.281779759665369056e-06
4.168978193774819374e-06
1.122200683312257752e-05
1.521520516689633951e-05
1.014541339827701449e-05
2.261474764964077622e-05
6.553883395099546760e-06
1.331458497588755563e-05
6.022912202752195299e-06
3.533913513820152730e-06
2.161907104891724885e-06
1.364187255603610538e-06
5.372871783038135618e-06
1.361766317131696269e-05
2.181572426707134582e-06
5.428730219136923552e-06
3.404237304494017735e-06
6.018450676492648199e-06
1.296407390327658504e-05
5.236997253632580396e-07
5.060006969870300964e-06
3.284859531049733050e-06
1.485004418100288603e-06
2.380807245572214015e-06
9.618226613383740187e-06
2.626232890179380774e-05
1.695770515652839094e-05
4.473530680115800351e-06
1.574791667735553347e-06
5.705410899281559978e-07
3.085767821175977588e-05
1.515947042207699269e-05
1.142242763307876885e-05
5.935934495937544852e-06
2.699687001950223930e-06
2.409765556876664050e-06
1.273943144042277709e-05
4.693152004620060325e-05
2.885225967474980280e-06
3.520354512147605419e-04
3.004556674568448216e-05
1.143383906310191378e-05
2.183588549087289721e-05
2.697152667678892612e-04
4.671521310228854418e-05
4.747201455757021904e-05
1.357886794721707702e-04
1.252689398825168610e-04
1.395694471284514293e-05
1.560382588650099933e-05
6.651108378719072789e-06
1.271006385650252923e-05
8.760745004110503942e-06
3.270179877290502191e-05
4.987023203284479678e-05
7.623882993357256055e-06
4.004343645647168159e-05
6.705230134684825316e-06
1.294973935728194192e-05
5.334630259312689304e-06
1.913858432089909911e-05
2.049762224487494677e-05
1.256812356587033719e-05
2.361327351536601782e-04
2.560359916969900951e-06
1.257568830624222755e-03
2.561789238825440407e-03
3.942476178053766489e-05
4.477534384932368994e-04
3.711190220201388001e-05
1.337043249804992229e-05
9.781737389857880771e-06
8.951120253186672926e-05
3.692986865644343197e-05
3.508073132252320647e-05
1.487262052251026034e-04
1.051092331181280315e-04
2.236381545662879944e-02
1.281331205973401666e-04
9.056218550540506840e-05
4.175493813818320632e-05
1.737015409162268043e-04
2.524520459701307118e-05
4.128312139073386788e-05
7.524558895966038108e-05
3.837088006548583508e-04
7.806177745806053281e-05
4.992476169718429446e-05
7.098007336026057601e-05
1.152811673819087446e-04
3.400120021979091689e-06
2.240704634459689260e-05
5.459411477204412222e-05
8.631073433207347989e-05
2.104081399738788605e-02
4.706500098109245300e-03
1.150880083441734314e-01
1.763581385603174567e-04
1.140421372838318348e-04
8.587626325606834143e-06
2.374987525399774313e-04
9.230975410901010036e-05
2.653583760547917336e-05
1.430628472007811069e-03
5.645268538501113653e-05
4.018749223178019747e-06
5.076070692666689865e-07
8.078468454186804593e-06
2.367668348597362638e-04
3.952218685299158096e-05
5.896062702959170565e-06
5.083862561150453985e-06
1.472448457207065076e-05
5.271117970551131293e-06
1.782869730959646404e-05
5.519594560610130429e-05
1.629564503673464060e-04
2.548805205151438713e-04
1.605414581717923284e-05
7.477806775568751618e-06
3.989694232586771250e-05
1.507373872300377116e-05
5.680447793565690517e-05
3.193836892023682594e-04
5.490352486958727241e-05
4.442192221176810563e-05
1.325498160440474749e-04
6.633140583289787173e-05
5.264822448225459084e-06
1.455480814911425114e-04
9.873467934085056186e-05
1.088864610210293904e-05
6.565472290276375134e-07
4.977691219210100826e-07
6.814352673245593905e-07
1.568207949276256841e-06
3.803763206633448135e-07
1.198125119117321447e-06
1.840923232521163300e-06
1.534463262942153960e-05
4.883039218839257956e-05
9.121921721089165658e-06
6.717560268043598626e-07
2.479356453477521427e-07
1.193882781080901623e-05
3.544170112945721485e-06
1.121569766837637872e-06
6.249401394597953185e-06
2.077466660921345465e-06
6.483375273091951385e-06
2.376896418354590423e-06
5.344562623577076010e-07
1.608116690476890653e-06
2.779511987682781182e-06
1.088650151359615847e-06
5.509886022991850041e-07
1.060712093021720648e-04
2.610228955745697021e-02
1.148125156760215759e-03
3.068654623348265886e-04
3.681047819554805756e-04
9.108817321248352528e-04
2.639786107465624809e-03
4.105049185454845428e-03
6.196524202823638916e-02
1.158532043632476416e-07
3.855078830383718014e-06
7.006042324064765126e-08
3.867840803195576882e-07
3.325527131892158650e-06
6.626192043768242002e-05
4.121608799323439598e-05
3.347330493852496147e-05
4.676691958138690097e-07
3.404841208975994959e-06
3.661416258182725869e-06
3.956802629545563832e-06
1.062440205714665353e-04
1.888393398985499516e-06
1.366908418276580051e-05
1.757945938152261078e-05
3.640034265117719769e-07
1.005791182251414284e-05
1.279031039302935824e-06
1.240409710590029135e-05
7.260115125973243266e-06
3.182894943165592849e-05
1.062056298906099983e-06
9.026841325976420194e-06
2.363485691603273153e-06
9.952562152193422662e-08
1.144489019111460948e-07
2.607504256957327016e-06
3.907837708538863808e-06
1.518986209703143686e-05
1.859303665696643293e-05
2.207061879744287580e-05
1.263141058416294982e-07
2.268812977490597405e-07
1.861099917732644826e-06
8.700530088390223682e-06
7.949473683765972964e-07
1.080972197087248787e-05
5.086214969196589664e-06
3.923152689822018147e-05
9.666799087426625192e-06
4.845647936235764064e-07
3.207522604498080909e-05
1.815691030060406774e-05
2.888893277486204170e-06
2.767158093774924055e-06
8.937484494708769489e-07
4.386598902783589438e-06
7.396980663543217815e-07
2.043974382104352117e-05
2.033994178418652155e-06
1.466413664275023621e-06
2.021343789238017052e-06
1.946873908309498802e-06
2.254984792671166360e-06
1.356119554429824348e-07
1.289488551492468105e-07
4.101290323887951672e-05
5.063724074716446921e-06
5.478139541992277373e-07
1.049566344590857625e-05
8.259904689111863263e-07
1.088419157895259559e-04
5.683674771717051044e-06
4.570043165585957468e-05
3.949645179091021419e-05
9.885998224490322173e-07
7.875869414419867098e-07
5.288312422635499388e-06
3.556121555448044091e-06
4.620252184395212680e-06
9.953265362128149718e-06
2.069118863801122643e-06
1.290111049456754699e-05
1.005104695650516078e-05
1.037066431308630854e-05
1.610779804650519509e-06
3.344509968883357942e-05
2.943825450074655237e-07
2.249880935778492130e-06
2.768971626210259274e-06
2.502937968529295176e-05
1.429825715604238212e-05
4.145546881773043424e-06
9.780137588677462190e-07
2.395271394561859779e-06
1.540996527182869613e-05
1.156735925178509206e-05
4.658077443764341297e-07
3.840928457066183910e-06
2.778095768007915467e-05
3.391183417988941073e-05
4.045008950015471783e-07
1.539416189189068973e-05
1.792870421013503801e-06
1.001638338493648916e-06
2.945062533399323002e-06
6.945079888964755810e-08
3.819240816937963245e-07
2.574141490185866132e-06
9.497140922576363664e-07
1.605610486876685172e-05
1.414458820363506675e-04
6.646051247116702143e-07
4.197802809358108789e-06
8.992518587547237985e-07
8.513876309734769166e-06
7.314523827517405152e-06
3.948639641748741269e-05
2.640790626173838973e-06
1.324064760410692543e-05
4.647467903851065785e-07
1.125177641370100901e-05
2.510862032067961991e-06
2.114561539201531559e-06
1.487799750066187698e-06
2.509040314180310816e-06
8.522649295628070831e-06
3.314162313472479582e-07
8.931847332860343158e-06
3.558251819413271733e-06
2.762264557532034814e-06
5.108503486894733214e-08
2.891480107791721821e-05
1.133478690462652594e-06
1.124027949117589742e-05
1.506654484728642274e-06
2.312566357431933284e-05
7.330836382379857241e-08
5.326955943019129336e-07
5.682874757440004032e-07
5.068703217148140538e-07
2.769103502942016348e-06
2.608307568152667955e-06
1.073594546596723376e-07
1.233799230249132961e-05
1.169240022136364132e-05
1.107409116229973733e-05
7.604385700687998906e-06
2.446012786094797775e-06
1.171020994661375880e-05
1.884098674054257572e-05
5.306200819177320227e-06
2.199825985371717252e-06
1.404910199198639020e-05
1.158411237156542484e-06
3.073111874982714653e-04
4.779546998179284856e-06
1.127644509324454702e-06
1.433891497981676366e-06
2.088737574013066478e-07
2.384526123933028430e-05
9.665152447269065306e-07
1.967512798728421330e-05
1.114672954827256035e-06
4.140789769735420123e-06
1.076842090697027743e-05
1.677782051956455689e-06
1.291554553972673602e-06
1.642141614865977317e-05
6.758928066119551659e-06
2.462062866470660083e-06
1.470319688223753474e-07
1.015415932670293842e-06
2.541311187087558210e-05
1.497280209150630981e-05
5.471536823620226642e-08
1.659242298046592623e-05
1.980418346647638828e-06
2.082866558339446783e-04
2.674456254680990241e-06
1.946432121258112602e-06
2.830840230672038160e-06
4.811679900740273297e-06
1.625596155463426840e-06
1.531267002974345814e-06
6.743922858731821179e-05
6.670618972748343367e-07
3.572326647827139823e-07
1.869749439720180817e-06
2.712327386689139530e-06
2.929631648385111475e-07
2.376053316766046919e-06
7.531907613156363368e-06
2.067136620098608546e-06
3.823048757567448774e-07
9.563676030666101724e-06
1.456369318475481123e-06
6.457200015574926510e-06
3.577733878046274185e-05
6.620216481678653508e-07
2.139815933333011344e-06
2.859062306015403010e-06
5.660338956658961251e-06
1.586027065059170127e-05
8.618619631306501105e-07
7.468174203495436814e-07
5.224060259934049100e-06
3.251781527069397271e-05
2.048604301307932474e-06
2.948509347788785817e-07
3.333543427288532257e-04
8.580361463828012347e-05
1.600161681380996015e-06
1.034000547406321857e-06
3.613019998738309368e-07
5.621865852845076006e-07
3.321599933769903146e-06
1.580448724780580960e-06
8.418616062044748105e-07
1.149000695477297995e-06
3.642725641839206219e-05
6.842915922788961325e-07
5.153296569915255532e-06
2.758919492862332845e-07
2.881120508391177282e-06
1.706640375687129563e-07
5.930029942646797281e-07
1.012706270557828248e-04
7.748244001959392335e-07
2.401361052761785686e-05
3.067147645197110251e-06
1.765181696100626141e-05
1.605431975804094691e-06
2.340283754165284336e-05
1.975806844711769372e-05
1.009900145731990051e-07
1.131154294853331521e-05
1.133895420935004950e-05
1.717533450573682785e-06
3.563181235222145915e-05
8.967160738393431529e-07
2.392041324128513224e-06
8.240182978624943644e-06
8.686514547662227415e-07
4.622615051630418748e-06
3.035599002032540739e-05
6.808980401729058940e-07
9.709266350910183974e-07
8.995868483907543123e-06
3.722424935403978452e-06
2.860725999198621139e-06
1.910469291033223271e-04
8.871045338310068473e-07
2.163809824651252711e-07
1.749170337461691815e-06
7.422045018756762147e-05
2.818226789713662583e-07
7.372739491984248161e-05
7.869113323977217078e-05
5.385972485782986041e-07
1.238299300894141197e-04
2.858762172763817944e-06
2.776851943053770810e-06
4.543473721696500434e-07
7.736905899946577847e-06
3.762860842471127398e-06
8.991378308564890176e-07
8.994435120257548988e-06
4.041003121528774500e-04
5.006353148928610608e-06
1.597487425897270441e-04
1.379014702251879498e-05
3.011762998994527152e-07
4.519478352449368685e-06
3.880108124576508999e-06
8.191120286937803030e-06
9.273468890569347423e-07
2.134568603651132435e-05
6.187591452544438653e-07
2.643635752974660136e-06
3.306478220110875554e-07
2.430994527458096854e-06
1.265699938812758774e-05
1.442523625883040950e-05
2.036608748312573880e-06
5.716592932003550231e-05
7.571312039544864092e-07
1.614336838429153431e-06
6.656096084043383598e-04
8.204046935134101659e-07
1.029792201734380797e-05
1.469901235395809636e-06
9.440499525226186961e-06
2.279409636685159057e-05
9.930637361321714707e-07
2.761034693321562372e-06
4.946918579662451521e-06
1.241251084138639271e-05
1.922813481769480859e-07
1.776201497705187649e-05
1.242250533550759428e-07
4.662844730773940682e-06
1.787443125067511573e-06
7.459515927621396258e-06
1.957107997441198677e-05
1.273459133699361701e-06
8.109205737127922475e-06
1.149828458437696099e-04
1.591678824297559913e-07
7.577596647934115026e-07
1.060388285623048432e-06
9.914362453855574131e-05
1.182135674753226340e-04
8.919126344153482933e-07
3.246961341574206017e-06
2.081524144159629941e-06
9.474982107349205762e-06
1.186404688269249164e-06
8.279731673610513099e-07
8.245438039011787623e-07
2.943815843536867760e-06
1.521709236840251833e-05
6.012203357386169955e-06
5.357565896701999009e-05
9.313668670074548572e-06
1.870760684141714592e-06
4.559927674563368782e-06
1.082138805941212922e-05
4.215615263092331588e-06
9.525065252091735601e-06
2.482601530573447235e-06
3.538894588928087614e-06
3.288871766926604323e-06
5.205143224884523079e-06
2.324414481336134486e-06
1.908578951770323329e-06
9.859819328994490206e-06
9.265376320399809629e-06
2.648826693985029124e-06
1.862482349679339677e-05
6.269958134907938074e-07
1.150938078353647143e-05
3.447270046308403835e-06
1.252402512363914866e-06
1.191047122119925916e-04
9.787246426640194841e-07
7.415680556732695550e-06
9.301062675604043761e-08
8.277910637843888253e-06
4.342855390859767795e-06
5.350555056793382391e-07
9.424303425475955009e-05
1.015308498608646914e-06
9.214812962454743683e-06
1.975631533923660754e-07
1.325903431279584765e-04
1.945029225680627860e-06
6.512975687655853108e-07
1.064459951294338680e-07
1.262356590814306401e-06
7.536740304203704000e-05
3.871036540203931509e-07
3.603634013416012749e-06
1.973581674974411726e-06
1.002084991341689602e-05
9.214769306709058583e-06
2.585255424492061138e-05
1.042100939230294898e-05
2.391387715761084110e-05
4.681833161157555878e-05
8.296155442621966358e-07
1.086003339878516272e-05
4.875484137301100418e-06
5.205081379244802520e-07
1.785889980965293944e-05
3.935308996005915105e-05
3.908048142875486519e-07
3.057966750930063426e-05
1.531374437035992742e-05
7.413223102048505098e-07
2.532555299694649875e-05
3.644318667284096591e-06
3.842016212729504332e-06
9.743090231495443732e-06
2.366426770095131360e-06
1.148362662206636742e-05
6.593454600078985095e-06
2.170020934499916621e-06
6.824463071097852662e-06
2.983645117637934163e-06
8.164915016095619649e-06
2.379198349444777705e-06
5.179870754545845557e-07
2.321303327335044742e-05
1.736418489599600434e-04
3.143625508528202772e-04
4.955122108185605612e-07
5.511280960490694270e-06
2.483036951161921024e-06
1.582820488010838744e-07
3.471613183592126006e-07
3.522064844219130464e-07
3.572362629711278714e-06
4.664018924813717604e-04
1.443571477466321085e-06
1.944396899489220232e-06
1.760519626259338111e-05
2.193532964156474918e-06
3.367033514223294333e-07
7.827400736459821928e-07
3.615096147768781520e-06
1.077339177868452680e-07
8.339761552633717656e-05
3.385977470315992832e-05
2.212573053839150816e-05
4.172438366367714480e-06
1.369907863590924535e-06
7.641417141712736338e-06
5.048732873547123745e-06
4.027665909234201536e-06
9.018383025249931961e-06
8.188995707314461470e-06
6.446370207413565367e-06
1.063987510860897601e-04
2.771881991066038609e-04
4.640477072825888172e-06
1.670565543463453650e-04
2.420861164864618331e-06
5.325092047314683441e-07
2.083229082927573472e-05
1.608717980161600281e-06
7.399355126835871488e-06
2.744579433056060225e-06
1.004828050099604297e-06
1.259242253581760451e-06
1.195062941405922174e-05
5.228997542872093618e-05
2.488014843038399704e-06
1.272037916351109743e-04
4.551158781396225095e-05
4.169984094914980233e-06
2.181006721002631821e-06
1.260084872001243639e-07
7.788877155689988285e-06
8.106781751848757267e-05
1.283849655919766519e-06
3.875665061059407890e-05
7.060398729663575068e-06
8.901753972168080509e-06
6.853234663140028715e-05
1.670715937507338822e-05
3.506612983983359300e-06
8.338536758856207598e-07
7.096311946952482685e-06
4.586339855450205505e-06
2.135649629053659737e-05
8.701597107574343681e-04
2.343336689136776840e-07
4.046529647894203663e-05
4.863507456320803612e-06
1.106802028516540304e-05
1.462604814150836319e-06
1.102833994082175195e-05
1.314521614403929561e-05
1.628188147151377052e-05
2.105808505348250037e-07
4.395108135213376954e-06
1.118073441830347292e-06
9.369212250476266490e-08
1.517024611530359834e-05
3.420011125854216516e-05
8.070921353464655112e-08
4.504589924181345850e-06
2.982763362524565309e-06
8.712108297004306223e-07
2.312971218998427503e-06
8.565158537976458319e-08
8.736290510569233447e-06
2.759201197477523237e-05
1.750354385876562446e-05
3.641822559075080790e-07
4.459044703253312036e-06
3.650587132142391056e-06
4.437722964212298393e-06
3.791780045503401197e-06
5.909006972615316045e-07
3.818863660853821784e-06
2.387500171607825905e-05
1.489149667577294167e-06
1.281593995372531936e-06
2.821391035467968322e-06
7.010874924162635580e-06
2.734631436851486797e-07
4.151735083723906428e-06
3.580910515665891580e-06
1.136499122367240489e-05
4.337246991781285033e-06
1.145734472629555967e-06
3.287157994691369822e-07
4.257646651240065694e-06
1.558259782541426830e-06
1.207183686346979812e-06
8.972032446763478220e-06
2.996157263623899780e-06
4.245687534876196878e-07
6.552542686222295742e-07
6.842961884103715420e-04
8.008380973478779197e-06
4.180847099632956088e-06
3.364129224792122841e-05
1.623449861654080451e-05
1.060711952050041873e-06
2.509358637325931340e-06
2.252358171972446144e-06
8.180569466276210733e-07
1.061841066984925419e-05
8.437938276983913966e-07
8.995409075396310072e-07
1.998805419134441763e-05
1.166933681815862656e-03
7.110954902600497007e-05
9.455569670535624027e-05
1.602127485966775566e-05
1.554858135932590812e-05
8.657903526909649372e-04
1.567784693179419264e-06
9.295551990362582728e-07
2.136769126082072034e-06
1.442699613107834011e-07
4.527761575445765629e-06
9.268443136534187943e-06
1.138084826379781589e-05
8.637857717985752970e-07
7.182065928645897657e-07
5.931090981903253123e-06
4.278528194845421240e-06
1.167509026345214806e-06
1.864083969849161804e-06
4.489341881708241999e-05
7.665683369850739837e-05
7.485612059099366888e-06
7.707467011641710997e-05
8.886244904715567827e-05
1.898061054816935211e-05
2.825362344083259813e-06
3.401611820663674735e-06
1.164256245829164982e-04
3.505977474560495466e-06
2.568294621596578509e-05
3.229825597372837365e-05
2.022150692937429994e-05
3.440988439251668751e-05
2.526743628550320864e-05
1.122936228057369590e-04
1.332731426373356953e-05
1.479233924328582361e-05
2.274915232192142867e-06
5.677542048942996189e-06
4.549520381260663271e-04
5.911298103455919772e-06
2.358853635087143630e-06
1.328584221482742578e-05
1.000188785837963223e-05
1.606190926395356655e-05
8.944105502450838685e-06
8.395846089115366340e-05
3.390114670764887705e-06
4.324728251958731562e-06
2.784962134683155455e-06
2.593127646832726896e-05
1.404681188432732597e-05
8.600150067650247365e-06
2.992663765326142311e-03
7.529885624535381794e-05
7.113207539077848196e-05
9.379046969115734100e-05
4.970376903656870127e-05
2.474248503858689219e-06
1.360504666081396863e-05
7.755928891128860414e-06
2.867096736736129969e-05
1.839031610870733857e-04
6.195125752128660679e-05
6.380047998391091824e-04
4.051667824387550354e-02
1.784495776519179344e-03
3.774300857912749052e-04
3.046688216272741556e-04
5.962367635220289230e-03
8.356182370334863663e-04
3.323317505419254303e-04
5.422616843134164810e-03
3.158188519591931254e-07
2.976460791614954360e-06
1.753710530465468764e-04
1.524463186797220260e-05
1.498273013567086309e-05
3.796527607846655883e-06
4.417404707055538893e-04
1.386055955663323402e-04
5.001867066312115639e-06
9.070479791262187064e-06
2.870460739359259605e-03
5.395179323386400938e-05
3.321189797134138644e-05
1.543191465316340327e-04
1.543232938274741173e-04
9.979994501918554306e-04
6.444585742428898811e-04
1.940615911735221744e-04
1.778833279786340427e-06
