3.631008163428327317e-16
1.861715759133551253e-18
5.923127250175366787e-14
2.358067429570435009e-17
3.429580816895498509e-17
3.846063525619926519e-18
3.041961549425160952e-20
5.666564443287122957e-15
4.809831867643929448e-14
1.172947915011046671e-13
1.786384595803269804e-09
6.151560685808358381e-15
1.446030621632399260e-11
4.109808409571234287e-18
2.780018381170267319e-18
1.858630642841020894e-24
1.066517750850093371e-13
1.480016630084346474e-12
1.579704349112811544e-18
2.010480769427838536e-15
2.318542020546387579e-19
3.325859952293590185e-20
1.138722060249180765e-17
7.389095091746441211e-16
3.324252629893428845e-14
2.914628089524312279e-15
1.880253000737956487e-16
6.245070158569917748e-16
1.544639660318661289e-13
7.114499022977042843e-20
3.546544155510496623e-16
6.593516399533427830e-09
1.265630124574340654e-13
9.377393762351584131e-16
1.523573975314995721e-11
2.106142667059295613e-18
7.572510737605244226e-19
2.078996708665867255e-16
8.102836816838436713e-16
1.782566146768996122e-16
2.382779529241929595e-10
4.573119301697391788e-18
7.061948732901964995e-16
2.601921597640047653e-17
6.217223254563242314e-20
1.118543667494051948e-16
7.551526071125636008e-11
1.299482169005855559e-13
3.953647711423369617e-17
3.606487734863529637e-14
8.860486129524947074e-13
4.531719444145210218e-10
2.523779909246285390e-20
1.491821992498187087e-18
2.495903843762596223e-17
4.450950954927297891e-20
6.282236419535642504e-20
4.173409241195882609e-20
3.473245362095283424e-21
4.142396148321125793e-11
2.510600030833580844e-17
3.066768502125170185e-19
3.025831023417191138e-18
1.420664929023630402e-24
5.809113735562917297e-15
2.785615813113740151e-16
1.134991785879296317e-18
4.401918143907597927e-19
2.144565793810618661e-16
2.837578637449831307e-16
2.216059254035954484e-19
6.915640948790269249e-09
6.262410378838091369e-17
1.293082085465190999e-15
7.998309034188561672e-21
6.072327500077794567e-18
3.804071619105610814e-17
1.388935303354886691e-18
3.200679332031677871e-14
1.499680696466498819e-12
4.174968476402390882e-13
4.669724484666541061e-18
1.132925360496143908e-16
1.224840897245471974e-14
9.210793101887401941e-17
3.218680964117703880e-12
4.659357565707034424e-15
9.067099123992732219e-16
1.180694988138317206e-19
1.053107169475325441e-14
2.191197339837132048e-16
1.061280253249108739e-17
2.359293595788369315e-15
8.827852762216623767e-15
1.141576478563366501e-15
4.605559257370190151e-18
5.990769162584903395e-16
4.852009597966749476e-16
1.196445720275107760e-12
1.310407403247448865e-15
1.957445707259641843e-15
2.298572662535905507e-16
9.799063687213060980e-13
2.978961749586922503e-13
1.237358592007607135e-18
6.093651802679105343e-18
9.270668000632698025e-13
1.748518127945458121e-20
1.956802676903777820e-16
4.775943160714781621e-18
1.687557306576788435e-17
5.268773698580142550e-13
6.360617870078411062e-13
4.368334991541026778e-16
6.085152852757368005e-17
5.557184953781181505e-19
3.299186608713022827e-19
1.600079457494442414e-14
5.953313498006216242e-17
1.343242363305340288e-18
1.929008981629148911e-13
6.351714783002786364e-18
3.861573162105295788e-18
5.324123303687700037e-13
2.644685442026694915e-21
4.702669847693609324e-18
2.752332447544770470e-16
1.596229349800089655e-18
1.036545523892817844e-13
2.445744372423544174e-16
1.124125465723947528e-17
7.882614338601627016e-18
1.159366110194243245e-18
3.597505363386459569e-16
6.889793309313738815e-21
6.520207550958501130e-12
2.559924360773864656e-15
4.237241218102951218e-19
2.831037690212455989e-16
4.800166042429054869e-09
1.711494945766389719e-07
7.700426407630800441e-10
9.654615431772817224e-13
2.868125514865482728e-09
2.918948860397563294e-09
1.147395462562105536e-16
1.155112276818727034e-15
6.145157116727115870e-15
2.487155446873057230e-13
1.660678072571877801e-17
8.153883124251137815e-10
8.115291771915167374e-11
5.202202978843463907e-19
8.206823708462695901e-25
3.872953119234828767e-15
7.492532215335979691e-22
5.328271508051139472e-19
4.296133903117070217e-16
3.313506862875117412e-16
1.534825155857788559e-09
2.515185428819677327e-07
1.929796156346207526e-17
9.810287998623934413e-12
2.853645740728502113e-15
4.288882295236948541e-15
1.010198326899247601e-12
2.424317731698592826e-14
1.493251494677494406e-10
1.557613518917363190e-16
1.358181189430291849e-23
5.524510595802300928e-18
1.038666288394329840e-11
3.431377267897506474e-15
1.465633417081630666e-16
5.175492674425186124e-07
2.643997674744774304e-15
8.316768497843018970e-13
2.738862340664936448e-17
1.829032984591937949e-17
1.777944978742507232e-12
1.372985170000617927e-09
6.970507557846874550e-20
3.245684623842670646e-11
3.418232692984659021e-16
2.436111527454022208e-20
5.367338731394136124e-19
5.786949212673877206e-16
8.194991548909188371e-19
9.560622175878735767e-18
3.364464083740527852e-18
1.183726806708598362e-17
1.324435972639246785e-19
2.560615175699354642e-17
2.793255785600177923e-16
3.540513677972740030e-17
9.237028965151626487e-20
2.161542451655962976e-16
9.479939382594452374e-15
1.189198689178697896e-17
2.724764207664986948e-12
9.778048254249524198e-19
2.910822467686020683e-19
2.218392581909950257e-20
9.287301997790530469e-21
1.438714431619914089e-20
7.409782423056787692e-13
6.184779251239280740e-13
4.314758834138212196e-16
5.625479460036331147e-08
2.111969848417905049e-16
1.503263632279202992e-19
9.333069587012950662e-16
1.053441409612060056e-20
6.524231157966539540e-18
4.130477750563525576e-17
9.483428233549215257e-19
2.840091148929624375e-16
2.419367743957072357e-20
5.921908385992517491e-21
2.084927723359792512e-14
2.011697459464675434e-18
1.475609321148138586e-14
1.812215397197302762e-21
5.410081271861599816e-09
7.167832791310502216e-06
1.377591374307485239e-09
1.233341211684347780e-14
1.393059223531167845e-09
9.864398930863641871e-20
1.373585105932587018e-20
6.865045336400862203e-16
3.633162073501014865e-20
2.031384771633743769e-18
2.385251552009375033e-19
5.931887948497928975e-18
1.121335571951931342e-05
5.006203158047567089e-15
5.469907838305532177e-13
4.223577596603605988e-13
8.796380247209765373e-17
1.197667265028342287e-16
6.114559413046842533e-19
3.597301905729378378e-22
1.396726657942881644e-11
4.921423964537851640e-18
2.742732123181031026e-16
4.885127395937161054e-07
1.173523477630324507e-20
1.528140081075363751e-15
3.054385984722430072e-16
1.891445069416176211e-14
5.753879317449417385e-11
1.640513083451394793e-14
7.862437087355743522e-17
5.865482145123168678e-12
2.036628678203644682e-12
1.551686188393242016e-12
1.748760896407954485e-17
7.532574845372096184e-20
2.094922136154989123e-13
5.052721102397474893e-18
4.189865430817008018e-04
1.040093283308997079e-19
5.628864616167433832e-14
1.146803398771600868e-11
1.779098898256315520e-19
5.195564440837419583e-17
4.858412654196012204e-18
4.890659877077041529e-09
1.630151329407632937e-14
8.881982108234611761e-19
1.220330319746400737e-15
1.356113398659486435e-11
2.833258768077939749e-04
1.965061360159614523e-12
1.041376873622823496e-09
8.112544079111767012e-17
6.898004303174110063e-12
2.544260288561694949e-11
2.379698585159729989e-19
2.192449000126828196e-11
2.746766064652770428e-14
1.168939976152114415e-19
1.199432534629979452e-15
6.505892646504300172e-17
1.004299436988638147e-14
5.678673487334727526e-18
8.123224667069964938e-25
3.333420822532025276e-18
2.139666798021209572e-20
7.128697046727971998e-15
6.417910842100531526e-19
1.549116957893234905e-15
2.968309734292795543e-13
1.416909302628705132e-16
3.777768532940955614e-16
1.147568181751415730e-20
1.263458653970100584e-14
5.240667290917485970e-18
1.465509130878488858e-14
1.720855445988545007e-12
2.909745581926053210e-19
2.781062359569208553e-11
5.599014090904019803e-13
3.808309348101781230e-18
3.048466549461066246e-20
5.120430190963531913e-10
4.807378453652866312e-12
6.467795185061478436e-14
5.549606345688485980e-17
5.944171233178484164e-16
9.195811497800417122e-15
1.001572075601774026e-13
1.386448012611970365e-17
8.834763704033271603e-14
6.634925119356708395e-15
1.114158022060744799e-15
1.681727668491759717e-18
5.176244429285804804e-14
2.026061616237781270e-17
4.989602481186850014e-13
6.140865518420733551e-16
9.227186233441426848e-16
3.139037424090829198e-13
5.320959748424053553e-19
1.853087046874493660e-13
2.236499017666676581e-13
7.937929560524273082e-17
8.124917297118450232e-13
6.445206256314216578e-15
7.755934783304496705e-11
3.792626814324776127e-16
1.050374429429246255e-15
1.006631488099018687e-14
1.622929763668568004e-13
7.123626702542624080e-19
1.659087011343147366e-19
7.326225130027674837e-16
1.601707539522359905e-17
1.200967860170542123e-20
1.878540725752664287e-11
2.058114789704745817e-11
1.653353018729597501e-12
1.922458164340355713e-15
4.241525533577039653e-12
1.386468023722997600e-11
2.492285457872389642e-12
1.338893280289083749e-19
1.012221577325630008e-16
3.158324338888821199e-15
7.026615600540199111e-15
9.374117150920402430e-13
1.263444779570424559e-13
1.450507802758238540e-08
8.525459458947996783e-15
6.156941578850516782e-21
1.054437773532167222e-14
1.478352649106058452e-15
4.079975468584962073e-09
4.192068914221636078e-09
1.600657880412254615e-16
6.524187631722707000e-16
4.100633074062612338e-17
2.267891344414936194e-21
9.754545939434991486e-14
8.898977774690432544e-18
4.852442232750053819e-13
2.617384111300281001e-15
1.107808438624395542e-13
2.305304731831103737e-11
4.754972338858994355e-15
2.027564619292657883e-14
1.773314098530366005e-17
6.977777182961508550e-18
3.422904626404488226e-08
3.411119043478239021e-13
6.900993838198808336e-15
1.052418048541614581e-11
1.521201398929693336e-15
1.644119240197546272e-17
4.502341758020414486e-17
5.653791390614060219e-08
2.512217623880458918e-18
3.717762556143533459e-11
9.391898370125772999e-11
1.465623014458247199e-15
8.705879409007073679e-17
2.100039654053624245e-16
3.434777554609316774e-14
1.449909392851542189e-13
3.796323607037355163e-13
1.650905161109232231e-19
8.038855521423093095e-17
3.008613080890398805e-10
2.296977328919311235e-16
4.822312010722360417e-19
1.327284291530390709e-18
1.346081042854010978e-15
1.393598154209030326e-06
1.716305098042880672e-09
1.555940868599666617e-21
3.847271027334519177e-16
8.691904688866357808e-18
1.178236276278769434e-15
1.343981751103580000e-16
1.506116242169774535e-19
1.077939107198768022e-25
1.549202529314013210e-19
2.909531227057726710e-10
8.509190531011401326e-13
5.634279753990643561e-21
3.398913293040095596e-07
3.666868309101962986e-14
2.934643054551457769e-15
2.113379923684988171e-05
5.532454377434048443e-13
2.515968929317417526e-17
7.300969995672340618e-14
4.325166713670114405e-08
1.919153465296643060e-15
8.038646609850809439e-23
8.752703423153818107e-12
4.037107257379764919e-16
1.309168299924734231e-15
1.092745468764255712e-12
2.824381617472226935e-09
7.749806691395299507e-20
2.280360275608295240e-11
5.848352219207117540e-17
1.133482617119395408e-13
1.030346046272407191e-21
4.867110561734583859e-19
1.566975383654115847e-17
1.142787735677940151e-15
1.551721750224499541e-12
6.831192817630896835e-15
4.281742874753108330e-13
2.248929937675309132e-13
1.039953922762827500e-20
2.208305262973882402e-18
9.329938731317266587e-12
9.628899318000087778e-22
4.371245410084156902e-08
5.634949047816917300e-05
5.028222597593068442e-19
1.631250725233609816e-16
7.651059785729330542e-10
3.865545646704500460e-14
4.510381217820436106e-12
6.596176382878127242e-11
5.707003744364821940e-14
3.993593057296943374e-15
8.960161714151315682e-13
2.155134506789280060e-18
7.241313782834575465e-16
4.114912315782755931e-15
5.313166898633647772e-13
6.551435175611297623e-12
3.795048508740388203e-21
1.926842068062165070e-14
5.009207566970819148e-13
1.387496348233095570e-16
1.588668396834691521e-08
8.403833727001208675e-13
1.750631707638308516e-15
7.354898116318508983e-05
2.888511597107875567e-19
5.992695082572899179e-14
1.919077486441274349e-14
2.917730453572749561e-16
5.362610877205512725e-19
3.670045021467345514e-14
2.016110869362819358e-07
6.757372758077161688e-17
4.653906315768389923e-14
1.755540777245191995e-22
3.780820101439985592e-11
1.234775182877512147e-17
2.492449539204244502e-06
9.720746640803893291e-17
1.550216512537889394e-15
2.151235786729266408e-12
4.754936982568212075e-22
9.581600581274680132e-21
2.271330042449837272e-12
1.960445969096349254e-19
2.177765071466041180e-23
1.608429917032694334e-10
3.585536273269240848e-13
2.134324609612942535e-15
1.076954775358629490e-10
1.088082532060830054e-12
1.126224669079078922e-09
2.682561549586045700e-16
6.530693141219151565e-14
2.457554220280504637e-18
8.365122059730680677e-23
1.147231251054642421e-20
1.059817279780179283e-14
8.611390104413998298e-15
4.521996231119164466e-18
1.357315902577934806e-16
1.663511393644540373e-18
5.486608129628978148e-12
1.380352684114189614e-17
3.152471502159553962e-13
2.276946263913420809e-13
5.803001545815530265e-15
2.933053808984171888e-15
1.133552800236525826e-11
7.003452071746574248e-12
1.241151024864621880e-16
1.129271863872663775e-14
1.142489557746630098e-18
1.667242346302527114e-16
8.510902350716484377e-15
6.030524929249991839e-13
4.145520315912420983e-10
8.328842476812425843e-11
1.099548230243385660e-09
1.812526420508220326e-06
9.702773991326586126e-18
3.514942156779277127e-11
7.800734884433335736e-12
5.675833672894256412e-19
3.096034984374079757e-13
2.032158909289516834e-19
1.829728038611272116e-20
2.355338248386223271e-14
2.659068971955225180e-11
7.682547089812863383e-13
8.226328926592193364e-15
2.385181251997065682e-17
4.749021575062508272e-17
1.862385370111219055e-16
2.770577120673214561e-24
4.879538698148106271e-15
2.115127691049156766e-11
5.847160977623389044e-09
1.063222225173199482e-15
2.469470461452516474e-10
1.688786414248980979e-18
3.677758445008727506e-11
1.324715670492082609e-09
2.743320842843108287e-14
1.009840380251091850e-19
6.885255480483803867e-19
2.380468326797224865e-13
2.441303895255382416e-19
5.295291703077964485e-05
5.732217543512330149e-13
1.002113843295848739e-11
2.758170482373284438e-13
1.685953191404016148e-19
1.035832850789951496e-19
1.571452454382678277e-14
2.243230896718274858e-14
9.733677413775127491e-21
7.271586566661515523e-19
8.982174541909832000e-15
1.707677647796528280e-17
1.273666925643819961e-14
1.853864450272412308e-17
1.488428685858522726e-10
6.907959520346853094e-19
1.154427334976171338e-11
6.590015177721656725e-18
4.460490803082477817e-18
3.425794261983916567e-14
7.290205583341277749e-16
6.011748173925801630e-13
9.145836180026776529e-19
5.810614916173468332e-17
1.132272880428962080e-16
1.131343015003949404e-04
5.845456930997361411e-12
1.953104167284891446e-08
1.121845714596720756e-18
1.251836133735998065e-15
3.139400198137742848e-11
4.026703589680774694e-19
1.425157908352403524e-11
8.522188163495592050e-12
3.290327400955003332e-18
1.520247296105114998e-11
3.170974767485734702e-12
1.802948388458444628e-13
9.401776368067951695e-14
1.450044801391374834e-17
8.970860597101903202e-18
2.128353500482110098e-18
2.021898273807387625e-11
4.807854509202067386e-20
1.794140125355170312e-08
9.214113477244493393e-21
1.236939004641889612e-17
1.192305744995569578e-17
2.038580028041430423e-19
7.029300779686289968e-14
8.711887718104413850e-18
2.170323197196978754e-18
1.415810611110623896e-11
1.669968705587220991e-21
7.183476036232150364e-10
8.134279653928405684e-14
5.310836948164976423e-13
4.917306341667426750e-06
3.427583564197256294e-11
3.505823258365126094e-07
1.755792455870874846e-10
1.134465531092048243e-15
1.980646091886169839e-17
1.472834271806344048e-14
6.964108850519682320e-18
4.190413749501076257e-13
1.101382465654047053e-17
5.276989024259236696e-21
5.517933811998862517e-20
2.123264411513225980e-11
2.357752049153560847e-10
7.710757759290393087e-14
8.327312797651309495e-12
2.855990555161724842e-09
4.552217440234911843e-17
1.095953403997813917e-20
2.073346052136604278e-12
2.637517660940042093e-17
2.297561980176263715e-18
1.700599033160993495e-16
9.008628865103673888e-08
1.590334114398572751e-10
7.735782847628769332e-11
1.263738998515503882e-24
4.652890151517392620e-16
3.381906435668061151e-14
5.196975294552430569e-08
2.120534079433585072e-17
1.277916550357360848e-09
8.612901211191899969e-15
1.248297071263691988e-16
4.139162994483906928e-20
7.531544617768555531e-19
4.527364219704327339e-18
3.039414423269826138e-13
3.026217988764783040e-14
9.792839732527074928e-17
6.241780494361018859e-17
7.318143313561620289e-11
3.804413986576207097e-20
1.029867650727222408e-19
3.885274602044574976e-10
1.674269523745646055e-19
1.591070883932843572e-07
1.138408868989752874e-18
4.880964492826351674e-18
3.056562774693578899e-14
3.025186442924859191e-17
3.854663983837713914e-14
4.997464319130744473e-15
2.589404350146651268e-03
1.928489590241611040e-10
2.887129944839639251e-11
3.684371532754465694e-19
3.152751901257688294e-22
3.593735060919553068e-15
3.642249508791090837e-21
3.881466855837196103e-18
2.642172742259914914e-15
6.230014740855535638e-14
1.438953202732100290e-16
3.411681846049712669e-15
3.609054039950998924e-22
9.727413427027856300e-19
9.007427982199271710e-15
1.939515492654919626e-10
1.358371765542634244e-17
1.602259889707264434e-14
1.319788610775645462e-15
1.795865009167455767e-20
1.926960067066829652e-06
5.318302742640668157e-11
7.382716730994366254e-19
2.797323529497456574e-20
7.445454017078782186e-17
1.322545385381602989e-15
1.442838734767057878e-17
1.805235660113277386e-18
6.428394710129787595e-20
5.473515738219019325e-18
1.158064461925616129e-14
2.607158603495918214e-05
6.861268380093108325e-18
1.264553085223477042e-18
1.181956665874395185e-08
7.869895056814013579e-13
8.152527508380742711e-18
4.778959888408762513e-14
1.488582256570225582e-06
7.432804744681841685e-15
2.909402870658514834e-18
2.756678653006471090e-19
1.360073666741917056e-23
3.810909687776141441e-26
1.163623125806367842e-12
7.932351364665945171e-19
3.589939082766432921e-15
3.890277484105020972e-15
5.403670827447805761e-15
5.524892505091116661e-17
3.087980076088570058e-05
4.556944599443113475e-09
1.110788110797455985e-12
2.634828421805389187e-20
5.375803787590274102e-18
6.143221781967911355e-12
1.047836004035223125e-17
1.467846569118413935e-12
2.385405675070506604e-12
8.882810285937292605e-12
3.068482100354597009e-12
9.648892351776794385e-09
8.294284157273068558e-07
9.960273504257202148e-01
1.271758393039945645e-11
7.569803616401526991e-13
2.406707747318586471e-15
2.094083814831995902e-20
1.565362423017191418e-13
2.231370367174311026e-19
7.089738573995418847e-08
2.905801053301856809e-16
4.207338470674226727e-12
1.327957925914557968e-14
6.635100238571791820e-23
1.424094524301585752e-16
4.338264438962818701e-22
1.895583352506946540e-07
5.670043989880468871e-08
6.855807383319869990e-16
9.342886111573393090e-19
4.838789924299646827e-10
9.641898461326358608e-17
2.166878576403824997e-21
4.703737006811237196e-22
3.118729274831366638e-09
8.269019916529402135e-16
7.186264170538914087e-12
2.878236979924201272e-20
1.149888984031122163e-08
3.834375215410368472e-17
3.208464454201539508e-15
1.224465272014682582e-13
2.892365734329864317e-15
1.057044989732913720e-11
2.925828816467439719e-19
1.115967846712101368e-19
1.589841973348438131e-11
9.504606545234758960e-21
2.054393710270580042e-14
1.270954036458604719e-10
2.022024346191256955e-16
4.473570697882678360e-06
4.730314424905729678e-22
7.664699396488819746e-18
1.115822251219686367e-13
4.344301882206608179e-14
1.891713104522005362e-13
1.841278240988231119e-08
5.631955933846930746e-22
2.507893093195434631e-08
1.727945857146057085e-13
7.708428172747845543e-23
1.876412352430634201e-05
1.291461647909622479e-13
6.322959327344571112e-14
1.503706096358736435e-18
1.973612008684347968e-14
1.731628888595005102e-23
8.209290399772933145e-19
1.516757842912573595e-14
3.730126106031453424e-16
6.312251935014501214e-05
1.012227135591605452e-20
6.537156593822146533e-08
5.583377591647162297e-14
4.097148658450293964e-16
1.544865000976938271e-19
1.770318246807094420e-19
2.281595745667885922e-11
1.724694076485724144e-15
5.394748647802316555e-09
2.766873271567871911e-14
1.590806353704192005e-19
1.129614023848146687e-11
3.378057556336918032e-18
1.714162145560749195e-09
8.187463207409706456e-11
1.015673209057120496e-13
1.298975423074831201e-15
4.087222385220539225e-15
8.826164837310982759e-16
1.325540155069915293e-12
5.363743227349004883e-09
6.416717944259653491e-17
3.849823834289195501e-13
2.075758452310321859e-21
1.525317741037091057e-12
3.952014867233947597e-19
2.404838445744549137e-20
3.210366797970434367e-20
4.857905721727487909e-21
1.555346249945579844e-15
1.502762643212918192e-07
9.379242555951350369e-07
5.713774671635288641e-15
2.635244734052868883e-17
1.319424214554758702e-18
3.718345211812038031e-14
1.042490964664466446e-07
1.044865669680428155e-11
9.157948704929808059e-12
4.602688266326995792e-14
4.173324131341886109e-15
8.036812589127390050e-14
7.811052152306707796e-12
1.026423276885221614e-13
1.430063858130770083e-12
6.001314872276574869e-23
1.849208633442067651e-11
2.906055957279421150e-16
4.052985154673842795e-16
3.756117460248717399e-14
1.975873213959020158e-13
3.105101082940403545e-13
1.921016731104563391e-12
1.965594375970465026e-15
8.862933165154629478e-10
2.842871072061825544e-05
2.198003494413569570e-05
5.713445775518133374e-12
1.449772680378602630e-11
1.450198987857554718e-18
5.960400037032019286e-18
2.518637165819329827e-18
5.344706971132408825e-24
2.640165375818875892e-13
1.287981867790222168e-04
2.991946100594500280e-12
7.740546802276100083e-23
2.005375900060446526e-11
9.068754941055716368e-17
1.082500992837727877e-17
6.886399037001143114e-15
4.362302810011208325e-18
2.633009099379385320e-13
4.941838368465354086e-17
3.634660064241734823e-12
1.294748162850023476e-11
1.310809852258054902e-19
5.870515120028063638e-13
1.391621444964717463e-22
7.562850665985860078e-16
4.097861026393824632e-19
8.896483945581082353e-14
6.646798111908935880e-10
2.341635796398490454e-14
2.806834591953435293e-14
2.796744086319691291e-11
7.877778309868396995e-17
7.297984265519641411e-12
1.099632333457619608e-16
5.209382221654876993e-15
9.751474863151088357e-07
1.213417710333637993e-16
6.708158903070768008e-18
5.350192952336652280e-17
2.057584695141123805e-15
7.305203393550823706e-18
6.469099361690365882e-15
1.651511816191941762e-09
7.079161527935479383e-22
1.558357610247127225e-22
1.718641396732112359e-12
4.890368099082047226e-14
2.743215456509796610e-22
1.080867575825731665e-16
4.217305632196669066e-21
2.314146815748632673e-22
4.219671255657471353e-21
5.803846932802612556e-21
1.982259376162161820e-21
1.025350005672920426e-15
6.528298494373968933e-15
4.233603689840492734e-09
3.829524363600561501e-16
7.972977475716874762e-14
2.622609881068366407e-16
6.152296038826365212e-20
5.647988587237362523e-13
2.343064457732690897e-11
1.016035700018846910e-09
1.440769103025056060e-19
1.621405409935050557e-08
3.106285573813843959e-13
1.177297340256738042e-15
1.775583604198525695e-15
1.950130380622959442e-19
1.972043223164021697e-10
4.994733921660160037e-17
1.550451458301634056e-17
4.119222324350246822e-12
1.136026023370103292e-20
5.344927203275200961e-18
3.691839585776013344e-13
3.422864904414955976e-16
1.349861472599300782e-10
2.387720542174065486e-06
3.892042070574586177e-12
4.013752864958069350e-15
3.407907890753221133e-16
2.945415160902988300e-19
2.656549286106368868e-11
9.992919824952650742e-10
1.074929381617018009e-10
1.686419039879466465e-16
8.546160097145944629e-17
1.140796678856300511e-16
6.303556224342372524e-19
4.520930071277851070e-13
1.877278856301909825e-16
3.669523280935572387e-16
2.074667979462558349e-19
1.347518775402856746e-16
7.333507368612674504e-20
2.308485594996740990e-15
4.784251879212664260e-13
3.884908989285323216e-15
1.651559639916089228e-12
1.182375683433705712e-20
2.684708873398541917e-14
6.427230946624059443e-16
5.846761443051295970e-12
2.275367177659304296e-12
5.853720828376263174e-13
3.719397294495163653e-13
1.221818653196482529e-11
1.526421345346266369e-15
3.678735240692995734e-14
1.517272118966499043e-15
2.455141124407360049e-22
1.807076488447023621e-09
3.446104235305114116e-10
5.009059486638101077e-11
7.537502013899193064e-17
1.873472766692981829e-16
6.070645745939523205e-15
1.412299010378204045e-11
2.494429708649353221e-16
6.742758320361386887e-21
1.758098442034698082e-17
1.291110122460248366e-12
4.003490107890017840e-16
1.768441404599585542e-12
9.110810457759137401e-18
2.426312311647897452e-17
9.711513154498208864e-18
2.987418472322200813e-12
1.383710313618118923e-18
1.376822478249550841e-08
8.073189604893352134e-15
6.831759456202830360e-17
3.921163269977228152e-15
2.051915808027616193e-17
1.599511077211011097e-15
6.412300473440019277e-21
3.590579611728124583e-17
1.549461242904975888e-13
2.994716325236627258e-15
1.296968209099722685e-14
3.477862532409363839e-19
1.917291749744304662e-18
4.938582400285888158e-15
9.645839679160153265e-16
6.500498381765973388e-13
2.530944682755929757e-19
4.179995759881155004e-17
7.812459988827680224e-14
2.863304482837031317e-13
1.438673507582477473e-12
3.838615643083287342e-19
8.019149623539636459e-20
8.204705869514685584e-15
9.623511658025982628e-20
3.812173522333322698e-19
1.254703949067384710e-16
7.887340517749509994e-17
1.749063002619993552e-15
1.635978893750865985e-18
1.789926095457027543e-15
7.534400417474364231e-16
