4.166301488876342773e-01
2.049875020980834961e+00
5.227375626564025879e-01
5.639266967773437500e-02
8.782772421836853027e-01
7.477179050445556641e+00
9.103016853332519531e-01
3.788748756051063538e-03
7.900407165288925171e-02
2.444710969924926758e+00
1.334027759730815887e-02
7.409840077161788940e-02
0.000000000000000000e+00
1.068362832069396973e+00
1.462863832712173462e-01
0.000000000000000000e+00
2.403001040220260620e-01
9.339226409792900085e-03
0.000000000000000000e+00
7.370093464851379395e-01
3.350811898708343506e-01
8.117295056581497192e-02
1.125193387269973755e-01
0.000000000000000000e+00
3.066919278353452682e-03
2.817030847072601318e-01
4.716892540454864502e-02
1.376725919544696808e-02
1.505276083946228027e+00
1.524698287248611450e-01
6.455873139202594757e-03
1.798999756574630737e-01
2.057371735572814941e-01
0.000000000000000000e+00
0.000000000000000000e+00
1.916792541742324829e-01
1.785216778516769409e-01
0.000000000000000000e+00
1.911275647580623627e-02
0.000000000000000000e+00
3.442802131175994873e-01
2.610528469085693359e-01
0.000000000000000000e+00
3.702197223901748657e-02
2.493578195571899414e+00
0.000000000000000000e+00
5.556713342666625977e-01
1.873281449079513550e-01
0.000000000000000000e+00
7.386790513992309570e-01
4.712134301662445068e-01
0.000000000000000000e+00
2.980215847492218018e-01
3.046469092369079590e-01
4.107981920242309570e-02
0.000000000000000000e+00
1.546186923980712891e+00
3.449142351746559143e-02
1.106631308794021606e-01
1.205552220344543457e-01
6.865432113409042358e-02
2.330971211194992065e-01
1.012501120567321777e+00
7.408533692359924316e-01
2.055373042821884155e-02
0.000000000000000000e+00
0.000000000000000000e+00
0.000000000000000000e+00
0.000000000000000000e+00
2.544909017160534859e-03
1.126881018280982971e-01
4.657752811908721924e-01
1.982905268669128418e-01
4.353216663002967834e-02
0.000000000000000000e+00
1.741204410791397095e-01
0.000000000000000000e+00
5.060350522398948669e-02
8.534354567527770996e-01
1.221223473548889160e-01
2.840394079685211182e-01
3.966555744409561157e-02
2.817558050155639648e-01
6.436587572097778320e-01
7.267410755157470703e-01
2.423924952745437622e-01
2.823414513841271400e-03
0.000000000000000000e+00
5.635335445404052734e-01
0.000000000000000000e+00
7.022391557693481445e-01
1.207867451012134552e-02
1.057940721511840820e-01
8.865473419427871704e-02
0.000000000000000000e+00
0.000000000000000000e+00
3.675544634461402893e-02
3.663448095321655273e-01
6.700736880302429199e-01
5.586520582437515259e-02
5.276228785514831543e-01
7.034285366535186768e-02
0.000000000000000000e+00
1.369878947734832764e-01
2.796489298343658447e-01
2.301536500453948975e-01
1.600601196289062500e+00
3.063388764858245850e-01
0.000000000000000000e+00
6.374968588352203369e-02
6.879771351814270020e-01
2.103449553251266479e-01
7.928276062011718750e-01
0.000000000000000000e+00
2.940182108432054520e-03
1.266839504241943359e-01
1.280104756355285645e+00
1.652944087982177734e-01
6.693791598081588745e-02
9.847529977560043335e-02
0.000000000000000000e+00
3.178918659687042236e-01
0.000000000000000000e+00
4.596116840839385986e-01
3.340827524662017822e-01
0.000000000000000000e+00
2.840736806392669678e-01
3.820925252512097359e-03
6.610218435525894165e-02
7.269046306610107422e-01
1.794675365090370178e-02
1.638187646865844727e+00
6.911311745643615723e-01
7.824275642633438110e-02
1.517071854323148727e-02
7.013068795204162598e-01
8.084587454795837402e-01
1.589490473270416260e-02
2.169084548950195312e+00
7.229955792427062988e-01
4.704296588897705078e-01
4.926030158996582031e+00
2.727132476866245270e-02
1.427312046289443970e-01
5.563314631581306458e-02
0.000000000000000000e+00
6.379973143339157104e-02
1.503172069787979126e-01
1.501516252756118774e-01
7.280768360942602158e-03
6.268976256251335144e-03
2.169750779867172241e-01
2.963964641094207764e-01
5.720423534512519836e-02
0.000000000000000000e+00
0.000000000000000000e+00
3.433091640472412109e-01
1.634817197918891907e-02
0.000000000000000000e+00
0.000000000000000000e+00
2.004708290100097656e+00
1.369299173355102539e+00
0.000000000000000000e+00
0.000000000000000000e+00
1.515530198812484741e-01
2.056334614753723145e-01
1.837519645690917969e+00
0.000000000000000000e+00
0.000000000000000000e+00
7.797423005104064941e-02
1.066044211387634277e+00
3.749254643917083740e-01
3.849129006266593933e-02
3.161154389381408691e-01
1.776512563228607178e-01
2.728040814399719238e-01
1.312334835529327393e-02
0.000000000000000000e+00
6.220642924308776855e-01
1.674151234328746796e-02
5.398703813552856445e-01
6.953118834644556046e-03
2.598081827163696289e+00
5.129563212394714355e-01
2.750227212905883789e+00
5.171865224838256836e-02
0.000000000000000000e+00
2.086824364960193634e-02
0.000000000000000000e+00
2.042531967163085938e-01
9.774918667972087860e-03
0.000000000000000000e+00
5.939583294093608856e-03
7.335808593779802322e-03
2.244372516870498657e-01
0.000000000000000000e+00
2.637343108654022217e-01
4.221660271286964417e-02
4.167745355516672134e-03
1.029000058770179749e-01
7.841181159019470215e-01
1.936034411191940308e-01
1.080232381820678711e+00
1.956264376640319824e-01
0.000000000000000000e+00
9.396802783012390137e-01
0.000000000000000000e+00
3.702003136277198792e-02
6.088664531707763672e-01
0.000000000000000000e+00
5.016860365867614746e-02
0.000000000000000000e+00
3.926424980163574219e-01
1.069172620773315430e-01
3.914506640285253525e-03
3.324820473790168762e-02
1.666254736483097076e-02
8.531751036643981934e-01
3.404319984838366508e-03
0.000000000000000000e+00
2.550976872444152832e-01
6.297370195388793945e-01
0.000000000000000000e+00
0.000000000000000000e+00
2.670451700687408447e-01
1.143417060375213623e-01
1.375393420457839966e-01
9.586479663848876953e-01
0.000000000000000000e+00
6.167185306549072266e-01
5.458468794822692871e-01
4.550175666809082031e-01
4.740403175354003906e+00
4.368445277214050293e-01
2.257268317043781281e-02
1.489145755767822266e+00
7.126928120851516724e-02
1.419188261032104492e+00
2.050530910491943359e-01
6.811418533325195312e-01
0.000000000000000000e+00
1.381704956293106079e-01
9.294745512306690216e-03
2.502352371811866760e-02
2.434633672237396240e-01
2.462463229894638062e-01
1.688464879989624023e-01
1.482766238041222095e-03
5.128312483429908752e-02
6.109650433063507080e-02
6.482933163642883301e-01
4.003520905971527100e-01
0.000000000000000000e+00
3.012996315956115723e-01
3.445334360003471375e-02
0.000000000000000000e+00
3.834860026836395264e-02
1.003496423363685608e-01
0.000000000000000000e+00
4.500569701194763184e-01
2.663989961147308350e-01
5.652904137969017029e-02
0.000000000000000000e+00
9.427949041128158569e-02
0.000000000000000000e+00
2.938778638839721680e+00
0.000000000000000000e+00
3.123522400856018066e-01
9.895054996013641357e-02
2.244530618190765381e-02
3.010307997465133667e-02
8.367958664894104004e-02
1.112161055207252502e-01
0.000000000000000000e+00
4.184087216854095459e-01
6.121348217129707336e-02
8.016553521156311035e-01
7.337602972984313965e-02
1.734645485877990723e+00
5.351347923278808594e-01
0.000000000000000000e+00
1.120454166084527969e-02
7.692694664001464844e-02
2.672828733921051025e-01
1.615903079509735107e-01
0.000000000000000000e+00
1.032145664794370532e-04
6.343219429254531860e-02
2.203683368861675262e-03
7.097798865288496017e-03
2.897245250642299652e-02
3.481420278549194336e-01
1.198568716645240784e-01
2.769609093666076660e-01
2.117692232131958008e-01
1.151497244834899902e+00
0.000000000000000000e+00
9.742323160171508789e-01
3.135909140110015869e-01
4.005649685859680176e-02
0.000000000000000000e+00
5.311815142631530762e-01
7.377208769321441650e-02
1.820172369480133057e-02
2.147062495350837708e-02
3.889498412609100342e-01
3.139812648296356201e-01
1.467016696929931641e+00
1.119019389152526855e+00
8.910900913178920746e-03
5.844724178314208984e-01
8.780883625149726868e-03
1.146093755960464478e-01
1.255042791366577148e+00
0.000000000000000000e+00
2.223346009850502014e-02
0.000000000000000000e+00
4.375575780868530273e-01
3.865103423595428467e-02
3.694429993629455566e-01
8.389884233474731445e-02
5.869949236512184143e-02
4.931565225124359131e-01
0.000000000000000000e+00
0.000000000000000000e+00
1.977969706058502197e-01
1.824349284172058105e+00
7.955647706985473633e-01
1.142456904053688049e-01
0.000000000000000000e+00
2.921273186802864075e-02
1.539257448166608810e-02
1.031022444367408752e-01
0.000000000000000000e+00
1.480678617954254150e-01
3.217677772045135498e-01
4.233849942684173584e-01
3.586209416389465332e-01
0.000000000000000000e+00
5.630803704261779785e-01
0.000000000000000000e+00
1.551244735717773438e+00
0.000000000000000000e+00
1.821459382772445679e-01
0.000000000000000000e+00
2.273612469434738159e-01
0.000000000000000000e+00
1.313715726137161255e-01
6.998885273933410645e-01
0.000000000000000000e+00
0.000000000000000000e+00
5.708302184939384460e-02
9.625868797302246094e-01
1.857959548942744732e-03
7.632032632827758789e-01
0.000000000000000000e+00
1.472018241882324219e+00
0.000000000000000000e+00
3.191899880766868591e-02
2.492973208427429199e-02
0.000000000000000000e+00
2.458092212677001953e+00
5.019235424697399139e-03
1.836605817079544067e-01
6.128365397453308105e-01
4.013208150863647461e-01
2.986065745353698730e-01
1.146506890654563904e-02
1.490722894668579102e-01
0.000000000000000000e+00
0.000000000000000000e+00
1.303241401910781860e-01
1.999129056930541992e+00
1.529535744339227676e-02
8.577374815940856934e-01
3.523735404014587402e-01
0.000000000000000000e+00
9.266096353530883789e-01
9.673872590065002441e-02
6.861843168735504150e-02
8.197226524353027344e-01
0.000000000000000000e+00
4.510279297828674316e-01
0.000000000000000000e+00
0.000000000000000000e+00
1.374434947967529297e+00
6.558799184858798981e-03
0.000000000000000000e+00
0.000000000000000000e+00
2.021388895809650421e-02
1.184798870235681534e-02
3.545336658135056496e-03
1.885064542293548584e-01
2.635924704372882843e-02
9.352375566959381104e-02
2.844732761383056641e+00
0.000000000000000000e+00
7.996481060981750488e-01
1.458990722894668579e-01
1.027515792846679688e+01
5.023511052131652832e-01
1.709385961294174194e-01
1.516858935356140137e-01
8.610744774341583252e-02
0.000000000000000000e+00
1.587346568703651428e-02
1.880053520202636719e+00
3.381894668564200401e-03
0.000000000000000000e+00
0.000000000000000000e+00
0.000000000000000000e+00
2.713029459118843079e-02
3.766312897205352783e-01
1.433406323194503784e-01
3.828560113906860352e-01
9.587882161140441895e-01
0.000000000000000000e+00
9.001994132995605469e+00
0.000000000000000000e+00
1.705263704061508179e-01
1.109613329172134399e-01
2.595691382884979248e-01
2.702381648123264313e-02
4.087076485157012939e-01
2.125620655715465546e-02
7.516355067491531372e-02
0.000000000000000000e+00
0.000000000000000000e+00
0.000000000000000000e+00
7.369584590196609497e-02
6.931883841753005981e-02
9.210898876190185547e-01
1.569559872150421143e-01
2.180487871170043945e+00
9.686980247497558594e-01
0.000000000000000000e+00
0.000000000000000000e+00
1.188041567802429199e-01
8.283609151840209961e-02
6.447131186723709106e-02
8.654364384710788727e-03
4.208943247795104980e-02
9.955525398254394531e-01
0.000000000000000000e+00
1.507833600044250488e-03
2.129913121461868286e-01
0.000000000000000000e+00
5.299987792968750000e-01
4.190156757831573486e-01
4.411412477493286133e-01
1.541701611131429672e-02
0.000000000000000000e+00
3.968861326575279236e-02
9.127998352050781250e-02
1.067470610141754150e-01
0.000000000000000000e+00
1.584309220314025879e+00
0.000000000000000000e+00
9.898444265127182007e-02
1.132292672991752625e-02
0.000000000000000000e+00
3.356948494911193848e-01
1.503513306379318237e-01
5.228466391563415527e-01
1.936436295509338379e-01
2.910623326897621155e-03
2.661217927932739258e+00
4.814227223396301270e-01
0.000000000000000000e+00
1.544472873210906982e-01
0.000000000000000000e+00
1.610724568367004395e+00
0.000000000000000000e+00
4.646533634513616562e-03
0.000000000000000000e+00
6.509484052658081055e-01
0.000000000000000000e+00
1.008801698684692383e+00
2.961057983338832855e-02
1.051359251141548157e-02
1.533838808536529541e-01
4.065110981464385986e-01
3.063787221908569336e-01
6.001781821250915527e-01
5.899520516395568848e-01
2.457688152790069580e-01
2.241336554288864136e-02
5.014115571975708008e-02
3.691006451845169067e-02
7.842388749122619629e-02
0.000000000000000000e+00
5.925355944782495499e-03
1.300511121749877930e+00
0.000000000000000000e+00
2.571367472410202026e-02
1.414982974529266357e-01
7.158014923334121704e-02
1.976200342178344727e-01
5.906771421432495117e-01
1.846408843994140625e-02
3.225052058696746826e-01
1.865604221820831299e-01
7.532578110694885254e-01
1.255733519792556763e-01
1.031791716814041138e-01
1.760820299386978149e-02
1.108320355415344238e-01
1.106896921992301941e-01
1.197835355997085571e-01
2.975843381136655807e-03
2.125549502670764923e-02
0.000000000000000000e+00
0.000000000000000000e+00
1.595957875251770020e-01
5.606664419174194336e-01
1.177817061543464661e-01
1.049780368804931641e+00
1.534910202026367188e-01
2.972438633441925049e-01
8.730669617652893066e-01
0.000000000000000000e+00
2.779617309570312500e+00
0.000000000000000000e+00
3.948372900485992432e-01
0.000000000000000000e+00
5.925102233886718750e-01
6.615272164344787598e-02
4.738208651542663574e-02
6.722406148910522461e-01
2.762574851512908936e-01
4.540179669857025146e-02
8.492650985717773438e-01
0.000000000000000000e+00
1.219572499394416809e-01
5.692573189735412598e-01
1.005592122673988342e-01
0.000000000000000000e+00
9.413458406925201416e-03
1.130849003791809082e+00
1.968652755022048950e-01
1.076461315155029297e+00
8.449778556823730469e-01
1.867167204618453979e-01
0.000000000000000000e+00
0.000000000000000000e+00
0.000000000000000000e+00
3.201718330383300781e-01
4.599199164658784866e-03
7.117115855216979980e-01
0.000000000000000000e+00
5.953143119812011719e+00
7.521846145391464233e-02
1.063373461365699768e-01
0.000000000000000000e+00
1.605751067399978638e-01
8.847967386245727539e-01
4.669257104396820068e-01
5.480297803878784180e-01
1.402906626462936401e-01
4.142561554908752441e-01
0.000000000000000000e+00
3.321504220366477966e-02
1.729662157595157623e-02
9.406348317861557007e-02
1.475581806153059006e-02
3.834444098174571991e-03
2.792240381240844727e-01
1.646577835083007812e+00
3.873579800128936768e-01
7.211667299270629883e-02
3.752731382846832275e-01
0.000000000000000000e+00
1.016269803047180176e+00
2.167990803718566895e-01
6.352198719978332520e-01
0.000000000000000000e+00
0.000000000000000000e+00
1.188758946955204010e-02
1.296345330774784088e-02
0.000000000000000000e+00
1.220781207084655762e-01
0.000000000000000000e+00
4.968334436416625977e-01
6.582384705543518066e-01
0.000000000000000000e+00
3.965576589107513428e-01
1.506980806589126587e-01
9.075850248336791992e-02
9.017439186573028564e-02
7.309620976448059082e-01
1.306750625371932983e-01
1.133070886135101318e-01
1.207632292062044144e-02
0.000000000000000000e+00
3.836947381496429443e-01
5.488355159759521484e-01
0.000000000000000000e+00
1.132070571184158325e-01
0.000000000000000000e+00
1.021055430173873901e-01
0.000000000000000000e+00
5.251981616020202637e-01
0.000000000000000000e+00
0.000000000000000000e+00
4.256244748830795288e-02
0.000000000000000000e+00
2.619409859180450439e-01
2.371387183666229248e-02
3.972259759902954102e-01
5.224183201789855957e-01
0.000000000000000000e+00
5.504864733666181564e-03
0.000000000000000000e+00
6.872174143791198730e-01
6.518778949975967407e-02
2.573268711566925049e-01
2.405678927898406982e-01
6.707910895347595215e-01
4.801129996776580811e-01
3.847959339618682861e-01
4.619762599468231201e-01
7.685937732458114624e-02
3.608839809894561768e-01
0.000000000000000000e+00
5.638180971145629883e-01
6.415287964046001434e-03
0.000000000000000000e+00
1.594867743551731110e-02
1.515275090932846069e-01
6.184582784771919250e-02
2.738107740879058838e-02
0.000000000000000000e+00
6.803837418556213379e-02
5.202260613441467285e-02
6.475863456726074219e-01
0.000000000000000000e+00
5.967127159237861633e-02
0.000000000000000000e+00
0.000000000000000000e+00
0.000000000000000000e+00
0.000000000000000000e+00
0.000000000000000000e+00
2.561572790145874023e-01
8.394599556922912598e-01
1.341004483401775360e-02
0.000000000000000000e+00
3.436821103096008301e-01
0.000000000000000000e+00
1.271780848503112793e+00
0.000000000000000000e+00
0.000000000000000000e+00
0.000000000000000000e+00
5.865457653999328613e-02
1.914627254009246826e-01
1.318671107292175293e-01
3.311834633350372314e-01
0.000000000000000000e+00
3.468896150588989258e-01
0.000000000000000000e+00
5.014817714691162109e-01
0.000000000000000000e+00
3.534312173724174500e-02
5.272307619452476501e-02
1.712309718132019043e-01
7.678183913230895996e-01
0.000000000000000000e+00
0.000000000000000000e+00
8.619178086519241333e-02
5.764288827776908875e-02
1.331877708435058594e-02
0.000000000000000000e+00
0.000000000000000000e+00
1.666734814643859863e-01
2.939411671832203865e-03
5.611889995634555817e-03
0.000000000000000000e+00
0.000000000000000000e+00
1.050336286425590515e-03
1.998191475868225098e+00
3.120591163635253906e+00
3.167909085750579834e-01
0.000000000000000000e+00
6.576001644134521484e-02
0.000000000000000000e+00
8.758188225328922272e-03
7.367332279682159424e-02
5.730942249298095703e+00
1.751391775906085968e-02
1.599135547876358032e-01
3.086642362177371979e-03
5.059822797775268555e-01
0.000000000000000000e+00
1.352144718170166016e+00
4.609632492065429688e-02
9.981235489249229431e-04
6.017420068383216858e-02
9.439329057931900024e-02
1.430730533599853516e+01
1.632584780454635620e-01
1.260566245764493942e-02
8.918030261993408203e-01
0.000000000000000000e+00
1.234044432640075684e-01
4.657148942351341248e-02
6.782513856887817383e-02
3.535052239894866943e-01
0.000000000000000000e+00
6.700891256332397461e-02
0.000000000000000000e+00
0.000000000000000000e+00
1.753225326538085938e+00
4.305727779865264893e-02
0.000000000000000000e+00
0.000000000000000000e+00
3.279899954795837402e-01
8.346096426248550415e-02
9.783263318240642548e-03
4.533292725682258606e-02
0.000000000000000000e+00
0.000000000000000000e+00
1.661301851272583008e-01
0.000000000000000000e+00
3.937202692031860352e-01
2.261060923337936401e-01
3.758566686883568764e-03
1.215979456901550293e-01
3.613490983843803406e-02
0.000000000000000000e+00
4.481447115540504456e-02
2.206403575837612152e-02
4.562071561813354492e-01
0.000000000000000000e+00
1.405431777238845825e-01
1.598817668855190277e-02
0.000000000000000000e+00
0.000000000000000000e+00
1.970174759626388550e-01
7.692556083202362061e-02
4.244346544146537781e-02
4.014948755502700806e-02
3.844864550046622753e-04
4.894516468048095703e-01
3.977791219949722290e-02
3.766425652429461479e-03
1.044063687324523926e+00
4.375402629375457764e-01
2.478786744177341461e-03
1.649791141971945763e-03
0.000000000000000000e+00
1.002792045474052429e-01
1.772917807102203369e-02
9.613331407308578491e-03
0.000000000000000000e+00
3.035183623433113098e-02
0.000000000000000000e+00
3.068875372409820557e-01
4.755910634994506836e-01
4.337520301342010498e-01
1.683007180690765381e-02
3.307996988296508789e-01
7.107084244489669800e-02
0.000000000000000000e+00
1.658111065626144409e-01
0.000000000000000000e+00
1.752639561891555786e-01
1.203195929527282715e+00
3.572347462177276611e-01
3.211670368909835815e-02
5.024916529655456543e-01
6.764274835586547852e-01
6.758774816989898682e-02
1.148278236389160156e+00
0.000000000000000000e+00
3.953516781330108643e-01
2.773772925138473511e-02
4.238656163215637207e-02
2.146385312080383301e-01
1.802374571561813354e-01
8.215256035327911377e-02
9.118270128965377808e-03
0.000000000000000000e+00
3.896286487579345703e-01
0.000000000000000000e+00
5.261037349700927734e-01
0.000000000000000000e+00
1.127290964126586914e+00
0.000000000000000000e+00
2.636706233024597168e-01
9.439726173877716064e-02
7.134516835212707520e-01
7.231737971305847168e-01
2.173529379069805145e-02
1.468358933925628662e-01
3.570192158222198486e-01
3.489876687526702881e-01
1.093394607305526733e-01
0.000000000000000000e+00
4.957481324672698975e-01
4.031304419040679932e-01
1.997219324111938477e-01
4.549805074930191040e-02
0.000000000000000000e+00
1.724335849285125732e-01
1.375930011272430420e-01
1.517499238252639771e-01
5.243597030639648438e-01
4.289559554308652878e-03
1.452179431915283203e+00
0.000000000000000000e+00
0.000000000000000000e+00
3.045101761817932129e-01
2.386034466326236725e-02
5.881160497665405273e-01
0.000000000000000000e+00
0.000000000000000000e+00
9.760948829352855682e-03
0.000000000000000000e+00
6.575963497161865234e-01
9.527915716171264648e-02
1.878722190856933594e+00
3.943116962909698486e-01
1.090332984924316406e+00
0.000000000000000000e+00
2.050490118563175201e-02
3.211944699287414551e-01
1.966191172599792480e+00
3.946892917156219482e-03
0.000000000000000000e+00
1.992655545473098755e-02
1.901860713958740234e+00
2.971990220248699188e-02
0.000000000000000000e+00
1.162931442260742188e+00
0.000000000000000000e+00
3.467892110347747803e-01
1.632180511951446533e-01
1.290795020759105682e-02
0.000000000000000000e+00
3.374421298503875732e-01
2.801545858383178711e-01
2.644231617450714111e-01
0.000000000000000000e+00
3.944395855069160461e-02
4.099487140774726868e-02
0.000000000000000000e+00
7.535796612501144409e-02
0.000000000000000000e+00
1.314166486263275146e-01
0.000000000000000000e+00
2.593654394149780273e-01
3.569629192352294922e-01
1.953086018562316895e+00
6.155403852462768555e-01
0.000000000000000000e+00
4.023783653974533081e-02
6.885163602419197559e-04
3.435011506080627441e-01
3.368416726589202881e-01
1.186550501734018326e-02
1.092294454574584961e-01
1.141015961766242981e-01
5.539923906326293945e-01
1.746362634003162384e-02
3.244156017899513245e-02
1.378327965736389160e+00
1.886982560157775879e+00
4.995759129524230957e-01
4.318916499614715576e-01
2.814065665006637573e-02
7.165142148733139038e-02
6.516739726066589355e-01
2.269135555252432823e-03
1.089598983526229858e-01
7.038202881813049316e-02
0.000000000000000000e+00
1.693800091743469238e-02
4.455960392951965332e-01
1.344007551670074463e-01
3.969832360744476318e-01
1.642188549041748047e+00
1.673351973295211792e-02
0.000000000000000000e+00
5.828943848609924316e-02
2.266677618026733398e-01
2.842431068420410156e-01
9.453195929527282715e-01
5.759204626083374023e-01
0.000000000000000000e+00
6.023917347192764282e-02
6.302961148321628571e-03
1.559834241867065430e+00
0.000000000000000000e+00
4.062948748469352722e-02
1.464136242866516113e-01
0.000000000000000000e+00
1.701752305030822754e+00
0.000000000000000000e+00
0.000000000000000000e+00
1.052039191126823425e-01
0.000000000000000000e+00
1.982994824647903442e-01
6.074852943420410156e-01
3.816159367561340332e-01
2.142218828201293945e+00
4.098616912961006165e-02
1.270445287227630615e-01
6.895426511764526367e-01
0.000000000000000000e+00
4.398277960717678070e-03
3.415836095809936523e-01
1.276910901069641113e-01
1.051484346389770508e+00
0.000000000000000000e+00
2.704475075006484985e-02
3.133442699909210205e-01
7.399073243141174316e-01
4.847770929336547852e-02
4.464706778526306152e-01
9.001103639602661133e-01
3.912719339132308960e-02
5.776610374450683594e-01
1.892192125320434570e+00
1.651716083288192749e-01
0.000000000000000000e+00
0.000000000000000000e+00
0.000000000000000000e+00
1.178247705101966858e-01
2.143379449844360352e-01
0.000000000000000000e+00
8.909278549253940582e-03
1.366615593433380127e-01
1.849363446235656738e-01
1.887799240648746490e-03
2.621910572052001953e-01
1.446063637733459473e+00
8.013031482696533203e-01
3.869506716728210449e-01
5.020728334784507751e-02
3.514387831091880798e-02
3.806872367858886719e-01
2.736727595329284668e-01
6.894273310899734497e-02
3.079137066379189491e-03
0.000000000000000000e+00
1.990952342748641968e-01
0.000000000000000000e+00
9.515170753002166748e-02
9.899939596652984619e-02
0.000000000000000000e+00
0.000000000000000000e+00
3.041123390197753906e+00
1.398958861827850342e-01
4.425313696265220642e-02
2.109032720327377319e-01
1.824495494365692139e-01
2.064855098724365234e+00
1.428159624338150024e-01
3.959230184555053711e-01
4.152170717716217041e-01
5.805482864379882812e-01
0.000000000000000000e+00
4.307734780013561249e-03
1.312137097120285034e-01
0.000000000000000000e+00
3.883983567357063293e-02
0.000000000000000000e+00
3.148433193564414978e-02
1.485996991395950317e-01
8.946487903594970703e-01
0.000000000000000000e+00
9.584407322108745575e-03
0.000000000000000000e+00
3.860901296138763428e-01
0.000000000000000000e+00
1.104451179504394531e+00
0.000000000000000000e+00
3.102823102381080389e-04
5.533300042152404785e-01
0.000000000000000000e+00
5.953319668769836426e-01
2.176795452833175659e-01
4.375471919775009155e-02
1.609075814485549927e-02
4.470369815826416016e-01
2.223914675414562225e-02
3.532726466655731201e-01
0.000000000000000000e+00
1.037922203540802002e-01
1.765611618757247925e-01
7.594718784093856812e-02
1.749483644962310791e-01
9.514890611171722412e-02
7.682071328163146973e-01
1.884871572256088257e-01
1.938418671488761902e-02
3.541897833347320557e-01
6.262522339820861816e-01
0.000000000000000000e+00
1.438267469406127930e+00
2.280844897031784058e-01
9.019308537244796753e-02
0.000000000000000000e+00
1.004634052515029907e-02
5.590873956680297852e-02
0.000000000000000000e+00
1.547473818063735962e-01
8.704029605723917484e-04
1.318705201148986816e+00
1.179362274706363678e-02
1.827222108840942383e-01
1.767846494913101196e-01
2.009306192398071289e+00
0.000000000000000000e+00
0.000000000000000000e+00
2.552574872970581055e+00
3.822821378707885742e-02
1.359955519437789917e-01
1.040346268564462662e-02
4.167357087135314941e-02
1.377098679542541504e+00
9.191480636596679688e+00
1.988476365804672241e-01
2.212821096181869507e-01
1.555879354476928711e+00
8.686015754938125610e-02
4.603972434997558594e-01
2.615530788898468018e-02
1.230202317237854004e+00
8.831411600112915039e-01
4.317971318960189819e-02
5.254949927330017090e-01
3.856027126312255859e-01
2.825704216957092285e-01
4.531858861446380615e-01
8.874597400426864624e-02
7.702609300613403320e-01
9.613353759050369263e-03
0.000000000000000000e+00
6.015068888664245605e-01
2.641078233718872070e-01
0.000000000000000000e+00
2.221555858850479126e-01
5.664048194885253906e-01
1.438823938369750977e+00
1.602647267282009125e-02
6.292500495910644531e-01
3.926478028297424316e-01
6.232393905520439148e-02
8.402631282806396484e-01
0.000000000000000000e+00
0.000000000000000000e+00
1.258677393198013306e-01
1.384190022945404053e-01
3.199480473995208740e-01
3.998809456825256348e-01
4.028173536062240601e-02
6.987791061401367188e-01
4.748919606208801270e-02
2.931235730648040771e-02
1.999045163393020630e-01
9.641517400741577148e-01
2.944940887391567230e-02
0.000000000000000000e+00
3.084139712154865265e-02
3.089418169111013412e-03
7.357226312160491943e-02
1.235565245151519775e-01
0.000000000000000000e+00
2.084921002388000488e-01
0.000000000000000000e+00
3.701805174350738525e-01
1.303077936172485352e-01
9.370171464979648590e-03
9.096051566302776337e-03
2.285478353500366211e+00
3.742253482341766357e-01
6.747764348983764648e-02
1.110633537173271179e-01
3.776312768459320068e-01
2.910878360271453857e-01
1.526499688625335693e-01
0.000000000000000000e+00
7.523871958255767822e-02
1.132022976875305176e+00
0.000000000000000000e+00
2.810710854828357697e-02
0.000000000000000000e+00
0.000000000000000000e+00
5.834774114191532135e-03
1.056674309074878693e-02
3.387059271335601807e-01
7.818446755409240723e-01
1.210896819829940796e-01
0.000000000000000000e+00
9.337133914232254028e-02
0.000000000000000000e+00
0.000000000000000000e+00
5.150690078735351562e-01
1.412922441959381104e-01
1.289254546165466309e+00
1.779532991349697113e-02
0.000000000000000000e+00
0.000000000000000000e+00
5.573637485504150391e+00
1.324927449226379395e+00
2.140005528926849365e-01
4.941749274730682373e-01
4.643733799457550049e-01
5.605807900428771973e-02
1.285127736628055573e-02
1.132679954171180725e-01
5.023274943232536316e-02
0.000000000000000000e+00
2.128095133230090141e-03
0.000000000000000000e+00
1.272824592888355255e-02
1.590697914361953735e-01
7.223028689622879028e-02
4.923131689429283142e-02
1.990157514810562134e-01
8.204170502722263336e-03
8.557844907045364380e-02
1.542161554098129272e-01
4.138385355472564697e-01
4.090839624404907227e-02
0.000000000000000000e+00
3.725294768810272217e-01
7.155225276947021484e-01
3.625919222831726074e-01
2.397617250680923462e-01
2.561370134353637695e+00
3.064287304878234863e-01
2.765398323535919189e-01
0.000000000000000000e+00
1.684586852788925171e-01
5.907170474529266357e-03
1.729632765054702759e-01
8.535739034414291382e-02
7.976146340370178223e-01
0.000000000000000000e+00
4.132811352610588074e-02
3.002564907073974609e-01
4.732515513896942139e-01
0.000000000000000000e+00
7.235601544380187988e-01
0.000000000000000000e+00
0.000000000000000000e+00
5.234555900096893311e-02
0.000000000000000000e+00
1.140634864568710327e-01
9.340051561594009399e-02
3.842194974422454834e-01
0.000000000000000000e+00
2.460577059537172318e-03
1.351328343152999878e-01
3.278221469372510910e-03
9.608561545610427856e-02
9.667991660535335541e-03
1.089683890342712402e+00
4.779078364372253418e-01
8.673594594001770020e-01
3.938703611493110657e-02
0.000000000000000000e+00
1.023654267191886902e-01
9.110125899314880371e-01
4.230028986930847168e-01
0.000000000000000000e+00
4.436500743031501770e-02
0.000000000000000000e+00
2.515565603971481323e-03
4.428980946540832520e-01
2.557646483182907104e-03
3.301786184310913086e-01
0.000000000000000000e+00
9.504031389951705933e-03
4.560495913028717041e-02
7.324958220124244690e-03
4.714332818984985352e-01
3.027697205543518066e-01
3.420212492346763611e-02
9.517958760261535645e-02
6.810937821865081787e-02
0.000000000000000000e+00
0.000000000000000000e+00
0.000000000000000000e+00
4.477437734603881836e-01
7.530884146690368652e-01
1.152545586228370667e-01
0.000000000000000000e+00
7.118338942527770996e-01
2.902843952178955078e-01
1.912408173084259033e-01
5.609317682683467865e-03
0.000000000000000000e+00
6.124749183654785156e-01
1.121786594390869141e+00
3.040913492441177368e-02
1.605137437582015991e-02
1.176545739173889160e+00
7.449740171432495117e-02
0.000000000000000000e+00
2.618251554667949677e-02
6.086615920066833496e-01
1.263368409126996994e-02
1.725219488143920898e-01
2.489278018474578857e-01
1.603021174669265747e-01
0.000000000000000000e+00
6.071933358907699585e-02
3.478347361087799072e-01
0.000000000000000000e+00
5.174902826547622681e-02
2.110034376382827759e-01
0.000000000000000000e+00
5.613933131098747253e-02
1.115045920014381409e-01
6.296917051076889038e-02
1.408834796166047454e-04
7.713231444358825684e-01
0.000000000000000000e+00
3.322959840297698975e-01
6.804884076118469238e-01
0.000000000000000000e+00
1.911796443164348602e-02
4.445392787456512451e-01
0.000000000000000000e+00
2.591120600700378418e-01
0.000000000000000000e+00
1.272420644760131836e+00
8.913334608078002930e-01
0.000000000000000000e+00
0.000000000000000000e+00
2.065684050321578979e-01
5.598139166831970215e-01
0.000000000000000000e+00
5.855007767677307129e-01
0.000000000000000000e+00
1.438128054141998291e-01
7.095992565155029297e-02
5.294267535209655762e-01
1.054430496878921986e-03
2.352884858846664429e-01
0.000000000000000000e+00
0.000000000000000000e+00
1.995319128036499023e-01
4.928352832794189453e-01
8.613180369138717651e-02
3.034245371818542480e-01
6.558057069778442383e-01
1.819262653589248657e-02
4.189641773700714111e-02
5.357409827411174774e-03
7.403644919395446777e-02
0.000000000000000000e+00
7.268794625997543335e-02
6.762351095676422119e-02
2.644194602966308594e+00
7.349149137735366821e-02
5.493379831314086914e-01
0.000000000000000000e+00
0.000000000000000000e+00
0.000000000000000000e+00
1.303455114364624023e+00
1.279967576265335083e-01
7.348713278770446777e-02
5.650358647108078003e-02
2.005608081817626953e-01
3.886409699916839600e-01
1.198346138000488281e+00
1.229201108217239380e-01
0.000000000000000000e+00
5.794247239828109741e-02
5.528219789266586304e-02
1.843362450599670410e+00
0.000000000000000000e+00
1.421725004911422729e-01
0.000000000000000000e+00
0.000000000000000000e+00
1.574345827102661133e-01
0.000000000000000000e+00
2.159305810928344727e+00
2.237399220466613770e-01
2.666391730308532715e-01
8.057437837123870850e-03
0.000000000000000000e+00
1.214746236801147461e+00
0.000000000000000000e+00
2.257581651210784912e-01
3.675808906555175781e-01
8.717950433492660522e-03
1.362864226102828979e-01
2.147755399346351624e-02
4.225866496562957764e-01
6.965996026992797852e-01
3.442402184009552002e-02
1.757759600877761841e-01
0.000000000000000000e+00
1.123971715569496155e-01
3.339598655700683594e+00
8.328785002231597900e-02
0.000000000000000000e+00
0.000000000000000000e+00
1.863237619400024414e-01
3.266865853220224380e-03
8.967447876930236816e-01
0.000000000000000000e+00
1.306797713041305542e-01
3.463734090328216553e-01
1.820410490036010742e-01
1.094201564788818359e+00
1.457575559616088867e+00
1.244469657540321350e-01
5.345359072089195251e-02
2.025874853134155273e+00
1.877822279930114746e+00
2.586071752011775970e-02
2.042459510266780853e-02
0.000000000000000000e+00
9.118303656578063965e-01
2.224887758493423462e-01
1.375106908380985260e-02
2.808782160282135010e-01
0.000000000000000000e+00
3.383542969822883606e-02
6.130158305168151855e-01
8.186471462249755859e-02
0.000000000000000000e+00
1.005098968744277954e-01
1.120630741119384766e+00
1.259749770164489746e+00
5.123774707317352295e-02
9.638150334358215332e-01
4.158745054155588150e-03
3.829600811004638672e-01
6.412699818611145020e-01
3.996166288852691650e-01
0.000000000000000000e+00
3.029954731464385986e-01
0.000000000000000000e+00
8.151242136955261230e-02
1.926370337605476379e-02
2.059036307036876678e-02
6.286119222640991211e-01
7.609176039695739746e-01
1.492655719630420208e-03
6.243026815354824066e-03
0.000000000000000000e+00
0.000000000000000000e+00
0.000000000000000000e+00
0.000000000000000000e+00
0.000000000000000000e+00
0.000000000000000000e+00
8.559010922908782959e-02
1.845952868461608887e-01
6.892229430377483368e-03
1.875213831663131714e-01
7.676295042037963867e-01
6.790765523910522461e-01
0.000000000000000000e+00
0.000000000000000000e+00
1.270636469125747681e-01
2.726185321807861328e-01
3.348564729094505310e-02
1.478126496076583862e-01
1.217956766486167908e-01
0.000000000000000000e+00
2.630782127380371094e-01
0.000000000000000000e+00
9.841018170118331909e-02
3.309461846947669983e-02
5.764191150665283203e-01
7.796681523323059082e-01
0.000000000000000000e+00
1.134210154414176941e-01
5.701888203620910645e-01
1.866659224033355713e-01
2.314756512641906738e-01
1.115413606166839600e-01
0.000000000000000000e+00
2.186016365885734558e-02
7.074242234230041504e-01
0.000000000000000000e+00
7.222521305084228516e-01
3.533170372247695923e-02
8.726717531681060791e-02
9.590129554271697998e-02
5.732131600379943848e-01
3.704933226108551025e-01
1.084830611944198608e-01
0.000000000000000000e+00
3.423099592328071594e-02
2.671951055526733398e-01
0.000000000000000000e+00
2.229871511459350586e+00
1.476441696286201477e-02
0.000000000000000000e+00
8.478142321109771729e-03
1.490730792284011841e-01
2.798688113689422607e-01
1.568524837493896484e-01
4.318627417087554932e-01
1.528526991605758667e-01
7.426002025604248047e-01
7.845911383628845215e-02
0.000000000000000000e+00
8.308591246604919434e-01
0.000000000000000000e+00
0.000000000000000000e+00
3.080136142671108246e-02
0.000000000000000000e+00
2.466996192932128906e+00
7.141871843487024307e-03
3.057653009891510010e-01
4.384539723396301270e-01
0.000000000000000000e+00
2.946718363091349602e-03
4.356846958398818970e-02
2.556543052196502686e-01
0.000000000000000000e+00
0.000000000000000000e+00
8.353036642074584961e-02
7.538396120071411133e-02
1.290026068687438965e+00
1.026082396507263184e+00
1.250019907951354980e+00
0.000000000000000000e+00
3.955745398998260498e-01
1.614247560501098633e-01
3.856164962053298950e-02
2.857402153313159943e-02
5.570657849311828613e-01
4.663889408111572266e-01
1.141229271888732910e+00
3.254272416234016418e-02
1.663622409105300903e-01
5.821747183799743652e-01
3.437497019767761230e-01
3.390455245971679688e-02
2.017082413658499718e-03
0.000000000000000000e+00
2.281602025032043457e-01
0.000000000000000000e+00
0.000000000000000000e+00
5.235489085316658020e-02
0.000000000000000000e+00
2.841697633266448975e-02
1.219391077756881714e-02
0.000000000000000000e+00
1.850464046001434326e-01
0.000000000000000000e+00
2.816529199481010437e-02
2.200923673808574677e-02
1.617553085088729858e-02
0.000000000000000000e+00
6.078727245330810547e-01
2.588132023811340332e-02
1.290280342102050781e+00
5.059152841567993164e-01
2.151081711053848267e-01
0.000000000000000000e+00
2.130240052938461304e-01
0.000000000000000000e+00
0.000000000000000000e+00
2.641599774360656738e-01
2.183429338037967682e-02
5.410189628601074219e-01
5.087968707084655762e-01
5.071483179926872253e-02
6.906941533088684082e-01
2.109755761921405792e-02
1.475149486213922501e-02
1.940284855663776398e-02
4.213821291923522949e-01
2.118588984012603760e-01
5.237850546836853027e-01
3.236567378044128418e-01
3.443893492221832275e-01
4.778489768505096436e-01
0.000000000000000000e+00
1.755706965923309326e-01
0.000000000000000000e+00
3.203017413616180420e-01
2.887425124645233154e-01
0.000000000000000000e+00
0.000000000000000000e+00
7.433598488569259644e-02
8.082401752471923828e-01
0.000000000000000000e+00
4.303912818431854248e-02
1.136395931243896484e+00
6.183457374572753906e-02
1.322337269783020020e+00
8.037838339805603027e-02
0.000000000000000000e+00
6.112697347998619080e-02
7.623393833637237549e-02
3.715167567133903503e-02
0.000000000000000000e+00
5.623582005500793457e-01
0.000000000000000000e+00
0.000000000000000000e+00
1.503659505397081375e-02
2.116984315216541290e-02
4.724525287747383118e-02
3.247430324554443359e-01
0.000000000000000000e+00
0.000000000000000000e+00
1.647170633077621460e-02
8.795304223895072937e-03
3.008836135268211365e-02
1.530839055776596069e-01
7.967263460159301758e-02
0.000000000000000000e+00
5.150108933448791504e-01
2.878100574016571045e-01
0.000000000000000000e+00
0.000000000000000000e+00
4.560865089297294617e-02
1.452127218246459961e+00
2.959544181823730469e+00
1.429098546504974365e-01
4.356265068054199219e+00
4.725958108901977539e-01
0.000000000000000000e+00
9.923375211656093597e-03
8.530836105346679688e-01
2.962393127381801605e-02
4.937172234058380127e-01
3.691896097734570503e-03
1.172762587666511536e-01
8.808000944554805756e-03
1.790154874324798584e-01
2.611472904682159424e-01
1.713637113571166992e-01
2.318054810166358948e-02
3.432216942310333252e-01
8.192449808120727539e-02
1.780240386724472046e-01
3.879029750823974609e-01
1.585024222731590271e-02
6.772581487894058228e-03
0.000000000000000000e+00
0.000000000000000000e+00
9.448623284697532654e-03
6.959745287895202637e-01
1.778746210038661957e-02
0.000000000000000000e+00
1.246735267341136932e-02
4.057610407471656799e-02
1.057377830147743225e-01
1.783883690834045410e+00
2.678186595439910889e-01
0.000000000000000000e+00
0.000000000000000000e+00
3.797165155410766602e-01
2.412708662450313568e-02
0.000000000000000000e+00
4.878066778182983398e-01
1.510202884674072266e-01
1.463661789894104004e-01
2.879538759589195251e-02
5.909832119941711426e-01
2.475304901599884033e-01
3.636414408683776855e-01
1.595044322311878204e-02
1.439283490180969238e-01
6.179633736610412598e-01
1.340858936309814453e+00
0.000000000000000000e+00
0.000000000000000000e+00
1.173470735549926758e+00
3.788562864065170288e-02
1.581151224672794342e-02
0.000000000000000000e+00
1.916612833738327026e-01
8.186602964997291565e-03
0.000000000000000000e+00
1.464400738477706909e-01
3.092307746410369873e-01
8.355370163917541504e-02
2.584493756294250488e-01
3.527528345584869385e-01
2.682155966758728027e-01
0.000000000000000000e+00
0.000000000000000000e+00
0.000000000000000000e+00
3.800463676452636719e-01
1.565978229045867920e-01
2.425001859664916992e-01
0.000000000000000000e+00
2.765233516693115234e-01
5.497150123119354248e-02
7.813779115676879883e-01
8.101224154233932495e-02
0.000000000000000000e+00
8.766473829746246338e-02
0.000000000000000000e+00
0.000000000000000000e+00
1.124691441655158997e-01
1.452746748924255371e+00
1.403690427541732788e-01
5.186831578612327576e-02
4.699001461267471313e-02
1.200599551200866699e+00
4.116179943084716797e-01
6.034315004944801331e-02
1.303387284278869629e-01
4.418274015188217163e-02
1.009051725268363953e-01
0.000000000000000000e+00
2.252877950668334961e-01
0.000000000000000000e+00
4.098418168723583221e-03
2.961754202842712402e-01
9.937101602554321289e-02
0.000000000000000000e+00
0.000000000000000000e+00
9.839920997619628906e-01
1.113471295684576035e-02
3.338123485445976257e-02
0.000000000000000000e+00
7.129774987697601318e-02
1.480156421661376953e+00
7.947173714637756348e-02
1.246390771120786667e-02
1.068504452705383301e+00
1.568112373352050781e-01
6.437891721725463867e-02
1.800280213356018066e+00
2.492812648415565491e-02
0.000000000000000000e+00
8.009941875934600830e-02
0.000000000000000000e+00
2.249423786997795105e-02
1.073990106582641602e+00
4.453220218420028687e-02
2.744231224060058594e-01
0.000000000000000000e+00
6.303058564662933350e-02
4.817879199981689453e-01
2.139323055744171143e-01
2.706558816134929657e-02
0.000000000000000000e+00
1.964984834194183350e-01
0.000000000000000000e+00
2.542071938514709473e-01
0.000000000000000000e+00
5.065302252769470215e-01
0.000000000000000000e+00
6.625094890594482422e+00
1.076265648007392883e-01
3.501703441143035889e-01
1.342005968093872070e+00
1.390907764434814453e-01
1.562714427709579468e-01
1.963849425315856934e+00
0.000000000000000000e+00
3.842497169971466064e-01
0.000000000000000000e+00
1.738142728805541992e+00
6.584137678146362305e-02
1.083758771419525146e-01
1.816660612821578979e-01
0.000000000000000000e+00
3.258084654808044434e-01
3.583143930882215500e-03
0.000000000000000000e+00
1.214437708258628845e-01
4.706292450428009033e-01
7.991051673889160156e-01
7.239521741867065430e-01
1.339544653892517090e+00
5.345471501350402832e-01
1.249143630266189575e-01
3.227424323558807373e-01
1.657968997955322266e+00
0.000000000000000000e+00
1.538206338882446289e+00
5.638225078582763672e-01
3.003694117069244385e-01
2.365127325057983398e+00
1.443654060363769531e+00
0.000000000000000000e+00
6.499753892421722412e-02
0.000000000000000000e+00
5.917962989769876003e-04
1.665864437818527222e-01
1.096191443502902985e-02
1.303578764200210571e-01
2.015347331762313843e-01
0.000000000000000000e+00
3.350371122360229492e-02
2.520629465579986572e-01
8.691576868295669556e-02
0.000000000000000000e+00
2.680672705173492432e-02
1.322201788425445557e-01
1.019753456115722656e+00
0.000000000000000000e+00
1.037361502647399902e+00
0.000000000000000000e+00
0.000000000000000000e+00
2.104766666889190674e-01
1.535008907318115234e+00
1.348500400781631470e-01
6.823680829256772995e-03
9.162819385528564453e-01
0.000000000000000000e+00
2.976725064218044281e-02
5.104970932006835938e-01
0.000000000000000000e+00
0.000000000000000000e+00
0.000000000000000000e+00
4.256751015782356262e-02
6.895482540130615234e-03
1.140475645661354065e-02
5.498605221509933472e-02
2.386424541473388672e-01
4.219172056764364243e-03
3.687725216150283813e-02
0.000000000000000000e+00
1.456097066402435303e-01
1.799508482217788696e-01
6.490990519523620605e-01
3.295716643333435059e-02
8.122499287128448486e-02
0.000000000000000000e+00
2.947586402297019958e-02
7.202593237161636353e-02
0.000000000000000000e+00
0.000000000000000000e+00
0.000000000000000000e+00
0.000000000000000000e+00
0.000000000000000000e+00
0.000000000000000000e+00
3.531775204464793205e-03
1.495544314384460449e-01
1.486026346683502197e-01
0.000000000000000000e+00
0.000000000000000000e+00
4.111272096633911133e-01
0.000000000000000000e+00
4.439628496766090393e-02
1.884005546569824219e+00
0.000000000000000000e+00
1.729062497615814209e-01
2.011839533224701881e-03
8.499185740947723389e-02
5.954449772834777832e-01
1.360766589641571045e-01
1.703213667497038841e-03
3.821670636534690857e-02
1.065777391195297241e-01
1.109427332878112793e+00
6.033870205283164978e-02
2.737221121788024902e-01
0.000000000000000000e+00
5.849010497331619263e-02
0.000000000000000000e+00
1.050994992256164551e-01
7.517087459564208984e-02
1.649292826652526855e+00
2.535737156867980957e-01
9.019923210144042969e-01
1.344469934701919556e-02
1.604703441262245178e-02
1.460461974143981934e+00
7.147228717803955078e-02
3.013880252838134766e-01
0.000000000000000000e+00
4.147979244589805603e-02
1.558358594775199890e-02
1.332660112529993057e-02
0.000000000000000000e+00
6.488626003265380859e-01
3.742386102676391602e-01
0.000000000000000000e+00
1.686980761587619781e-02
0.000000000000000000e+00
5.856873989105224609e-01
0.000000000000000000e+00
6.256448477506637573e-02
2.295043505728244781e-02
2.607353627681732178e-01
1.478856662288308144e-03
6.150512397289276123e-02
1.365067213773727417e-01
4.715262725949287415e-02
9.746833890676498413e-02
3.149549290537834167e-02
1.003897905349731445e+00
7.946040481328964233e-02
6.037795916199684143e-02
9.571043252944946289e-01
2.197056859731674194e-01
2.021952420473098755e-01
1.985381245613098145e-01
7.677140831947326660e-02
6.978104114532470703e-01
5.602016672492027283e-02
4.014010354876518250e-02
7.404612842947244644e-03
2.997370660305023193e-01
6.576493382453918457e-02
1.191423386335372925e-01
7.993885874748229980e-01
5.207880139350891113e-01
0.000000000000000000e+00
4.724794626235961914e-01
5.226659178733825684e-01
0.000000000000000000e+00
7.314117252826690674e-02
1.169701293110847473e-01
0.000000000000000000e+00
6.283093690872192383e-01
2.179127782583236694e-01
1.851109117269515991e-01
0.000000000000000000e+00
1.863036863505840302e-02
0.000000000000000000e+00
7.914363592863082886e-02
1.463978171348571777e+00
3.866975009441375732e-02
0.000000000000000000e+00
0.000000000000000000e+00
7.050931453704833984e-01
2.707759439945220947e-01
1.885114051401615143e-02
2.376898936927318573e-02
9.880711138248443604e-02
5.145155191421508789e-01
3.832048654556274414e+00
1.020905375480651855e+00
2.892924845218658447e-01
5.062784533947706223e-03
2.596693336963653564e-01
6.066361814737319946e-02
1.167268976569175720e-01
7.664977908134460449e-01
7.879873365163803101e-02
1.496709227561950684e+00
5.300083756446838379e-02
8.595527149736881256e-03
1.203778684139251709e-01
1.400562047958374023e+00
6.173532456159591675e-02
0.000000000000000000e+00
6.154282391071319580e-02
0.000000000000000000e+00
9.676862955093383789e-01
5.286798626184463501e-02
0.000000000000000000e+00
0.000000000000000000e+00
3.492561727762222290e-02
1.245225220918655396e-01
0.000000000000000000e+00
2.329571172595024109e-02
0.000000000000000000e+00
1.715363375842571259e-02
3.495060205459594727e-01
1.274189949035644531e+00
4.505680501461029053e-01
5.115987658500671387e-01
4.102386161684989929e-02
4.172768071293830872e-02
1.297236084938049316e-01
2.804166972637176514e-01
7.418962568044662476e-02
2.669022560119628906e+00
3.821047544479370117e-01
2.819675393402576447e-02
5.880931392312049866e-02
8.122176863253116608e-03
2.125997096300125122e-01
2.050610333681106567e-01
3.366337120532989502e-01
7.333267927169799805e-01
8.345507830381393433e-02
0.000000000000000000e+00
2.137595787644386292e-02
0.000000000000000000e+00
3.188470145687460899e-03
6.049801781773567200e-02
1.739605329930782318e-02
2.968766167759895325e-02
2.178615629673004150e-01
2.740507945418357849e-02
0.000000000000000000e+00
3.140827873721718788e-03
4.828056097030639648e-01
7.558848857879638672e-01
0.000000000000000000e+00
3.733146563172340393e-02
2.154910005629062653e-03
1.600467860698699951e-01
1.764415018260478973e-02
5.974976345896720886e-02
2.956206798553466797e-01
5.460000038146972656e-01
1.344564836472272873e-02
1.088819280266761780e-01
2.263254374265670776e-01
0.000000000000000000e+00
2.445285916328430176e-01
6.773170828819274902e-02
0.000000000000000000e+00
0.000000000000000000e+00
0.000000000000000000e+00
9.563787281513214111e-02
9.305718354880809784e-03
0.000000000000000000e+00
4.775209128856658936e-01
4.332348704338073730e-01
1.269363611936569214e-02
1.617149829864501953e+00
1.076758056879043579e-01
4.772608634084463120e-03
8.248305320739746094e-01
0.000000000000000000e+00
2.746205329895019531e-01
6.059703230857849121e-01
0.000000000000000000e+00
5.165833234786987305e-01
2.517618238925933838e-02
0.000000000000000000e+00
3.964062035083770752e-01
2.698359638452529907e-02
1.297944877296686172e-02
1.497223377227783203e-01
5.449354276061058044e-02
3.505397960543632507e-02
8.927751332521438599e-02
0.000000000000000000e+00
0.000000000000000000e+00
3.122934699058532715e-01
2.675403833389282227e+00
4.855661988258361816e-01
5.346419289708137512e-02
1.799297928810119629e+00
0.000000000000000000e+00
1.013177275657653809e+00
5.308873653411865234e-01
0.000000000000000000e+00
1.643440723419189453e-01
3.177430033683776855e-01
1.750370860099792480e-01
1.558614224195480347e-01
0.000000000000000000e+00
3.000424988567829132e-02
9.778627194464206696e-03
3.794890344142913818e-01
1.580606028437614441e-02
3.267054259777069092e-01
1.297608613967895508e-01
0.000000000000000000e+00
0.000000000000000000e+00
1.150876190513372421e-02
5.992274880409240723e-01
0.000000000000000000e+00
0.000000000000000000e+00
1.949692517518997192e-01
0.000000000000000000e+00
0.000000000000000000e+00
7.845189422369003296e-03
5.082016438245773315e-02
2.092014811933040619e-02
2.582360208034515381e-01
2.839941978454589844e-01
7.098563909530639648e-01
2.991454601287841797e-01
2.315746545791625977e-01
1.294414997100830078e+00
8.472777158021926880e-02
2.490278035402297974e-01
0.000000000000000000e+00
1.650812663137912750e-02
0.000000000000000000e+00
5.270581841468811035e-01
1.455332040786743164e-01
1.058283150196075439e-01
4.337580680847167969e+00
8.482506871223449707e-02
0.000000000000000000e+00
6.068595647811889648e-01
1.069873690605163574e+00
3.210106372833251953e+00
5.276938676834106445e-01
3.656890615820884705e-02
3.212880492210388184e-01
2.289122939109802246e-01
1.993704438209533691e-01
0.000000000000000000e+00
4.394372403621673584e-01
6.638875603675842285e-01
0.000000000000000000e+00
5.827254056930541992e-01
2.832098677754402161e-02
8.540009260177612305e-01
1.587252736091613770e+00
0.000000000000000000e+00
1.285107582807540894e-01
0.000000000000000000e+00
9.577977657318115234e-01
0.000000000000000000e+00
3.718006372451782227e+00
9.817304611206054688e-01
1.276865601539611816e-01
3.025111258029937744e-01
0.000000000000000000e+00
3.427308052778244019e-02
0.000000000000000000e+00
6.554510444402694702e-03
2.063162028789520264e-01
3.204849362373352051e-01
1.680088758468627930e+00
0.000000000000000000e+00
0.000000000000000000e+00
3.718285262584686279e-02
0.000000000000000000e+00
5.921367555856704712e-02
0.000000000000000000e+00
0.000000000000000000e+00
0.000000000000000000e+00
2.548354864120483398e-01
8.975498378276824951e-02
0.000000000000000000e+00
0.000000000000000000e+00
4.083541035652160645e-02
0.000000000000000000e+00
1.433876901865005493e-01
1.772177405655384064e-02
0.000000000000000000e+00
5.082318186759948730e-01
2.452319301664829254e-02
4.079319238662719727e-01
0.000000000000000000e+00
4.851746186614036560e-02
0.000000000000000000e+00
0.000000000000000000e+00
8.542801141738891602e-01
3.389288485050201416e-01
5.609467253088951111e-02
7.100487500429153442e-02
0.000000000000000000e+00
0.000000000000000000e+00
5.097306147217750549e-02
0.000000000000000000e+00
6.592653989791870117e-01
