3.463172614574432373e-01
3.544498085975646973e-01
6.438372074626386166e-04
0.000000000000000000e+00
7.570623159408569336e-01
3.343493044376373291e-01
0.000000000000000000e+00
1.077265739440917969e+00
2.238689184188842773e+00
4.565272927284240723e-01
0.000000000000000000e+00
0.000000000000000000e+00
5.399582386016845703e-01
4.764616787433624268e-01
1.217357873916625977e+00
4.458891153335571289e-01
3.013617396354675293e-01
2.013722658157348633e+00
1.555154174566268921e-01
1.522579312324523926e+00
2.386297136545181274e-01
4.849080443382263184e-01
4.305374026298522949e-01
9.325355887413024902e-01
0.000000000000000000e+00
1.008524298667907715e-01
4.768845736980438232e-01
5.679320693016052246e-01
7.755901813507080078e-01
1.363426327705383301e+00
1.415717482566833496e+00
1.402674317359924316e+00
1.449397325515747070e+00
1.975358426570892334e-01
9.386634826660156250e-02
2.511512041091918945e+00
4.461160004138946533e-01
2.773420214653015137e-01
0.000000000000000000e+00
3.771912574768066406e+00
1.355449259281158447e-01
3.839588165283203125e-01
0.000000000000000000e+00
3.784901797771453857e-01
6.900520920753479004e-01
9.919701218605041504e-01
0.000000000000000000e+00
4.945759773254394531e+00
2.922358274459838867e+00
6.222527027130126953e-01
2.580605447292327881e-01
1.885198503732681274e-01
2.027538776397705078e+00
0.000000000000000000e+00
8.953111767768859863e-01
1.057045720517635345e-02
3.136214017868041992e+00
1.793275624513626099e-01
1.377834558486938477e+00
1.304875850677490234e+00
3.749174624681472778e-02
0.000000000000000000e+00
0.000000000000000000e+00
2.552313804626464844e-01
1.789582520723342896e-01
5.135719180107116699e-01
1.869865536689758301e+00
4.920426905155181885e-01
4.686842560768127441e-01
7.884953916072845459e-02
3.590930104255676270e-01
8.800873160362243652e-02
0.000000000000000000e+00
1.401764154434204102e-01
1.210155606269836426e+00
6.675627082586288452e-02
1.522952675819396973e+00
7.604576349258422852e-01
6.445369124412536621e-01
1.349441334605216980e-02
3.003071308135986328e+00
3.521483242511749268e-01
2.380158519372344017e-03
1.648089408874511719e+00
4.045710563659667969e-01
3.054382503032684326e-01
5.518125891685485840e-01
2.796792238950729370e-02
9.624332934617996216e-02
0.000000000000000000e+00
2.726775109767913818e-01
4.549097716808319092e-01
1.360746264457702637e+00
2.467697300016880035e-02
0.000000000000000000e+00
8.459852337837219238e-01
7.098098993301391602e-01
1.657559126615524292e-01
9.109487757086753845e-03
1.224399685859680176e+00
3.074114210903644562e-03
6.147811412811279297e-01
3.713681101799011230e-01
1.053474545478820801e-01
8.897355757653713226e-03
0.000000000000000000e+00
1.589776873588562012e-01
3.064885616302490234e+00
2.236891031265258789e+00
1.623437166213989258e+00
4.254376292228698730e-01
1.033119559288024902e+00
6.361085772514343262e-01
7.684420943260192871e-01
0.000000000000000000e+00
1.473574876785278320e+00
8.408256620168685913e-02
1.521909888833761215e-02
3.818387389183044434e-01
2.632621861994266510e-02
3.777253329753875732e-01
2.498021274805068970e-01
8.142519593238830566e-01
2.680365145206451416e-01
8.309760689735412598e-01
2.460760623216629028e-01
5.282752513885498047e-01
1.702727437019348145e+00
1.061111569404602051e+00
2.373104572296142578e+00
6.059042215347290039e-01
2.300688996911048889e-03
5.408145189285278320e-01
2.802628325298428535e-03
8.831603080034255981e-02
4.007414340972900391e+00
2.164937973022460938e+00
1.186089776456356049e-02
0.000000000000000000e+00
5.330050736665725708e-02
1.605878829956054688e+00
1.287052631378173828e+00
1.174725532531738281e+00
9.510602056980133057e-02
8.769599795341491699e-01
1.982060670852661133e+00
4.890924990177154541e-01
3.508208096027374268e-01
1.378861665725708008e+00
1.474222093820571899e-01
2.563472986221313477e-01
3.745606169104576111e-02
4.119068756699562073e-02
0.000000000000000000e+00
2.508419752120971680e-01
2.107696533203125000e-01
9.906305074691772461e-01
1.669959664344787598e+00
1.094226956367492676e+00
1.053835391998291016e+00
1.409613370895385742e+00
1.063782334327697754e+00
6.992421150207519531e-01
7.144106030464172363e-01
0.000000000000000000e+00
1.314460039138793945e-01
1.395496577024459839e-01
1.460186719894409180e+00
1.322237133979797363e+00
2.033748626708984375e+00
8.940108865499496460e-02
7.775294184684753418e-01
1.962216496467590332e-01
2.509735345840454102e+00
6.328115463256835938e-01
1.250013828277587891e+00
2.195846557617187500e+00
1.861532092094421387e+00
7.014862895011901855e-01
1.188338875770568848e+00
2.203446477651596069e-01
5.178177729249000549e-02
3.668744802474975586e+00
6.685811877250671387e-01
4.001273587346076965e-02
3.024935722351074219e-01
0.000000000000000000e+00
2.373380899429321289e+00
1.623909920454025269e-01
6.774197816848754883e-01
6.681808829307556152e-01
0.000000000000000000e+00
8.919091224670410156e-01
3.563136160373687744e-01
1.027523994445800781e+00
1.719065308570861816e-01
2.894536972045898438e+00
4.222262650728225708e-02
2.989559769630432129e-01
3.933241665363311768e-01
2.492589503526687622e-01
7.759236097335815430e-01
5.210768580436706543e-01
3.162242412567138672e+00
1.115600466728210449e+00
8.937774896621704102e-01
0.000000000000000000e+00
3.448091819882392883e-02
3.175624012947082520e-01
1.329713910818099976e-01
3.561472594738006592e-01
3.104262426495552063e-02
3.400914669036865234e-01
8.413399457931518555e-01
2.063049376010894775e-02
1.134543344378471375e-01
2.995691776275634766e+00
1.389419380575418472e-02
2.885273098945617676e-01
5.492555722594261169e-02
1.085026621818542480e+00
2.344900608062744141e+00
8.305808156728744507e-02
0.000000000000000000e+00
8.750159740447998047e-01
1.478889942169189453e+00
1.057841897010803223e+00
0.000000000000000000e+00
1.498330943286418915e-02
4.567454457283020020e-01
9.323274716734886169e-03
1.684566736221313477e-01
0.000000000000000000e+00
0.000000000000000000e+00
1.055347323417663574e+00
0.000000000000000000e+00
2.719841301441192627e-01
2.740857005119323730e-01
6.495335102081298828e-01
0.000000000000000000e+00
1.545167088508605957e+00
9.390813112258911133e-02
0.000000000000000000e+00
0.000000000000000000e+00
1.811379007995128632e-02
1.196343660354614258e+00
1.631760835647583008e+00
5.240950584411621094e-01
1.112589165568351746e-01
6.882904767990112305e-01
4.315634071826934814e-01
1.809992492198944092e-01
1.159826014190912247e-02
5.343599915504455566e-01
2.145049333572387695e+00
1.189503297209739685e-01
4.443754851818084717e-01
8.574284613132476807e-02
3.935066699981689453e+00
7.901712507009506226e-02
2.040344178676605225e-01
5.191221237182617188e-01
7.454326629638671875e+00
1.009088009595870972e-02
1.956479907035827637e+00
1.743470907211303711e+00
7.112209796905517578e-01
1.735213100910186768e-01
3.072316944599151611e-01
5.271094851195812225e-03
6.744685173034667969e-01
1.053483963012695312e+00
5.993061661720275879e-01
7.470538616180419922e-01
1.700698770582675934e-02
2.370796352624893188e-01
4.832626581192016602e-01
3.363085985183715820e+00
4.038156569004058838e-02
7.266380786895751953e-01
1.559778690338134766e+00
1.933299660682678223e+00
8.470974862575531006e-02
3.241366446018218994e-01
2.675072252750396729e-01
1.198706626892089844e+00
2.023409679532051086e-02
6.904131174087524414e-02
1.981997936964035034e-01
1.365792274475097656e+00
4.514527797698974609e+00
0.000000000000000000e+00
1.947030425071716309e-01
0.000000000000000000e+00
3.022753596305847168e-01
2.859023213386535645e-01
4.043106555938720703e+00
3.106678009033203125e+00
1.632413715124130249e-01
1.537791341543197632e-01
7.802037149667739868e-02
1.306055784225463867e+00
4.752551615238189697e-01
1.049659475684165955e-01
1.230204701423645020e+00
8.757080137729644775e-02
1.461690783500671387e+00
3.574587404727935791e-01
4.268300056457519531e+00
2.119881868362426758e+00
0.000000000000000000e+00
6.833047866821289062e-01
2.022746950387954712e-01
5.653774142265319824e-01
0.000000000000000000e+00
1.962668299674987793e-01
1.356107386527583003e-04
8.899838663637638092e-03
3.478396415710449219e+00
1.548000872135162354e-01
1.704839915037155151e-01
8.844291791319847107e-03
5.771062374114990234e-01
1.977231502532958984e-01
0.000000000000000000e+00
9.413761496543884277e-01
0.000000000000000000e+00
1.199654698371887207e+00
0.000000000000000000e+00
2.287513017654418945e+00
2.320493698120117188e+00
3.498677253723144531e+00
0.000000000000000000e+00
3.713107109069824219e-01
0.000000000000000000e+00
0.000000000000000000e+00
7.893462665379047394e-03
2.168979644775390625e-01
3.126634836196899414e+00
3.409234523773193359e+00
2.346490323543548584e-01
3.833115994930267334e-01
7.871417403221130371e-01
6.138187050819396973e-01
5.979505777359008789e-01
2.028468132019042969e+00
2.293197512626647949e-01
2.237493544816970825e-01
1.647667959332466125e-02
0.000000000000000000e+00
0.000000000000000000e+00
0.000000000000000000e+00
1.018651962280273438e+00
2.559643387794494629e-01
2.113144099712371826e-01
3.062119483947753906e-01
1.948336362838745117e-01
8.412390202283859253e-02
2.565055387094616890e-03
1.611747145652770996e-01
7.718172669410705566e-01
2.330090850591659546e-02
0.000000000000000000e+00
8.294401168823242188e-01
7.877087593078613281e-01
1.365032911300659180e+00
4.294473230838775635e-01
2.540152072906494141e-01
3.044012784957885742e-01
2.904937043786048889e-02
3.469660580158233643e-01
2.345636859536170959e-02
1.548481434583663940e-01
1.061229467391967773e+00
5.065157413482666016e-01
1.062106490135192871e+00
4.759042561054229736e-01
1.818672940135002136e-02
8.222497068345546722e-03
4.360767006874084473e-01
5.113609507679939270e-02
4.356975667178630829e-03
2.000974565744400024e-01
2.877912670373916626e-02
3.132030963897705078e-01
5.771023407578468323e-02
3.186737060546875000e+00
2.941410541534423828e-01
1.973696351051330566e-01
3.937599062919616699e-02
1.451026052236557007e-01
1.581701755523681641e+00
4.998275637626647949e-01
2.380560338497161865e-02
1.412193179130554199e+00
3.615567088127136230e-01
3.411007404327392578e+00
2.650648355484008789e-01
1.177751064300537109e+00
1.082652688026428223e+00
3.208876848220825195e-01
1.540421724319458008e+00
3.308790445327758789e+00
0.000000000000000000e+00
2.110051959753036499e-01
1.085392117500305176e+00
6.518840044736862183e-02
1.001840233802795410e+00
2.624758481979370117e-01
3.897356614470481873e-02
6.338880211114883423e-02
9.956157300621271133e-04
4.856487214565277100e-01
3.486581444740295410e-01
7.663549482822418213e-02
6.867909431457519531e-01
1.455784142017364502e-01
5.280687808990478516e-01
5.394346080720424652e-04
9.637471437454223633e-01
2.721953988075256348e-01
1.096495985984802246e-01
0.000000000000000000e+00
0.000000000000000000e+00
3.350109577178955078e+00
0.000000000000000000e+00
3.309252858161926270e-01
2.649988174438476562e+00
3.027515709400177002e-01
1.374824881553649902e+00
2.570812702178955078e+00
8.417637944221496582e-01
3.091886043548583984e+00
1.808666348457336426e+00
1.307183355093002319e-01
1.600469350814819336e+00
2.013855613768100739e-02
4.203712940216064453e-01
3.920804500579833984e+00
9.920906424522399902e-01
1.132388412952423096e-01
9.269372820854187012e-01
0.000000000000000000e+00
2.391424030065536499e-01
2.145902253687381744e-02
5.367749691009521484e+00
1.651892185211181641e+00
8.182712197303771973e-01
6.010667085647583008e-01
2.954914048314094543e-02
2.740986943244934082e-01
1.015691518783569336e+00
2.523442268371582031e+00
2.014052681624889374e-02
5.614985942840576172e+00
4.343430995941162109e+00
8.759599924087524414e-02
5.497412756085395813e-02
9.623438119888305664e-01
1.757206469774246216e-01
1.494771718978881836e+00
1.332299351692199707e+00
2.925993800163269043e-01
4.772003173828125000e+00
0.000000000000000000e+00
3.561375141143798828e+00
1.703875139355659485e-02
1.180346235632896423e-01
4.701030254364013672e-01
1.886459708213806152e+00
2.422057390213012695e+00
1.631613224744796753e-01
0.000000000000000000e+00
1.165986061096191406e+00
1.877338647842407227e+00
1.197969913482666016e+00
3.020246922969818115e-01
3.268011510372161865e-01
8.273493051528930664e-01
2.608912289142608643e-01
2.999359071254730225e-01
5.122315883636474609e+00
1.102543711662292480e+00
1.159764900803565979e-01
1.229521989822387695e+00
7.748800516128540039e-02
4.524734020233154297e-01
1.417858451604843140e-01
3.001577615737915039e+00
8.747342824935913086e-01
1.257262974977493286e-01
7.487238645553588867e-01
9.441119432449340820e-02
0.000000000000000000e+00
6.337670087814331055e-01
1.147085666656494141e+00
2.569062709808349609e-01
1.032755896449089050e-01
2.724949359893798828e+00
6.665621697902679443e-02
4.907539486885070801e-01
6.670957207679748535e-01
1.688442826271057129e-01
7.539552450180053711e-01
1.856382369995117188e+00
8.886896371841430664e-01
2.534395217895507812e+00
8.656253218650817871e-01
1.454280763864517212e-01
4.110644571483135223e-03
9.477576613426208496e-02
3.688383698463439941e-01
6.504364609718322754e-01
4.115620851516723633e-01
3.140352070331573486e-01
3.609969094395637512e-02
1.174384593963623047e+00
1.624353528022766113e-01
3.289377987384796143e-01
6.050023436546325684e-02
7.346156239509582520e-02
1.455682795494794846e-02
1.283761262893676758e-01
4.460044801235198975e-01
7.996252179145812988e-01
1.259177625179290771e-01
1.275081276893615723e+00
1.365815162658691406e+00
4.370324909687042236e-01
1.425294131040573120e-01
5.259895324707031250e-01
6.885794997215270996e-01
6.711556315422058105e-01
4.415982365608215332e-01
2.289116084575653076e-01
1.302854537963867188e+00
3.263497352600097656e-02
6.867997050285339355e-01
7.417560219764709473e-01
4.854612052440643311e-03
8.437245339155197144e-02
9.365485906600952148e-01
7.688915729522705078e-01
1.195070028305053711e+00
7.990153431892395020e-01
5.587243080139160156e+00
3.554534167051315308e-02
7.542847394943237305e-01
7.047487050294876099e-02
4.283305257558822632e-03
1.978972367942333221e-02
5.931133627891540527e-01
1.452600717544555664e+00
4.166886210441589355e-03
1.442265212535858154e-01
1.464391052722930908e-01
3.630404919385910034e-02
1.118054389953613281e-01
1.027845144271850586e-01
3.948101997375488281e-01
3.528610467910766602e-01
0.000000000000000000e+00
1.347594618797302246e+00
1.806733727455139160e+00
2.770838737487792969e-01
4.052886068820953369e-01
3.407435417175292969e-01
1.530074715614318848e+00
4.382021427154541016e-01
0.000000000000000000e+00
5.951945781707763672e-01
8.292466998100280762e-01
2.461192607879638672e-01
1.589635372161865234e+00
1.522493124008178711e+00
1.714578643441200256e-02
7.706186771392822266e-01
5.416466593742370605e-01
0.000000000000000000e+00
3.653656244277954102e-01
1.566108822822570801e+00
4.434062913060188293e-02
1.721044629812240601e-02
2.515194416046142578e+00
2.628532350063323975e-01
2.317039296030998230e-02
1.219173312187194824e+00
1.637544393539428711e+00
2.010955572128295898e+00
1.490326691418886185e-02
7.129659056663513184e-01
2.432689219713211060e-01
0.000000000000000000e+00
3.174630999565124512e-01
1.593579538166522980e-02
1.258199930191040039e+00
3.519805904943495989e-04
6.059418916702270508e-01
3.078295588493347168e-01
1.435480117797851562e-01
3.607659339904785156e-01
3.976000070571899414e+00
7.477284669876098633e-01
0.000000000000000000e+00
1.772490501403808594e+00
1.072975993156433105e+00
2.080469280481338501e-01
5.334959626197814941e-01
4.350075721740722656e+00
2.188380718231201172e+00
1.152687430381774902e+00
3.601930141448974609e-01
2.834219336509704590e-01
0.000000000000000000e+00
0.000000000000000000e+00
1.885324567556381226e-01
6.715618968009948730e-01
4.180682301521301270e-01
0.000000000000000000e+00
5.044293403625488281e-01
0.000000000000000000e+00
0.000000000000000000e+00
7.082976698875427246e-01
1.319100111722946167e-01
9.369341135025024414e-01
1.731955885887145996e+00
3.256445527076721191e-01
4.122295081615447998e-01
9.177961945533752441e-02
4.326637387275695801e-01
1.365865929983556271e-03
2.919852733612060547e-01
6.026953086256980896e-02
7.142554223537445068e-02
1.669167727231979370e-02
8.194294571876525879e-01
0.000000000000000000e+00
3.875942230224609375e+00
5.681324601173400879e-01
0.000000000000000000e+00
2.503753900527954102e-01
1.527737379074096680e+00
3.192797183990478516e+00
7.075682878494262695e-01
3.779353141784667969e+00
1.503100842237472534e-01
4.565383791923522949e-01
1.106465578079223633e+00
4.068072795867919922e+00
0.000000000000000000e+00
3.111574649810791016e+00
4.728855192661285400e-01
1.249672293663024902e+00
1.590490937232971191e-01
3.177077174186706543e-01
2.850341498851776123e-01
3.564916849136352539e-01
2.463520132005214691e-02
6.871154308319091797e-01
3.811895847320556641e+00
0.000000000000000000e+00
4.432205557823181152e-01
4.188910315860994160e-05
2.103639543056488037e-01
5.718076229095458984e-01
2.628968477249145508e+00
3.258954286575317383e-01
5.572515130043029785e-01
5.024425387382507324e-01
7.233962416648864746e-02
6.731423139572143555e-01
5.170248076319694519e-02
2.968579297885298729e-03
3.179317712783813477e-02
1.418769836425781250e+00
3.771384358406066895e-01
2.115241885185241699e-01
3.781247615814208984e+00
1.633542180061340332e-01
1.957817673683166504e+00
0.000000000000000000e+00
2.373549044132232666e-01
0.000000000000000000e+00
4.030180275440216064e-01
1.712573878467082977e-02
2.819010987877845764e-02
1.381191909313201904e-01
2.163634002208709717e-01
4.936101660132408142e-02
0.000000000000000000e+00
9.558211565017700195e-01
1.001722335815429688e+00
3.575219631195068359e+00
1.352429389953613281e+00
3.221513703465461731e-02
2.231668382883071899e-01
2.430121183395385742e+00
9.488329887390136719e-01
2.319284155964851379e-02
3.224547624588012695e+00
1.340879648923873901e-01
7.877141237258911133e-01
1.249765977263450623e-01
4.873769581317901611e-01
5.620826482772827148e-01
0.000000000000000000e+00
1.157941222190856934e-01
5.544112622737884521e-02
6.617964245378971100e-04
1.732622236013412476e-01
3.874437138438224792e-02
1.174568772315979004e+00
0.000000000000000000e+00
3.149358034133911133e+00
3.764266967773437500e-01
5.999934673309326172e-01
4.818336963653564453e-01
7.233744263648986816e-01
1.158845275640487671e-01
4.131197929382324219e-01
1.385087132453918457e+00
4.989532232284545898e-01
2.379174947738647461e+00
1.966912858188152313e-02
1.010213017463684082e+00
9.208481311798095703e-01
1.529948711395263672e-01
0.000000000000000000e+00
1.592487931251525879e+00
5.809637159109115601e-02
2.256476640701293945e+00
1.386419981718063354e-01
1.261844992637634277e+00
6.385186672210693359e+00
1.750910878181457520e+00
1.449699759483337402e+00
1.722775936126708984e+00
1.875249385833740234e+00
1.090150594711303711e+00
1.274889409542083740e-01
4.233612492680549622e-02
1.030634641647338867e+00
3.471112251281738281e-01
5.598659515380859375e-01
5.728340148925781250e-01
4.534280300140380859e-01
3.761188089847564697e-01
2.235522568225860596e-01
6.821492314338684082e-02
5.507235974073410034e-02
0.000000000000000000e+00
6.162465736269950867e-02
1.712232351303100586e+00
2.701019048690795898e-01
5.355938434600830078e+00
1.509839203208684921e-03
3.939113020896911621e-02
1.922560930252075195e-01
3.199830651283264160e-02
2.356850504875183105e-01
1.380589008331298828e-01
2.230156809091567993e-01
8.281844109296798706e-02
1.994778364896774292e-01
8.607678860425949097e-02
0.000000000000000000e+00
8.527842164039611816e-02
0.000000000000000000e+00
7.610636204481124878e-02
2.395793423056602478e-02
3.049929141998291016e-01
6.673433631658554077e-02
4.194251596927642822e-01
0.000000000000000000e+00
1.270519018173217773e+00
1.911530345678329468e-01
1.741735339164733887e+00
1.046980321407318115e-01
5.913091897964477539e-01
5.262242555618286133e-01
9.514009952545166016e-01
2.567685246467590332e-01
1.489063501358032227e+00
2.620268762111663818e-01
0.000000000000000000e+00
2.262660026550292969e+00
4.311371743679046631e-01
1.312007665634155273e+00
4.063616275787353516e+00
0.000000000000000000e+00
0.000000000000000000e+00
3.641832172870635986e-01
1.581911742687225342e-02
5.692379474639892578e-01
3.926917165517807007e-02
1.868037581443786621e-01
3.523976206779479980e-01
3.739915192127227783e-01
2.726181596517562866e-02
2.742776393890380859e+00
8.062772750854492188e-01
2.645703852176666260e-01
1.645939052104949951e-01
0.000000000000000000e+00
0.000000000000000000e+00
2.782985568046569824e-02
0.000000000000000000e+00
1.025307774543762207e-01
1.170978471636772156e-01
1.771477818489074707e+00
2.122467905282974243e-01
0.000000000000000000e+00
2.142010331153869629e-01
5.635002627968788147e-02
1.695041418075561523e+00
2.383483648300170898e-01
1.146405577659606934e+00
6.956144571304321289e-01
0.000000000000000000e+00
9.383610449731349945e-03
7.926855087280273438e-01
5.438160300254821777e-01
1.266396939754486084e-01
3.488233387470245361e-01
4.519718587398529053e-01
7.889052629470825195e-01
3.619674593210220337e-02
8.085975423455238342e-03
4.346191406250000000e+00
8.780041933059692383e-01
1.267952192574739456e-02
1.475058645009994507e-01
5.194076895713806152e-01
0.000000000000000000e+00
2.188768982887268066e-01
1.675504207611083984e+00
3.679575920104980469e+00
2.269116640090942383e-01
1.413635849952697754e+00
1.345146536827087402e+00
3.802900016307830811e-01
2.008743286132812500e-01
3.982813954353332520e-01
2.465280592441558838e-01
1.648508191108703613e+00
1.413170695304870605e-01
7.903342247009277344e-01
1.828504055738449097e-01
1.733050346374511719e+00
3.304229497909545898e+00
8.982712775468826294e-02
5.681020021438598633e-01
1.018484309315681458e-02
0.000000000000000000e+00
8.442629873752593994e-02
3.001509010791778564e-01
3.831621259450912476e-02
1.024147033691406250e+00
4.467624664306640625e+00
1.575985670089721680e+00
1.090587258338928223e+00
2.450831890106201172e+00
1.017718911170959473e+00
5.474295020103454590e-01
1.082937493920326233e-01
3.988527953624725342e-01
2.654832005500793457e-01
2.658880501985549927e-02
2.509165704250335693e-01
4.793832823634147644e-02
1.951633244752883911e-01
2.397932767868041992e+00
8.135786652565002441e-02
1.100914239883422852e+00
2.184216022491455078e+00
0.000000000000000000e+00
5.422298312187194824e-01
2.661225758492946625e-02
1.195002570748329163e-01
1.285269297659397125e-02
8.933189511299133301e-01
4.705365598201751709e-01
1.370749473571777344e+00
3.990546166896820068e-01
5.752204451709985733e-03
2.441136360168457031e+00
1.854499131441116333e-01
7.097510695457458496e-01
0.000000000000000000e+00
9.741691350936889648e-01
1.396640419960021973e+00
1.331652551889419556e-01
1.130503177642822266e+00
9.797289967536926270e-01
5.160805583000183105e-01
1.775663614273071289e+00
0.000000000000000000e+00
3.657162189483642578e+00
4.544990360736846924e-01
3.864014148712158203e-01
1.917968690395355225e-01
1.714594602584838867e+00
2.122734308242797852e+00
7.321939468383789062e-01
1.412417590618133545e-01
1.529952406883239746e+00
2.642538070678710938e+00
5.134072303771972656e-01
1.139762462116777897e-04
0.000000000000000000e+00
2.315745130181312561e-02
2.785306692123413086e+00
1.005319282412528992e-01
7.804149389266967773e-02
5.911816358566284180e-01
2.625774145126342773e+00
5.298572778701782227e-01
4.711126089096069336e-01
7.439208775758743286e-02
2.549997568130493164e-01
1.100943088531494141e+00
3.160876631736755371e-01
5.032518133521080017e-02
3.495532274246215820e-02
1.331276297569274902e-01
6.721799969673156738e-01
2.588445842266082764e-01
9.794477373361587524e-02
4.262940287590026855e-01
3.661138534545898438e+00
0.000000000000000000e+00
7.076510787010192871e-01
2.767291851341724396e-02
7.272763848304748535e-01
0.000000000000000000e+00
3.538711071014404297e-01
2.523763656616210938e+00
1.200521737337112427e-01
5.912655219435691833e-02
2.179185867309570312e+00
0.000000000000000000e+00
1.812352061271667480e+00
3.697039186954498291e-02
3.562100697308778763e-03
4.416832923889160156e+00
1.020765423774719238e+00
2.346372842788696289e+00
3.414393067359924316e-01
0.000000000000000000e+00
2.628538757562637329e-03
2.665236234664916992e+00
2.114882618188858032e-01
2.118961513042449951e-01
1.542557120323181152e+00
2.718838863074779510e-02
4.666779935359954834e-01
7.628850340843200684e-01
9.753760695457458496e-02
1.506235599517822266e-01
4.360550269484519958e-02
1.186790752410888672e+01
3.419308960437774658e-01
1.007886886596679688e+00
1.575116813182830811e-02
8.801670372486114502e-02
6.615711841732263565e-03
2.526475191116333008e+00
3.951455652713775635e-01
3.020451664924621582e-01
3.598414063453674316e-01
2.778998762369155884e-02
0.000000000000000000e+00
0.000000000000000000e+00
9.140896201133728027e-01
0.000000000000000000e+00
0.000000000000000000e+00
2.258689403533935547e+00
5.318436622619628906e-01
1.415582839399576187e-02
0.000000000000000000e+00
1.805798888206481934e+00
6.324437260627746582e-02
1.203329443931579590e+00
3.355189263820648193e-01
7.970669120550155640e-02
6.585040092468261719e-01
8.808850288391113281e+00
4.306249022483825684e-01
3.148904800415039062e+00
0.000000000000000000e+00
3.025516271591186523e-01
3.718923568725585938e+00
0.000000000000000000e+00
4.140134900808334351e-02
8.879944682121276855e-01
1.312578190118074417e-02
7.927001714706420898e-01
3.462284430861473083e-02
5.208653807640075684e-01
1.216246604919433594e+00
1.416446447372436523e+00
2.952680587768554688e-01
2.559223890304565430e+00
1.668449759483337402e+00
3.420137986540794373e-02
9.977572411298751831e-02
1.686846971511840820e+00
3.209588527679443359e+00
5.989387631416320801e-01
1.018260836601257324e+00
9.322917461395263672e-01
2.124855518341064453e+00
2.016822621226310730e-02
5.349188577383756638e-04
3.046030998229980469e-01
2.660467848181724548e-02
1.702921986579895020e+00
3.484191894531250000e+00
7.104781150817871094e+00
1.237331517040729523e-02
1.371960155665874481e-02
4.705654382705688477e-01
1.280307650566101074e+00
1.248840615153312683e-01
2.148949075490236282e-03
7.326016426086425781e-01
8.630232810974121094e-01
5.238471031188964844e-01
4.242889583110809326e-01
1.233140349388122559e+00
1.036139011383056641e+00
1.621232926845550537e-01
4.187786206603050232e-02
2.611533105373382568e-01
1.003796935081481934e+00
3.479275226593017578e+00
1.018722534179687500e+00
3.571802616119384766e+00
1.808501221239566803e-02
1.560409069061279297e-01
3.622230887413024902e-01
0.000000000000000000e+00
1.494657993316650391e-01
1.670803308486938477e+00
1.141374232247471809e-04
4.846100211143493652e-01
2.022982686758041382e-01
9.175598621368408203e-01
1.233596920967102051e+00
0.000000000000000000e+00
1.901635766029357910e+00
2.863436222076416016e+00
8.996177911758422852e-01
1.834124922752380371e+00
1.036232337355613708e-01
4.442083835601806641e+00
0.000000000000000000e+00
6.026927232742309570e-01
3.716587126255035400e-01
1.276077628135681152e+00
1.250677555799484253e-01
2.155452817678451538e-01
3.013782575726509094e-02
3.257410833612084389e-03
6.211180984973907471e-02
2.060068249702453613e-01
5.104805231094360352e-01
1.200872566550970078e-02
6.848283112049102783e-03
1.076653506606817245e-02
2.800956135615706444e-03
8.669742941856384277e-01
3.894179463386535645e-01
4.597923755645751953e-01
3.132227897644042969e+00
0.000000000000000000e+00
1.362600207328796387e+00
6.765207052230834961e-01
3.236236572265625000e-01
1.495563268661499023e+00
7.166827321052551270e-01
6.549217700958251953e-01
3.649436533451080322e-01
0.000000000000000000e+00
1.548903465270996094e+00
1.655279040336608887e+00
4.400278255343437195e-02
2.738398015499114990e-01
2.319807529449462891e+00
2.611696004867553711e+00
3.801480531692504883e-01
1.495466232299804688e+00
1.203410774469375610e-01
2.876521646976470947e-01
5.087932944297790527e-02
3.967029601335525513e-02
3.880662620067596436e-01
1.070902824401855469e+00
1.099780350923538208e-01
1.624127030372619629e+00
0.000000000000000000e+00
1.151215657591819763e-01
9.419679641723632812e-02
3.017688989639282227e-01
5.594115331768989563e-02
1.372892260551452637e-01
7.871202230453491211e-01
8.366859555244445801e-01
2.626728825271129608e-02
1.814995259046554565e-01
1.899427175521850586e-02
4.372623264789581299e-01
4.962847232818603516e-01
2.661399364471435547e+00
1.195872664451599121e+00
0.000000000000000000e+00
1.269363164901733398e-01
1.502013206481933594e+00
3.672983348369598389e-01
5.391856193542480469e+00
9.972844123840332031e-01
1.586963534355163574e+00
7.682414054870605469e-01
5.141832232475280762e-01
4.863511025905609131e-01
1.727474570274353027e+00
8.678131699562072754e-01
3.304263055324554443e-01
2.415403127670288086e+00
4.853036403656005859e-01
7.520629558712244034e-03
0.000000000000000000e+00
3.048249006271362305e+00
5.182756576687097549e-03
2.061948180198669434e-01
1.090056374669075012e-01
4.191932678222656250e+00
8.597140312194824219e-01
3.117904424667358398e+00
1.001795530319213867e-01
1.966075301170349121e+00
1.021339092403650284e-02
1.030966401100158691e+00
4.838543236255645752e-01
6.411748886108398438e+00
1.091574788093566895e+00
7.892443984746932983e-02
2.691101789474487305e+00
6.112183928489685059e-01
5.759371519088745117e-01
1.055697798728942871e+00
9.526684880256652832e-01
5.853638172149658203e+00
4.568799018859863281e+00
8.369264751672744751e-02
4.634617641568183899e-02
5.094199776649475098e-01
1.618761301040649414e+00
8.806412220001220703e-01
0.000000000000000000e+00
5.169617533683776855e-01
1.628519239602610469e-04
4.118327140808105469e+00
4.096275568008422852e-01
2.892718911170959473e-01
8.993033766746520996e-01
8.983699083328247070e-01
0.000000000000000000e+00
4.389347434043884277e-01
1.512900233268737793e+00
1.982383370399475098e+00
1.567806676030158997e-02
1.784978389739990234e+00
2.693744897842407227e+00
1.599362850189208984e+00
0.000000000000000000e+00
1.634351730346679688e+00
0.000000000000000000e+00
9.803166389465332031e-01
4.992371052503585815e-02
6.121830940246582031e-01
0.000000000000000000e+00
1.563574552536010742e+00
1.160020351409912109e+00
5.221936386078596115e-03
1.278223395347595215e-01
2.032456398010253906e+00
2.992171049118041992e-01
1.439093708992004395e+00
2.774938344955444336e-01
2.074923992156982422e+00
5.117170140147209167e-02
1.669480323791503906e+00
8.568323254585266113e-01
9.327754378318786621e-02
6.965404748916625977e-02
1.000934746116399765e-02
3.966502249240875244e-01
4.766308665275573730e-01
3.612761944532394409e-02
2.830018997192382812e+00
1.459171652793884277e+00
2.915108390152454376e-02
2.287916466593742371e-02
1.244453247636556625e-02
6.409358978271484375e-02
4.673134088516235352e-01
4.641741514205932617e-02
6.181604266166687012e-01
7.196329068392515182e-03
0.000000000000000000e+00
6.210291385650634766e-01
8.423603773117065430e-01
1.808833360671997070e+00
5.784125253558158875e-02
1.476355671882629395e+00
5.810251832008361816e-02
0.000000000000000000e+00
0.000000000000000000e+00
0.000000000000000000e+00
8.661783933639526367e-01
1.995208740234375000e+00
1.080956533551216125e-01
0.000000000000000000e+00
2.282914161682128906e+00
1.039286375045776367e+00
2.752151787281036377e-01
0.000000000000000000e+00
1.923392415046691895e-01
0.000000000000000000e+00
8.731027841567993164e-01
2.400172233581542969e+00
3.154596805572509766e+00
1.324106846004724503e-02
4.082229733467102051e-02
8.508563786745071411e-02
1.750832796096801758e+00
6.115618944168090820e-01
2.106415629386901855e-01
4.256634414196014404e-02
0.000000000000000000e+00
3.200200200080871582e-02
1.926023513078689575e-01
0.000000000000000000e+00
1.533758938312530518e-01
7.210299372673034668e-02
8.149946331977844238e-01
2.250172138214111328e+00
3.170240163803100586e+00
9.001948237419128418e-01
2.185349613428115845e-01
9.718824923038482666e-02
1.755835860967636108e-01
2.038287073373794556e-01
2.206387221813201904e-01
1.572934031486511230e+00
9.771336913108825684e-01
2.379955530166625977e+00
8.536764383316040039e-01
3.177667558193206787e-01
2.676616236567497253e-02
9.978692233562469482e-02
7.266530394554138184e-01
4.539039611816406250e+00
1.664927840232849121e+00
1.597608923912048340e+00
3.365570783615112305e+00
2.063995413482189178e-02
2.559272944927215576e-01
6.626391410827636719e-01
4.012787714600563049e-02
2.274487167596817017e-01
0.000000000000000000e+00
1.745965242385864258e+00
1.771750152111053467e-01
1.899624466896057129e-01
9.784122556447982788e-02
8.183489441871643066e-01
3.883699178695678711e-01
1.913541555404663086e+00
3.044068217277526855e-01
4.250065982341766357e-02
2.031716108322143555e-01
1.262086927890777588e-01
2.167415022850036621e-01
4.028868377208709717e-01
8.337717056274414062e-01
1.376853734254837036e-01
0.000000000000000000e+00
3.522391021251678467e-01
1.984373778104782104e-01
4.949985742568969727e-01
7.753730416297912598e-01
1.287406802177429199e+00
4.087291657924652100e-01
2.645304441452026367e+00
3.537614643573760986e-01
3.369810283184051514e-01
7.665607929229736328e-01
1.281795263290405273e+00
3.079805612564086914e+00
0.000000000000000000e+00
1.308698892593383789e+00
1.213464140892028809e+00
8.432999253273010254e-01
2.112265676259994507e-02
0.000000000000000000e+00
0.000000000000000000e+00
6.615418940782546997e-02
1.214577108621597290e-01
3.001294136047363281e-01
1.425255298614501953e+00
3.377923369407653809e-01
1.281408518552780151e-01
4.980277121067047119e-01
1.553728342056274414e+00
1.522944401949644089e-02
1.536545872688293457e+00
6.009262561798095703e+00
1.048345565795898438e+00
1.000406742095947266e+00
5.839999318122863770e-01
3.440368175506591797e-01
4.393393516540527344e+00
3.187426598742604256e-03
3.876776397228240967e-01
1.578202247619628906e+00
3.419391512870788574e-01
6.167234182357788086e-01
7.219802141189575195e-01
3.339471101760864258e+00
7.401809692382812500e-01
1.399200081825256348e+00
1.253538206219673157e-02
1.632382720708847046e-01
3.471212983131408691e-01
1.278342492878437042e-02
5.995978042483329773e-02
1.392898559570312500e+00
3.229300379753112793e-01
1.344488263130187988e-01
3.664852142333984375e+00
3.885013818740844727e+00
5.525094866752624512e-01
3.711313009262084961e-02
1.464737802743911743e-01
1.421586275100708008e-01
8.009303212165832520e-01
7.198305726051330566e-01
2.257481217384338379e-01
1.424749009311199188e-02
1.244122147560119629e+00
4.661599695682525635e-01
2.850075960159301758e-01
1.490652840584516525e-02
1.298607468605041504e+00
0.000000000000000000e+00
2.358751535415649414e+00
8.208183646202087402e-01
8.215588927268981934e-01
9.326887317001819611e-03
5.397365093231201172e-01
7.106911182403564453e+00
0.000000000000000000e+00
9.334825873374938965e-01
0.000000000000000000e+00
4.695429652929306030e-02
4.060637056827545166e-01
1.414415985345840454e-01
1.213916167616844177e-01
8.412004448473453522e-03
9.343012571334838867e-01
1.237807393074035645e+00
4.563115835189819336e-01
1.851876676082611084e-01
0.000000000000000000e+00
0.000000000000000000e+00
4.348812624812126160e-02
6.943609714508056641e+00
0.000000000000000000e+00
1.746874302625656128e-01
0.000000000000000000e+00
5.747880935668945312e-01
1.028256654739379883e+00
1.197497010231018066e+00
5.622308850288391113e-01
8.077636957168579102e-01
2.034824848175048828e+00
6.524690389633178711e-01
6.756628863513469696e-03
1.739865690469741821e-01
8.714441657066345215e-01
2.181999444961547852e+00
2.612872719764709473e-01
1.916381344199180603e-02
1.278463900089263916e-01
4.892781376838684082e-01
3.121310845017433167e-02
4.459968805313110352e-01
5.662093870341777802e-03
2.794748172163963318e-02
4.104081094264984131e-01
1.187066361308097839e-01
9.456242322921752930e-01
2.011265456676483154e-01
1.313003450632095337e-01
7.671494036912918091e-02
6.607093214988708496e-01
4.566769301891326904e-02
1.724127292633056641e+00
0.000000000000000000e+00
1.750055253505706787e-01
3.663813352584838867e+00
1.698832511901855469e+00
1.019422054290771484e+00
3.462936580181121826e-01
0.000000000000000000e+00
5.154570937156677246e-01
3.617210313677787781e-03
3.220908880233764648e+00
1.677111983299255371e+00
0.000000000000000000e+00
1.571348868310451508e-02
2.222636342048645020e-02
1.086726784706115723e+00
2.353142760694026947e-02
0.000000000000000000e+00
3.525483012199401855e-01
4.500264525413513184e-01
5.505736470222473145e-01
5.223387479782104492e-01
2.094572305679321289e+00
6.933081626892089844e+00
2.745937347412109375e+00
1.413738846778869629e+00
2.689240574836730957e-01
5.155600905418395996e-01
4.598039090633392334e-01
1.079060316085815430e+00
3.892576321959495544e-02
1.804392486810684204e-01
1.785919308662414551e+00
3.398518085479736328e+00
5.809426903724670410e-01
2.183428049087524414e+00
7.611206769943237305e-01
2.742375433444976807e-01
7.613614201545715332e-01
6.214608550071716309e-01
8.055955767631530762e-01
0.000000000000000000e+00
0.000000000000000000e+00
3.122507631778717041e-01
3.983657121658325195e+00
3.022813200950622559e-01
9.670752882957458496e-01
1.970183700323104858e-01
7.524142861366271973e-01
4.103295505046844482e-01
0.000000000000000000e+00
2.514479216188192368e-03
0.000000000000000000e+00
2.746143341064453125e-01
4.537964165210723877e-01
4.389721900224685669e-03
2.137187123298645020e-01
2.303501605987548828e+00
5.974875688552856445e-01
1.062301516532897949e+00
9.027723073959350586e-01
1.232111215591430664e+00
4.945568442344665527e-01
9.061241745948791504e-01
4.851527214050292969e-01
1.476115584373474121e-01
9.868159890174865723e-02
4.329294562339782715e-01
4.679193079937249422e-04
1.060616075992584229e-01
3.896780610084533691e-01
6.834561824798583984e-01
6.142979860305786133e-01
3.080033361911773682e-01
2.389821261167526245e-01
3.200213983654975891e-02
8.539092540740966797e-01
1.203225553035736084e-01
6.308894604444503784e-03
0.000000000000000000e+00
4.547841846942901611e-01
5.927989482879638672e-01
4.477389454841613770e-01
2.691449880599975586e+00
1.833612471818923950e-01
1.310545578598976135e-02
7.223419100046157837e-02
5.792152285575866699e-01
3.322809040546417236e-01
1.509785890579223633e+00
0.000000000000000000e+00
1.805301904678344727e+00
1.673064231872558594e+00
2.202429473400115967e-01
5.963688492774963379e-01
3.985756039619445801e-01
6.070054322481155396e-02
4.364949464797973633e-01
8.297090977430343628e-02
4.968887567520141602e-01
4.094053804874420166e-01
6.439191102981567383e-01
3.704345822334289551e-01
1.075218081474304199e+00
7.137657999992370605e-01
2.547337532043457031e+00
7.191512584686279297e-01
1.019024491310119629e+00
1.167091131210327148e+00
8.294646739959716797e-01
4.121125638484954834e-01
1.323597431182861328e-01
3.487896919250488281e-01
2.433583736419677734e-01
1.125049710273742676e+00
1.525288820266723633e+00
4.081191495060920715e-02
0.000000000000000000e+00
2.221533298492431641e+00
4.102025032043457031e-01
1.022743463516235352e+00
1.395591199398040771e-01
1.574201941490173340e+00
3.241121470928192139e-01
3.544293403625488281e+00
1.116546317934989929e-01
2.351379841566085815e-01
3.169437646865844727e+00
2.551374673843383789e+00
9.215693473815917969e-01
1.208086013793945312e+00
1.272463798522949219e+00
0.000000000000000000e+00
4.618818759918212891e-01
4.415227472782135010e-01
1.818529129028320312e+00
6.970905512571334839e-02
6.774556636810302734e-02
3.214044332504272461e+00
4.177919626235961914e-01
1.332051157951354980e-01
1.153108000755310059e+00
2.418142318725585938e+00
2.056273937225341797e+00
0.000000000000000000e+00
3.052904903888702393e-01
9.302181601524353027e-01
3.340534269809722900e-01
4.447588920593261719e+00
1.723001956939697266e+00
1.711014509201049805e-01
2.082106351852416992e+00
1.261698365211486816e+00
3.604609966278076172e-01
1.247418403625488281e+00
3.271386921405792236e-01
3.326750397682189941e-01
4.508799314498901367e-02
6.652953624725341797e-01
1.490451216697692871e+00
1.596541762351989746e+00
6.005607247352600098e-01
2.584760189056396484e-01
9.546080604195594788e-03
1.652811169624328613e+00
1.659192889928817749e-01
1.944052219390869141e+00
1.209463030099868774e-01
6.243119239807128906e-01
4.999737739562988281e-01
4.966125488281250000e-01
2.701301276683807373e-01
9.501754641532897949e-01
6.378282308578491211e-01
1.074962496757507324e+00
1.059483766555786133e+00
7.380805611610412598e-01
0.000000000000000000e+00
2.894462645053863525e-01
9.688860774040222168e-01
1.647593826055526733e-01
3.319819569587707520e-01
4.201024770736694336e-02
4.501514732837677002e-01
5.810201168060302734e-01
0.000000000000000000e+00
4.757121205329895020e-02
1.597484946250915527e+00
6.574295163154602051e-01
6.374881137162446976e-03
1.241043567657470703e+00
0.000000000000000000e+00
9.833058575168251991e-04
1.636068224906921387e+00
1.306524276733398438e+00
5.022876709699630737e-02
1.223348975181579590e+00
1.928516507148742676e+00
5.056979656219482422e+00
6.057695150375366211e-01
1.252421140670776367e+00
0.000000000000000000e+00
3.869158774614334106e-02
1.080197453498840332e+00
1.471353292465209961e+00
3.782294224947690964e-03
4.848012924194335938e+00
1.975215226411819458e-01
5.517540574073791504e-01
3.604891300201416016e-01
7.098109722137451172e-01
2.009835481643676758e+00
3.216066956520080566e-01
5.813418421894311905e-03
3.391276299953460693e-01
6.220316290855407715e-01
0.000000000000000000e+00
2.097778767347335815e-01
1.474369287490844727e+00
4.004807770252227783e-01
0.000000000000000000e+00
1.181771699339151382e-02
1.242259070277214050e-01
1.061032935976982117e-01
9.257473945617675781e-01
8.926815986633300781e-01
1.154702544212341309e+00
5.231056213378906250e-01
2.684288620948791504e-01
3.849721252918243408e-01
1.516515668481588364e-02
2.906100079417228699e-02
2.218365222215652466e-01
1.350368605926632881e-03
4.989798367023468018e-01
0.000000000000000000e+00
4.702877998352050781e-01
2.497583918739110231e-04
5.076606273651123047e-01
0.000000000000000000e+00
3.782554343342781067e-02
1.737575083971023560e-01
6.354188919067382812e-01
0.000000000000000000e+00
4.073107242584228516e+00
5.684083700180053711e-01
1.232241541147232056e-01
3.460121154785156250e-01
2.194986492395401001e-02
1.328296899795532227e+00
0.000000000000000000e+00
5.547538995742797852e-01
1.091562271118164062e+00
7.324016094207763672e-01
0.000000000000000000e+00
0.000000000000000000e+00
1.629963517189025879e+00
2.945447921752929688e+00
4.362759739160537720e-02
1.023039579391479492e+00
1.917741060256958008e+00
0.000000000000000000e+00
1.729995608329772949e+00
1.600668206810951233e-02
2.435190677642822266e-01
1.146024614572525024e-01
2.332821846008300781e+00
3.674066066741943359e-01
5.427505970001220703e-01
0.000000000000000000e+00
2.205130159854888916e-01
1.438988894224166870e-01
0.000000000000000000e+00
4.085249423980712891e+00
6.573671698570251465e-01
2.922246158123016357e-01
3.596394777297973633e+00
1.204171061515808105e+00
2.514959573745727539e-01
7.102131098508834839e-02
9.808133244514465332e-01
2.154929488897323608e-01
8.400138467550277710e-02
0.000000000000000000e+00
9.775670766830444336e-01
0.000000000000000000e+00
1.394615322351455688e-01
7.515932321548461914e-01
2.977082133293151855e-01
6.436726450920104980e-02
1.763521432876586914e-01
8.756615519523620605e-01
1.240026019513607025e-02
1.444029510021209717e-01
8.253939747810363770e-01
7.000887393951416016e-02
1.776641756296157837e-01
1.146729350090026855e+00
2.665092647075653076e-01
1.586887955665588379e+00
4.909700751304626465e-01
2.497318387031555176e-01
1.250609993934631348e+00
1.698159575462341309e-01
4.247751533985137939e-01
1.378204345703125000e+00
1.392688870429992676e+00
3.038397133350372314e-01
1.181739475578069687e-02
6.714867353439331055e-01
1.588453292846679688e+00
1.314443469047546387e+00
1.056227833032608032e-02
4.910399019718170166e-01
2.979860603809356689e-01
0.000000000000000000e+00
3.065669536590576172e+00
1.738377332687377930e+00
7.249776721000671387e-01
1.457936316728591919e-01
2.100236713886260986e-01
1.124366950988769531e+01
2.778851032257080078e+00
6.970506161451339722e-02
1.976942457258701324e-02
4.642278328537940979e-02
2.582377195358276367e-01
9.833357930183410645e-01
4.129132330417633057e-01
8.588183522224426270e-01
0.000000000000000000e+00
1.421456217765808105e+00
5.223648995161056519e-02
3.751335859298706055e+00
1.357917636632919312e-01
5.730433464050292969e-01
0.000000000000000000e+00
3.533218502998352051e-01
2.369733750820159912e-01
7.128669619560241699e-01
5.734043598175048828e+00
2.559174895286560059e-01
4.593504220247268677e-02
3.576435327529907227e+00
0.000000000000000000e+00
4.549186527729034424e-01
2.257549911737442017e-01
0.000000000000000000e+00
2.203042954206466675e-01
8.581042289733886719e-01
2.291002035140991211e+00
3.207090198993682861e-01
8.424359560012817383e-01
3.995653986930847168e-02
3.863500356674194336e-01
1.540595572441816330e-02
3.220391869544982910e-01
8.262389153242111206e-02
4.538860172033309937e-02
1.122209429740905762e-01
0.000000000000000000e+00
2.805102430284023285e-02
1.931098103523254395e+00
3.004719257354736328e+00
9.056872129440307617e-01
6.162636280059814453e-01
0.000000000000000000e+00
7.371928095817565918e-01
5.939607620239257812e-01
5.735753178596496582e-01
8.728213906288146973e-01
6.077492237091064453e-01
1.047344923019409180e+00
1.061093583703041077e-01
6.794806718826293945e-01
0.000000000000000000e+00
6.508431583642959595e-02
1.080302055925130844e-02
8.443679809570312500e-01
0.000000000000000000e+00
2.084769487380981445e+00
2.433891221880912781e-02
2.316649705171585083e-01
3.367837667465209961e-01
3.822638094425201416e-01
2.366535365581512451e-01
3.120764195919036865e-01
4.373201727867126465e-01
0.000000000000000000e+00
6.262308359146118164e-02
1.082165837287902832e-01
1.948105216026306152e+00
4.936784505844116211e-02
2.741282224655151367e+00
1.213910007476806641e+01
0.000000000000000000e+00
4.139628112316131592e-01
3.090061247348785400e-01
1.722157120704650879e+00
5.090814828872680664e-01
2.089986652135848999e-01
6.859359741210937500e-01
6.333938837051391602e-01
1.560111790895462036e-01
7.177785784006118774e-02
6.714465618133544922e-01
4.855381324887275696e-02
2.642105519771575928e-01
0.000000000000000000e+00
1.007679343223571777e+00
1.672260314226150513e-01
8.182032108306884766e-01
0.000000000000000000e+00
9.258262515068054199e-01
9.514249861240386963e-02
3.181864619255065918e-01
9.101475477218627930e-01
1.694545149803161621e+00
9.630816429853439331e-02
2.166366815567016602e+00
9.357206523418426514e-02
7.694345549680292606e-04
7.722129225730895996e-01
1.260478198528289795e-01
0.000000000000000000e+00
4.737936973571777344e+00
4.519765675067901611e-01
1.254250705242156982e-01
6.190215945243835449e-01
2.063708454370498657e-01
1.429561853408813477e+00
9.587515145540237427e-03
3.813824057579040527e-02
3.904596567153930664e-01
3.183487057685852051e-01
1.427393674850463867e+00
0.000000000000000000e+00
9.500369429588317871e-01
8.813893198966979980e-01
1.360159963369369507e-01
4.906232655048370361e-01
8.394057862460613251e-03
4.650268554687500000e-01
1.276229470968246460e-01
3.980771303176879883e-01
1.271268963813781738e+00
7.497298717498779297e-01
1.726469546556472778e-01
0.000000000000000000e+00
2.003548145294189453e+00
4.097771644592285156e-02
1.546110361814498901e-01
1.442862629890441895e+00
2.941073477268218994e-01
2.213037805631756783e-03
1.121161505579948425e-01
1.384727358818054199e-01
6.415933370590209961e-03
0.000000000000000000e+00
2.242390960454940796e-01
5.386689305305480957e-01
2.384524792432785034e-01
1.600864380598068237e-01
1.505718231201171875e-01
3.519178554415702820e-02
3.033314049243927002e-01
3.793159425258636475e-01
1.483302235603332520e+00
2.198235690593719482e-01
0.000000000000000000e+00
1.972383975982666016e+00
8.158795833587646484e-01
5.938525795936584473e-01
3.502134978771209717e-01
2.286486148834228516e+00
0.000000000000000000e+00
5.474818706512451172e+00
1.248623132705688477e+00
8.777210488915443420e-03
1.064235568046569824e+00
1.550364959985017776e-02
6.936488747596740723e-01
2.524127006530761719e+00
7.990962266921997070e-02
3.072358071804046631e-01
1.013571619987487793e-01
2.173876911401748657e-01
1.390878796577453613e+00
5.561510920524597168e-01
5.211646109819412231e-02
0.000000000000000000e+00
4.912375211715698242e-01
2.668022871017456055e+00
4.153886437416076660e-01
6.801038514822721481e-03
5.868007242679595947e-02
1.333911641268059611e-04
6.866754293441772461e-01
3.629431128501892090e-01
0.000000000000000000e+00
1.489759981632232666e-01
0.000000000000000000e+00
3.606156110763549805e+00
2.879883944988250732e-01
1.517455577850341797e+00
6.096360087394714355e-02
7.140636444091796875e-04
1.343340799212455750e-02
5.955700278282165527e-01
1.423773884773254395e+00
2.079737424850463867e+00
1.429538388038054109e-04
1.368592679500579834e-02
1.740531444549560547e+00
2.363347530364990234e+00
3.062567487359046936e-02
0.000000000000000000e+00
0.000000000000000000e+00
1.722145266830921173e-02
1.038905262947082520e+00
0.000000000000000000e+00
9.237258136272430420e-02
1.787004280090332031e+01
1.103374600410461426e+00
2.894125692546367645e-02
1.401058316230773926e+00
5.476424470543861389e-02
9.838338010013103485e-03
2.812714278697967529e-01
1.347772181034088135e-01
4.416110813617706299e-01
3.692145943641662598e-01
4.458255469799041748e-01
9.192340075969696045e-02
4.293687641620635986e-01
1.172635629773139954e-01
0.000000000000000000e+00
0.000000000000000000e+00
6.600305557250976562e+00
1.762698590755462646e-02
2.060652256011962891e+00
4.033324718475341797e-01
1.054442405700683594e+00
2.402525991201400757e-01
2.164459973573684692e-01
3.092359781265258789e+00
1.111958455294370651e-02
0.000000000000000000e+00
1.454858854413032532e-02
1.376717984676361084e-01
1.697864755988121033e-02
5.491425395011901855e-01
0.000000000000000000e+00
3.504113674163818359e+00
4.065887451171875000e+00
2.746445655822753906e+00
5.247968435287475586e-01
4.540506601333618164e-01
1.350987792015075684e+00
2.737350702285766602e+00
1.735075712203979492e+00
5.887765288352966309e-01
9.241217613220214844e+00
1.022811532020568848e+00
2.161800563335418701e-01
1.014603853225708008e+00
4.342622458934783936e-01
1.010319471359252930e+00
4.912342429161071777e-01
8.387559093534946442e-03
1.792031168937683105e+00
2.533917427062988281e-01
1.196686148643493652e+00
5.525479912757873535e-01
3.610855340957641602e-02
6.547315716743469238e-01
1.429176889359951019e-03
1.607326745986938477e+00
1.356093406677246094e+00
3.018570899963378906e+00
8.463852107524871826e-02
1.798035502433776855e+00
2.013089060783386230e-01
3.708798408508300781e+00
5.818986415863037109e+00
1.142400130629539490e-01
1.964126944541931152e+00
1.687932014465332031e-02
9.895392656326293945e-01
3.004381656646728516e-01
2.971829473972320557e-01
2.176438093185424805e+00
1.419272899627685547e+00
3.484029471874237061e-01
1.122365295886993408e-01
0.000000000000000000e+00
7.617059946060180664e-01
1.198061928153038025e-01
1.137040615081787109e+00
2.362694293260574341e-01
2.449677944183349609e+00
8.185888528823852539e-01
2.047002315521240234e+00
0.000000000000000000e+00
4.204984754323959351e-02
1.746384859085083008e+00
8.397126942873001099e-02
2.624600194394588470e-02
3.168433904647827148e-01
1.204923629760742188e+00
6.456588208675384521e-02
4.620575428009033203e+00
0.000000000000000000e+00
0.000000000000000000e+00
5.142646431922912598e-01
4.287480711936950684e-01
3.895560046657919884e-03
1.863518714904785156e+00
3.772624069824814796e-03
2.660303376615047455e-02
0.000000000000000000e+00
2.860990762710571289e-01
4.615500569343566895e-01
8.771840929985046387e-01
2.314000606536865234e+00
3.010609000921249390e-02
0.000000000000000000e+00
2.794399559497833252e-01
0.000000000000000000e+00
0.000000000000000000e+00
3.297355473041534424e-01
1.103233397006988525e-01
2.532715559005737305e+00
2.871804237365722656e-01
0.000000000000000000e+00
7.560617327690124512e-01
1.055347084999084473e+00
5.781816840171813965e-01
1.090713381767272949e+00
