3.773292434061659151e-08
6.258311714191222563e-06
5.664259061788357030e-10
1.153236902674825703e-12
8.162512007449385099e-13
4.341341197124093387e-13
1.401778405808393191e-13
2.582787039795420014e-10
4.400786579594750947e-08
1.942988651915111831e-11
1.497662424299051054e-06
1.496775967058106005e-11
6.620816179747635033e-07
1.943816219096561326e-10
1.117208964229732260e-10
2.110295493906733100e-09
5.899491384298016783e-07
1.026743245979844232e-09
8.838209053507739554e-10
3.172561822625818984e-12
1.391926613032723470e-12
2.400829372545959517e-13
3.131611081563789867e-10
2.250346597065799870e-06
3.077311205856858578e-08
4.621896550816018134e-06
3.251165447970549849e-10
7.207456853564053745e-10
3.274693582966392569e-08
2.287378186166533212e-12
1.490654266689261931e-10
8.268218039120256435e-07
1.242485114794078527e-09
1.799044824224438344e-08
8.735314555030626593e-12
1.484846245958237887e-09
4.871482106594271499e-10
3.259400305211102022e-09
2.783954400342736335e-09
3.433560033516691590e-11
5.868437735756515394e-09
4.486556959282239632e-12
3.059954234441164544e-10
1.450585540574422794e-09
6.697501711214193243e-14
8.587089372902312334e-11
3.161795714134996160e-09
2.363595647328353699e-12
2.333334740700632182e-11
5.495765620366910298e-08
2.054397363338011928e-08
4.123523300592069063e-09
2.794829034868939743e-09
7.866066766837320756e-07
4.254659202729271783e-08
1.498740864747105661e-08
4.494306260482971993e-09
2.223305047011070457e-11
3.355096409030089433e-11
7.683054548124346184e-08
1.429743168301911282e-08
8.852332387086769838e-13
4.099364048215647927e-08
6.362228799350333475e-11
2.736118220880712215e-09
2.603076391591296890e-12
1.146335137924836545e-09
3.345117875142022967e-06
1.435762726487155305e-07
1.022590123689326447e-09
1.384352181499348688e-11
5.453070528460557398e-08
5.954126948426452515e-12
7.238263265672839619e-13
5.019201810359426308e-14
4.086675886583179818e-09
5.314972351122548844e-10
2.180284815536670529e-12
2.290418826822460119e-10
4.190609104171016952e-07
5.651781407323142048e-07
2.135237993361460695e-11
1.161639318070228910e-08
7.496824991903849877e-07
9.943553142335859185e-13
2.812568311583163450e-08
3.252952074372927882e-10
2.935934551029362183e-10
7.179744798690990137e-09
1.764001722470709410e-09
4.549634446959771594e-09
1.869740039878164950e-12
4.449522919003356947e-07
4.550249244061888021e-08
1.650860892432604032e-09
4.275139617315737439e-11
4.094610872584780736e-09
2.238717891622776790e-11
4.830424255031218195e-12
9.950790885726590318e-11
2.138286845365655608e-07
1.562919986573124698e-13
7.490882358851536083e-10
8.321824132573318877e-12
7.013282043999424786e-08
2.058948418186203229e-15
5.431569365284272255e-13
2.264381390726377674e-11
7.180376952742317798e-12
2.476521743233206507e-08
1.790668481549406721e-11
1.274296046460676735e-08
3.185374453096301295e-06
8.537544005093877786e-10
3.200347320486685021e-09
4.776628657054970972e-07
4.854348173433109537e-11
4.540413556242128834e-06
8.262843766715377569e-05
4.330809701968973968e-07
6.952558528894314804e-09
1.745840627620509622e-08
2.229562756639325016e-09
1.308831087953876704e-07
1.649427955330295958e-10
1.914750802356479653e-09
4.159165456485425238e-08
2.176467039837685739e-15
9.041028342648971261e-12
1.104432190146553694e-08
8.524709800908358837e-13
2.857235715386652330e-12
1.270446963776150628e-12
8.668778889164840962e-11
1.236365697321328838e-11
2.449124167469562963e-06
5.501861813361763609e-11
2.337620375048032884e-11
1.745949607112606827e-09
1.822108288251911290e-06
9.084855037144734524e-07
3.449965220170270186e-07
1.067831476575520355e-07
1.941560689999732858e-09
1.282256523182923047e-08
1.058505505469042873e-09
5.368018529683382667e-11
5.520383455914767978e-11
1.020258028994018573e-13
1.871166389151232567e-13
7.653341849156447552e-10
7.647293642776276101e-08
1.361340262739929585e-09
4.124757718541871565e-13
4.593999902713363781e-10
2.679872111981812521e-13
2.451496991517920776e-11
3.285067357028381707e-11
4.231099151597028651e-11
6.039834261173382401e-06
1.383730574566754967e-09
2.166228796340874396e-08
1.436309230484766886e-05
3.458030251035637548e-10
5.663761681873324960e-10
1.193565601909085672e-08
1.396186277702327061e-08
2.503861935565510066e-07
2.815240878958902293e-12
1.535933445934593356e-16
1.781346473323300317e-13
1.451878062219691401e-09
3.428927974891138319e-10
5.251836118769226402e-11
1.212569045172529059e-09
3.060187658832091984e-10
1.571206879880104879e-11
1.639086436022729742e-12
7.546448188566756698e-11
1.008722028927877545e-05
3.671996182674774900e-07
5.696980109881621956e-10
9.514396215326570427e-12
2.806428180124331817e-11
3.938777472581311834e-13
4.717133367942993871e-12
1.489181521152627141e-11
3.130561365694006781e-09
3.622823430138311096e-10
6.195152030263884058e-12
1.116251091559661290e-09
4.972151024240645256e-10
1.854318565017165632e-13
4.702284134988632402e-12
5.216624354709153977e-11
8.257303868441923100e-11
4.335412882028322201e-07
2.242673380337123490e-09
7.719707512121587456e-11
6.687459919163529776e-09
2.641930230140587810e-09
1.228692408233866828e-11
1.116134679322281116e-15
5.506583470454851081e-12
1.923929548661162947e-12
1.168485752600645355e-08
1.013660337889632501e-07
1.788656445178560261e-09
9.745288843987509608e-05
6.735353941245136866e-11
9.272858175757292543e-11
1.242825113656476077e-11
1.155400644950455025e-13
1.291749519849449968e-11
1.067707255941741096e-09
4.799456838899818223e-12
2.685732880536306766e-08
4.362187491107651083e-15
5.208663090682658092e-14
1.174309982587828927e-09
2.568971424476984566e-10
1.213478861665506781e-12
1.274875760515215006e-10
8.024333055800525472e-07
9.011204383568838239e-06
6.291874660169227695e-11
5.012206621968218201e-11
2.012749078517117596e-08
7.458293422961392860e-13
6.660818598069884189e-12
1.202115403747816558e-11
1.596209414644889080e-10
7.883579206113822124e-11
5.456839147210956753e-11
5.832780369807721854e-10
6.094190030125901103e-05
6.102683358655269785e-10
5.480083054010265187e-09
4.471485404167196975e-09
1.322991938224049591e-09
2.714856561780720767e-09
2.828975109725462289e-10
3.198212961824653533e-12
7.467828022633682394e-10
3.934248482551083725e-10
5.193022456495555161e-09
8.327069372171536088e-05
1.164221583721536390e-11
2.056792069993207406e-09
3.857536956530793759e-09
1.905137381186250423e-09
7.972074627105030231e-07
1.163823148964127085e-09
2.294693298224292910e-12
1.779138503188448794e-10
3.362709277698883170e-10
4.075801030012371484e-09
5.198862851329977275e-08
3.631702050199692167e-09
1.001963667590644036e-07
5.123540480767019289e-10
7.877342432038858533e-05
8.037638263291846386e-12
6.717851874782354571e-08
1.719092637131325318e-07
9.808854249671039582e-12
1.171519044967928025e-11
4.457730296003603598e-10
2.515260888458215049e-09
1.777208069597691065e-07
1.383714809399805290e-09
9.671123279986204579e-08
8.750524216338817496e-08
4.556053318083286285e-03
3.017278515926591353e-08
1.071533552021719515e-05
9.276122092671812425e-09
7.557460435236862395e-09
1.433248808524467677e-08
7.447369804181036557e-11
6.936144436586744177e-10
8.995764688712881707e-10
2.151501754532603172e-10
1.439276360315489001e-07
1.513421210726749455e-14
2.986995928377922382e-10
4.584395016382636356e-11
1.193027204804408825e-10
5.439599118362004049e-11
5.672753586316581220e-11
2.555605171927766150e-10
1.081220557530571114e-09
6.265202756594590028e-08
1.243003566742117982e-06
3.020368843920095969e-09
1.245160547114210203e-06
9.786125687583080435e-09
9.542931422856781865e-08
4.912060883911772979e-13
2.485162943488550269e-11
2.109707963882101467e-09
1.078608757865140433e-09
1.812210270735192807e-09
8.216523017523513772e-10
1.969202856333396312e-10
1.075100147795993166e-10
1.670342385295953136e-06
6.160776777619503264e-09
1.512947822579491230e-10
7.084561826076196667e-09
3.850670893257301941e-09
2.088749312401105840e-11
2.836521816040882271e-11
1.612948598468666450e-12
2.140987476195732597e-08
1.450761212551388013e-11
4.155690014329138648e-09
2.200660660645059608e-12
8.446777348750100778e-13
5.880527176316263649e-09
6.621220016711504286e-09
3.590610253567660948e-09
2.960536260587787183e-10
7.669316028600936530e-13
2.100348703553550633e-13
8.686550610759180557e-12
1.102625657445344132e-09
4.791805841009022515e-10
1.584768948015291556e-11
1.320577158736568890e-08
1.217613316839560866e-07
3.593062736229057919e-09
3.685965144217817624e-10
8.643175619660325992e-10
1.246655637878943401e-13
2.682674503547144429e-13
2.072476576204379528e-13
5.779021261531624987e-09
8.076853530609995335e-13
3.636760014772040528e-14
7.240031685284975538e-09
1.669230587086900641e-10
2.556478791680694140e-13
2.260862937836227715e-12
1.438859129621050670e-07
3.327968345345766465e-09
4.535181119535991456e-10
1.666454951462781331e-12
3.609303481089121135e-11
1.374819563748630458e-10
2.750381700167281451e-09
1.149388140220253263e-07
1.813093604141613469e-07
3.767438983004467445e-08
2.910032173455805171e-14
2.761755498500561429e-14
4.749353254424049098e-12
6.162824157246449275e-12
2.186996833630772130e-10
1.075843624256944686e-12
4.986513047096352569e-13
5.204112488166323658e-11
1.233479057826183944e-13
3.310317514895744218e-13
5.305560157875532923e-11
4.339805598219115268e-11
3.484650434870673053e-08
2.710436597386234325e-10
1.037972833728417754e-05
1.348631428754742956e-07
4.840223777335950217e-10
1.234074620271030653e-09
1.531366922158383659e-09
1.213866056559709250e-07
7.647599886695388705e-06
5.934914781846600818e-10
1.257077636429571044e-10
9.496738329062281991e-08
5.552099668904020291e-09
3.464354914051170908e-10
1.272385807826736936e-10
5.878056374974960363e-10
1.634699862453070640e-12
2.848355734386132099e-06
1.218409639847095605e-08
2.629302212151657381e-13
6.812756522117657809e-12
6.087329751380821108e-09
1.952003662875068102e-11
4.832235167562259903e-10
2.476646943083693486e-10
2.063470783131293729e-10
9.935714057052180692e-11
1.252907395610236563e-07
1.131540514620610338e-07
7.338648785881751735e-12
4.466937236768941943e-11
3.890575361875647786e-12
6.816796940256608650e-07
4.880257165496004745e-06
4.233882341941885841e-12
3.390324687657653158e-10
2.027554285490701380e-14
5.375026465581633772e-11
1.936240751065909649e-11
2.667794318789162844e-10
2.747691629778614697e-09
1.131891735894896556e-08
6.844293238827958703e-05
8.417648245107045568e-10
2.909306795473298735e-09
2.397790854757886336e-09
2.651643349338428379e-09
3.374411194911886014e-09
2.236502186860889196e-04
4.956169505021534860e-06
1.334799371727202200e-11
1.979283403841236577e-10
7.952939640176737157e-09
7.789830586135693125e-11
5.389881131066505751e-15
4.666565051048010559e-11
2.423064136489183618e-12
7.628380593871497695e-09
7.310730154586053686e-08
8.488410530027579171e-10
1.837400023796398330e-11
5.292867810702261977e-10
9.770366737882341113e-09
1.764098311873851799e-10
1.841173155776865134e-13
4.545750494772127226e-12
8.584599697769590421e-11
8.350516389477036228e-10
1.285806322526283907e-10
4.566670952499407576e-07
4.585893265129925567e-08
5.057341004310877963e-11
2.766533475830751376e-13
1.276336902833463682e-08
3.909932289047901577e-08
1.413854883863807643e-11
1.699799767607146350e-08
8.925118163460865617e-05
2.184602156021352853e-15
5.514639855874747809e-10
2.809147445909099261e-12
4.566544475892442279e-09
1.496847437665316249e-11
5.843783768000321288e-08
2.198067505787548725e-09
1.416225331452025671e-10
9.780099397005415085e-09
4.373815979535899956e-12
1.098342510691407981e-11
3.366215241840109229e-05
2.621508865291877904e-14
2.230611357845191378e-07
5.160012972460492620e-10
4.368913764096760133e-08
1.857674680749710205e-09
6.521196546627715251e-15
7.604925023052544475e-11
6.461307183736053616e-12
8.562879827422875678e-08
3.195753151885583065e-06
6.637660039665593814e-12
1.759071777129861402e-10
3.235527628930867650e-06
8.929091493969920634e-11
6.482392782345414162e-04
4.067804184160195291e-06
1.518573213843410485e-07
3.475935858587853033e-11
8.839182163988823504e-11
5.392182360342001601e-12
7.900426979290386953e-10
4.866010025472711220e-11
1.520837940915953368e-06
9.665106937006839871e-09
1.182143938294188956e-09
3.512139912231759808e-09
9.006931197375707063e-16
1.309123707875226028e-12
3.096294401427890364e-11
2.540931631767051613e-10
3.385745538386108382e-16
1.179479014457029962e-10
7.084661035605677171e-08
3.725463493253755587e-09
4.047069346313492133e-09
1.261907556227015448e-08
1.725136371533153579e-07
1.670184390095696969e-12
2.380902549767305310e-12
2.090176280944433529e-07
3.639032651603368862e-12
5.964567728611314124e-10
1.144882020298609859e-07
1.726264642343267042e-08
1.360499157776473567e-09
4.895669633575572277e-11
1.300035925265452530e-13
2.010368121974082101e-10
2.148173194882474490e-09
7.123861905711237341e-06
3.154009675654378952e-08
8.793941269624738766e-12
4.303947823136589079e-11
3.809177140379205184e-10
1.114371997457119789e-10
3.259279139911086531e-07
7.293098036598166800e-08
9.096092341799241754e-14
5.041705719577294076e-09
1.084707946574781090e-06
1.804187216292163498e-10
2.810957084875553846e-06
3.106852375367452623e-08
1.392953863366130918e-09
4.939160885841786808e-11
1.367868662782711908e-08
7.380829725178728040e-09
7.603764146102420796e-11
5.224784363835888179e-13
4.807357072422746569e-07
1.103140495617438432e-10
6.199592705521950187e-13
3.160634601262479748e-11
2.014492793023237027e-06
1.409153718191780147e-12
3.266568127102686958e-10
1.912907388046392043e-09
2.444523262198211588e-13
5.372763900446386742e-10
1.869085095029809906e-11
2.162152055974145975e-14
3.102072376748310489e-09
1.494528441980946809e-05
3.676140988839726731e-11
5.652125642519045812e-11
1.729137124283075533e-13
3.961631370175133782e-12
1.521372361423800612e-09
2.793741005007177591e-04
5.218960680286599541e-12
1.321848361969307425e-14
6.375963756966029905e-09
9.833482769380785804e-13
1.616847384866559878e-07
7.184132044812940876e-08
2.720886004681233317e-05
1.002467220345693022e-09
2.596322896258884683e-12
1.320886217244521266e-13
1.895753084681928158e-03
1.569648020449676551e-07
4.405453324189678721e-13
1.095774621213962963e-12
9.369653490576279609e-13
1.899047585851576514e-11
3.636996780187473632e-06
5.181315376745487811e-10
1.389789872519031633e-06
7.714448004014773375e-12
4.418154375684935076e-08
2.015529263670393090e-13
1.470961308314144844e-08
2.294250123213714687e-09
1.514526898972690105e-03
1.626370976737234741e-05
1.092561111026846277e-11
1.025451967263946162e-12
4.642399659138263246e-11
2.052396212093299255e-06
5.903673081775195897e-05
1.888261977001093328e-06
8.464465971668930222e-14
8.523859951203860419e-10
1.463001009227582472e-08
7.011515500143783441e-12
1.738334631795623864e-08
5.777794354067111726e-10
4.900001845248302956e-12
3.152128556394018233e-05
4.577124101956542290e-08
1.498300889579695649e-06
4.558622923589439324e-10
3.518123639634218591e-11
3.768916873470723461e-13
3.186623870592847352e-13
5.530066118808463216e-06
1.876211520672986521e-14
1.762816850714443717e-06
9.486652542217916331e-16
1.579856530042889062e-06
1.156379089706227603e-10
1.554872008056873423e-12
4.505071160565421451e-08
1.439024686078482773e-06
1.228449425516586757e-10
2.399175857981106219e-10
4.654166524289786444e-14
1.080869083125435282e-07
2.092248152507636405e-09
1.467882482231175345e-10
5.072934641248139087e-07
3.464950395937194116e-06
7.857287265267132170e-09
7.905162125825881958e-02
9.522987953758388358e-11
8.333204325151541414e-14
7.187705541866762360e-09
5.168996342064247074e-10
4.730442426659209332e-11
2.217441785745677407e-09
1.753530480541609649e-11
3.709818841013401425e-10
4.019049981707212282e-07
1.151291506573670631e-09
1.375265457070895536e-10
1.151703418145189062e-05
1.436993625247851014e-04
5.083448328946360562e-09
7.065366347536183866e-11
2.630877737885839451e-09
5.592025176248682783e-10
7.364565901557540428e-11
4.185317524951943924e-14
2.342706829949747771e-05
5.658698398747219471e-08
1.896303438115864992e-04
1.233236094895593521e-14
1.493306740485422779e-06
7.406414023747309727e-12
4.319139407016336918e-04
1.192274334815834891e-10
7.058211792809743201e-08
1.583311715243340689e-12
4.726864312834012927e-14
2.332977777977363054e-12
3.168508478593873301e-13
7.277200218293311540e-14
1.719654963133060432e-13
1.199209308244686412e-11
3.065832635505694181e-13
9.758539462612070281e-13
8.588343369808626449e-09
1.244888415442846341e-12
1.089816500932094812e-10
1.492226076038605243e-08
3.614935499378357786e-13
4.485310986638069153e-03
5.450851900921926951e-13
1.195621450733597158e-07
3.410428536798626453e-11
3.494301381579134613e-08
3.743737977401906392e-07
4.694498956236969889e-11
1.039596623741090298e-03
1.316145353484898806e-04
2.417393716314109042e-06
2.926913667149525465e-15
8.461462731651145375e-14
1.712028852018931957e-10
2.860487020861501861e-11
2.258087761219940148e-08
8.245642363347016612e-11
2.205100990693154017e-09
1.149437858262436496e-12
4.119207517305767396e-07
5.566877389834648526e-14
9.366867281812574220e-09
4.083292592937937115e-10
3.717678282555425540e-06
7.105625116077263215e-11
8.896701951532914876e-12
2.917777347857808401e-12
1.477526759795233513e-12
3.705613911151885986e-01
3.080832771956920624e-02
6.738633631132862067e-14
1.504931113061047654e-08
9.281665713789521988e-12
9.146429391648780438e-09
1.292965456922701151e-10
1.879727484777049540e-08
5.419833960969289155e-13
1.639306884682056875e-10
7.024828496682289369e-10
2.175518602598458529e-06
6.791463835753575040e-09
2.472122983751545711e-12
1.317306153048036776e-09
6.428627075116821743e-10
5.677315713902009175e-13
6.776685874780585817e-13
3.005610196851193905e-04
2.502751561550553561e-09
4.357329167620216381e-12
2.582519961769058625e-11
1.080860748126077908e-11
9.720956413807236738e-17
3.901648071291674569e-08
1.998848170314815320e-10
8.118660743683392411e-10
1.521110321034413460e-10
1.310501568374533576e-10
6.308030542356846126e-09
1.533704903522448149e-06
2.249875397097866880e-09
9.307932486990466714e-06
3.502611811700973021e-10
2.776834491513557879e-11
1.222156953417652403e-08
4.472958947676630714e-10
1.189058435047130047e-10
3.481992962406366132e-06
3.920966329395980665e-10
6.756502261850982904e-05
1.622244235477410257e-05
4.988421551388455555e-07
1.033764630556106567e-01
3.788765134959959369e-10
1.131991940776181510e-14
3.264947565639886307e-07
8.784859645283304985e-11
8.369108739358921412e-10
6.366104310373543740e-10
3.378394467290490866e-05
4.383526874818244323e-09
7.603176985573889546e-13
2.836569365172181278e-06
2.097916168924637316e-15
4.243102813550336805e-10
6.618892987950847351e-14
3.660506990854628384e-07
1.568962034070864320e-04
1.175724556774782048e-12
4.374485496061453205e-11
1.266771576524661214e-08
8.050623362398923177e-11
1.907565078118622637e-10
2.332436849184719302e-14
2.412071917206048965e-04
6.196493873567021637e-10
2.629731454817374470e-07
7.022785131205466769e-12
6.505622877739369869e-06
3.653197300224064747e-09
2.380886876540699859e-10
1.987853659457528011e-09
7.611443485038005274e-14
3.387360704432129666e-12
7.256033274227746688e-11
4.229053995885578843e-09
6.018220233272586484e-08
4.559992916597366275e-08
2.096786522187699120e-09
2.468781713105272502e-05
1.078669455978342739e-07
1.112615279907913646e-07
4.210927396705588244e-13
2.811203079675604621e-14
4.087192792212590575e-06
9.536342202021153014e-12
2.334206656087189913e-04
1.705015364450446214e-07
3.521658062822369262e-13
2.778300376218845180e-12
1.866117038673564821e-08
8.855075554108429725e-15
2.517080943675864546e-08
2.417438554402906448e-05
7.144118967516988050e-07
9.603198227944864662e-13
3.326866906960823655e-11
3.118524318987403454e-12
1.896927059874542465e-10
1.025843321400543573e-08
1.715545899783066375e-10
3.941892645631384084e-11
1.580609809703759083e-10
9.667361155152320862e-06
6.787559403420573290e-11
2.571217009972315282e-06
3.720122896799099577e-13
2.061761044027120337e-16
1.267014449695125222e-04
9.551127944096293731e-11
1.414738437510720814e-09
4.069169534659522469e-08
9.888898944154789206e-08
2.633803660501143895e-06
2.818933271758836817e-15
2.564044621067296248e-08
1.324012277592601095e-08
2.577401048142746731e-08
7.873341735520344997e-12
4.069041492638092450e-10
5.093974200787165785e-11
3.578853186025909849e-11
3.646584451198577881e-01
2.753960416157497093e-06
1.582431286806240678e-05
5.178773382352730437e-11
2.003299304220718113e-09
7.182990096818442360e-13
6.876743618988712115e-11
1.238277036463841796e-04
1.553380227182696305e-13
3.232341044129283247e-12
2.471158211392321391e-07
3.241115678065398242e-07
1.455118248117059920e-10
9.738866614192320803e-13
5.646381342219947488e-15
3.985541674467185658e-09
2.759014569164719433e-05
4.270918341209295477e-11
1.317749728779737950e-11
2.807053789410929312e-08
2.988064006295698682e-12
1.860209181359095965e-06
4.924651353377385021e-09
3.764013399631949142e-06
3.350046628991520947e-10
7.413211537687924846e-12
6.390168891812209040e-06
1.117931441863007080e-10
3.734197889571078122e-06
7.247237476804002654e-07
9.930254236678592861e-06
1.890595180409349041e-10
1.581529490701782947e-10
2.330164949881918801e-10
6.266096086449124414e-09
2.877839051507180557e-06
3.531572292558848858e-04
2.498070728051970946e-07
2.222534378759633000e-10
8.947389495972402074e-10
4.563643842166176245e-13
5.985939283310870440e-13
1.127244348211875469e-12
1.141219308919971809e-05
9.410226198269810993e-08
4.970412119291722775e-04
2.256504030056691833e-15
1.095738184631045442e-06
1.400491100866929628e-08
2.829836703372367798e-15
1.047383402230650518e-09
1.206854928492706591e-11
4.724965378954948392e-07
9.462469918730676000e-09
1.079396502734475405e-10
3.055364913961966522e-06
1.104119365380462625e-10
6.759014681279040815e-09
1.585634157611967576e-14
4.648227549391981128e-12
1.610871852575357366e-10
5.095239785646299424e-10
4.135265480726957321e-04
5.207518097294361326e-11
2.310422587470384315e-06
6.602362263947725296e-03
1.190611498280702563e-09
4.957199650768018273e-10
6.357204259538340452e-12
6.620519410471814581e-11
3.227591605536872521e-06
1.830977112149412278e-07
3.237117865428906782e-11
8.288716935034301514e-12
5.617457055073771244e-10
1.437679402610525514e-11
1.092583712392070083e-08
4.953988330669290008e-09
2.528525823507037085e-14
1.813760755559816300e-15
5.681840411853045225e-05
9.053418605076135606e-12
1.325715253720771702e-12
3.685197498271008953e-07
2.649550356892405034e-09
6.848053374364226897e-11
4.509921949780171246e-11
5.493244476916653296e-14
3.461375744405817412e-14
8.597715350333601236e-06
1.374571922951872693e-08
6.049249545725388089e-09
1.298827039843131192e-12
9.553465796230398155e-10
2.367142315051751211e-06
1.169952051904843415e-10
3.509054977257619612e-06
1.757733912199910264e-06
4.646793366758217303e-11
1.800327600757004043e-13
1.471965447308321018e-07
4.383625407111679806e-10
1.308288893886455639e-10
2.260883924520840083e-09
4.597247062199105727e-12
4.319528272844763706e-07
1.894914563801974872e-12
1.034207684824650642e-06
7.157354570130891602e-11
9.210384191438159007e-12
1.587640088840380770e-11
1.039595409757509969e-09
1.825898156629368607e-12
1.702752605581281387e-08
4.553900453174719587e-06
4.584073676205946413e-10
1.640347579989764881e-11
1.706729722827926565e-11
3.041931984082424378e-10
1.069241673283191640e-13
6.777077743436166202e-08
1.411153841763734818e-02
1.088503836399468128e-06
4.590608000398788135e-07
1.409236460858664941e-07
1.012377820464038791e-10
1.281534787267446518e-05
2.518544706120451337e-09
3.465756015508247856e-10
1.006183580898323271e-09
6.686075998407758902e-11
7.377240596184719834e-09
2.062676918157535511e-09
1.105388935940254669e-08
1.301326690850146406e-08
1.303952279485542931e-09
6.656380446834475606e-10
2.213138179663065586e-11
1.663290755127277976e-10
2.364789821740487241e-07
1.963982612096515368e-07
6.161482701827480923e-07
5.680154568921125247e-09
3.809953170730295824e-07
3.308596018686271734e-12
1.293522302603378193e-07
5.278469643599237315e-07
2.354826576789204040e-11
7.784232730045914650e-05
8.161502046277746558e-05
8.910353699320694432e-07
2.626401673921918700e-08
9.773362119602779785e-10
4.509068032149121663e-12
6.833993815291705687e-09
6.586929890417536626e-10
1.532807355434512298e-13
1.262964993004045411e-11
2.248492023682047147e-07
2.488497428954072888e-11
2.621955763615346768e-09
1.635723501092201104e-11
3.156912786739241028e-10
3.712267993005724520e-10
5.271886394098146411e-08
3.295526296298589841e-09
1.128078252077102661e-02
1.796022843336686492e-06
1.824304769748597010e-11
8.584211741435865406e-08
8.862854894431393404e-10
3.165909479019290984e-10
2.318926300981516420e-13
9.884757265097784962e-14
5.630562335823263709e-11
2.540982398449576074e-12
1.056403853283427452e-09
4.659441235621564203e-11
1.291802553815557530e-09
1.942202475235799142e-12
1.673423510872851239e-09
3.151875288542882458e-11
2.964166238850207691e-12
1.179278757978963199e-10
6.922230788575234328e-09
2.103281622112262994e-05
2.887537648224580700e-12
6.698054999532132570e-09
6.921715262585281803e-13
3.326278696924589440e-10
8.776678939170778904e-09
1.521684861449656978e-10
2.663199882846356559e-09
2.985137831368334105e-11
1.025719509328837376e-09
2.850513011395938712e-12
2.537208665387424844e-09
2.020038858407957605e-10
