4.598741978406906128e-02
1.195139050483703613e+00
1.732265055179595947e-01
9.153722226619720459e-02
2.082303166389465332e-02
4.195573329925537109e-01
2.293666154146194458e-01
6.469957232475280762e-01
1.168315172195434570e+00
2.214715927839279175e-01
1.274048209190368652e+00
4.609087705612182617e-01
2.959226630628108978e-02
6.553685665130615234e-01
2.205595225095748901e-01
8.478281497955322266e-01
1.365827560424804688e+00
3.126337230205535889e-01
6.045928597450256348e-01
7.639655470848083496e-02
2.362595684826374054e-02
8.387468457221984863e-01
1.799816451966762543e-02
0.000000000000000000e+00
1.954469203948974609e+00
3.509106636047363281e-01
0.000000000000000000e+00
4.896546900272369385e-01
1.293594241142272949e-01
1.301287412643432617e-01
5.131008103489875793e-02
9.563995152711868286e-02
7.189309000968933105e-01
4.585872218012809753e-02
1.470134854316711426e+00
3.208523616194725037e-02
8.732038140296936035e-01
3.945286273956298828e-01
2.545050680637359619e-01
1.517289038747549057e-02
7.002307567745447159e-03
0.000000000000000000e+00
3.009224236011505127e-01
1.188055992126464844e+00
2.823868095874786377e-01
1.246760785579681396e-01
3.102204203605651855e-01
2.793698310852050781e-01
6.186652779579162598e-01
5.042960643768310547e-01
1.716634072363376617e-02
1.792432785034179688e+00
5.745999813079833984e-01
3.565136285033077002e-04
1.273729801177978516e-01
2.114145278930664062e+00
5.245277881622314453e-01
9.569199383258819580e-02
5.077182292938232422e+00
4.570428282022476196e-03
6.279618144035339355e-01
1.452424526214599609e+00
2.501701414585113525e-01
1.528552174568176270e+00
2.360804378986358643e-02
6.532946228981018066e-01
2.755132019519805908e-01
3.706541657447814941e-01
2.997758388519287109e-01
4.629632085561752319e-02
2.408784031867980957e-01
2.031552791595458984e+00
1.299001276493072510e-02
2.526791021227836609e-02
2.173134684562683105e-01
2.412394732236862183e-01
0.000000000000000000e+00
1.324687600135803223e+00
1.124759614467620850e-01
6.222705915570259094e-02
3.891803622245788574e-01
1.449827337637543678e-03
3.445453643798828125e-01
5.975568890571594238e-01
1.242903899401426315e-02
3.639068603515625000e-01
0.000000000000000000e+00
2.748600840568542480e-01
0.000000000000000000e+00
3.481375798583030701e-02
0.000000000000000000e+00
1.053397729992866516e-02
1.378605235368013382e-02
1.451833546161651611e-01
2.456937357783317566e-02
1.770245609804987907e-03
0.000000000000000000e+00
0.000000000000000000e+00
0.000000000000000000e+00
5.069796442985534668e-01
1.072029590606689453e+00
4.439534246921539307e-01
5.287402868270874023e-02
2.586372613906860352e+00
3.395128063857555389e-03
1.375760883092880249e-02
5.084103345870971680e-01
0.000000000000000000e+00
4.682468473911285400e-01
2.515652894973754883e+00
8.303618058562278748e-03
1.466578245162963867e-01
1.197890639305114746e+00
3.557283580303192139e-01
5.230155944824218750e+00
3.374575138092041016e+00
1.387660145759582520e+00
3.406825065612792969e-01
4.724165797233581543e-02
1.265494674444198608e-01
2.649993002414703369e-01
4.704546928405761719e-02
3.010041713714599609e-01
4.074292778968811035e-01
0.000000000000000000e+00
6.319946050643920898e-02
1.220975420437753201e-03
1.791132688522338867e-01
1.904522299766540527e+00
0.000000000000000000e+00
2.486726790666580200e-01
2.404225170612335205e-01
4.671189188957214355e-01
2.662003636360168457e-01
1.588594168424606323e-02
3.893873453140258789e+00
6.215626597404479980e-01
3.055298030376434326e-01
9.187211096286773682e-02
8.067414164543151855e-01
1.251934021711349487e-01
0.000000000000000000e+00
1.822947412729263306e-01
1.029665954411029816e-02
2.600974142551422119e-01
8.094676136970520020e-01
0.000000000000000000e+00
5.183776021003723145e-01
5.806642025709152222e-02
1.464790463447570801e+00
4.729891940951347351e-02
1.536908298730850220e-01
4.761897623538970947e-01
1.485099792480468750e-01
2.124706506729125977e-01
2.256537973880767822e-01
2.936747968196868896e-01
3.910070061683654785e-01
1.057855606079101562e+00
1.962364614009857178e-01
3.962713778018951416e-01
8.312540054321289062e-01
0.000000000000000000e+00
1.879938691854476929e-02
2.271559238433837891e-01
4.677805304527282715e-01
6.596545688807964325e-03
5.625243112444877625e-02
9.549579024314880371e-02
2.051126956939697266e+00
0.000000000000000000e+00
2.702663838863372803e-01
0.000000000000000000e+00
0.000000000000000000e+00
0.000000000000000000e+00
3.446655720472335815e-02
0.000000000000000000e+00
8.815432190895080566e-01
6.651179790496826172e-01
4.421520605683326721e-02
3.206889927387237549e-01
1.147911071777343750e+00
2.396160922944545746e-02
4.876789152622222900e-01
1.368457913398742676e+00
2.715705037117004395e-01
1.809477657079696655e-01
7.764825224876403809e-02
2.339556515216827393e-01
3.090425431728363037e-01
2.434868961572647095e-01
7.793670892715454102e-01
2.819615304470062256e-01
5.171508193016052246e-01
6.078128889203071594e-02
2.670456469058990479e-01
1.576084971427917480e+00
3.193616867065429688e-02
0.000000000000000000e+00
1.038120031356811523e+00
4.071367979049682617e-01
1.976575404405593872e-01
4.320248961448669434e-01
8.345370888710021973e-01
4.975860938429832458e-02
4.368289470672607422e+00
1.414818614721298218e-01
8.566847071051597595e-03
4.933341145515441895e-01
1.265540599822998047e+00
2.267115116119384766e-01
2.150866091251373291e-01
6.413698792457580566e-01
8.653075695037841797e-01
1.569730937480926514e-01
1.918433234095573425e-02
6.365553140640258789e-01
8.778978884220123291e-02
9.567910432815551758e-02
1.141408905386924744e-01
5.484228022396564484e-03
0.000000000000000000e+00
1.070092618465423584e-01
8.793869018554687500e-01
9.381933510303497314e-02
7.150461077690124512e-01
7.286819815635681152e-02
2.909555286169052124e-02
2.426880598068237305e+00
1.639464050531387329e-01
6.055770516395568848e-01
6.141121499240398407e-03
2.763300418853759766e+00
2.719891071319580078e+00
1.610143780708312988e-01
2.208344936370849609e-01
3.124307990074157715e-01
6.248688101768493652e-01
7.272160053253173828e-02
5.511088371276855469e-01
2.365528643131256104e-01
2.503879368305206299e-01
0.000000000000000000e+00
1.495620608329772949e-01
5.666485428810119629e-02
8.457320183515548706e-02
7.274922728538513184e-02
1.062245443463325500e-01
1.238201111555099487e-01
1.280466169118881226e-01
7.003278136253356934e-01
2.848248481750488281e-01
7.456697821617126465e-01
1.919868886470794678e-01
2.206473797559738159e-01
7.685530930757522583e-03
1.162811636924743652e+00
1.645379699766635895e-02
6.626838445663452148e-02
9.946171194314956665e-02
0.000000000000000000e+00
6.726869344711303711e-01
1.431808471679687500e+00
8.935509324073791504e-01
2.053187847137451172e+00
7.060394883155822754e-01
5.061342120170593262e-01
6.312532424926757812e-01
1.093355491757392883e-01
4.891448020935058594e-01
1.303861618041992188e+00
1.019818559288978577e-01
1.136745885014533997e-01
1.507252752780914307e-01
2.578686773777008057e-01
8.286125063896179199e-01
3.075869381427764893e-01
2.959098100662231445e+00
7.827344536781311035e-01
4.293229281902313232e-01
3.961521089076995850e-01
8.591073751449584961e-02
2.929453551769256592e-01
5.236686021089553833e-02
4.723205566406250000e-01
8.421484380960464478e-02
9.485946297645568848e-01
2.051302604377269745e-02
2.831228543072938919e-03
2.413712888956069946e-01
2.042970508337020874e-01
8.266611099243164062e-01
2.636742293834686279e-01
1.230481788516044617e-01
9.753164052963256836e-01
1.389221101999282837e-02
4.302173554897308350e-01
0.000000000000000000e+00
4.029982686042785645e-01
3.502189815044403076e-01
6.171900406479835510e-02
2.542518377304077148e-01
8.577146381139755249e-02
1.202600598335266113e-01
1.062743514776229858e-01
5.901698470115661621e-01
4.305712878704071045e-02
1.330281734466552734e+00
8.921016007661819458e-03
9.667399525642395020e-01
3.034393675625324249e-02
2.598993778228759766e-01
4.875055551528930664e-01
8.498274534940719604e-02
5.849061012268066406e-01
1.009365767240524292e-01
6.222089752554893494e-03
4.270515739917755127e-01
0.000000000000000000e+00
1.756031252443790436e-02
1.003233715891838074e-03
1.180894136428833008e+00
0.000000000000000000e+00
0.000000000000000000e+00
1.667763233184814453e+00
3.188118696212768555e+00
7.007871866226196289e-01
1.612629771232604980e+00
9.129302203655242920e-02
0.000000000000000000e+00
1.073758155107498169e-01
1.098227724432945251e-01
2.005680650472640991e-01
1.546551138162612915e-01
2.248437404632568359e+00
7.109405994415283203e-01
2.067321538925170898e-01
4.066398739814758301e-02
1.459743245504796505e-03
1.484101295471191406e+00
2.005501091480255127e-02
6.292761564254760742e-01
1.268283486366271973e+00
3.615481257438659668e-01
1.422901391983032227e+00
8.705133944749832153e-02
3.052818775177001953e-01
2.194698452949523926e-01
3.930244147777557373e-01
1.070922166109085083e-01
0.000000000000000000e+00
7.177922874689102173e-02
3.017865121364593506e-02
1.651332974433898926e-01
4.129810631275177002e-01
2.260563969612121582e-01
1.375737637281417847e-01
0.000000000000000000e+00
1.840282790362834930e-02
1.127461194992065430e-01
3.751062154769897461e-01
4.345027729868888855e-02
0.000000000000000000e+00
4.974735081195831299e-01
6.612246632575988770e-01
3.553554713726043701e-01
6.222218275070190430e-01
0.000000000000000000e+00
1.759820282459259033e-01
3.559158742427825928e-01
1.975200474262237549e-01
3.481128811836242676e-02
8.383187465369701385e-03
6.994121074676513672e-01
2.897180318832397461e-01
1.056709233671426773e-02
4.789331257343292236e-01
5.776342153549194336e-01
8.235896378755569458e-02
4.489931464195251465e-02
4.019226506352424622e-02
5.183598399162292480e-01
2.905586063861846924e-01
7.452604174613952637e-01
1.405147761106491089e-01
4.044004976749420166e-01
5.636018514633178711e-02
3.332782164216041565e-02
4.001601040363311768e-01
1.226265802979469299e-01
5.502562597393989563e-02
2.327372878789901733e-01
2.581048607826232910e-01
1.933378428220748901e-01
1.793233752250671387e-01
9.051800370216369629e-01
1.234745490364730358e-03
7.082758545875549316e-01
8.164037764072418213e-02
5.370795726776123047e-01
1.106432151794433594e+01
3.709074854850769043e-01
3.558929264545440674e-02
6.966130733489990234e-01
5.850532054901123047e-01
7.882628440856933594e-01
3.450143098831176758e+00
3.947496786713600159e-02
6.286771893501281738e-01
6.030197143554687500e-01
0.000000000000000000e+00
1.862091660499572754e+00
3.073705434799194336e-01
4.048002660274505615e-01
5.487065315246582031e-01
2.242953628301620483e-01
7.621800899505615234e-02
1.764958262443542480e+00
3.718912601470947266e-01
0.000000000000000000e+00
6.895813345909118652e-02
0.000000000000000000e+00
3.191337361931800842e-02
6.862709522247314453e-01
2.200603932142257690e-01
2.278297543525695801e-01
8.779671788215637207e-02
6.160431504249572754e-01
1.853449344635009766e-01
1.778679490089416504e-01
4.611246287822723389e-01
9.235551208257675171e-02
0.000000000000000000e+00
6.423014402389526367e-01
3.460246324539184570e-02
6.792859435081481934e-01
0.000000000000000000e+00
5.409936904907226562e-01
1.441667508333921432e-02
1.939933300018310547e-01
2.845449149608612061e-01
3.605854883790016174e-02
1.613091379404067993e-01
5.087432265281677246e-01
6.274622082710266113e-01
0.000000000000000000e+00
7.693598419427871704e-02
8.544576764106750488e-01
1.484774351119995117e-01
1.339823007583618164e-01
2.742705345153808594e-01
2.461254298686981201e-01
2.131763398647308350e-01
8.231912553310394287e-02
1.729072630405426025e-01
2.181559987366199493e-02
1.668323278427124023e-01
5.503634810447692871e-01
4.230907857418060303e-01
4.694822058081626892e-02
4.164093434810638428e-01
9.819012284278869629e-01
4.476858302950859070e-02
3.343725800514221191e-01
1.619570970535278320e+00
0.000000000000000000e+00
2.789293825626373291e-01
5.376481451094150543e-03
7.133208215236663818e-02
2.569229602813720703e+00
0.000000000000000000e+00
1.662503033876419067e-01
7.210008800029754639e-03
3.312278985977172852e-01
6.925934553146362305e-01
4.213773906230926514e-01
4.169668555259704590e-01
1.871551394462585449e+00
2.422542333602905273e+00
4.002665579319000244e-01
3.948453441262245178e-02
3.411188721656799316e-02
2.585711479187011719e-01
1.090601384639739990e-01
8.586788773536682129e-01
0.000000000000000000e+00
1.729184389114379883e-01
2.205897867679595947e-02
1.172399614006280899e-02
4.528602659702301025e-01
0.000000000000000000e+00
3.519021570682525635e-01
1.545334458351135254e-01
1.032577991485595703e+00
9.686411917209625244e-02
2.037031054496765137e-01
1.129724606871604919e-01
6.033028289675712585e-02
1.948998719453811646e-01
1.193351373076438904e-01
4.305386841297149658e-01
1.251292079687118530e-01
1.109874248504638672e-02
9.717417955398559570e-01
2.835590243339538574e-01
0.000000000000000000e+00
4.184072837233543396e-02
2.876739390194416046e-02
2.504786662757396698e-02
1.582148551940917969e+00
1.786407679319381714e-01
2.322959713637828827e-03
5.363283306360244751e-02
9.897403120994567871e-01
6.100861430168151855e-01
1.636146381497383118e-02
3.173295557498931885e-01
5.446159243583679199e-01
9.304739534854888916e-02
4.026140868663787842e-01
0.000000000000000000e+00
3.399561941623687744e-01
2.791273295879364014e-01
7.586029171943664551e-01
5.019475892186164856e-02
1.242470219731330872e-01
7.784823328256607056e-02
3.321505188941955566e-01
1.002327352762222290e-01
5.591593384742736816e-01
3.308937698602676392e-02
2.940515875816345215e-01
0.000000000000000000e+00
9.392423182725906372e-02
0.000000000000000000e+00
7.095418870449066162e-02
2.877281606197357178e-01
1.048157215118408203e+00
1.859911829233169556e-01
4.153382480144500732e-01
1.482851624488830566e+00
3.776359856128692627e-01
2.173556327819824219e+00
1.889583468437194824e-01
2.804305851459503174e-01
1.014156699180603027e+00
2.825402282178401947e-02
2.788711572065949440e-03
1.392796188592910767e-01
9.271991252899169922e-02
1.211434751749038696e-01
0.000000000000000000e+00
2.700578868389129639e-01
2.029401063919067383e-01
1.397047489881515503e-01
1.731811761856079102e-01
2.961545065045356750e-02
6.431607604026794434e-01
2.440541423857212067e-02
2.968890666961669922e+00
6.213423237204551697e-02
5.928567610681056976e-03
5.477432608604431152e-01
2.929411642253398895e-02
1.088999867439270020e+00
0.000000000000000000e+00
9.278584271669387817e-03
2.563376910984516144e-04
1.132380589842796326e-02
3.850400149822235107e-01
2.184109240770339966e-01
1.832807898521423340e+00
5.810707807540893555e-01
0.000000000000000000e+00
3.133029639720916748e-01
5.574786067008972168e-01
7.241542339324951172e-01
6.206765770912170410e-02
0.000000000000000000e+00
6.828163862228393555e-01
2.195300012826919556e-01
2.345696687698364258e-01
3.519521355628967285e-01
0.000000000000000000e+00
0.000000000000000000e+00
2.137495279312133789e-01
9.542083740234375000e-02
5.934310555458068848e-01
1.483300477266311646e-01
2.057055085897445679e-01
0.000000000000000000e+00
6.787936091423034668e-01
4.589912891387939453e-01
4.494526088237762451e-01
2.186329662799835205e-01
3.346384689211845398e-02
2.510805726051330566e-01
3.949259519577026367e-01
4.595975279808044434e-01
2.573297917842864990e-01
5.735974386334419250e-02
4.210321009159088135e-01
3.700046837329864502e-01
2.368236541748046875e+00
1.675737835466861725e-02
5.584045052528381348e-01
7.246955484151840210e-02
1.088590398430824280e-01
1.799386620521545410e+00
5.417099595069885254e-01
4.902958497405052185e-02
1.084134936332702637e+00
1.439327597618103027e-01
0.000000000000000000e+00
1.069580435752868652e+00
1.636827707290649414e+00
7.231821119785308838e-02
4.442113041877746582e-01
2.347394526004791260e-01
2.529423534870147705e-01
8.032778501510620117e-01
9.519114494323730469e-01
3.310769498348236084e-01
2.618673563003540039e+00
6.298482418060302734e-01
6.342074275016784668e-02
6.710817664861679077e-02
9.841496348381042480e-01
1.294260025024414062e+00
3.744357228279113770e-01
2.593982219696044922e-01
2.155882418155670166e-01
2.988620661199092865e-02
3.974701091647148132e-02
1.409971714019775391e-01
5.579086393117904663e-02
1.092878635972738266e-02
6.752550005912780762e-01
3.635284006595611572e-01
2.055249065160751343e-01
4.291933774948120117e-02
1.549608111381530762e-01
6.808534860610961914e-01
8.346759080886840820e-01
1.178793430328369141e+00
5.052943229675292969e-01
3.686822056770324707e-01
4.040176272392272949e-01
3.319919705390930176e-01
3.316711187362670898e-01
2.547218501567840576e-01
4.275726899504661560e-02
0.000000000000000000e+00
7.310119271278381348e-02
1.168824076652526855e+00
7.275751791894435883e-03
1.121540069580078125e-01
1.015082672238349915e-01
4.152712821960449219e-01
2.812183380126953125e+00
2.457117140293121338e-01
1.555000543594360352e-01
3.884159028530120850e-01
7.510799914598464966e-02
0.000000000000000000e+00
4.417920708656311035e-01
1.395253986120223999e-01
0.000000000000000000e+00
2.658712565898895264e-01
4.676694273948669434e-01
3.955154716968536377e-01
8.531899005174636841e-02
8.296175301074981689e-02
5.829606205224990845e-02
1.895727589726448059e-02
0.000000000000000000e+00
1.627919971942901611e-01
1.057591736316680908e-01
2.570825219154357910e-01
2.909661233425140381e-01
1.795148253440856934e-01
7.663032412528991699e-01
2.374351620674133301e-01
8.539427816867828369e-02
2.003772556781768799e-01
3.608598947525024414e+00
4.896326959133148193e-01
1.270259261131286621e+00
1.296978116035461426e+00
0.000000000000000000e+00
3.425700068473815918e-01
3.163386881351470947e-01
0.000000000000000000e+00
1.969914138317108154e-02
9.827880561351776123e-02
2.870457060635089874e-02
2.077617168426513672e+00
3.007874786853790283e-01
1.037522315979003906e+00
2.826677858829498291e-01
1.202309355139732361e-01
3.846652805805206299e-01
1.165418103337287903e-01
4.665310680866241455e-02
1.348631978034973145e-01
4.252828359603881836e-01
5.599999055266380310e-02
0.000000000000000000e+00
2.013020366430282593e-01
1.873878762125968933e-02
9.040924310684204102e-01
1.134366146288812160e-03
2.708894312381744385e-01
5.779694080352783203e+00
6.786271929740905762e-01
5.559853315353393555e-01
1.202966451644897461e+00
4.354347661137580872e-02
6.833969801664352417e-02
1.524307876825332642e-01
2.613760828971862793e-01
0.000000000000000000e+00
9.206749498844146729e-02
8.152452111244201660e-02
2.784164845943450928e-01
1.850350499153137207e-01
1.278711203485727310e-02
1.916969381272792816e-02
2.112854570150375366e-01
5.696756243705749512e-01
1.583656519651412964e-01
1.154574658721685410e-02
7.403134703636169434e-01
2.351194381713867188e+00
6.611397266387939453e-01
0.000000000000000000e+00
1.450827252119779587e-02
2.752721309661865234e-01
4.327763617038726807e-01
6.916612982749938965e-01
1.823333092033863068e-02
7.224957644939422607e-02
5.918442457914352417e-02
6.116071343421936035e-02
8.604758977890014648e-02
3.264725506305694580e-01
9.522071480751037598e-02
1.306999683380126953e+00
0.000000000000000000e+00
5.475893616676330566e-02
1.417055577039718628e-01
3.276383876800537109e-01
2.002882003784179688e+00
4.255289733409881592e-01
3.733035624027252197e-01
4.297059495002031326e-03
6.140144467353820801e-01
6.491719186305999756e-02
2.726173959672451019e-02
6.178529560565948486e-02
3.162699937820434570e-01
5.497982501983642578e-01
8.726430684328079224e-02
1.636476993560791016e+00
1.084780320525169373e-02
6.086841225624084473e-01
0.000000000000000000e+00
9.047582745552062988e-01
1.081309393048286438e-01
1.422314941883087158e-01
3.335626125335693359e-01
2.476851791143417358e-01
1.723918765783309937e-01
2.650480158627033234e-02
5.932353138923645020e-01
3.589195013046264648e-01
1.082687020301818848e+00
5.970184206962585449e-01
4.417843222618103027e-01
1.096643880009651184e-01
1.832241006195545197e-02
1.025152683258056641e+00
8.225794434547424316e-01
1.504825055599212646e-01
2.248009145259857178e-01
2.269578166306018829e-02
4.733576476573944092e-01
5.952155590057373047e-01
5.031048059463500977e-01
5.290714651346206665e-02
1.233950853347778320e-01
1.309253461658954620e-02
5.445103719830513000e-02
5.841694027185440063e-02
7.436316609382629395e-01
1.367637157440185547e+00
4.292293488979339600e-01
1.707285344600677490e-01
4.529327154159545898e-02
2.956397235393524170e-01
5.793409887701272964e-03
3.996677696704864502e-01
1.190916970372200012e-01
1.789815425872802734e-01
1.477188020944595337e-01
8.695051819086074829e-02
7.977206110954284668e-01
2.553910715505480766e-03
7.854512333869934082e-02
3.003303194418549538e-03
1.660854965448379517e-01
2.365980297327041626e-01
3.318256139755249023e-02
2.008230686187744141e-01
7.135251909494400024e-02
1.020679771900177002e-01
3.021044433116912842e-01
9.927942156791687012e-01
0.000000000000000000e+00
5.751965641975402832e-01
3.344180807471275330e-02
1.494665443897247314e-01
5.143648982048034668e-01
1.564399600028991699e-01
3.657697513699531555e-02
4.631576836109161377e-01
5.101408958435058594e-01
2.612490057945251465e-01
1.287210583686828613e-01
3.422098159790039062e+00
9.589241743087768555e-01
8.504259586334228516e-02
8.622726798057556152e-02
0.000000000000000000e+00
6.487692892551422119e-02
2.179270423948764801e-02
4.005123395472764969e-03
8.426783233880996704e-02
4.062685370445251465e-01
1.261236816644668579e-01
1.934458732604980469e+00
8.496629595756530762e-01
5.732619166374206543e-01
3.258528411388397217e-01
0.000000000000000000e+00
5.930288508534431458e-02
2.178252488374710083e-01
1.340254209935665131e-02
4.478023946285247803e-02
9.377776980400085449e-01
3.625698387622833252e-02
7.972256839275360107e-02
1.654710054397583008e+00
9.749107956886291504e-01
1.200078964233398438e+00
1.836985200643539429e-01
2.045871734619140625e+00
6.242175698280334473e-01
2.631288170814514160e-01
8.457256108522415161e-02
1.084961183369159698e-02
4.936560690402984619e-01
5.345578119158744812e-02
5.986542701721191406e-01
7.481249570846557617e-01
1.316019743680953979e-01
7.013697922229766846e-02
1.729855537414550781e+00
2.473156601190567017e-01
1.136253327131271362e-01
1.667108684778213501e-01
1.791273951530456543e-01
6.385228782892227173e-02
7.414395362138748169e-02
4.099325835704803467e-02
9.332097135484218597e-03
6.622360944747924805e-01
1.780874282121658325e-01
2.003965973854064941e-01
1.228000879287719727e+00
2.625657021999359131e-01
1.332135945558547974e-01
3.740259706974029541e-01
4.242499470710754395e-01
1.198144435882568359e+00
4.090724885463714600e-01
4.635870754718780518e-01
5.628991127014160156e-01
1.131843686103820801e+00
3.288084566593170166e-01
2.507213652133941650e-01
8.229271322488784790e-02
0.000000000000000000e+00
1.117013618350028992e-01
2.022505253553390503e-01
6.575956344604492188e-01
3.197912573814392090e-01
4.043532013893127441e-01
7.894759178161621094e-01
5.258158445358276367e-01
1.526174396276473999e-01
2.402404993772506714e-01
8.587265014648437500e-01
5.217907428741455078e-01
1.852350309491157532e-02
7.340943068265914917e-02
7.519656419754028320e-02
0.000000000000000000e+00
0.000000000000000000e+00
1.365051418542861938e-02
8.871393203735351562e-01
3.255880624055862427e-02
0.000000000000000000e+00
7.783621549606323242e-03
4.089572727680206299e-01
0.000000000000000000e+00
9.774566292762756348e-01
6.159232184290885925e-02
2.035603970289230347e-01
1.144987344741821289e-02
4.726394414901733398e-01
2.131448537111282349e-01
2.090983539819717407e-01
8.313553407788276672e-03
3.336375206708908081e-02
5.901615619659423828e-01
6.864946335554122925e-02
7.525689005851745605e-01
0.000000000000000000e+00
1.024084314703941345e-01
3.514114320278167725e-01
3.963863551616668701e-01
1.092484593391418457e-01
4.230799674987792969e-01
2.684384584426879883e-01
8.665302991867065430e-01
9.812870621681213379e-01
1.253872215747833252e-01
1.726041674613952637e+00
1.632191896438598633e+00
7.808534502983093262e-01
6.056706309318542480e-01
1.021688699722290039e+00
1.702490001916885376e-01
1.051571488380432129e+00
9.505575299263000488e-01
3.822315856814384460e-02
4.521163702011108398e-01
8.011193275451660156e-01
4.120758175849914551e-01
4.116270318627357483e-02
2.041822224855422974e-01
4.714833199977874756e-01
1.784842967987060547e+00
2.181630134582519531e+00
8.654627799987792969e-01
1.323431879281997681e-01
1.739028245210647583e-01
9.348766878247261047e-03
2.098118960857391357e-01
3.025652170181274414e-01
2.928170263767242432e-01
1.458651274442672729e-01
5.097740795463323593e-03
3.701442480087280273e-01
4.720150679349899292e-02
3.090250492095947266e+00
4.568662047386169434e-01
4.565419554710388184e-01
5.414054393768310547e-01
5.762583762407302856e-02
2.778276205062866211e-01
3.117462992668151855e-01
7.665745168924331665e-02
3.346141874790191650e-01
2.024037092924118042e-01
1.083937659859657288e-01
8.142247796058654785e-01
9.704206138849258423e-02
5.586746335029602051e-02
0.000000000000000000e+00
0.000000000000000000e+00
1.482378505170345306e-02
5.391939282417297363e-01
2.543323636054992676e-01
1.144950464367866516e-01
9.709467887878417969e-01
8.939599245786666870e-02
5.061661079525947571e-02
3.060521483421325684e-01
9.214133024215698242e-02
1.591901630163192749e-01
9.148773550987243652e-01
2.838125824928283691e-01
3.797212243080139160e-02
1.706472754478454590e+00
5.634558796882629395e-01
2.459706366062164307e-02
3.844065219163894653e-02
2.448522150516510010e-01
5.639992356300354004e-01
1.690288662910461426e+00
1.304495811462402344e+00
1.038923487067222595e-01
6.360698342323303223e-01
3.826111555099487305e+00
1.756806612014770508e+00
0.000000000000000000e+00
1.593533307313919067e-01
1.574518680572509766e+00
6.391703486442565918e-01
1.013807505369186401e-01
4.856419563293457031e-01
1.696074157953262329e-01
3.974076211452484131e-01
4.594342708587646484e-01
2.951946109533309937e-02
2.429148852825164795e-01
1.332371532917022705e-01
6.840692520141601562e+00
6.036086939275264740e-03
0.000000000000000000e+00
1.588561683893203735e-01
3.408310413360595703e-01
7.115323841571807861e-02
4.425916969776153564e-01
4.019498825073242188e-03
8.803319931030273438e-02
1.291048377752304077e-01
2.585951089859008789e-01
0.000000000000000000e+00
4.292912408709526062e-02
6.583223938941955566e-01
3.832748532295227051e-01
1.443942189216613770e+00
1.930666118860244751e-01
1.604445815086364746e+00
1.397989224642515182e-02
4.532218575477600098e-01
3.880754113197326660e-01
1.463670730590820312e+00
3.292143717408180237e-02
4.222926869988441467e-02
5.677053332328796387e-01
1.603446155786514282e-01
1.404926925897598267e-01
2.098380774259567261e-02
6.367289274930953979e-02
0.000000000000000000e+00
6.622369866818189621e-03
7.562416791915893555e-02
5.865410566329956055e-01
1.284083008766174316e+00
2.181402891874313354e-01
4.291787445545196533e-01
3.226312398910522461e-01
1.213522702455520630e-01
1.796182274818420410e+00
0.000000000000000000e+00
1.595252871513366699e+00
4.540342986583709717e-01
2.577529847621917725e-01
1.731938719749450684e-01
0.000000000000000000e+00
4.928504303097724915e-02
3.568234443664550781e-01
2.166089534759521484e+00
6.197599172592163086e-01
8.199235796928405762e-01
9.170712232589721680e-01
3.315459191799163818e-01
2.165045976638793945e+00
6.218291521072387695e-01
4.696252048015594482e-01
1.967995800077915192e-02
3.552022576332092285e-01
7.440139055252075195e-01
2.588834147900342941e-03
1.500638127326965332e-01
2.221788167953491211e+00
1.146704889833927155e-02
1.029309272766113281e+00
2.456847280263900757e-01
9.913930892944335938e-01
2.761954665184020996e-01
1.112484559416770935e-01
1.526872873306274414e+00
1.914603561162948608e-01
2.762770354747772217e-01
2.564775943756103516e-01
3.697387874126434326e-02
8.414575457572937012e-01
3.780076742172241211e+00
0.000000000000000000e+00
7.237490266561508179e-03
1.574369788169860840e+00
2.505155205726623535e-01
2.683239698410034180e+00
8.524115383625030518e-02
2.512075304985046387e-01
1.387450218200683594e+00
2.987628579139709473e-01
9.176335334777832031e-01
3.819385915994644165e-02
7.250490039587020874e-02
5.530482530593872070e-01
5.977649241685867310e-02
4.122602194547653198e-02
1.421872526407241821e-01
0.000000000000000000e+00
8.438935279846191406e-01
8.459554612636566162e-02
6.227512955665588379e-01
5.364491939544677734e-01
0.000000000000000000e+00
3.034732341766357422e-01
7.538081407546997070e-01
1.570662558078765869e-01
1.648420095443725586e+00
3.016893193125724792e-02
2.425493150949478149e-01
1.633674502372741699e-01
1.573844254016876221e-01
1.883915811777114868e-01
7.271176576614379883e-01
9.865038394927978516e-01
2.772494852542877197e-01
2.110323607921600342e-01
1.697238236665725708e-01
2.489747293293476105e-02
8.800652623176574707e-02
5.985510349273681641e-01
0.000000000000000000e+00
3.209128975868225098e-01
2.039444684982299805e+00
4.470742493867874146e-02
7.188267111778259277e-01
2.232745587825775146e-01
5.987402051687240601e-02
5.514392629265785217e-02
6.572988349944353104e-03
1.311081647872924805e-01
2.919409275054931641e-01
1.796644739806652069e-02
1.162094995379447937e-01
2.404298335313796997e-01
4.797049984335899353e-02
8.559730648994445801e-01
0.000000000000000000e+00
9.529344439506530762e-01
1.530810892581939697e-01
2.778583206236362457e-02
9.600221514701843262e-01
2.700623273849487305e-01
1.953177899122238159e-01
1.283920645713806152e+00
2.100039571523666382e-01
4.744718968868255615e-01
3.364044427871704102e-01
6.286059021949768066e-01
1.136676445603370667e-01
1.908595800399780273e+00
1.166169121861457825e-01
1.667127013206481934e-01
6.529276967048645020e-01
2.790316045284271240e-01
6.244206801056861877e-03
2.727159261703491211e-01
2.899395823478698730e-01
0.000000000000000000e+00
4.507881589233875275e-03
0.000000000000000000e+00
2.263499259948730469e+00
1.418253630399703979e-01
2.386408805847167969e+00
0.000000000000000000e+00
3.021060526371002197e-01
1.566587984561920166e-01
4.323310852050781250e-01
3.147729933261871338e-01
2.766434550285339355e-01
2.334686964750289917e-01
2.642619907855987549e-01
1.491660922765731812e-01
7.179179191589355469e-01
1.775527149438858032e-01
1.838766038417816162e-01
6.904641538858413696e-02
1.175670266151428223e+00
1.182819485664367676e+00
1.885108202695846558e-01
5.608906745910644531e-01
0.000000000000000000e+00
2.122953906655311584e-02
1.390300631523132324e+00
2.685430049896240234e-01
3.482789099216461182e-01
7.919851541519165039e-01
4.291102290153503418e-01
9.375953674316406250e-02
4.669280648231506348e-01
1.134337112307548523e-02
0.000000000000000000e+00
1.672069430351257324e-01
1.044145822525024414e-01
8.866292238235473633e-02
0.000000000000000000e+00
1.993021219968795776e-01
8.549492061138153076e-02
1.391990482807159424e-01
5.645561218261718750e-01
5.461028590798377991e-02
6.537640839815139771e-02
7.916526868939399719e-03
7.130663841962814331e-03
0.000000000000000000e+00
6.838974952697753906e-01
2.900457940995693207e-02
1.574065238237380981e-01
8.155889064073562622e-02
4.777681827545166016e-01
5.538392066955566406e-01
0.000000000000000000e+00
2.255334407091140747e-01
7.670006752014160156e-01
4.257128760218620300e-02
7.892721891403198242e-02
3.568027317523956299e-01
1.535657167434692383e+00
2.283972948789596558e-01
6.022457033395767212e-02
1.808781921863555908e-01
0.000000000000000000e+00
2.569207251071929932e-01
2.996599972248077393e-01
9.522633999586105347e-02
0.000000000000000000e+00
3.573117256164550781e-01
1.026888012886047363e+00
8.658672869205474854e-02
8.410356640815734863e-01
2.794671654701232910e-01
0.000000000000000000e+00
1.344013571739196777e+00
1.577608436346054077e-01
1.114232987165451050e-01
4.482259973883628845e-02
3.518152534961700439e-01
3.562789559364318848e-01
1.736676879227161407e-02
2.149449586868286133e-01
1.339680552482604980e+00
1.370649218559265137e+00
1.278760135173797607e-01
1.972773194313049316e+00
9.060861915349960327e-02
1.522273570299148560e-01
0.000000000000000000e+00
1.364835444837808609e-02
2.221113294363021851e-01
7.448251545429229736e-02
7.363619804382324219e-01
1.857476532459259033e-01
1.337604597210884094e-02
4.106628000736236572e-01
9.339816123247146606e-02
2.111843526363372803e-01
2.876879274845123291e-02
1.391442865133285522e-01
2.126240879297256470e-01
9.695181250572204590e-02
9.478477388620376587e-02
2.773364067077636719e+00
6.628139317035675049e-02
5.965791940689086914e-01
1.133007407188415527e+00
2.182654291391372681e-01
1.989772915840148926e-01
5.928894281387329102e-01
3.554281592369079590e-02
1.159903109073638916e-01
0.000000000000000000e+00
8.331269025802612305e-01
6.552396416664123535e-01
3.127457499504089355e-01
1.307620406150817871e-01
1.235108256340026855e+00
1.286530494689941406e+00
3.532682061195373535e-01
6.995446979999542236e-02
3.211987018585205078e-01
0.000000000000000000e+00
3.929708003997802734e-01
8.526587486267089844e-01
3.017748706042766571e-02
1.939425915479660034e-01
6.838624924421310425e-02
2.314308658242225647e-02
1.253363490104675293e-01
1.529214978218078613e-01
8.651234507560729980e-01
7.402095943689346313e-02
1.287726759910583496e-01
2.684140503406524658e-01
9.269239306449890137e-01
0.000000000000000000e+00
3.810492455959320068e-01
0.000000000000000000e+00
0.000000000000000000e+00
6.134839057922363281e-01
2.408683896064758301e-01
1.907245814800262451e-01
1.417142525315284729e-02
5.885410904884338379e-01
1.790728420019149780e-01
3.269552886486053467e-01
1.246135115623474121e+00
4.739625006914138794e-02
2.189051955938339233e-01
8.468797802925109863e-01
1.420098543167114258e-01
1.827492117881774902e+00
5.215754508972167969e-01
5.694495439529418945e-01
9.252084791660308838e-02
2.000547647476196289e+00
2.053048228845000267e-03
2.011426985263824463e-01
5.811507105827331543e-01
4.734486937522888184e-01
4.078005850315093994e-01
1.477500915527343750e+00
3.562226295471191406e-01
1.100831627845764160e+00
3.146908760070800781e+00
2.592944800853729248e-01
8.657606244087219238e-01
1.141990303993225098e+00
0.000000000000000000e+00
3.860152512788772583e-02
2.873756587505340576e-01
3.201481103897094727e-01
2.758753299713134766e-01
1.807053834199905396e-01
4.369022548198699951e-01
3.927939236164093018e-01
2.175145223736763000e-02
4.361746013164520264e-01
9.245529770851135254e-02
6.387609522789716721e-03
8.109135031700134277e-01
6.933051943778991699e-01
1.500927470624446869e-02
4.469496309757232666e-01
1.170157454907894135e-02
2.833247184753417969e-01
9.781766533851623535e-01
2.266901969909667969e+00
9.172523617744445801e-01
6.879051327705383301e-01
1.179008781909942627e-01
2.418378889560699463e-01
9.019910693168640137e-01
5.673451349139213562e-02
9.586692601442337036e-02
2.097882032394409180e-01
3.638079762458801270e-02
1.113439500331878662e-01
1.092748641967773438e+00
4.507836401462554932e-01
7.213594913482666016e-01
9.571055769920349121e-01
9.164140373468399048e-02
2.832363545894622803e-01
9.103192389011383057e-02
1.087087988853454590e-01
2.417545795440673828e+00
8.964611887931823730e-01
3.506789803504943848e-01
1.386238932609558105e+00
4.139885902404785156e-01
5.664395093917846680e-01
2.447972774505615234e+00
1.607320070266723633e+00
0.000000000000000000e+00
7.596646547317504883e-01
1.352949887514114380e-01
1.085845977067947388e-01
1.702950918115675449e-03
2.146749973297119141e+00
6.328707933425903320e-02
2.310173213481903076e-02
3.130898475646972656e-01
1.772027134895324707e+00
9.664156287908554077e-02
1.409392058849334717e-01
3.677901998162269592e-02
1.165207386016845703e+00
5.018147826194763184e-01
2.541984915733337402e-01
0.000000000000000000e+00
1.380102038383483887e-01
5.475803464651107788e-02
1.951539814472198486e-01
5.839025229215621948e-02
6.406301259994506836e-01
6.606892216950654984e-03
3.256800174713134766e-01
2.285785436630249023e+00
2.925377711653709412e-02
1.050556778907775879e+00
5.279463157057762146e-02
2.708296537399291992e+00
9.759814739227294922e-01
4.264551997184753418e-01
5.236164480447769165e-02
1.146583184599876404e-01
1.829260736703872681e-01
2.334274768829345703e+00
1.974906073883175850e-03
1.556177139282226562e+00
2.770109772682189941e-01
3.618525266647338867e-01
5.520912509382469580e-06
1.786899685859680176e+00
1.854600310325622559e-01
4.294037446379661560e-02
1.172104120254516602e+00
3.036169409751892090e-01
6.536129117012023926e-02
5.701974630355834961e-01
5.497840046882629395e-01
6.885821223258972168e-01
0.000000000000000000e+00
0.000000000000000000e+00
3.914745897054672241e-02
0.000000000000000000e+00
7.754088640213012695e-01
3.755562305450439453e-01
8.521432876586914062e-01
9.695177674293518066e-01
2.356665134429931641e-01
3.028768301010131836e-01
2.046377360820770264e-01
1.459233909845352173e-01
8.691916465759277344e-01
2.063272893428802490e-01
8.509174734354019165e-02
7.500699907541275024e-02
1.479142308235168457e-01
6.359613537788391113e-01
1.882449388504028320e+00
3.629764914512634277e-02
2.686881721019744873e-01
6.658090949058532715e-01
2.585447579622268677e-02
9.042059071362018585e-03
1.063935905694961548e-01
1.550512611865997314e-01
1.186112989671528339e-03
8.613387942314147949e-01
6.622922420501708984e-02
2.693610265851020813e-02
4.545796662569046021e-02
5.743712782859802246e-01
3.652494251728057861e-01
1.981049217283725739e-02
1.821459233760833740e-01
2.112730406224727631e-02
3.832986056804656982e-01
1.673268675804138184e-01
1.209635213017463684e-01
5.713031291961669922e-01
7.661381363868713379e-02
1.676646590232849121e+00
1.263480633497238159e-01
1.622428745031356812e-01
1.012327987700700760e-02
2.402437031269073486e-01
2.528738044202327728e-02
1.901066629216074944e-03
1.067845672369003296e-01
4.773472249507904053e-01
4.408685863018035889e-02
1.673483550548553467e-01
2.314340621232986450e-01
0.000000000000000000e+00
1.109995245933532715e-01
1.196896433830261230e-01
2.091872040182352066e-03
4.802286252379417419e-02
1.486684083938598633e-01
3.139896690845489502e-02
1.839682906866073608e-01
1.148488283157348633e+00
1.601742655038833618e-01
1.135996803641319275e-01
0.000000000000000000e+00
2.256498187780380249e-01
1.110026001930236816e+00
3.836876899003982544e-02
4.543985053896903992e-02
0.000000000000000000e+00
1.353411972522735596e-01
1.730303019285202026e-01
1.869702152907848358e-02
2.334255725145339966e-01
6.792549490928649902e-01
1.405364573001861572e-01
6.809599697589874268e-02
0.000000000000000000e+00
0.000000000000000000e+00
0.000000000000000000e+00
1.581276535987854004e+00
1.576493978500366211e-01
1.212726347148418427e-02
3.395904898643493652e-01
3.270928859710693359e-01
2.251077443361282349e-01
5.089417099952697754e-01
1.469132006168365479e-01
0.000000000000000000e+00
3.916206061840057373e-01
3.734854757785797119e-01
0.000000000000000000e+00
1.432086229324340820e+00
3.903673589229583740e-02
1.603433132171630859e+00
3.477530241012573242e+00
4.197426736354827881e-01
5.418139696121215820e-01
7.740096747875213623e-02
4.289180934429168701e-01
4.697297886013984680e-02
0.000000000000000000e+00
9.093269705772399902e-02
2.875932119786739349e-02
3.964800834655761719e-01
1.416181325912475586e+00
1.812991313636302948e-02
6.656675338745117188e-01
4.070977121591567993e-02
1.448866605758666992e+00
4.612191114574670792e-03
1.530007600784301758e+00
3.604432046413421631e-01
3.643239438533782959e-01
0.000000000000000000e+00
2.000146312639117241e-03
1.725318492390215397e-03
2.168554514646530151e-01
4.356019794940948486e-01
1.360960751771926880e-01
3.067709505558013916e-01
2.709953486919403076e-01
6.439287960529327393e-02
8.373972028493881226e-02
4.182402491569519043e-01
8.230459690093994141e-02
1.978845447301864624e-01
0.000000000000000000e+00
2.695075869560241699e-01
8.187571167945861816e-01
1.041657105088233948e-02
1.037776842713356018e-02
1.713961511850357056e-01
2.841743230819702148e-01
8.946679830551147461e-01
8.210897445678710938e-01
2.324429340660572052e-02
4.908736944198608398e-01
2.663369774818420410e-01
2.179992198944091797e-01
1.150308549404144287e-01
1.256130814552307129e+00
3.705372810363769531e-01
3.350813090801239014e-01
2.262163162231445312e-02
5.642131567001342773e-01
1.690135896205902100e-01
8.645419776439666748e-02
9.308350086212158203e-01
6.189888343214988708e-03
2.270806580781936646e-01
6.891198456287384033e-02
5.960693359375000000e-01
7.929205894470214844e-01
3.595528751611709595e-02
2.868506312370300293e-01
5.454216599464416504e-01
2.695805765688419342e-02
9.961242079734802246e-01
1.685903593897819519e-02
9.479035139083862305e-01
7.226502895355224609e-02
1.296112656593322754e+00
9.434465318918228149e-02
0.000000000000000000e+00
4.145477432757616043e-03
1.487737417221069336e+00
8.357226848602294922e-01
5.297717452049255371e-01
1.220738053321838379e+00
1.216884553432464600e-01
9.204881787300109863e-01
1.387004405260086060e-01
1.400352735072374344e-02
3.392134234309196472e-02
4.777728579938411713e-03
6.023968458175659180e-01
2.421931773424148560e-01
3.009035885334014893e-01
2.193235635757446289e+00
1.016075968742370605e+00
1.158152341842651367e+00
3.457473814487457275e-01
8.643894456326961517e-03
2.937129884958267212e-02
1.820937395095825195e-01
6.366751790046691895e-01
5.505275130271911621e-01
4.610293507575988770e-01
1.449439644813537598e+00
7.097691297531127930e-01
8.898971676826477051e-01
7.461671829223632812e-01
8.984687328338623047e-01
8.399564772844314575e-03
0.000000000000000000e+00
7.743730396032333374e-02
9.976934194564819336e-01
5.914710834622383118e-02
0.000000000000000000e+00
4.506063163280487061e-01
0.000000000000000000e+00
4.847717285156250000e-01
2.469611465930938721e-01
1.518237404525279999e-03
5.458934903144836426e-01
4.598268866539001465e-01
1.523915082216262817e-01
1.549719721078872681e-01
7.162332534790039062e-01
1.373144537210464478e-01
2.828846685588359833e-02
9.410715103149414062e-01
3.041637130081653595e-02
1.090308189392089844e+00
1.324442982673645020e+00
7.804359197616577148e-01
5.300463676452636719e+00
1.822294443845748901e-01
5.342867970466613770e-01
7.983540892601013184e-01
6.321918964385986328e-02
2.290452867746353149e-01
3.057550080120563507e-02
2.313434123992919922e+00
1.028867289423942566e-01
8.795511722564697266e-01
2.097362577915191650e-01
9.636693000793457031e-01
5.409476161003112793e-02
4.611901342868804932e-01
2.712844014167785645e-01
1.028373599052429199e+00
1.957483530044555664e+00
0.000000000000000000e+00
5.241382718086242676e-01
0.000000000000000000e+00
4.129552245140075684e-01
1.149951666593551636e-02
8.057199884206056595e-04
5.762832760810852051e-01
1.284741908311843872e-01
3.413660451769828796e-02
6.585250794887542725e-02
9.148436784744262695e-01
4.088998213410377502e-02
1.559474319219589233e-01
8.680628538131713867e-01
9.451767206192016602e-01
6.691451072692871094e-01
1.218634724617004395e+00
0.000000000000000000e+00
2.038942873477935791e-01
2.195353209972381592e-01
5.169853568077087402e-02
4.608397483825683594e-01
1.711346581578254700e-02
0.000000000000000000e+00
3.352238535881042480e-01
1.148275583982467651e-01
3.011864125728607178e-01
7.374851405620574951e-02
0.000000000000000000e+00
2.446469783782958984e+00
1.727106124162673950e-01
1.795753240585327148e-01
3.956706523895263672e-01
2.260250300168991089e-01
3.963017836213111877e-02
0.000000000000000000e+00
1.086267590522766113e+00
4.387457668781280518e-01
1.699376255273818970e-01
4.112014919519424438e-02
8.913308382034301758e-02
0.000000000000000000e+00
1.628843396902084351e-01
2.150215864181518555e+00
0.000000000000000000e+00
5.413731336593627930e-01
4.146520420908927917e-02
4.210580512881278992e-02
9.013820290565490723e-01
5.702105164527893066e-02
0.000000000000000000e+00
8.521757274866104126e-02
5.695361644029617310e-02
1.206402899697422981e-03
2.063887007534503937e-02
1.106491684913635254e+00
6.395109295845031738e-01
1.936560392379760742e+00
3.029167354106903076e-01
1.152408868074417114e-01
1.275376826524734497e-01
2.230609953403472900e-01
6.881315112113952637e-01
2.173184871673583984e+00
1.056668385863304138e-01
1.053650259971618652e+00
6.820243597030639648e-01
4.663252830505371094e-02
2.999909222126007080e-01
0.000000000000000000e+00
2.068910747766494751e-01
0.000000000000000000e+00
1.456373929977416992e+00
6.221215054392814636e-02
1.710506200790405273e+00
2.232318371534347534e-01
2.251108139753341675e-01
1.461321830749511719e+00
3.925205171108245850e-01
6.787467002868652344e-01
9.630336426198482513e-03
0.000000000000000000e+00
1.018146872520446777e-01
5.417589545249938965e-01
3.691815305501222610e-03
6.375483870506286621e-01
6.662004590034484863e-01
0.000000000000000000e+00
2.363414615392684937e-01
8.552609384059906006e-02
1.813884973526000977e-01
4.253948628902435303e-01
2.607453167438507080e-01
1.873697340488433838e-01
1.188839087262749672e-03
7.197596132755279541e-02
1.284107923507690430e+00
1.697020083665847778e-01
1.496195942163467407e-01
1.305038034915924072e-01
0.000000000000000000e+00
6.107491999864578247e-02
1.327438801527023315e-01
9.512449800968170166e-02
3.558056354522705078e-01
1.015879735350608826e-01
1.526244878768920898e-01
3.435290232300758362e-02
2.731921970844268799e-01
4.641183465719223022e-02
1.316630188375711441e-02
1.394841121509671211e-03
8.294675499200820923e-02
8.781172335147857666e-02
1.293268753215670586e-03
2.241535633802413940e-01
9.525220394134521484e-01
2.395544648170471191e-01
2.430503964424133301e-01
5.533744096755981445e-01
4.082445055246353149e-02
4.849024116992950439e-01
1.096213143318891525e-02
1.179502457380294800e-01
1.670378595590591431e-01
3.864152356982231140e-02
1.258791238069534302e-01
2.542036585509777069e-02
2.103826962411403656e-02
1.438411474227905273e+00
6.369995325803756714e-02
1.234886273741722107e-01
2.250183343887329102e+00
1.286616474390029907e-01
1.634393483400344849e-01
0.000000000000000000e+00
3.927536249160766602e+00
1.362277746200561523e+00
1.521723624318838120e-02
1.692384839057922363e+00
1.069524735212326050e-01
3.904660344123840332e-01
1.070910573005676270e+00
1.611067533493041992e+00
0.000000000000000000e+00
6.735270023345947266e-01
2.037135213613510132e-01
7.400004863739013672e-01
0.000000000000000000e+00
7.338539958000183105e-01
2.901260741055011749e-03
1.593334972858428955e-01
3.500852035358548164e-03
4.256745576858520508e-01
0.000000000000000000e+00
5.722663402557373047e-01
1.901346445083618164e-01
7.571927905082702637e-01
7.972805760800838470e-03
3.976443111896514893e-01
1.718338578939437866e-01
9.018834233283996582e-01
7.447814941406250000e-02
6.270747631788253784e-03
4.633026123046875000e-01
1.232903838157653809e+00
6.617045402526855469e-01
7.497628927230834961e-01
5.682726502418518066e-01
6.948011517524719238e-01
8.989787697792053223e-01
3.806843757629394531e-01
2.841481938958168030e-03
1.149449124932289124e-01
1.471674442291259766e-01
6.175121665000915527e-01
5.153741315007209778e-02
1.574142813682556152e+00
9.519304633140563965e-01
6.350975036621093750e-01
6.648468784987926483e-03
1.425994783639907837e-01
2.444515228271484375e-01
5.567683577537536621e-01
2.959870696067810059e-01
0.000000000000000000e+00
1.503301411867141724e-02
3.217199444770812988e-01
6.679309010505676270e-01
1.176117897033691406e+00
2.686231024563312531e-02
6.433051824569702148e-01
7.354817986488342285e-01
4.223718345165252686e-01
1.508785188198089600e-01
4.909004271030426025e-01
1.483513832092285156e+00
7.311169505119323730e-01
5.815341472625732422e-01
1.670360118150711060e-01
6.231884360313415527e-01
1.537225008010864258e+00
2.156564891338348389e-01
0.000000000000000000e+00
5.451035976409912109e+00
1.794803142547607422e-01
2.306238561868667603e-02
0.000000000000000000e+00
0.000000000000000000e+00
1.517133116722106934e+00
1.254863590002059937e-01
6.613210439682006836e-01
2.001330554485321045e-01
5.710269808769226074e-01
1.535076498985290527e-01
2.722435630857944489e-02
4.832131862640380859e-01
3.086169958114624023e-01
9.705751538276672363e-01
5.247162580490112305e-01
7.552378810942173004e-03
9.917569756507873535e-01
3.759982883930206299e-01
1.549841463565826416e-01
1.995397090911865234e+00
3.752344474196434021e-02
4.925397396087646484e+00
3.245391249656677246e-01
2.497936189174652100e-01
4.620546698570251465e-01
2.857414186000823975e-01
9.277783334255218506e-02
2.253091186285018921e-01
1.284366011619567871e+00
1.050195693969726562e-01
1.577093452215194702e-01
1.390377581119537354e-01
5.386587977409362793e-02
6.784394979476928711e-01
1.729108691215515137e+00
2.871366739273071289e-01
1.649049520492553711e-01
6.876359134912490845e-02
4.302764832973480225e-01
4.678416252136230469e-01
0.000000000000000000e+00
1.965420693159103394e-02
1.371317356824874878e-02
1.527755260467529297e+00
4.284602701663970947e-01
1.359394311904907227e+00
1.306867748498916626e-01
0.000000000000000000e+00
0.000000000000000000e+00
9.901875257492065430e-01
2.851778117474168539e-04
2.497348040342330933e-01
4.606849253177642822e-01
4.005631804466247559e-01
8.319303393363952637e-01
0.000000000000000000e+00
3.021616861224174500e-02
3.605982661247253418e-02
1.056345462799072266e+00
9.071569442749023438e-01
2.644309997558593750e-01
1.028837919235229492e+00
4.000004827976226807e-01
4.534962177276611328e-01
6.282168030738830566e-01
2.523156404495239258e-01
7.896893620491027832e-01
7.921058684587478638e-03
4.237712919712066650e-01
3.276035785675048828e-01
1.736640930175781250e-01
9.402006864547729492e-02
3.096444904804229736e-01
2.873654365539550781e+00
1.091312896460294724e-02
4.457917511463165283e-01
6.241847276687622070e-01
7.540716230869293213e-02
1.766928136348724365e-01
3.432716429233551025e-01
5.996012315154075623e-02
4.552609920501708984e-01
2.408575117588043213e-01
8.029128313064575195e-01
2.087204754352569580e-01
3.760317862033843994e-01
0.000000000000000000e+00
4.515991359949111938e-02
1.460901796817779541e-01
2.024451047182083130e-01
1.629089862108230591e-01
4.371459484100341797e-01
3.585076808929443359e+00
2.152832895517349243e-01
3.444107994437217712e-02
1.263068914413452148e-01
7.554570436477661133e-01
3.542508184909820557e-01
5.496600270271301270e-01
2.837913036346435547e+00
9.772234559059143066e-01
1.246042922139167786e-02
7.783785462379455566e-01
5.416646599769592285e-01
3.845122829079627991e-02
1.883098840713500977e+00
1.414884775876998901e-01
1.850447207689285278e-01
4.146090149879455566e-02
7.632357478141784668e-01
5.440897345542907715e-01
1.450893878936767578e-01
4.924015104770660400e-01
3.331216096878051758e+00
5.786062479019165039e-01
8.109298944473266602e-01
0.000000000000000000e+00
5.928795337677001953e-01
1.013581752777099609e+00
2.279168367385864258e-01
0.000000000000000000e+00
2.727456808090209961e+00
7.690991740673780441e-03
1.316460520029067993e-01
6.678388714790344238e-01
1.512355953454971313e-01
2.132743149995803833e-01
7.503109574317932129e-01
0.000000000000000000e+00
1.162651032209396362e-01
2.660702355206012726e-02
9.525754302740097046e-02
3.327493965625762939e-01
9.047470092773437500e-01
2.287145853042602539e+00
4.011424183845520020e-01
7.189252227544784546e-02
6.963062100112438202e-03
1.870397478342056274e-01
4.888367280364036560e-02
1.658056497573852539e+00
2.415607452392578125e+00
1.251105904579162598e+00
2.628735080361366272e-02
2.014328002929687500e+00
3.715229928493499756e-01
1.242044717073440552e-01
6.946086287498474121e-01
2.561872303485870361e-01
4.274484515190124512e-02
3.770502507686614990e-01
4.496610164642333984e+00
1.823554486036300659e-01
1.010312795639038086e+00
1.297452211380004883e+00
1.948487758636474609e-01
5.168530344963073730e-01
1.545599699020385742e-01
1.110863089561462402e-01
1.214702844619750977e+00
9.672732949256896973e-01
2.971416711807250977e-01
3.518790379166603088e-02
4.953562840819358826e-02
2.440883666276931763e-01
5.544052720069885254e-01
2.243840992450714111e-01
7.525805234909057617e-01
2.191717922687530518e-01
3.840667894110083580e-03
6.723419427871704102e-01
2.950676977634429932e-01
9.008298814296722412e-02
3.975584983825683594e+00
1.391402781009674072e-01
4.716555476188659668e-01
