4.432113356878097932e-11
2.963873590999810403e-10
1.431500751269965122e-10
1.606896976591443149e-10
8.523352024170094410e-10
3.871989839865364047e-09
6.022864845744990703e-11
2.757734041125559088e-09
3.628544220646290341e-08
4.546416221273830160e-08
2.722864295146010249e-11
1.038480551551757003e-10
5.075401210419272502e-10
3.933400272160270106e-09
5.543693948339978306e-09
3.443359375410182110e-09
2.327653764178094775e-10
1.800399651585848915e-08
4.231425876355388027e-08
2.513120600511342673e-09
7.567895754512221629e-10
4.871757441904378538e-10
2.179171426641701714e-10
8.773904482950456440e-07
2.436414803241859772e-08
5.525344626278183569e-10
2.948390698254144127e-10
1.609912619882081231e-10
1.778333452717717478e-10
2.945091392980714318e-10
1.038772179384750416e-09
9.428571257075191170e-10
8.058488321083245864e-10
8.339131052359505247e-10
2.913864705078594852e-09
1.477931221849360099e-09
1.218485667919821935e-08
5.206634012822064506e-10
2.873611071319004395e-10
1.502124860053299926e-07
1.736744220659502957e-10
1.067712696034561759e-09
1.252709380672456518e-09
8.529632999909608770e-09
1.076037481340108570e-09
2.963360890007038506e-09
2.512996255532584655e-09
3.234032208698778277e-10
1.441722830008984602e-08
2.354028305617816841e-09
2.940344412394324536e-09
7.114602795788016465e-10
1.675245830945470971e-09
3.849778273945503315e-10
2.756734840403396447e-09
1.813858618859853777e-09
1.651738634755872681e-09
9.639855580445555461e-10
6.900577886881364975e-10
1.693810425251740526e-09
6.518874773320249005e-09
1.269976301898623205e-08
4.066762215870767250e-08
1.182695830159730122e-09
3.469995624172383941e-09
2.131234078106558627e-10
4.083128057885687667e-09
4.506615525201596029e-08
7.281782288259819325e-09
1.031981256005565228e-08
1.284322648231750463e-10
3.559147643272808637e-09
2.862735326569776362e-10
1.904478352798832930e-09
1.212739464406809020e-09
3.265320791534520595e-10
1.923723971231083851e-07
2.833793644185789162e-08
1.466899934854382082e-09
9.840527281923527880e-10
1.819041584028013858e-09
2.398212531340426779e-11
1.325891663128686560e-08
6.402467098154396297e-12
6.417071318765010801e-10
9.087803398699634272e-09
1.116759351660334687e-09
7.473409668889985369e-10
1.766048285389842931e-08
2.871764492873296604e-10
6.882713843303633894e-10
6.458685253285523231e-10
5.437967090515805069e-11
1.854723564065352548e-06
3.903465883858814323e-10
2.358633566235113221e-10
2.813967192594191147e-08
3.324107378244178790e-10
1.591825005142766258e-09
2.401509269223112142e-10
7.178781569194825352e-09
1.421684103775078256e-09
9.368058329073392088e-09
1.974287178185818448e-09
8.881637647562001803e-09
8.904066106651953305e-08
7.483288300136337057e-08
3.388344604893234191e-10
1.081518485879229274e-10
2.530354370477994053e-09
1.846748275136089745e-11
1.401504190479130330e-10
2.341573601682966910e-10
3.964542860668274216e-10
1.119841441798996584e-09
1.409610449198961390e-11
7.150149916590464727e-10
1.216907408174705552e-10
2.735490500782589152e-09
1.213892542040184708e-08
1.054612855377889957e-10
4.476071180370411184e-10
7.464676654578283888e-10
2.100310481090161829e-10
8.272073581672145792e-10
4.618341542528270338e-10
9.664744560211602220e-10
1.046559505724076189e-10
2.479723759662988414e-09
3.828007355544116308e-11
1.307063346445147545e-10
3.248816105028140555e-09
4.822518495650740533e-10
3.347941368581075494e-11
2.303644497381185374e-10
2.382884167762000516e-10
5.516340717548473549e-10
8.739867718432492438e-10
1.924910231210219536e-10
1.627551149407935327e-10
9.364971471914618206e-12
2.478261484917254620e-10
7.977336673181678606e-12
2.780386365586196007e-09
1.127961724023407442e-09
1.314758257819903520e-08
1.634975710373964830e-09
7.824394465671957732e-09
5.640031774944986864e-10
2.053038711258281523e-10
1.640727731455626781e-08
8.758107572504059135e-10
4.132186814942429010e-10
7.216255926145720423e-10
2.870781656838516938e-08
2.349493266606828001e-09
1.281106110084806460e-09
1.644734237693512569e-09
1.638030683315250258e-10
4.112898632779860009e-10
8.789757366400863248e-09
6.568871557810496142e-10
1.396195381531128987e-09
4.829514566040415957e-10
3.274982229850564863e-10
1.824350670531771357e-09
2.917327768248156872e-10
2.252780045841618062e-10
1.241401648144346836e-09
9.065794781548675019e-10
2.814395161365723652e-09
2.778679508708137291e-09
2.793548281587732163e-09
5.561037741408370039e-10
1.211251365873522445e-08
6.480115749551984550e-11
2.767127083025400225e-10
3.624974809213199478e-08
1.309254704651152679e-09
2.245236885300982976e-08
2.447153146789560196e-09
6.926690332420548657e-09
2.560190948130980360e-09
8.116074035058318259e-09
4.003909204186584248e-09
2.448740765714774170e-09
1.255951120882059513e-09
1.397098436939359090e-09
2.188030312488820073e-10
3.251594904440935352e-08
7.037336824389228696e-10
4.952208865205420807e-09
2.559204848040508296e-09
3.303212425809221031e-10
1.494038559535226796e-09
2.249998409808995348e-09
6.480011194298640476e-09
3.986536967204301618e-08
2.536239662731532007e-09
2.640816632037967793e-08
5.311019624087975899e-09
1.403216765005765865e-09
9.040394544079788375e-10
7.418434200268109180e-10
4.346456805581766503e-10
1.584695468181962497e-07
3.607667053984187078e-09
5.946457215522116257e-10
1.320000535542931175e-07
7.405343005473241647e-10
4.379777929219841326e-10
3.929416514392158888e-10
2.601321602568873459e-09
5.827884286269124914e-10
2.962610423651312885e-08
4.522255903083305384e-10
1.819429329419364194e-10
1.171861385707018144e-09
2.037217200490104574e-10
1.787732095692717849e-08
1.898273538358807855e-09
3.268419090929342019e-09
2.397106957374717240e-10
4.510186215611611260e-07
1.394164542034559418e-06
2.792040820764896125e-09
7.432388482442320310e-09
4.063534397857893055e-09
2.270203136589543647e-09
1.893597723068296546e-09
3.195695930102715465e-10
9.481722962334515614e-09
7.583563110813429375e-09
6.436666666331802844e-08
1.964169626944567426e-08
4.537585862607329545e-09
1.971886209872764084e-09
7.256793499443858764e-10
4.284415044963907349e-09
5.396470115215379337e-08
6.168945354545485316e-09
6.936999863427217861e-10
4.086987814844178502e-08
1.441988750627842819e-09
2.931880089818150736e-07
8.577827337319376966e-09
7.365890120070162084e-09
6.428071408492996852e-10
1.020861062350775228e-09
1.594803289428625703e-09
2.809487753552275535e-09
2.403852450427734766e-09
2.781471266644075513e-07
8.268819656764847537e-11
5.894192867117453716e-08
4.408340359418616572e-10
8.764747008171980269e-07
9.451996962894781973e-10
3.037890605739335115e-09
7.095081855368334800e-08
4.220401592647249345e-07
7.867929419091979071e-09
2.581965752312953555e-08
5.939361225060224569e-10
1.682890493626132411e-09
2.976078583571961644e-08
2.295868384294408315e-09
2.651415442755933327e-08
4.137748810251196119e-09
5.866017005473622703e-09
3.218575628238795616e-09
1.349439782138972532e-09
2.099086016116302744e-09
7.294571613414291278e-09
2.276338451068227187e-09
7.723008899063188437e-09
1.930736637234531372e-08
1.797232029865369896e-09
5.949466697074967669e-09
4.297739497616248627e-09
3.522570013458903304e-09
1.530654358816718741e-08
1.300663310388472382e-08
3.747148369370734144e-08
1.642292413173151999e-09
1.064492316515952552e-08
1.845803865307971137e-08
5.422085447293056859e-09
9.477456153206276213e-09
5.659994783968613774e-08
1.711361079514972516e-07
2.304046553547323128e-08
4.841201661776040055e-09
4.905317485537352695e-09
1.936495664267567918e-06
1.591316104168072343e-04
3.901469654010725208e-07
1.149441348388791084e-03
1.435472185562503000e-08
1.486143919038340755e-08
1.333181065543698196e-10
8.812599538998711068e-10
1.412041816806208772e-09
4.287639687738931116e-11
3.808266757499012556e-10
8.693802122650140518e-09
9.273246059926520957e-10
1.324934745250416768e-10
9.850121829302338483e-10
1.545889638521202869e-09
3.418655580844642827e-09
6.291366733135461686e-11
1.176175823403013965e-10
6.591789891707833249e-10
2.265488241448565532e-09
6.092910065369494532e-10
1.870872790021849141e-09
7.130625950813040959e-12
2.194604498129137937e-10
1.672248228778983048e-09
3.331667164374607637e-10
3.824005556651854931e-09
3.586670405120173655e-10
1.807319398305917701e-11
1.616537181892141462e-10
1.335157678861165209e-11
1.136929161926758525e-10
5.341178055395801039e-10
2.094242140815438802e-10
6.643398331451777494e-11
5.518648649172064324e-09
7.686490555158798088e-09
2.820101707712296957e-09
1.141182082164959866e-08
9.858873539769774652e-08
2.448097546903227339e-08
2.682865556380420458e-07
1.773339342037161259e-08
8.560988029593374904e-10
1.007657429719088782e-10
3.114206004184438825e-09
1.971981333781513968e-08
1.668976601365557144e-08
1.408454330942277011e-08
6.527559381908076830e-09
5.639905431564784521e-09
2.796945786087690067e-08
1.652498937687596481e-08
6.641646876914819586e-08
4.084117932734443457e-09
9.510153775593721548e-10
1.538962533798038379e-11
5.273122216653547412e-11
4.574053358297192062e-10
2.834761225756210479e-08
7.906007226665678900e-08
7.974918503350636456e-08
1.362972312790589058e-07
1.974008938532278989e-07
1.162121066045074258e-09
2.748363669979880797e-07
1.987295519256804255e-07
7.294492121445728117e-08
1.348269274004110230e-09
1.517630465741603984e-08
7.732082303846254945e-05
2.682085381820797920e-03
9.482123255729675293e-01
2.347030444070696831e-03
4.484019055962562561e-02
4.144571903452742845e-06
6.946520898054586723e-06
3.432360244914889336e-05
8.142062142724171281e-05
7.958553396747447550e-06
5.304106161929666996e-05
4.741293135879232068e-09
4.789804393112717662e-07
2.807855480568832718e-06
4.391052061691880226e-05
3.833672963082790375e-06
2.732498978730291128e-04
2.129652756366340327e-07
1.571535790390043985e-07
1.047120221642217075e-07
5.430213079193890735e-08
8.775472792876826134e-08
1.888241740743978880e-07
9.847489081948879175e-07
5.050332929634748780e-10
2.907551976960576212e-09
1.299583218816735553e-10
8.571179183070043450e-11
1.047201908521699920e-11
3.603078391201108843e-10
2.283151029347507688e-10
1.626359602546756378e-10
1.145179350653391381e-11
8.681071417271368773e-10
1.278999017806370375e-09
7.012250502480554815e-11
2.220640338279622483e-09
8.569119719359363785e-11
2.258958575751535136e-10
7.147864765355560479e-12
3.231939715853116013e-11
2.571862722788864630e-10
4.757007010525171609e-10
6.917682537910252449e-10
7.380623889829962536e-10
1.619765571669873339e-10
1.609630068122314128e-10
1.938675211476947879e-07
1.111111980200973903e-09
3.469214693296862606e-09
8.456880529195132112e-09
1.084277875817996062e-10
8.143376528657597646e-10
1.822746398261188006e-10
9.354180763310182556e-10
2.786555874934038002e-09
6.529256069143229979e-08
2.042287672310294511e-09
9.195554873109301752e-10
8.605152007623573240e-11
2.358917228217904949e-10
3.459653230564185833e-09
1.819409400916072173e-09
2.255688791308330110e-08
2.110897900919894710e-09
5.168273586875216097e-10
3.586321517534685199e-10
5.890298249155989652e-10
1.270532151709247159e-10
2.999571702133607687e-10
1.601491050884362721e-09
8.973018994495873812e-10
6.554866649466362105e-10
1.014219597195165079e-09
8.038647081320959842e-08
1.182729580939678726e-09
3.514541713212082641e-10
5.442943429301294600e-09
2.228273121573920434e-09
2.012086719460626227e-09
3.865887610032814337e-09
3.163674322514964388e-10
5.019616722279351961e-08
2.667743359552332549e-09
2.299267998218113007e-10
5.530049751456544982e-09
6.255770901297807995e-10
1.755368184142014343e-09
5.416617376852173038e-09
3.301639628361385803e-09
1.123442006090158429e-09
3.496970935046306295e-09
1.851486852721961895e-09
1.636025643847460742e-07
7.147668013018915190e-10
1.161202245469894478e-08
1.138361849228886058e-09
6.094505344833578420e-09
1.328370444753090851e-07
9.062042782836954302e-10
2.589869430025260044e-10
1.058914275708922048e-10
9.448788418353615270e-10
1.404198562982017506e-10
2.097730344985393458e-08
1.263337257029206739e-08
8.365468318061175523e-09
2.016443234609255342e-09
5.377867040579076274e-10
4.004571674265378078e-10
1.589640530319513800e-09
6.787839734734291142e-11
2.158439871280393163e-09
1.690029094447709213e-08
7.095197207540593354e-10
4.714382217940737974e-10
2.591392878059650684e-09
4.598669778310693346e-10
8.464945966402126487e-10
3.864453201884998634e-11
9.335341388805318275e-10
6.101841809602603917e-10
1.549437911307904869e-09
1.260023640980989512e-08
3.045345309260483191e-09
2.557720146789677074e-10
6.461152946002357567e-09
2.995770964631105926e-09
4.111069124013155829e-11
1.183110942548637468e-09
2.342257221510379850e-10
4.097497063870747525e-10
4.775124740064029538e-10
6.532235169443012524e-11
3.112874125132947256e-10
1.651420333814712649e-09
2.088510059339299119e-10
1.437556518268934269e-09
1.504770891225248874e-10
2.089103612323839343e-10
2.325883097231695729e-10
3.699114126121116897e-09
1.717097464215555647e-09
2.298308876547139334e-09
3.980158702621139355e-10
7.376950716952990206e-10
2.581987679217689902e-10
1.353284845295732453e-10
9.412669532693485053e-10
1.346755373887731366e-09
3.294834627354248369e-08
4.804157072157977382e-10
4.282184828952040334e-09
1.317493891761500890e-09
1.076229061425237887e-08
7.008012226084048280e-11
2.138184490574346341e-10
6.256248852309909125e-10
1.964266083120946860e-09
1.195345933346914080e-09
3.808383053360842041e-10
1.394121762476885351e-10
5.620872656209030538e-10
3.044757224124339245e-10
1.428839158101880003e-09
1.021632334285982324e-09
5.008247982996039127e-11
4.179819268479434413e-10
3.740139864483182919e-10
1.438729829716933750e-10
6.308131794696691941e-10
1.926788284478675450e-09
1.216218792343681798e-09
3.508045520739244694e-10
1.783933889498712233e-08
4.310256040973570180e-10
7.665242329757404605e-10
2.766657458685983784e-10
1.299735874482621512e-08
4.443589673996939382e-08
1.736427890364211635e-08
3.550487126524615178e-10
2.521906572461318774e-10
3.428971828700611013e-10
2.490781469965952510e-10
5.177716588811165366e-10
1.135666338747398640e-09
1.886948375329211558e-10
6.200532864930607957e-10
4.731425806703271064e-10
1.208997485457885546e-10
3.393254788264243871e-09
1.107071434525153109e-09
7.500617904554474080e-09
8.397241235691410566e-11
1.105273372825621436e-10
1.436435637103272711e-09
1.947301520033306588e-08
3.365537015742603444e-10
1.375650149348928153e-10
1.656347836664906481e-09
8.617228597351811459e-10
1.896330203976503981e-09
6.818925424312283212e-09
4.152137744739547998e-09
1.212304701070365809e-09
5.607629471882091821e-09
3.953111449295221291e-10
1.398943738628588562e-09
3.180390950596745370e-10
4.435957379200772266e-09
1.736300270227530973e-10
3.914522594961056257e-10
6.474037278492161818e-11
3.148388841300864271e-11
5.242258294124724216e-10
8.409233864803411507e-10
4.422970045769858416e-10
6.722932877067933077e-09
2.637447815700966203e-09
2.478039162756573432e-10
4.793146435311257392e-10
5.124810797951795394e-09
1.367408075658715916e-09
1.640229396748793533e-09
1.934541589421190366e-11
1.961588252941126598e-10
1.015484987765269409e-10
1.555609085990283802e-09
4.028629430052887983e-09
1.446494729551162095e-10
1.921504377833116450e-08
3.214905008874779924e-10
2.405856847076393024e-09
1.162615559380242303e-09
3.833201134284536238e-08
1.264141014090114368e-10
6.696437848674463567e-10
4.781907758655279395e-09
6.837049815189288893e-10
4.737970779600253479e-11
6.376041361555451203e-10
2.956726863345693346e-09
6.016716014300982351e-09
1.415968675644307950e-09
1.156544415792382097e-09
6.267271701609899992e-10
3.273135540382554609e-09
2.774515339698524485e-10
2.944233745694191384e-09
9.295954228605296521e-09
1.975629260186906322e-08
3.442070795056650923e-10
1.387634185334718495e-08
1.533844828927044546e-09
1.938658344968757774e-09
1.859932097225680536e-09
3.297335071650309146e-09
2.506625840226206492e-08
1.838981050772403592e-10
1.008872776986358133e-10
1.207085653653905410e-09
9.741178974564945747e-10
1.718351433366294145e-10
2.679256261295392960e-10
5.621880183603877867e-10
3.243266766261854173e-10
6.242662831112966160e-09
1.236010183092162151e-09
8.341091373154085886e-09
2.672977950091137700e-10
3.752883337426737853e-09
4.095108252499812806e-09
2.435473489548201087e-10
1.160083140661072321e-10
1.120016634992282434e-09
1.425482093475594070e-10
5.404836647682209616e-11
1.501360036293419853e-09
3.511186674742816649e-09
6.020958037700196996e-11
8.733285761231002198e-10
3.004747839430166323e-10
4.019048982506490120e-10
4.497879899645340629e-07
3.225592015709821681e-10
2.353026107293487712e-10
6.115252193517051182e-10
2.652189401430860016e-08
3.169914053469113924e-10
2.006819432853745866e-10
2.922245223579977846e-10
1.456486320439154269e-10
1.184655484820495985e-09
5.156278529150348788e-11
5.304214290013931077e-10
3.083593103081483378e-10
2.457361397700807970e-11
1.297535634492419376e-09
1.130591106845990623e-10
1.233567803460289269e-09
2.779799324059695209e-08
5.750327436437885353e-10
9.754151653051934545e-11
1.329667043137305882e-09
3.335350218236499131e-09
9.598244421482604594e-10
8.276614810176496917e-11
1.397156418336820138e-10
2.542143384687278740e-09
1.772814006706369128e-09
4.935094999325428944e-09
2.869648341174979578e-08
1.266444060732396792e-09
3.735578957275720313e-09
1.173874775162175865e-09
1.508354885437768189e-09
2.214840977288190516e-09
3.848970586695088514e-10
8.284089525467663861e-10
7.262762058424243605e-10
1.341264432852540267e-09
9.099346276464359562e-11
8.334038320567671576e-11
4.168599146425755464e-11
1.244217229245947465e-10
3.470947140815638932e-10
6.986515255213987530e-10
9.297119185625035698e-10
3.267482118207709618e-10
9.580324977775944717e-09
1.733967969208549675e-09
4.661591668231324093e-10
3.964575334691744501e-09
5.844983386182889262e-10
8.479877910971822530e-10
2.113769714817692602e-10
6.617816294962608481e-10
5.268905312050264911e-09
6.186510748129592230e-10
9.918597054792144263e-10
4.770400185982737185e-10
7.027830317696270868e-09
1.954099104750639526e-08
4.315693635792428040e-10
2.751610050921726724e-11
9.153486857371717633e-10
5.710630301969388256e-10
1.823202810946611407e-09
1.753473338750310973e-10
2.261701714800778973e-09
1.465731713778950507e-08
3.312626006835017733e-10
9.288604019275226165e-08
6.414941355892267438e-10
4.060520808479850530e-09
9.424920843770223655e-10
1.991267817302855292e-09
7.624701564568070467e-11
2.928605968843811524e-10
2.098289542118436657e-09
1.141953823169394866e-10
5.056228699618081635e-11
7.733016893496369448e-09
7.020524162015817637e-10
3.317152941217926809e-10
3.186031161117597321e-10
3.371015272479738201e-11
2.210027183480178792e-08
8.026672659866562753e-10
1.568122992567921870e-10
6.898955712264509543e-11
9.729648198231188871e-10
8.322436073626704456e-09
2.392088527258806607e-09
7.059868800673996247e-10
3.315636876166649927e-09
2.354287598205218046e-10
3.913374957420501232e-09
6.447976597101501284e-10
7.639943538917393084e-11
2.283075062337047711e-08
1.554805062475850264e-09
3.927357994371050154e-09
1.864976395538064935e-09
1.813920680326930324e-09
6.033571420260841478e-10
3.317545405057131802e-10
1.128612137080153843e-08
4.873765280244413134e-10
3.203312060051644039e-10
5.240881062462676709e-09
5.981196649074149718e-10
2.111425700945801509e-09
9.409277801353255200e-10
5.511905154520491124e-09
3.166674977794770030e-10
2.768520968032817109e-10
4.952253607193313201e-10
5.049311524452093636e-10
4.035504375110576802e-09
8.205304768971188878e-10
2.006528554421294075e-10
8.942756257734885139e-11
2.625893058549877424e-09
2.423662603945331284e-09
2.780642383015674568e-08
2.336528970303675123e-09
8.536074069809274079e-10
6.012998543525327477e-09
3.923395497373860508e-10
3.887298261062710480e-10
3.478946852819575497e-10
1.306755592622721451e-08
5.275025971585023399e-10
2.833158430082249879e-10
2.674859778117877340e-10
2.068593518700367895e-09
2.422693334835912538e-08
3.966367678742699354e-09
2.160985612675858647e-09
1.224544909916858160e-09
2.754107164548713627e-09
3.404332094003592601e-10
8.419890340505276072e-10
5.789406731793178551e-10
6.560673782018966449e-09
2.594096326635764171e-10
4.287322441509644477e-10
7.099975607438580028e-10
1.519875603150921961e-08
1.975429597678157734e-08
7.261792278612233531e-10
1.038969882349860541e-10
6.079029724048723438e-09
5.851171630544271807e-11
4.969939459975591944e-10
8.782680693819600037e-10
9.033654935208801362e-10
1.226174628499165919e-08
1.120237236307275452e-08
6.992674217443095586e-10
1.745555699983469822e-09
8.533518891518099281e-10
1.241430069853777240e-09
5.126293833868089678e-10
1.118748915729383953e-08
2.333414850230752791e-10
8.474089763232939276e-10
3.294171324608186069e-10
3.210266497077896020e-10
2.676448396243813477e-09
7.390255074568585769e-11
6.284305853476723769e-10
1.932454196662547474e-11
1.121196469000551588e-09
4.476976012135480687e-10
3.614442356525415789e-10
1.428090623534217229e-08
2.089997286347511363e-09
6.996963719529958325e-08
1.172802854831900277e-09
3.152521799165697303e-08
5.373365086214221265e-10
2.947727062441174439e-10
8.314485988591968635e-09
1.049686781939840330e-09
3.329284903319518207e-10
3.376847412805972226e-10
1.727244236526814802e-09
2.043792868278160313e-08
1.435912388991766875e-09
5.412194581388973802e-10
5.179170869951121858e-09
9.348758434057913291e-10
2.127786613570492591e-09
5.884536746769697402e-10
6.774973360101910203e-10
2.357834372190836802e-09
1.369581809074205125e-10
1.676809135986445654e-09
1.024240414704280511e-10
5.310155648530212602e-10
2.954483324657530829e-09
2.452493985671821974e-09
2.228901394119020551e-06
1.142022032496470274e-09
1.542058369885523916e-09
1.356187273593434384e-09
9.998080835460498861e-11
1.859087772615453105e-09
4.917950421901018387e-11
1.454731612948734210e-10
4.296840216966302251e-08
2.314854141705069424e-10
4.094788064179510911e-09
1.015590167519064835e-09
3.512189705734414247e-10
3.662650271962775150e-08
7.240221311377581515e-09
3.186853447800785943e-09
3.124479286409354017e-10
1.230240798122395063e-09
1.787018311105725843e-09
5.798620611452420803e-11
5.473026476465747692e-10
2.484739670960411928e-11
2.068889282114128036e-09
5.800961044855057480e-09
5.594764096450433044e-10
4.183273172309043275e-10
2.140940091877041596e-09
1.390874304618705537e-09
1.162750895566944109e-09
4.028153366419928716e-09
5.914472023249572885e-09
1.406141730830867687e-10
5.074249909142736215e-10
1.466704091512838204e-09
3.248501911912171636e-08
1.837627688905385526e-10
1.281264400132542391e-10
9.439363179986060004e-11
2.404668464350834256e-09
3.761444766769983516e-10
2.452969771749025085e-10
4.739654224650280412e-10
5.423644866553445354e-10
1.322783410584449371e-10
3.867839937221617674e-10
3.842909671036842667e-11
4.151013310860207639e-09
2.451161051908457011e-09
1.752173628410957917e-09
3.213551869052366783e-09
2.836857138088788588e-10
5.071598696559931341e-10
3.891009292544822529e-09
2.241794111457195982e-10
2.337252169581915950e-08
4.005658471584183644e-09
1.385229014827515925e-10
3.147647475998383015e-09
5.073035307806561534e-12
2.323879977339515790e-09
1.169501273601269986e-09
8.279781305020605942e-09
7.168865323592399363e-08
5.894625343394466199e-10
3.720813240848386272e-11
1.061549737002565053e-09
9.311068582817938477e-10
4.349616777865605854e-10
1.898040613568241497e-10
1.402339933065377409e-08
1.618635891986741626e-09
7.887789310601078796e-10
1.090592061103734522e-09
2.637627338764048091e-10
1.745538158459680744e-10
7.170714022564084189e-11
3.370078383024832647e-10
2.990470371333486810e-11
2.464688696190986406e-11
2.646725283383943861e-09
2.431069234809513091e-10
4.514442153435993532e-09
5.913249889744065513e-10
1.708161737057345420e-11
3.671053738774077146e-10
2.706760510173822354e-11
7.593444206754895731e-10
1.173309005508826885e-08
2.168069945795991771e-09
9.425604741153392752e-10
7.475533525536093293e-10
9.003019441067294792e-10
3.525122138636760383e-10
1.983141428851808996e-09
2.372874674527736261e-10
1.530148452388857550e-09
1.079399972181427358e-10
1.412963190894345189e-09
2.275913013605190827e-09
4.161112787670617763e-09
2.247561164958611357e-10
1.128458160248868580e-10
3.897813183328935338e-09
1.637210145233325420e-09
9.435677794655816797e-10
4.038723577792779906e-09
8.020979436196284951e-10
1.017905648659223061e-09
4.534884412432660383e-10
3.043762811238970301e-11
8.778255206065566085e-11
1.197449223111490824e-10
3.964624115115888969e-11
1.735912941169814872e-10
4.284066851267809284e-11
7.031899368348248913e-11
8.499941306361336046e-10
1.855385151072752592e-10
1.675466321238161527e-09
9.687459862073311001e-11
4.468106329369447849e-09
2.274472388208437224e-09
1.717979536408620334e-08
7.597645845791589636e-10
1.091745627235241045e-08
4.512866080830235660e-09
2.336992377394153664e-09
1.154146778148401609e-09
2.337010363007152591e-09
4.648072149393556174e-09
5.273932401905767620e-09
1.105421421065955201e-09
1.583560949036666443e-09
3.100395218336160497e-10
6.414905273643967121e-10
1.625581197428616065e-10
3.669343648371459210e-11
4.442401113635696674e-09
3.308887608355348675e-10
7.485335684620508800e-10
3.427860217897205075e-10
1.001830174374163107e-09
2.196039704249752589e-11
2.175197244547177888e-10
1.389256210071465603e-10
3.273439574957848208e-10
5.434136696180758008e-09
4.323784386084383868e-10
4.335048153780718394e-10
2.449941138848998889e-09
