8.121925763095996439e-16
1.708882188204527999e-17
1.153582905892900192e-16
1.175640040886096198e-16
9.805774322678342120e-16
3.537545012781070919e-15
5.993374741809776030e-15
5.246893075724033684e-15
5.576241084956660640e-15
2.388055912413457327e-14
3.522486765447249387e-17
1.571848569340461750e-16
2.585802858438818836e-16
3.800098968408539141e-15
8.017726734540087802e-15
1.474707442817549570e-15
1.432075215791056566e-15
1.866475003999240427e-15
2.182143897001831423e-14
1.137089850920878879e-16
5.411503976385776717e-16
2.377380417366032478e-14
2.402815683865512164e-16
4.059985420773459808e-12
3.909932815883421231e-13
9.660191064264601283e-17
1.367475533384658105e-16
1.944069240533871274e-18
1.608803921997452329e-17
1.963763567194534059e-16
3.256242406382602386e-15
2.554186030193571991e-16
6.147729661667045587e-16
3.717708338326909364e-16
7.036502539677465728e-17
1.288802027982715020e-15
2.193996259626171397e-14
3.140599909769728948e-16
2.251712806388521359e-18
4.236118495370110038e-14
1.131004300359682996e-14
2.967726308586638622e-16
9.795155705893325397e-16
1.251469088948964359e-13
1.835295138875658394e-16
1.611869949655941382e-16
1.238328287567896924e-14
3.730213498655786386e-14
1.291244888790288314e-12
1.192178862107048844e-15
2.874401012551547861e-16
1.770805588751853121e-13
5.648857431283008622e-17
3.754547984959816025e-17
8.894085828547793938e-18
1.294540612672891861e-14
5.321385643041941793e-18
5.693292912044867226e-17
6.833449551630398707e-17
2.102011149708138231e-15
1.776454903316229851e-17
3.572272251887753962e-16
2.532677428443061950e-15
2.287296801123378650e-16
1.559730174843212882e-15
1.287587488615470760e-16
6.199703470961671447e-17
1.354764182737106724e-17
1.958779737829453063e-17
6.285792855695944339e-16
1.066494717112581771e-17
3.297200155151492045e-17
2.543741849256130451e-17
7.914970335442251246e-18
1.770156915568373609e-17
5.026438265614214992e-18
5.616201134792803140e-16
2.077964784308095102e-16
4.689344331984849571e-16
5.595114514268703350e-17
1.045249112474749289e-16
2.022824693064738762e-17
7.403480358168779401e-16
1.828361355293575518e-18
1.476480706292626448e-15
1.395807636681879738e-14
1.252485066852713266e-15
4.314069582253207691e-14
1.288270596970508830e-12
1.096855320058178623e-14
3.310146312596445178e-15
8.464010606756486310e-16
3.786119748405290981e-16
1.569921222101949843e-13
1.653742163135620664e-17
1.109436978050104550e-15
1.762606275941113604e-14
4.152833663193975736e-16
6.559188637833643042e-18
2.281885584079403756e-15
1.233584479546799215e-15
2.492160124101250318e-12
1.788721318144500388e-14
1.160640594050077468e-13
2.816443189779249678e-10
8.337897733357024777e-11
2.549168558532710627e-12
1.149194663112469627e-17
9.565983795173181982e-17
6.933816788421386101e-15
8.571719978073833184e-17
4.731661568634082382e-16
2.264575936406670095e-16
7.778106195959529762e-15
7.787657974747479693e-17
1.354934664661353903e-17
2.202216841434216470e-15
1.411453682529448391e-17
3.290503300912262733e-17
5.522550260468611508e-17
3.687227394498820336e-17
4.886923501959183685e-18
1.015472976159392194e-17
3.197293942511827405e-16
1.281140614974799873e-15
3.567490353853809411e-17
1.660868026327744478e-16
2.840219527360692605e-16
3.694496406259030127e-15
2.068908546264068538e-16
7.048192388442963124e-16
6.559051804293225540e-14
1.563298301133521622e-15
4.490643108053199526e-16
1.231507046540363318e-14
5.618899442949576439e-13
7.153073807917003507e-15
1.640760787648907473e-16
2.933824185449699674e-15
9.445015413468324620e-18
2.037429393959975019e-18
4.065118322616831861e-18
1.915354410031644216e-17
1.085565233786093815e-16
1.282918981823383958e-14
1.931229655360855446e-11
2.924126081720111563e-15
5.156173835369848388e-16
7.604385191252270712e-17
4.691563977587964729e-12
5.344662429643265433e-13
6.261386130716403708e-15
4.824727725526872530e-16
2.240268737798431845e-16
3.574832080745563023e-14
1.192815830883384078e-15
6.410527986299796675e-16
1.138240545179723846e-15
3.984745401116178182e-17
2.715644041291574023e-14
8.081216089101533884e-14
4.755470309528685158e-14
1.671229886250624741e-13
1.508820737620986119e-12
1.927472387629864357e-15
1.206242272950089345e-13
6.238275683783517378e-14
3.002481499780581056e-15
1.097663762184356018e-13
1.449226256544416860e-16
7.372310604501005216e-16
4.554442794310695902e-15
4.997477977537018948e-16
4.848935397763808400e-16
4.143904390094786672e-14
4.145948344123982342e-16
8.957664584789844751e-16
5.799807702208789519e-16
2.492268273267955747e-13
7.547097495563814817e-12
1.919008788681120237e-12
2.413666122980280548e-15
7.628071250012375543e-15
1.298752314596524418e-14
4.436025894218650206e-15
3.557071239797650677e-15
3.964385243693246963e-16
2.923488954125098719e-16
9.922188942762197057e-17
1.173046928927415963e-15
9.978864446658574326e-16
2.545744182203880414e-15
4.497606460033458722e-15
1.849796501751329626e-15
2.279823694127549975e-15
5.105272216261724783e-14
5.949570432942519888e-15
1.041958267713680164e-13
1.030013680142043142e-13
1.817555166701984026e-14
3.212005043450733011e-13
4.411220534358308021e-15
5.010881321015252590e-15
4.819133403782502898e-17
1.882081797810637724e-16
4.880583242238001329e-13
9.604995835146845629e-14
3.793364632961393826e-15
7.176230638374081483e-13
1.245544195126874198e-13
7.817851861756722198e-14
4.584249460208101104e-15
1.872328610469698481e-16
1.092391625832737911e-14
8.315443738313513244e-14
4.436447293109909221e-16
1.984608915677564382e-16
1.926134499089676190e-15
2.530609132804544558e-16
3.728707067499753558e-13
1.337441713367831797e-13
1.965273863785421682e-12
1.492517898720347336e-15
2.508588768570380045e-13
6.234035423297035194e-12
3.671016060038077844e-14
1.580279215319425890e-14
3.486293014259150835e-13
6.145669571660204722e-15
1.254403024731004859e-14
3.623824265244426782e-16
5.898138168868765144e-15
1.148713789935168050e-15
2.211221928217349530e-13
3.180972466768766660e-13
4.966202281223366932e-14
1.753080712822881193e-14
2.062534543926641123e-15
1.792546518934300809e-14
5.634489931376739091e-14
5.876536372318233448e-14
1.471359248631995409e-14
3.578260084069473379e-12
8.751848204480161542e-12
3.240635884638187747e-11
1.491319329312290609e-12
2.917555249042774745e-13
1.099511852549993340e-13
1.723515959535211819e-15
2.641808306334358751e-15
2.315822806144094553e-15
1.833279862205683202e-16
3.749394051526591665e-14
5.694210328136082438e-15
5.594620768175836978e-14
7.400921780802149907e-13
4.586576257681329594e-11
4.145475805618532850e-15
8.073947831730042741e-17
2.893949050666519418e-14
3.973542050950129578e-10
2.600212254712241933e-14
1.265419382777063784e-13
3.855952056252691688e-16
8.022740851950478039e-16
4.481731961459081703e-14
2.048079045767481343e-13
4.094436161644621208e-12
4.255416277600815311e-14
2.773529256467396203e-14
2.369050356549554787e-15
6.526841513001396811e-14
4.178164501118970808e-15
1.362686683327798964e-13
5.710582289160381908e-14
8.005930106683677161e-15
8.774747421724793384e-12
4.549913031515369355e-14
1.633020568813162154e-13
1.242587084523396820e-14
3.523161758061982458e-15
3.778762631983676942e-15
1.018069482205561857e-14
6.919250680464809119e-17
1.239542932814259590e-14
1.199272445402948389e-14
2.442327937113297764e-11
3.456779404820836676e-14
1.365943330192413881e-15
7.744088505764849806e-15
8.655789843561856323e-13
1.858598344672834912e-12
5.659100643065802239e-14
5.464213777902227759e-16
2.442815905112638575e-08
2.641705743045008603e-09
7.317004641071989113e-12
1.882989764112608100e-09
1.515567077219059922e-12
7.505534822122017502e-13
7.004945930180812744e-19
6.462112292787583565e-16
2.935063791698226741e-17
3.840712080647014706e-17
1.169351482997223060e-16
5.611276167600111418e-16
9.658906221162734916e-16
5.883012278013171475e-16
3.651072653413107581e-18
4.726934595392811352e-16
1.159283172930125616e-15
1.443851567796292307e-16
7.529598799454616416e-16
1.754642196885320814e-15
3.869729841233170934e-16
6.151107734939814144e-16
5.357051933975941985e-17
7.562063984136097646e-17
3.960982156478754803e-17
5.794915110865273122e-18
1.667424061339492763e-18
1.329793552190376444e-16
4.415600033508791655e-14
1.175262846526772017e-17
5.468383826980679086e-16
1.295030790639467924e-16
4.591875787523154201e-17
6.552143424751243148e-16
3.332913446487897500e-16
1.827456775391105904e-16
8.633191885443376734e-15
2.002623395347576107e-14
1.695831111170678640e-15
2.942733542686716422e-16
1.104176903447655345e-14
1.757686119048529338e-12
2.737421183826582727e-12
1.477244195025040341e-11
7.723231166471659914e-15
2.565419664896095853e-13
6.520284800363290723e-14
1.729427018259954707e-11
3.618962117826751701e-12
7.531936771325298263e-13
1.558361621169235267e-12
8.423549080482928275e-10
5.051108142861693295e-11
2.960089773296203930e-08
3.850991574239071014e-12
3.067093671052512072e-12
1.676883285006702806e-11
5.840794038339649011e-16
2.348079345434843368e-14
3.096151536107621949e-13
6.977541808228515663e-12
4.505138762045390877e-10
4.104833606268648571e-13
1.104607724733419616e-12
6.993002368577833083e-14
1.786282794992649983e-15
3.831385295832712146e-12
4.934775410704453705e-15
2.259252247088783250e-12
3.578710231682478678e-16
4.909637141281564254e-10
8.966091263573616743e-05
9.995437264442443848e-01
5.671098915627226233e-05
3.027735829164157622e-06
9.903147656586952507e-06
2.938968009402742609e-06
2.245306632175925188e-06
4.700801525814313209e-07
1.401355973484896822e-07
1.281281303278092309e-09
8.212396984674796840e-09
4.712062739997691097e-09
1.899396785687290645e-11
7.874049856582132634e-09
2.902549167629331350e-04
7.587530603814229835e-07
1.630753274639573647e-07
2.416653988035477596e-09
5.621930698751498312e-10
2.141007232614455802e-10
4.471200319711154947e-12
4.583834397123287552e-13
8.674801328656389643e-12
4.023869085156839276e-11
1.191355413733419656e-16
3.863827931650104519e-13
2.354176881512242900e-15
1.716258687122255381e-16
6.771221085020279456e-18
1.180769518889946551e-14
2.047155178461581605e-15
1.350276132343965511e-16
3.730223514820387668e-16
1.543029649738673469e-15
1.540300033126587283e-16
2.767797945672653909e-16
3.439579299684006677e-15
8.022247058212008384e-17
4.649635576310078231e-18
9.905921277963484193e-18
6.248897060043057578e-18
2.778066441719795312e-18
3.545351691939440178e-16
4.350555505280362997e-16
4.780705623313053626e-15
1.382644967027696565e-16
1.062822655578305742e-18
1.673589720041675222e-14
1.325029203620307818e-15
1.337966043702841154e-15
9.236901701346433673e-16
3.521104579730897780e-16
5.859939365227760351e-17
3.036432583737977017e-18
1.730241718773766185e-15
1.820041504863706937e-15
1.567665268431550629e-13
1.244228210858702027e-14
1.106190949272879058e-16
1.862645610396351098e-14
6.870985684339075018e-17
1.429733593208372053e-15
1.320406574250226677e-16
7.543689827806902143e-15
2.912245187320338920e-17
2.447489842630039270e-15
8.354901381144903697e-18
2.234789916937354216e-15
1.618779234464386152e-14
1.887041683936580005e-13
3.780205129092851016e-15
1.926861121009522371e-16
2.645981372967684672e-17
7.563127407531595819e-18
1.286850536070041628e-13
2.643793116288012390e-16
7.612075323971053699e-17
5.380193800537215530e-17
2.004956499955184795e-16
2.105237074687756234e-15
8.922236796496223199e-15
6.880791496910584884e-18
4.906753104413734412e-14
7.708418042531839896e-17
4.218615168320030760e-17
1.153292532410669577e-16
1.673593339784035754e-17
1.905976173736207910e-15
5.055998557420532499e-17
7.853863128696059875e-16
1.049408600111139539e-15
2.367451370103375481e-15
4.617913514147302390e-15
3.749460323384384841e-13
1.387193798652248174e-16
8.664233843015233926e-16
1.796938554172403807e-14
9.692452431643149447e-17
9.458789816934459749e-14
6.291646912152655622e-16
2.925050671121598835e-16
9.344734860242449107e-19
3.348283971046570051e-15
1.970466636538013849e-14
4.237843742664989437e-16
1.349513322926681360e-17
3.895905679226346896e-14
6.152824458965661797e-15
2.460330610647508247e-17
1.128983178103580565e-13
1.203506445468917416e-15
8.435122184130908874e-18
3.323390016833900986e-17
8.761517694589758456e-16
4.152358530650125277e-16
8.136508367019221200e-14
1.675230316981388395e-15
7.458537097399658977e-14
1.278152468025343914e-16
1.148752435813386527e-16
6.375045776139314033e-16
1.157214824352049021e-16
1.986379505704901488e-14
8.200308243859130708e-14
1.190110428825677524e-13
6.972785386192767443e-14
6.286755191003143631e-15
4.449208903251479323e-16
2.514698338537505448e-19
6.760436635066058102e-17
9.329916953544327307e-19
1.572351561327342995e-17
1.234657882049207227e-15
1.736629405987247677e-15
4.098754381455381901e-17
1.668915686359607586e-15
3.169203926524886972e-14
1.476479938669017999e-16
4.433481701721396357e-18
2.178900605199816747e-17
1.202238777945290101e-17
5.522643296449955552e-14
2.338523458537099253e-14
5.958269037794347925e-15
2.622777467860469650e-17
1.355756799472170358e-17
1.043754893416233499e-16
9.123887521499110726e-17
8.137125345818001232e-15
1.192387602788987826e-16
6.506589886968788469e-15
1.924215665061679780e-17
1.155838925208352817e-15
1.166598572979087381e-15
2.441623027739559968e-16
1.527350123590375609e-18
9.282812739972188870e-18
1.438975252058508503e-15
2.462858620183258108e-15
1.860302378451066802e-14
1.346480101251286161e-16
6.822269295753070729e-19
3.102164466299084985e-16
5.411478692452301176e-14
5.643324717950661939e-16
1.917717003297218174e-16
8.989358837140426560e-17
8.167670225640959356e-21
2.334313118483627203e-17
2.477745574955832159e-17
2.314196714643603110e-16
2.765581631026603829e-16
1.209234575257896077e-17
4.534521532303340419e-16
4.764065237547769269e-15
1.985539526953911040e-17
7.355059057994497280e-17
1.053813383195098714e-15
1.417226795988324461e-13
7.526119346925973360e-17
6.195119566879147589e-16
6.651948787530625323e-16
4.885824178925100711e-18
2.658557330692573373e-17
1.751383720694237625e-17
1.811740939322639416e-17
8.432584890319963717e-17
2.799133029583820292e-15
3.085686763799232657e-17
7.469398745142599700e-18
1.069796767854845274e-14
1.113854694930121604e-17
3.543294659192143309e-17
6.362633672967604737e-15
1.181754477256026923e-17
7.657923232172458849e-16
4.731555689515675595e-15
1.607653626108790368e-13
8.255134300284270476e-19
8.775753506019020564e-19
9.136455538290118918e-18
2.368374085444466953e-14
6.684759535184806706e-17
8.372267289169510462e-12
9.273442702690984189e-16
1.082799485924851313e-14
3.835283870004535522e-15
6.297286298696797143e-17
1.809822687629794244e-15
2.374559194140700739e-16
9.911596398710088005e-17
3.408916769859127559e-18
1.160721943094331771e-14
4.573415432356685772e-17
8.675139392211133043e-18
3.151931569477656181e-15
7.234186529979022562e-16
3.278376436085541322e-16
7.319652419054777483e-17
3.650268633857706039e-16
4.936470323631909560e-15
9.085721143338118012e-16
3.918049365104884531e-16
3.652856054813771909e-18
2.809284507698426268e-15
1.745395985233092872e-15
6.360394885478672816e-17
5.328886500292960397e-16
4.080630351308532633e-15
1.174228857526190932e-15
1.825108905940435390e-16
7.324492100617592538e-15
2.898314473188210870e-17
4.145205072712766694e-16
1.793404012738453700e-15
1.198458362037342281e-14
5.237009829121021503e-17
2.383472363025980131e-15
1.460576709795861298e-15
9.731055958214264185e-17
3.159033728982146676e-15
1.738343694793371974e-14
3.245997013489969590e-16
3.642128170778559382e-14
9.383154009909387000e-15
5.789131910699833131e-16
5.300177311162510951e-17
3.147098637708639558e-17
2.302248256131397136e-16
9.663544123595646236e-17
9.864488528999642084e-16
1.071655242844415934e-14
1.352684511710805504e-15
1.375747604207984399e-16
1.219095312622079465e-17
1.915720784868556203e-16
1.052110719916175482e-14
8.262614229865791488e-16
2.370413100212788947e-17
6.359428076778720837e-16
1.011193805414532871e-17
1.092848923039092747e-16
1.327496835588786209e-17
7.365840860970758464e-17
6.929654296465011059e-18
7.319680212323359265e-17
8.121208961464382488e-17
8.432517244151213620e-14
8.052086626045458495e-15
2.075684306916290509e-15
2.932860314895283484e-16
5.575581669807223167e-15
8.988441738686566568e-15
3.814679317106541836e-16
8.411032401674874062e-16
3.355326997063430355e-16
6.929839998512529213e-18
7.962827564613221207e-16
2.422337876887680624e-14
1.419505193914243546e-16
5.972762300917461038e-16
1.728267865191285280e-13
1.149189617310733053e-18
7.945953212466037451e-17
9.584065312207012965e-13
6.192665924189188695e-15
4.181668319079737226e-17
5.982091415919401495e-15
8.720208427147758262e-15
1.064208298578745576e-14
1.223186620723660644e-15
5.724743113027521389e-16
1.321873264737956702e-16
3.858455303309624163e-15
1.278775897509412879e-17
9.801617111442997615e-17
6.306009331846475097e-18
2.276911118398856860e-16
2.954420215078661614e-16
2.035606731258716474e-15
2.764031296035332442e-16
2.839462597543202481e-15
1.925134497286103683e-16
6.603478121217386037e-17
5.809725531578851317e-17
1.024176190061593377e-16
2.506811159816283753e-15
3.239525483249599722e-17
6.608114964859113289e-17
1.610721452388803356e-15
3.496264438580158965e-15
3.325882592334489241e-13
1.781878594243842045e-16
4.170695788106556015e-15
2.771982288432090153e-16
9.911941432287196124e-16
1.187385476188757157e-16
2.970413764133775225e-14
1.310666701208427088e-15
1.102269914646030694e-15
1.931321517100424712e-15
1.015965595301392024e-16
1.596692178032328388e-17
1.145165463040001379e-15
6.860714996263310350e-18
7.940991478749478971e-15
6.608496526732071750e-16
9.640942769933839342e-16
5.477653543797193336e-16
4.858822919236226254e-16
5.048567087388017294e-14
9.021650644765516675e-17
5.362061008893318100e-17
5.957084250459375972e-16
6.665668603693776853e-15
3.063825108128395182e-16
1.869813340342562549e-19
1.778220311884209925e-14
1.668380996811653309e-15
2.958321250728229712e-13
1.563697888926388838e-15
1.475848535163844021e-17
6.581261143695504856e-13
1.181975659925518785e-13
2.853401874649031679e-17
3.976518990662664815e-15
7.601717037468419666e-17
1.095457585993288979e-16
8.539926794921990033e-18
7.934991944384076762e-16
3.390818238712713095e-14
1.290631013520227022e-13
8.221333020390169093e-16
2.894924832621756372e-15
8.634990526819646739e-18
3.385179879196020120e-16
2.439443142127686724e-17
2.652318767599922940e-16
6.698025733771840281e-19
2.592834356866662601e-17
2.170249685655941166e-16
1.887948427412659814e-17
1.540934778441435974e-16
1.125898322226163029e-15
2.081025782708459832e-17
2.010311744003213941e-14
2.675091407205532415e-15
1.492699296119957765e-16
1.775793562490326355e-14
3.010819903871589202e-15
1.946588947161504574e-14
5.900154405068250898e-18
1.444704951373068647e-13
8.466917517952344662e-16
1.767762260782257096e-16
3.174157290497135395e-15
6.818585049848371795e-16
2.282250072944519122e-16
4.211338038278417129e-14
9.226301084011546104e-16
5.301977256175426339e-17
1.695966159986206498e-16
5.741254961543059906e-16
2.340563626064322901e-17
3.139065390471769575e-17
3.288418268101230944e-18
5.302991114908620334e-16
1.456713696925899853e-17
2.874851845837723963e-15
4.466829517894973720e-15
5.358505654271667178e-16
3.568417987279950878e-16
4.023836103980862151e-16
2.761017446929883235e-16
1.352463266704982681e-14
2.026276848633167568e-17
3.426653365150669241e-15
1.564406326107648654e-17
3.758117897960247880e-16
9.995366554295219419e-15
8.254923038355824433e-17
1.793649440534920633e-16
7.269789971730080975e-16
3.198430078391891439e-15
2.515891935346001090e-16
7.894534474449659174e-16
2.744783584039721738e-15
1.669297804097937682e-15
2.016639757745561368e-15
4.806792861659946788e-18
1.096023025484206548e-14
2.063565594781686420e-15
7.052625944177349344e-17
8.944450870812677666e-16
2.908240402310830787e-15
2.213804318327104303e-17
1.116837690198722584e-16
1.151465143530263149e-14
9.904197857083397311e-15
2.615554890711126136e-16
1.925627761628981305e-15
4.274359491839799935e-15
1.800269595940776068e-14
6.345344830541638009e-17
1.752339279737858882e-17
1.493342908810973025e-16
5.390882324010160334e-15
1.966253367603428871e-15
7.491954749454503987e-15
2.289488763572195169e-15
4.425226224141157877e-15
1.446702733636309485e-15
2.806528858058101813e-17
5.537258934658123230e-15
8.127504533844850075e-16
9.957033098885380794e-17
5.665412690237093922e-16
3.512380934467566537e-18
2.591448498468391259e-18
1.321339528102068086e-15
9.038641993338539932e-15
8.201719443100903735e-17
1.602123115062106546e-16
7.676554251242909219e-16
2.287514647409500616e-16
4.303594939893400518e-16
1.139239726420128700e-15
1.751028653416299238e-18
1.133728288173136881e-17
1.903525396399890899e-17
1.615680671476299674e-16
8.845342298511530560e-15
2.614955151679800689e-17
5.730073597243711108e-16
1.604648332036108429e-17
5.561386059355731136e-17
1.564139298971026736e-15
3.447524945185284845e-16
2.373401353041363314e-15
3.716988942656894446e-14
1.238388956302744013e-15
3.214194367391918833e-16
1.030485146224372072e-17
1.653383563796466675e-16
5.089284172920768325e-16
1.463655568680012273e-15
1.058109794038284867e-18
2.996290112452625748e-16
8.510819963527474095e-18
1.009815400244452877e-14
8.027007877831060512e-13
2.132546052181945317e-14
9.218143521454776751e-15
1.783730261206099149e-14
2.651318580507893222e-15
5.901888407242733559e-14
1.404024330608696913e-13
5.923165451361287956e-15
2.639215919647639602e-14
1.918550360897539053e-13
1.527619685208394390e-16
9.822873171643772768e-18
5.478761568771320367e-16
4.072110893925048880e-14
2.039468592693265245e-16
1.555824560980564875e-13
6.915405256763393002e-15
6.359236647332641365e-15
1.561969581724987483e-14
1.187366732276076705e-17
5.794592202715189572e-15
1.502072774472510666e-16
7.245754750107250160e-17
9.857228397850488662e-16
1.419635160532087877e-16
2.525306759494291842e-15
2.217600547943130666e-16
3.875241802258309887e-15
2.024225920346442442e-13
6.700033153880357445e-15
1.591063511748925553e-15
2.643127401331029714e-16
3.594636039277635626e-16
2.119392570188261893e-17
1.336322852724727015e-16
2.403603953902050698e-16
6.500750395508303020e-18
4.774834308560042036e-16
1.393478650771977074e-16
5.074840672983306402e-16
8.391038718350528336e-15
2.897819779477234757e-15
1.538539104568804796e-15
1.332693898880893575e-15
6.388897941200474048e-16
1.873444391089248810e-15
8.431422205250959181e-18
3.433023211732699189e-16
1.538461144450432898e-17
3.275013979982737767e-16
2.644105459687312414e-16
5.388168430447157556e-15
4.676643072940771338e-16
4.878230561640190411e-16
2.588803207956671178e-16
3.700632312928940279e-15
1.201743627630615858e-17
1.020669870706654599e-16
5.543128859747705731e-17
1.201329654753306039e-19
2.200568601345643307e-17
3.498477682731775248e-16
6.655067059916603225e-17
2.474857053639352086e-15
2.148421117209605813e-16
7.137581032681240519e-18
1.506353467229697087e-16
2.011067466798754227e-14
6.421608850139953750e-14
2.131711301212426204e-15
1.979105186753881557e-16
9.445992313771749745e-17
2.342361407172755851e-15
2.096938421588264936e-18
5.121142339381533641e-17
1.099048939515198209e-16
1.260892296605850560e-13
7.720083253226484032e-14
4.129847571285658178e-16
1.911704723732937747e-17
5.309202513389954525e-17
3.842987634659813384e-15
1.590292923525160954e-15
3.683136490061378083e-17
7.451850280500854629e-15
3.275951274878433853e-16
2.746303584663569580e-14
2.410498769005476200e-17
7.974458476760074199e-19
4.078182730493433124e-17
2.393008531261409962e-17
5.212813472714865359e-17
7.809333322461000318e-20
5.735338668017060133e-18
4.409497669343592774e-14
2.994745865510662752e-17
2.805504411413067140e-15
4.435177802480211838e-16
1.244867199940965361e-17
7.790183853465971618e-17
1.129721404606414701e-18
1.205357953612496910e-15
5.862181196741346467e-15
1.335674922150914228e-17
1.341620355595533019e-15
4.933622810621477416e-17
3.204059882875817146e-15
1.784572291365008729e-16
1.755928606998139602e-14
2.089393111651127732e-14
1.704607388943769897e-14
9.730317451363376842e-16
1.725330674685144955e-16
1.119183997932396597e-15
1.159781830490597083e-17
8.015793064200624641e-17
8.099030991927304735e-16
2.339048661316044282e-15
5.936146654794433736e-16
2.320030389370021087e-16
1.364504754845785595e-13
3.179645481660192024e-16
2.576281678716088467e-16
1.524678278595759107e-14
1.707845275947662151e-18
1.528364247021365621e-18
1.468564548125824570e-17
4.317946490433971046e-18
4.589456945975926638e-18
6.154223343804219625e-18
4.497447164899815710e-17
2.231201415534197070e-17
5.625844770333415860e-18
3.378548934707999033e-16
1.444147644688846475e-18
4.304007339059594955e-15
6.989015892714875444e-14
1.038557006913980521e-14
7.290371919436294812e-15
3.250136781140556576e-15
9.236795822228026885e-16
5.941017094241145963e-16
1.261831757788309250e-15
2.139596489737094097e-16
3.693059414864013207e-15
2.119481574822172599e-17
4.356270118938132541e-15
8.533491025353862058e-15
1.414791932018806195e-15
6.523655991493362838e-14
1.882274795591158597e-17
1.705997677059657583e-16
2.366882375721057405e-15
1.695248034865612461e-16
8.636478293869384614e-17
1.455975520947257532e-16
2.920189496097747202e-16
2.031391389078644193e-18
2.633577475427651901e-15
1.372942138442449550e-17
1.634870044077668238e-15
1.755217041088930866e-16
1.708381280712790388e-16
8.323262530043028240e-15
3.471240544219425170e-15
