3.051397567781222175e-14
1.560822582291621075e-09
3.893556755219657051e-13
2.453514550814633877e-13
4.140355864146877396e-13
1.788050263407114926e-11
9.826566643722500771e-12
7.995494044621409557e-09
2.533930398840311682e-08
1.770673885292950445e-11
4.814239218831062317e-03
1.485888674324087333e-07
5.672954284818843007e-05
1.502403483755188063e-05
7.937287591630592942e-06
9.948524832725524902e-01
8.676258403284009546e-06
2.196584546254598536e-06
2.435381929899449460e-06
1.931216274897451513e-06
1.732219516270561144e-06
3.560147092684928793e-07
1.081996048313271785e-09
7.651446587431109947e-09
2.515720964879619714e-09
1.957460886090056640e-12
1.397114229861884382e-10
2.352986416820357363e-10
6.581330532634543928e-13
1.104259652467964870e-11
5.004265231367543976e-12
2.184271860605768723e-12
3.807777877729012772e-12
2.954958760320591793e-12
1.930953362700230103e-13
6.096858694987217220e-12
7.570230033115965540e-12
1.022682546286679539e-11
5.334323260886009166e-12
6.974594946723700062e-12
2.444237312548835916e-10
6.396934648655872024e-10
1.271282412673713225e-09
1.403915317332860013e-10
1.645743610834138337e-11
3.978213158201127086e-12
5.395493947457641326e-12
6.098382215879993851e-12
6.355259742941987700e-13
1.806181940122719709e-12
9.023829318326181959e-13
4.184662599077126899e-14
2.281979466500771991e-11
2.906890353426838658e-11
9.347486326638509979e-12
2.286335183676602156e-12
1.754229955741593017e-10
1.753356140832273979e-11
3.374625925922636327e-11
1.571129337740728715e-10
1.103093484611239461e-11
1.159292713909243489e-12
2.458687767270539837e-12
1.140256118692395404e-11
3.124012767224959575e-12
5.073140800677944373e-13
1.465206645248628980e-12
5.385959690393238297e-13
3.086078484773602248e-13
3.796084201645143208e-14
4.423933719355233052e-10
5.772838262106672058e-13
1.115347224300844431e-11
6.942660855935312014e-12
5.258239677008447188e-11
2.123071857207392554e-10
7.015737817084310990e-13
1.935394726426675760e-11
1.666814064549271279e-08
2.880858529161200998e-12
9.235781135430443101e-07
4.637052370526362211e-06
4.484529199544340372e-06
5.065261916570307221e-07
8.677204732521204278e-09
7.691905921092256904e-05
2.381437298026867211e-05
2.521268194222159309e-10
6.867744595240310446e-09
1.891053980074275387e-09
2.404314329851331422e-07
8.563887968193739653e-05
9.519006198388524354e-06
1.209711371075172792e-07
4.313189947424689308e-06
8.454308954242151231e-06
1.516974279525129532e-08
1.456182063819255745e-09
2.937905474453827992e-10
8.775337789757031715e-09
3.022572817035218407e-11
2.835917535960047475e-13
2.025923509898011621e-13
1.207252288588922529e-12
1.614765821056352024e-10
1.633151426594370292e-11
8.540640525529774596e-13
4.211492959926843582e-11
6.313304046212664389e-12
5.743221436621537279e-12
4.627094280645893676e-12
7.526089126907997695e-12
3.011029967026068732e-11
9.057705280257621894e-11
1.102715349587946037e-10
3.089154366336943625e-12
5.625931578240317421e-12
5.366343220486458065e-13
7.751481748141664241e-12
7.288569053853777291e-12
1.854518101584989864e-11
4.254053272839675159e-12
1.736284449549430065e-10
7.728128033346326475e-12
2.513575736440287756e-10
1.575119375207822969e-11
5.599564215086338947e-12
7.639524429725597088e-11
8.751810387508385247e-11
8.067184253945924866e-09
1.179603081880031823e-09
4.645893891819241617e-09
6.725920931316409224e-10
3.743506837849963631e-08
3.025967254544070784e-09
5.659994251061561954e-09
7.386729006242376272e-09
1.802092364222573906e-10
1.240684888159648835e-09
1.471361699145745661e-09
1.789291559362027328e-08
6.184440071166363850e-09
7.786587730151950382e-08
2.539603249918087613e-10
3.369584888890386765e-10
9.345124674098315154e-10
6.138784792997231676e-12
1.673323887221508932e-13
4.854314107800850042e-13
1.501156343057096637e-14
1.989493639276140868e-11
1.197919714812645253e-11
9.133508836398074315e-13
2.751004990215327739e-13
8.686047215690495538e-13
1.915813428038370958e-13
8.001324429407485894e-12
7.642974794719314957e-12
1.333900004341082024e-12
4.841113187409318286e-12
1.657264684642653640e-13
3.050372107682441936e-11
3.718380811590371593e-11
1.708546845669012271e-11
7.769762264131507834e-12
6.303365381737924267e-12
1.245093091128968155e-11
9.014870447354716987e-12
4.212336382480863506e-11
2.715492490156651284e-13
7.936384974769131184e-14
6.129924042322376643e-13
8.708956949696200489e-13
1.202055642524069157e-11
7.413276806658708473e-13
7.137044048203394775e-14
1.667694628226801257e-12
1.145900214993833544e-12
2.777276022006280876e-13
5.478911053145851806e-13
3.628958570277285300e-13
1.029490728776671915e-12
4.221342459614918496e-12
7.165664546102124000e-13
9.350072799341191399e-12
4.622278688276582059e-12
1.716284232788911623e-11
1.071332367437449751e-12
4.252625595418946247e-12
2.249566852241535742e-12
1.363444676171637893e-13
8.311480843847807165e-12
7.469923659665644866e-13
9.485795395697271815e-13
3.246841001353778511e-13
1.642948472581340358e-12
1.893630787114589098e-13
1.906201704728743840e-13
1.869636173310040839e-12
7.536729487028770436e-13
3.120431972709891699e-13
4.102027419995712965e-13
8.020144335978141026e-13
1.167952995602405952e-12
2.716554737235143957e-13
4.536557219290970888e-13
2.208463311314731725e-13
1.941349858647356541e-12
1.008391178718148762e-12
8.512862723769609730e-13
5.225269341020168101e-14
1.880979573487540080e-11
1.638848562066086423e-12
1.967677062952866152e-11
1.000184310373519736e-10
6.683125407247469951e-12
8.985626370576482724e-14
2.910980511543551086e-14
7.391410400403586323e-12
3.112389632044937349e-13
3.026365236972333728e-13
3.490001798840680625e-13
1.072605613811235259e-13
4.271314205106513384e-12
9.570392438609798269e-13
1.120062896597939783e-11
3.000842914544117612e-14
8.494489833754670371e-12
3.581783171923910714e-14
8.888922990680711567e-14
1.888707723204929856e-12
2.842829487439968439e-12
1.154506042632882923e-13
6.520166893377032924e-14
7.824808162526508681e-11
4.080912691106775014e-12
3.541761675607268955e-11
2.402234244858192369e-10
1.015095126011278381e-12
5.820538061945823571e-12
3.803199422058867185e-11
1.220507896138034454e-11
1.269335504761048838e-11
2.182764169064710380e-12
3.807056937494418536e-13
5.567155352166619497e-13
2.637282482242236936e-13
5.352586863321961985e-12
1.482660972077984307e-13
2.723091121082515942e-13
8.404494006124252348e-13
6.776438676685259122e-13
4.693597398762461292e-13
1.232903709680321924e-11
8.248195963039828271e-13
9.222294152302912273e-13
1.430481032021688192e-13
4.507052825571122856e-13
8.282879048436553315e-13
1.514592444518125802e-11
8.745581515923195326e-12
4.096085992090492400e-13
3.823256815305153822e-12
2.698591003436057179e-11
5.303057905997610177e-12
1.952738779053067586e-13
6.058520113545740049e-13
6.175139067622625877e-13
4.679726658268767991e-12
2.052337640112700257e-11
4.041030097351461237e-12
1.483729805684674830e-10
1.487747425255037115e-11
3.465414587233706101e-12
2.917890928877397982e-10
4.133901066512984945e-13
1.871059730762514306e-12
3.830087358380751539e-09
6.939460117649787207e-11
3.638421161578087037e-12
6.761605053640096230e-09
3.258300964106841668e-12
3.315955366192668841e-12
1.287589652954057584e-11
2.566754534610860006e-12
3.884701588185990317e-12
4.306097492468019539e-11
1.852022528392449630e-11
4.041325260550898690e-11
1.088118310732522076e-12
3.966129074467472648e-12
1.771804816579070074e-12
4.774484193420525102e-12
3.501752490406295770e-12
6.624464431864707237e-13
1.104184452205281275e-10
1.778859178014347009e-11
1.445356963454547117e-13
1.923369657985674053e-10
2.335337999370690198e-11
1.257772271751056437e-11
6.658541273907303548e-09
7.399807155916704460e-11
6.270248903428310427e-11
1.408517885659321678e-10
7.714020394677945092e-12
1.929245430076775847e-09
2.773447860260347397e-10
2.819500632966764897e-09
1.794275977795578569e-10
4.317097346273612857e-09
3.901448261678375218e-11
4.506764753053893457e-11
3.945690649209687706e-11
4.572555112325460414e-10
1.537783962668459736e-11
4.504988326825554168e-10
3.115635874295641372e-11
1.423548084966697047e-10
4.614372772770991560e-10
8.317543181979303313e-11
4.341323744938563323e-09
2.426411072065093322e-09
1.422317374988324445e-08
3.649000546168679193e-11
2.287986466953384479e-10
4.291783317622588356e-10
9.724243112130270816e-12
1.876155697813630674e-12
1.119620802320087094e-11
4.253175589497004694e-09
7.820474046127401380e-09
1.918882587548242924e-12
2.772219259705721583e-11
3.567477563359844339e-11
1.497581223475208390e-07
4.831110511638314620e-10
5.395846269795612216e-11
9.975602809075834188e-12
3.813618310033461967e-10
1.381244294287875540e-12
2.461578250262386192e-12
2.725274866888227621e-12
1.843956844854721666e-12
5.151667287206507240e-12
2.288609579625955348e-11
1.167334284790655374e-11
2.111319626074692479e-11
3.486450928305573349e-12
6.073494571851023593e-12
2.864914382116889868e-11
1.986866643433060631e-10
2.547740907132833854e-09
3.766335021637701175e-10
1.778483471603919952e-10
3.556792360637217598e-10
3.821183369723257783e-10
2.210914264166863319e-11
5.944658827694571102e-13
1.612243867056550872e-12
1.458389615668909123e-12
1.456173506428348752e-13
4.463661157274451119e-13
1.073816469771005089e-11
7.030775267535815942e-11
1.062757035152905871e-10
1.335794322376848697e-12
5.095185124509571395e-12
2.009619033682685796e-11
3.615821184133061195e-11
5.355663135198085456e-11
4.961390853708280702e-09
6.069846882061913362e-12
1.243377362875053294e-11
3.170822215903257302e-10
2.940107185489537756e-11
7.972043469806067151e-09
9.688055913059656632e-11
3.309769559117770044e-12
2.834350087965731291e-09
3.490926159255280936e-10
4.477994086649061956e-10
3.094948741733105635e-10
6.275201885896919407e-11
5.493603350004150343e-09
1.607229160958262293e-13
1.033403234946411731e-13
1.279815187160693313e-08
1.198529231589973154e-12
4.345814073186682336e-13
2.011212377195370493e-13
2.770838029506061950e-12
3.476012880310186404e-12
7.859776197938206366e-12
6.413133099656548319e-14
4.140088879361902841e-12
1.925820787562759762e-11
1.965038781649372512e-13
3.083073726872775921e-12
4.988222088533368626e-14
9.408776248344061233e-14
3.757245708134460127e-13
3.111993518781219770e-12
5.463080617225390956e-13
9.183701542292421749e-12
3.790969205219596461e-10
1.931693872784037702e-13
1.151162672130556786e-11
2.745213182209910174e-13
4.403696645619709082e-13
6.189682013463260191e-12
2.117160613490653986e-13
4.291156839586474092e-12
1.516473687075692300e-12
1.477943743950771438e-12
4.023625616716985931e-12
1.188324070221236095e-13
3.290850647541532226e-10
2.382614721838094418e-12
3.744956168089119686e-12
2.649156501804972308e-12
4.752678285646627643e-12
4.057502218327707633e-13
6.440705174054484061e-13
1.002528572310867894e-12
6.984453015945746301e-10
1.533893671801234149e-11
2.984334307454261648e-11
4.701803391071734950e-10
3.554593078214374202e-11
7.441125493556910442e-10
6.543313932133240640e-14
5.925742752391216506e-13
1.215813799464171563e-12
1.558125265095633427e-12
9.808870729544061362e-12
2.191089974387661066e-12
1.258596005193624023e-10
1.848935310411192745e-10
2.605554444076729759e-12
7.093992060447362746e-11
9.488985118488724169e-12
2.155583003760064287e-11
1.626718399740101351e-12
1.260432405149336521e-12
2.621966229202077336e-12
1.001548670387375495e-11
1.543033387695069703e-12
9.933278199980577483e-09
1.456138053017308476e-12
1.793764247380591481e-12
3.840315218606171754e-12
1.023276651130125559e-13
1.477957838579013750e-12
5.587420174972546061e-13
2.437904218777209309e-11
3.486349392772120082e-13
2.126270080143877195e-13
5.466273267362709021e-12
1.973991499773508629e-12
6.586340630873599444e-13
9.510850223701239337e-13
5.593985832278575154e-14
1.754483364146963709e-11
6.548910719272882375e-13
9.850650975256822206e-14
4.222170031133176682e-13
6.888106838381924391e-12
8.506305469030417399e-13
7.968492532484106050e-11
4.026819242636259233e-12
1.507210697394845145e-13
7.577217390856982870e-13
1.091425235778820113e-12
1.284114822938317579e-14
1.107199661815050362e-11
5.651148494469071526e-13
3.126747450364619763e-13
1.941694201257337937e-12
1.715248494453536221e-13
1.073261054682084215e-12
5.612844824337548388e-12
1.558148277286744432e-13
1.236716241567736851e-12
1.905369308510818094e-13
1.388418243222777626e-12
2.660253406450152625e-10
1.293480079989084430e-11
1.002348537504360593e-09
1.654340593404413084e-07
2.175768896647833905e-12
2.157122397372646105e-10
7.444250836423360607e-13
1.668082772604551067e-12
2.999807346970584376e-10
8.418356073000565765e-13
8.249643372940096420e-13
1.214065376009543229e-10
3.909683178333206444e-13
1.622135910837874118e-12
1.499820639861912386e-13
6.203364644880027257e-13
6.170068362482128421e-12
6.618280142672849919e-12
4.745750667445314264e-11
4.183545732061588751e-10
1.143688334141745866e-12
2.139236530973587236e-11
9.077919839450832029e-12
2.259517442940173204e-12
5.707651148587067347e-13
1.171734909620469889e-12
1.001164776082141827e-11
1.589347685578001990e-12
4.488336351887722842e-12
5.294631399976879038e-11
3.456217517044946064e-13
1.356064739665985286e-11
5.667093964240033088e-12
1.114085820125287896e-12
1.969789348993389311e-13
5.976882617303447276e-12
1.230432509352619164e-11
2.057273893341787785e-13
1.303686433980211223e-12
4.938674252538688414e-13
4.484577314535498349e-13
8.179794190078804039e-13
3.659249281622728445e-13
2.528607308076562948e-14
1.221981717203224349e-12
1.970653729175403379e-13
1.221476045309977110e-12
3.708123218204573135e-12
1.735603848140865324e-12
3.467231113763596939e-13
1.558196714018800222e-12
7.865201003508237587e-13
4.656874885711204115e-10
5.908545354371685931e-12
2.251902223721069518e-12
5.825991598873425659e-12
6.789981446021775557e-14
2.012471000392354603e-13
1.123799230756672429e-11
2.308067582543205098e-12
2.892746372301635560e-12
1.644635274321293306e-12
2.422065803128758965e-12
3.464914119510886792e-11
1.305966077468079245e-12
3.251533590986621647e-12
2.096714945762356841e-12
1.265075419637842757e-13
4.753521361255952371e-12
4.818090913218109339e-13
2.665846154936701851e-10
7.227867609982396857e-11
2.769547286819717957e-13
4.109984650790127203e-13
4.338875612963644102e-12
2.425699398289626885e-12
1.348584698773747093e-11
2.205666205234990684e-11
6.959282867861904531e-13
3.496880085843145913e-12
2.329206489140589476e-12
4.630573268576965162e-12
1.205207049610745873e-12
1.114802152500649068e-12
8.190343070641273315e-14
6.335100846688312970e-12
8.800807999032045359e-11
7.404963957551718989e-14
1.102155519627778801e-11
1.059052341266172870e-13
1.656607251550312743e-13
6.672885334568778859e-12
5.940906946076685013e-13
3.395813361409261155e-13
2.116134489860144186e-10
9.038711619446804235e-13
1.817583084907925528e-12
9.266362850646192584e-12
1.169774346831964351e-12
2.746208208753708746e-13
3.466620911228394941e-14
2.597480065237578462e-13
2.359489218047537695e-14
1.240758120161708500e-13
7.410000564533891776e-12
1.241478491190162181e-12
5.022270360005576251e-12
1.402076198198098922e-11
1.726708511416708003e-12
3.082372410697503673e-13
2.740699377515309898e-12
2.739124844910317824e-13
1.587293664562228201e-12
4.161330134644369849e-12
7.417984004831623679e-10
4.148442114999817409e-13
4.847291730329661430e-13
1.398003240948852977e-12
5.894972704423295795e-11
6.276910848729277959e-12
3.765311413356231540e-12
6.077784803215635634e-11
9.408794544255721926e-14
1.848205968693963919e-13
1.448895392769725121e-13
1.194276899596502517e-10
3.290519170074529542e-13
8.183902340530568864e-12
1.915261704657847397e-13
1.802697192367606893e-14
7.523720362001551365e-12
1.647353043907062720e-13
4.622165497569774573e-11
4.569204736792897847e-11
5.244945536914125128e-12
1.883552558715195779e-12
1.997177423440632538e-11
9.521015703270463426e-13
9.813655964252543384e-13
2.183407621370037077e-10
8.512655857995099495e-12
7.219355321885778665e-14
1.895206864707676964e-12
2.491421348740918695e-12
5.573115753609858558e-13
8.054314051646194184e-13
2.385885586320135587e-11
2.229751105975452674e-11
5.111028245595450326e-13
1.419098605986990336e-11
1.196752115809052164e-12
1.025186359415730664e-11
1.613298118144021465e-13
3.609911848612146201e-13
1.212432254203352211e-13
1.602962337518554214e-12
5.003661330757469550e-13
4.105808846122799283e-13
8.432739099020758466e-13
1.662265290691689046e-11
2.316799367369642981e-13
7.115778886263024461e-12
2.753090073623343237e-12
1.419447133617357526e-12
4.727857103210830747e-13
1.125950461339231268e-12
1.239107422354099319e-13
2.126142664704566698e-11
3.906470416245588773e-13
2.134391567567422987e-14
9.173033426596033379e-13
3.862484984629155349e-12
8.055839849363533034e-12
9.613707746547461852e-11
4.979966092277798850e-12
5.638193498235313794e-14
9.895701879453211447e-13
5.526753100310033417e-12
6.578199096551884395e-11
1.785819620436432387e-13
1.803851122292310372e-12
1.232889007898863021e-12
6.435096813056651044e-12
1.974950828960778115e-13
3.111263417038268031e-12
2.250163380276837266e-12
9.411658084823582016e-12
1.938535096335236574e-11
5.001440667867784740e-12
5.060296799641594845e-13
1.214183007608449216e-11
4.875301828910494351e-10
1.685386720592582654e-13
1.716104515436800426e-11
6.556997241176365510e-13
2.687350992777726155e-12
4.325188540654778535e-10
2.732216308667240190e-13
1.092406807373658140e-11
4.049121877635480926e-13
2.370710615665072574e-12
4.955203050183501490e-14
7.672338377682011434e-14
1.368571376966212436e-14
6.901099483536121681e-12
3.424066314771517794e-13
1.786583576392219985e-12
6.355599640323061905e-13
1.952429781433909217e-13
2.381584339461451094e-11
1.289146957586528863e-12
3.878890820195081413e-15
1.072152609749021934e-11
6.548870468267228850e-14
2.934133838672359218e-12
1.056900313795017254e-11
4.561859787491351348e-13
5.048502241256080936e-11
5.242914609404625281e-12
3.612164007574941715e-13
5.894460809209578489e-13
3.187627896014677553e-12
1.582717464032601384e-11
7.458122119018140150e-13
3.171443663241291233e-11
2.172184099258345213e-10
4.128072449843811498e-12
3.508998647205885391e-13
6.089676506115804244e-12
1.844638401445400366e-13
5.344043541022358568e-10
4.657738496109675719e-13
7.439471781667261752e-12
4.267820472025896095e-12
1.052878270679791228e-11
1.469912559726171963e-11
2.692969545275980536e-12
6.003366206930316196e-12
1.354492473043533707e-12
8.226385128651259038e-10
9.463495525413589959e-13
3.240476246710310981e-12
2.335861504221270479e-09
6.229061103729671700e-12
4.597380115489713148e-11
2.949180342212004424e-13
6.077964737408181328e-13
1.324707843419759001e-10
7.087962215854975989e-14
3.079745659884114417e-13
5.728607489091132321e-15
1.013527178850281985e-10
2.476787941407820881e-10
8.211464277638191867e-13
1.376195381611045043e-12
9.717748524276648148e-13
1.254589748062029386e-12
6.952616260491595312e-11
3.539092413226696543e-12
1.038946828416965895e-13
9.181559592480459386e-13
2.120468557686994160e-11
1.897313035847947305e-11
5.833110383601791682e-11
7.571073217145507517e-14
1.452007730631116322e-13
2.504474492376340677e-13
3.649797207082999817e-13
3.320501859582769555e-11
4.340864473428851511e-11
3.215417949259391506e-12
9.056572766036330435e-13
7.928400774445676369e-13
8.229507163616880949e-14
7.371236433739714045e-12
4.360112965118290163e-12
3.111868835531383937e-12
1.094564868429903637e-12
7.200000578383436434e-12
2.630576962855957213e-12
3.569143461681911766e-12
2.350011851781630412e-11
8.239634669005013734e-11
9.592217645182365970e-12
5.077166985445469294e-13
2.487788620941788764e-12
6.338185531973294928e-11
5.133220237762969873e-11
1.533547702887994024e-12
1.418264485887610338e-12
4.902674620443914222e-12
6.183663824044227653e-12
3.877293625054178960e-11
1.390059074790617188e-11
1.464380353088934328e-11
3.480975707334521552e-12
1.466437561659095223e-11
1.720991751885669885e-11
2.960826245637648846e-12
7.012179465554213564e-13
2.984110788334382036e-12
7.913428484544737795e-13
1.550450197916608541e-12
2.004044933473503320e-12
5.183145579401582381e-13
2.724547150390055350e-12
4.119812997693816925e-12
6.962966156751721966e-15
8.226360564966839206e-12
1.811582481248130705e-11
2.774884272013777853e-12
1.673371727642369855e-13
4.787522375065966784e-13
7.155875718367621374e-12
2.359572823587563484e-12
1.678582403283335189e-13
7.256543976819074260e-11
1.266175185532514291e-11
4.533430575381913741e-11
4.961298299271943435e-12
1.534643993914702742e-13
2.699054174604142986e-11
2.470698775777768752e-12
1.422830690073206839e-11
1.709484875704603279e-12
1.082015011442949426e-12
1.407211478419989614e-12
1.115131858381301910e-12
2.919123493275166403e-12
4.267212277975218626e-11
1.990411091154498102e-12
2.193296678174375125e-13
2.774483420786566512e-11
4.064033398004651687e-12
4.367552326745016700e-13
3.425452846719800881e-12
1.121143867847951281e-12
4.141193139274579327e-13
4.428952430496346793e-12
2.842357859494937244e-12
8.654977776134664680e-12
1.624640851537184627e-12
6.435465441795296115e-12
5.217454072947713684e-13
1.800101300658552006e-12
2.894588323372471184e-13
4.244378112860935914e-11
2.194066461716839833e-13
5.358669237509605665e-14
1.108359584667262254e-11
4.418964152930193734e-11
4.420388707848665888e-11
2.878846792030154145e-13
1.346905334660697395e-12
6.653674193644182333e-14
1.731673987960102162e-14
1.115587114873528574e-12
5.683287607888276582e-12
4.611585093829140281e-13
3.681702512303708374e-12
1.079003067450123865e-10
3.401790296935630620e-13
8.778282462908182371e-13
1.311299513417907292e-09
9.572570167093452653e-12
1.729083265455955143e-10
9.083929788933353677e-12
1.137915608094564046e-12
3.717808192923478805e-14
6.324563789350534648e-11
6.914557630893075624e-14
2.323437124120142361e-13
2.652929959046090858e-11
4.781054458585787259e-12
1.363411553795268460e-12
1.988020859045036559e-12
8.673105636458622314e-12
2.246591150958932026e-12
2.052892578152665237e-12
2.206135122674590665e-13
1.392706208604849172e-13
1.435949124363455898e-12
1.993523748855530187e-11
7.613673383974946945e-15
2.292483694196767452e-12
2.102159863282687668e-13
2.303067458964136449e-12
2.181085851206757131e-13
7.476980189505266772e-13
1.632400811746315128e-11
8.679195383221038895e-12
3.116024690878738124e-13
8.577563166039040010e-14
5.910461356450902315e-12
6.624148386931427712e-13
1.524625423739850438e-13
1.816195848228230325e-13
4.039886203344167370e-10
1.484554124596415559e-13
3.424046799132413055e-13
2.666885592569889774e-12
3.331038719053651398e-14
9.192357812437546016e-12
6.778151651065655869e-11
1.276287777719764538e-12
1.300408240291484052e-12
3.497200142324463634e-12
2.856548331209296521e-12
2.673882708130459473e-13
2.073701210747458390e-10
4.345981907682983092e-12
6.289023121719417020e-13
1.840647773088122108e-11
1.374615532512279970e-09
1.553216166794157971e-10
3.362847847410144198e-11
1.276254275872634736e-11
4.705077270177916715e-14
5.949227777080068336e-10
6.015137606757425814e-12
2.800955864815102281e-12
1.818606029657665601e-12
9.917039411888595168e-12
6.741390431996840960e-12
6.803938055327529710e-12
1.274845029888838077e-12
1.455725305277155712e-05
8.099640749770209425e-12
7.509784460957291685e-12
1.591565204281386592e-12
1.397432733765691104e-12
7.289788889718040732e-13
4.038194691829977145e-12
2.409002164416307323e-10
4.755827329172568341e-11
7.573869482968564881e-12
1.162848220492840312e-10
5.047112901224171111e-12
9.967837102595189513e-13
2.893507699067154881e-12
5.388580207044135761e-13
1.606161210976342346e-11
1.522269506629148061e-12
2.508046721694245917e-12
5.036467770613839434e-12
1.609347377584668948e-11
1.112073801101676196e-11
1.629509380077567848e-13
1.711987322738917072e-12
2.381533338591257376e-12
3.538609563789180124e-14
4.489190323728881049e-13
1.030991494976353506e-13
2.265906985155809183e-14
3.122755526385745384e-12
7.590471653995400914e-12
1.139238790109908805e-11
2.116891297671008587e-12
1.047945757948198775e-11
6.350975995106367122e-11
1.123163367866553131e-10
2.225319928328417518e-11
4.699398162277823587e-11
9.365319630916246751e-11
1.121304933349165367e-07
1.557857398637452206e-09
1.671479760156913130e-10
6.905392056777426291e-12
1.433046064626408711e-12
8.913970364794743251e-13
1.992054021737743597e-10
2.975000086280488176e-07
1.382915591936761945e-12
3.066742755466859982e-14
1.678842503384514462e-12
3.671917912957678443e-13
2.927431300842053830e-12
1.228539188782851177e-12
8.077294665368925375e-14
1.364539855891119813e-13
1.114787862716015709e-11
4.514824712004150697e-12
4.790908780805125389e-10
8.109206123436962788e-13
8.807356233209162610e-11
5.544663339573929761e-11
1.093548537313415725e-12
3.993486531045364885e-12
1.943391411338146746e-12
7.735637824746177671e-11
5.931215262856837089e-13
3.397951408093402570e-13
1.619959895393652261e-11
3.894888318117795123e-12
2.505122151386096618e-11
2.827952065229122347e-12
1.199199160112351947e-12
6.746416034326963018e-13
6.796833235123145300e-11
5.038277087199283244e-11
1.545410284117809674e-12
1.530583298992027608e-10
1.291179074769388535e-07
7.947493827487051021e-07
6.859745216303281268e-09
3.902696308483166732e-12
2.139972365977627078e-10
7.347756431075325168e-11
4.790842375590464997e-11
1.040253161388449143e-10
2.483783491380453512e-11
1.104704730470196239e-10
4.653116780772847960e-11
5.946564313012714376e-13
