3.492919859127141535e-06
7.800774183124303818e-04
9.736457968756440096e-07
2.547805888752918690e-05
1.114636252168565989e-04
1.115731080062687397e-03
8.062171400524675846e-04
1.515830052085220814e-03
4.035095334984362125e-04
9.244567991117946804e-06
6.047980150469811633e-06
1.886325890154694207e-06
6.258875146158970892e-06
5.601082739303819835e-05
1.007448008749634027e-04
5.027984298067167401e-05
1.014722784020705149e-05
1.957149652298539877e-04
5.766413323726737872e-06
3.237343435102957301e-06
1.800184327294118702e-05
1.227029861183837056e-04
2.183099968533497304e-05
1.825896652007941157e-05
1.349002559436485171e-05
5.413325652625644580e-06
2.882431545003782958e-05
1.929130055941641331e-03
1.090372165890585165e-06
2.234057774330722168e-06
3.624649934863555245e-06
7.293344424397218972e-06
1.849546606536023319e-06
1.742181302688550204e-05
7.803511834936216474e-06
1.293875016017409507e-06
9.831822353589814156e-06
8.579672794439829886e-06
3.584292790037579834e-05
1.599566530785523355e-05
8.454023372905794531e-06
1.507523165855673142e-06
2.624924309202469885e-05
7.725370778643991798e-06
5.357102781999856234e-05
3.885243859258480370e-05
6.739675882272422314e-05
7.570509751531062648e-06
1.303950848523527384e-04
4.176786023890599608e-05
1.123151741921901703e-05
6.758502308912284207e-07
1.970152425201376900e-06
2.977571966766845435e-06
1.672593789407983422e-04
8.315434570249635726e-06
1.518762928753858432e-06
1.087272067934463848e-07
2.620419763843528926e-05
2.780369641186553054e-06
1.245594103238545358e-05
1.256753307643521111e-06
8.680306109454249963e-07
6.385471351677551866e-05
5.576083367486717179e-06
3.750057294382713735e-05
1.182002597488462925e-03
1.441986296413233504e-05
9.666724508861079812e-05
2.524468582123517990e-04
1.362593025078240316e-07
2.417281393718440086e-06
3.956449035058540176e-08
7.136504365234941361e-08
1.590676248497402412e-07
1.007730475066637155e-06
7.219161489047110081e-06
1.466791673010447994e-06
1.853029857556975912e-06
1.391994373989291489e-05
4.488684135139919817e-05
1.652230275794863701e-05
1.740297593642026186e-04
9.276171476813033223e-05
2.469971695973072201e-05
5.544865416595712304e-06
5.642413088935427368e-05
5.587016858044080436e-06
9.889125067275017500e-05
2.783027639452484436e-06
1.181455299956724048e-04
5.555661118705756962e-05
1.123611309594707564e-05
1.947849568750825711e-06
8.520385563315358013e-06
1.220388838873986970e-07
1.007276659947820008e-05
1.898614868878212292e-06
1.791853173926938325e-05
4.714674560091225430e-06
1.291909711653715931e-06
2.122249497915618122e-06
1.790924784472736064e-06
3.871008448186330497e-05
5.900826636207057163e-07
1.493521466500169481e-07
2.174168912461027503e-06
4.851898120250552893e-05
8.297195745399221778e-05
3.844312450382858515e-04
4.157779039815068245e-04
5.213349941186606884e-04
4.438004398252815008e-04
5.672794577549211681e-05
3.358007961651310325e-05
7.491982250940054655e-05
3.561212215572595596e-04
6.822269642725586891e-05
1.904324381030164659e-05
1.842783240135759115e-05
2.427846766295260750e-06
2.923926331277471036e-06
1.082710059563396499e-05
4.578304924507392570e-06
1.627364326850511134e-05
1.679015986155718565e-05
2.093988996421103366e-06
2.020490683207754046e-06
1.181906100100604817e-06
3.187946504112915136e-06
9.918521755025722086e-06
2.116627365467138588e-05
1.426913877367042005e-05
5.725053597416263074e-06
2.987641209983848967e-06
8.194529982574749738e-06
3.678408393170684576e-05
9.272164334106491879e-07
2.225546450063120574e-05
2.820063173203379847e-06
1.689177588559687138e-05
1.043653392116539180e-04
6.986595963098807260e-06
8.716827323951292783e-06
1.523732680652756244e-05
7.465436056008911692e-07
7.018058454377751332e-07
5.478442290041130036e-06
1.109530057874508202e-05
1.755523953761439770e-05
2.666442469489993528e-06
1.113518519559875131e-04
1.344713041362410877e-06
3.301211472717113793e-05
1.631754457775969058e-05
8.506997801305260509e-06
5.543057341128587723e-06
3.166108945151790977e-05
3.322871634736657143e-06
2.856034370779525489e-05
2.043509397253728821e-07
5.593942205450730398e-06
5.730218617827631533e-05
2.035325087490491569e-05
6.979164027143269777e-06
1.037266088133037556e-06
2.384976369285141118e-06
4.235844812683353666e-07
6.467861385317519307e-05
5.635163802253373433e-07
6.170292863316717558e-07
1.421383240085560828e-05
7.291191650438122451e-07
2.459608822391601279e-06
1.518939711786515545e-06
2.170174866478191689e-06
7.366807039943523705e-06
7.868748070904985070e-07
8.953556971391662955e-06
4.357323177828220651e-06
2.994170245074201375e-06
4.043232547701336443e-05
1.322562366112833843e-05
3.721324537764303386e-05
8.765837264945730567e-06
7.328959782171295956e-06
1.535733099444769323e-05
4.959547368343919516e-06
1.581493415869772434e-05
1.088386397896101698e-05
1.039239123201696202e-05
1.335264823865145445e-05
1.178940806312311906e-06
2.549764940340537578e-05
2.630028461680922192e-07
4.995719336875481531e-06
3.419906306589837186e-06
3.142674904665909708e-05
9.089161721931304783e-06
6.673972238786518574e-04
1.994001650018617511e-06
2.112936635967344046e-05
3.856481271213851869e-06
6.580651097465306520e-05
1.064901061909040436e-05
1.340589369647204876e-05
1.036225603456841782e-05
1.913488449645228684e-05
8.410193549934774637e-05
1.500625876360572875e-05
1.331065323029179126e-05
5.811343435198068619e-04
6.002397185511654243e-06
8.049371899687685072e-06
9.668664461059961468e-06
1.882511605799663812e-05
1.380823323415825143e-05
1.115658687922405079e-05
3.889827894454356283e-06
3.672927277875714935e-06
1.855565869846032001e-06
2.556486151661374606e-06
1.284294194192625582e-05
7.322801684495061636e-05
7.756260629321332090e-07
3.845173523586709052e-06
1.083324696082854643e-05
5.617394890577998012e-06
2.183856850024312735e-06
5.439708274934673682e-06
6.174280770210316405e-06
5.287278327159583569e-05
7.896649549365974963e-06
1.178370439447462559e-05
3.773823209485271946e-06
2.748888050518871751e-07
4.527233841145061888e-07
1.304530596826225519e-04
4.926938800053903833e-06
8.724804501980543137e-06
1.056383698596619070e-04
1.046345551003469154e-05
8.557569344702642411e-06
2.703382733670878224e-06
1.856316202974994667e-06
7.898885996837634593e-06
1.848599595177802257e-06
7.591744179080706090e-06
9.691268587630474940e-07
9.257712918042670935e-06
1.687280246187583543e-06
1.155566587840439752e-05
9.426765245734713972e-06
8.501620868628378958e-06
2.635083801578730345e-04
8.951088602771051228e-06
7.910646672826260328e-06
9.830735507421195507e-06
5.085552402306348085e-06
2.853295518434606493e-05
4.997997621103422716e-06
1.205588432640070096e-06
1.769226946635171771e-05
8.945247827796265483e-05
3.329195169499143958e-05
7.582949911011382937e-05
1.678460648690816015e-05
3.083362685174506623e-07
7.860774644541379530e-07
6.511704668810125440e-07
1.066757590706401970e-06
6.480935553554445505e-06
3.007155100931413472e-05
3.092456609010696411e-05
1.089193683583289385e-04
2.591256986761436565e-07
1.604962790224817581e-06
1.786502252798527479e-05
1.587192059560038615e-06
1.128872827393934131e-04
6.118971941759809852e-05
1.133028417825698853e-04
2.237056287412997335e-05
1.958365101017989218e-05
1.201053237309679389e-06
1.466148319195781369e-06
7.951504812808707356e-06
4.337612608651397750e-06
2.165772093576379120e-05
6.132539965619798750e-06
4.060149149154312909e-05
7.240304853439738508e-07
1.334281550953164697e-04
9.010463691083714366e-05
1.422225432179402560e-05
3.166151145705953240e-05
9.910853805195074528e-06
8.661795618536416441e-06
5.825509433634579182e-04
8.707920642336830497e-06
7.250717430906661320e-07
1.324221921095158905e-05
1.663753209868445992e-06
9.596685686119599268e-07
1.300858230024459772e-06
1.158173063231515698e-06
1.270508818151938613e-07
1.107919706555549055e-05
3.175317942805122584e-06
2.283087087562307715e-05
6.316118524409830570e-04
4.773369801114313304e-05
4.869073563895653933e-06
4.730045930045889691e-06
1.828895037760958076e-04
1.284141603719035629e-06
8.499151817886740901e-07
3.190251845808234066e-06
4.299002466723322868e-05
1.847743806138169020e-05
1.046880606736522168e-05
1.497660650784382597e-05
1.415548176737502217e-04
2.275898077641613781e-05
3.924558041035197675e-05
1.632922329008579254e-03
9.800280531635507941e-05
6.081373430788516998e-04
1.571241533383727074e-03
2.130472566932439804e-04
2.176008092646952718e-05
1.597028676769696176e-05
5.748601324739865959e-06
3.618624759837985039e-05
7.093387921486282721e-07
2.083802064589690417e-05
1.117774372687563300e-04
1.324096274402108975e-06
5.247643639449961483e-05
3.263926146246376447e-06
1.558941949042491615e-05
2.798196874209679663e-06
9.212105283040727954e-07
5.841595793754095212e-06
7.952908163133542985e-06
1.447562408429803327e-05
2.262186171719804406e-06
1.149910531239584088e-05
9.717205102788284421e-06
2.029993311225553043e-06
1.439318293705582619e-05
3.426543344176025130e-06
9.518298043076356407e-07
3.693331336762639694e-06
5.499037456502264831e-07
6.269409027481742669e-07
1.554294613015372306e-06
6.528151425300166011e-05
2.584048706921748817e-05
1.143399058491922915e-04
4.768176495417719707e-06
2.924017098848707974e-05
2.646658458616002463e-06
1.872702705441042781e-05
5.849955186931765638e-07
4.309886662667850032e-06
5.303190278027614113e-07
7.944225330902554560e-07
1.403346630013402319e-07
6.090401257097255439e-06
8.041863566177198663e-07
7.946922551127499901e-07
3.204580067972528923e-08
4.812377483176533133e-07
1.623770913283806294e-07
7.571209437173820334e-08
1.384087772748898715e-05
5.235096978140063584e-07
4.428619604368577711e-07
5.539101834983739536e-07
5.882155846848036163e-07
8.474033563743432751e-08
7.924831493255624082e-07
2.324191427760524675e-06
5.127416216055280529e-07
8.921303560782689601e-06
6.738444881193572655e-06
1.687480471446178854e-05
2.416212055322830565e-06
1.797134427761193365e-05
2.971290268760640174e-05
1.636610613786615431e-05
7.950137369334697723e-04
3.118755121249705553e-04
9.942506267179851420e-07
4.015335434814915061e-05
2.907473535742610693e-04
1.619196882529649884e-05
1.178386173705803230e-05
5.092133505968376994e-06
2.814866320477449335e-06
1.561253156978636980e-06
5.680571575794601813e-06
5.600131203209457453e-07
1.197755523207888473e-06
2.810949808917939663e-06
1.623516027393634431e-06
1.456032947544372291e-07
1.260502529021323426e-07
1.279279103982844390e-06
4.889536285190843046e-05
3.621523268520832062e-03
2.177962414862122387e-06
2.070928672992522479e-07
4.575801722239702940e-05
2.878221721402951516e-06
7.475869523432265851e-08
7.519397331634536386e-05
1.324584900430636480e-06
1.360884774476289749e-02
8.775343758316012099e-07
4.496466843306734518e-08
8.011936188268009573e-06
9.438040819986781571e-07
5.417673946794820949e-06
1.173367345472797751e-04
6.556321022799238563e-05
1.459773784517892636e-06
1.212863389810081571e-05
7.346555503318086267e-05
4.749688855554268230e-07
4.391730908537283540e-05
3.828515389159292681e-07
2.979963901452720165e-04
1.183702051639556885e-02
7.091666248015826568e-06
1.212068468703364488e-06
4.090446054760832340e-06
5.688600595021853223e-06
1.922795036080060527e-06
3.426412604312645271e-06
1.939521325766691007e-06
1.122050150570430560e-07
1.124798357486724854e-01
2.756246146873309044e-07
8.791254913376178592e-06
2.507735334802418947e-04
2.258023050671909004e-05
2.479797331034205854e-05
6.989861049078172073e-06
5.415083705884171650e-07
1.034114347930881195e-06
2.152714878320693970e-03
4.144763465774303768e-07
3.837599535927438410e-07
2.070698828902095556e-04
1.110411290028423537e-06
9.353722271043807268e-05
4.983849066775292158e-05
1.898602349683642387e-04
2.338519635713964817e-07
7.337841452681459486e-06
7.748805219307541847e-04
4.160892785876058042e-06
6.221514013304840773e-06
3.462061158643336967e-06
3.391858882650922169e-08
1.395249000779585913e-07
1.625600702936935704e-07
4.626777752037014579e-07
1.523888727206212934e-06
3.336320730795705458e-07
1.794160016288515180e-05
4.168283794570015743e-06
3.695410862565040588e-02
2.006576551139005460e-06
7.201838769788082573e-08
5.376544322643894702e-06
2.674734787433408201e-06
2.965931003018340562e-07
2.285277332703117281e-06
6.543066410813480616e-05
5.432639227365143597e-07
2.357444145673071034e-06
4.979442280728108017e-08
3.251368752898997627e-06
1.595214826011215337e-06
6.752646004315465689e-05
3.312613898742711172e-06
3.805579035542905331e-05
1.465489367546979338e-05
4.601150749294902198e-07
1.157543192675802857e-05
1.812792675082164351e-06
7.966317525642807595e-07
4.725284725282108411e-06
4.236477892845869064e-03
1.582741242600604892e-05
1.549314788462652359e-06
1.084959330910351127e-05
2.797491652017924935e-05
2.716718881856650114e-04
3.409311466384679079e-05
1.209784750244580209e-05
3.808390829362906516e-06
5.466740731208119541e-06
3.639902161012287252e-06
2.566077455412596464e-05
3.046837264264468104e-06
2.622989541123388335e-07
1.473240445193368942e-06
2.575990549757989356e-07
1.261346653791406425e-07
2.178473323510843329e-06
4.955310942023061216e-06
9.863486047834157944e-05
2.475680958013981581e-05
2.243116978206671774e-05
1.041292989611974917e-06
5.935262834100285545e-06
7.546984852524474263e-05
2.697240915949805640e-06
2.780795330181717873e-04
2.203849817306036130e-06
1.237314108948339708e-06
1.317312467108422425e-06
5.434794729808345437e-07
5.051267635280964896e-06
3.770817329495912418e-07
2.906332956627011299e-04
7.076938345562666655e-06
1.021917978505371138e-05
9.480245353188365698e-06
3.124086558818817139e-02
3.985651801485801116e-06
2.340071425521728088e-08
6.119179118968531839e-08
3.117354253845405765e-06
7.295740829249552917e-07
3.322566160932183266e-03
9.024696510095964186e-07
1.625425340989750111e-07
3.490497419988969341e-07
5.488247552420943975e-06
7.045123311399947852e-07
4.101766990061150864e-06
3.068187652388587594e-06
9.035546781888115220e-07
3.776813173317350447e-07
2.954097697511315346e-03
5.520693591165581893e-08
3.106051008217036724e-04
7.282398291863501072e-04
2.126009121639071964e-06
3.534303800734051038e-07
2.936310920631513000e-06
9.222350854543037713e-06
4.727732175524579361e-06
1.809482455428224057e-05
3.717628715094178915e-05
4.817900958187237848e-07
1.725772165173111716e-07
4.841190730076050386e-06
4.892813194601330906e-06
3.663380766738555394e-06
1.117587180488044396e-05
1.115247528105101082e-06
3.553000851752585731e-06
5.289499767968663946e-06
4.591969627654179931e-06
1.748207978380378336e-05
1.217217260318648187e-08
1.563332261866889894e-05
2.707439534788136370e-07
2.192794090660754591e-05
7.339940566453151405e-08
6.183567791140376357e-08
2.095802756230114028e-06
2.395565934421028942e-05
1.558499548082181718e-06
5.804004467790946364e-05
4.288817478936834959e-07
1.091144525844356394e-07
2.405080522294156253e-06
2.315916499355807900e-04
3.133878635708242655e-05
6.998101866884098854e-07
3.167164322803728282e-06
5.624643526971340179e-04
1.561260546623088885e-06
1.528851862531155348e-05
5.269371345639228821e-02
7.320845725189428777e-07
1.571611792314797640e-04
2.884154127968940884e-06
2.762664621513977181e-07
4.332069238444091752e-06
1.516943484602961689e-06
5.509514835466688965e-07
3.069529309868812561e-03
1.003698798740515485e-05
2.927362584159709513e-05
2.561368148690235103e-07
3.467365843334846431e-07
1.262861587747465819e-06
5.090008926345035434e-05
1.444010558770969510e-05
9.144030627794563770e-06
1.257932162843644619e-03
1.672099301686102990e-06
6.324939313344657421e-04
1.242421753704547882e-02
3.811631813732674345e-06
7.622670636919792742e-06
2.090132184093818069e-04
6.618230372623656876e-07
8.089928996923845261e-06
4.432399236975470558e-06
3.445899346843361855e-05
3.508490863168844953e-06
2.359508107474539429e-05
1.837464992604509462e-06
5.493955541169270873e-06
4.292421181162353605e-06
2.005183930009479809e-08
6.824966476415283978e-06
4.871366036240942776e-05
4.968084681422624271e-07
2.033064220086089335e-06
4.688005356001667678e-05
3.696201747516170144e-05
5.431445515569066629e-06
5.577742740570101887e-06
1.109677214117255062e-05
1.050307105288084131e-06
7.355062734859529883e-06
8.144014864228665829e-04
4.698962220572866499e-05
1.344929114566184580e-05
3.407039548619650304e-05
9.497589053353294730e-05
1.068246433533204254e-07
1.413281296436252887e-07
1.898020127555355430e-05
1.732876398818916641e-06
1.185030214401194826e-06
2.566419971117284149e-05
6.925334455445408821e-04
1.082359517567965668e-06
4.821778475161409006e-06
6.864373062853701413e-06
5.150546712684445083e-06
2.360789949307218194e-06
8.419538971793372184e-06
1.527170866211235989e-06
7.026382809272035956e-05
1.051810727403790224e-06
3.930878392566228285e-06
2.957667969167232513e-02
4.120226731174625456e-05
5.106402113597141579e-06
1.152076720245531760e-06
8.265813448815606534e-06
1.676494321145582944e-05
2.486212179064750671e-05
7.273797564266715199e-08
1.775021132743859198e-06
2.629151822475250810e-06
4.641129635274410248e-06
2.433872141409665346e-04
8.453370270444793277e-08
3.725596116055385210e-07
2.954215597128495574e-05
1.941132950378232636e-06
9.958475857274606824e-07
1.518633325758855790e-07
6.734387625328963622e-07
1.782939762051682919e-05
2.566532566561363637e-05
5.557658732868731022e-05
2.093886287184432149e-04
2.999637672473909333e-06
5.390588739828672260e-07
1.024106722979922779e-06
5.778634658781811595e-06
2.464644421706907451e-05
8.273632374766748399e-07
7.638298029633006081e-07
6.695213414786849171e-06
3.284381136836600490e-06
2.102651478708139621e-06
4.079946393176214769e-06
2.287779716425575316e-05
1.687783151282928884e-05
1.629840767236601096e-06
7.050783460726961493e-05
1.011610074783675373e-04
1.824145729187875986e-04
1.167153186543146148e-06
4.346466084825806320e-06
3.491178527474403381e-02
4.488603444769978523e-04
1.632079573710143450e-07
9.729960584081709385e-05
4.390670801512897015e-05
7.345889798671123572e-07
3.662341327981266659e-07
3.584808609957690351e-07
5.780541556532625691e-08
1.681678550085052848e-04
6.491897511295974255e-04
4.811785402125678957e-05
5.710584810003638268e-05
1.394804144183581229e-06
1.106514264392899349e-05
5.922500889710136107e-08
4.049011295137461275e-06
3.637668726241827244e-07
5.001776344215613790e-07
2.356847653572913259e-05
1.380472326673043426e-06
2.602439839392900467e-03
1.924313892232021317e-06
1.615227688489540014e-06
1.769624304870376363e-06
7.606919552927138284e-06
4.322974689330294495e-07
3.227298748242901638e-07
1.046143588609993458e-03
1.911207073135301471e-05
4.778156608153949492e-07
6.084914730308810249e-06
1.493097170168766752e-05
6.864880219836777542e-07
1.327936018924447126e-07
5.279630422592163086e-01
1.666078475182075636e-07
1.074431338565773331e-06
3.786356537602841854e-04
8.299311957671307027e-06
7.183521688602922950e-07
2.127009211108088493e-03
1.972598511201795191e-06
2.142899120372021571e-07
3.354423085966118379e-07
1.825433457725011976e-07
7.045120128168491647e-06
6.522649869111774024e-07
1.317564514465630054e-03
8.615257684141397476e-04
2.747285878285765648e-03
9.618798202382095042e-08
1.094924755307147279e-06
1.394156583955918904e-06
1.509511321273748763e-06
5.334851266525220126e-06
1.761496832841658033e-06
4.859097657572419848e-07
4.387451610909920419e-07
8.432081813225522637e-06
1.763684485922567546e-05
5.520641479961341247e-06
6.459721134888241068e-06
5.249197783996351063e-06
1.764864805409160908e-06
6.603270594496279955e-05
2.224581976406625472e-06
1.816034455259796232e-05
7.738647127553122118e-07
4.930767681798897684e-05
8.731566776987165213e-05
1.376171326228359248e-06
2.149652864318341017e-04
4.637757683667587116e-06
1.283722958760336041e-04
2.028221730142831802e-03
5.184641622690833174e-07
1.099757582778693177e-06
1.730363692331593484e-05
3.412823389226105064e-06
5.747836553382512648e-07
2.032443717325804755e-06
1.123983201978262514e-05
5.054450593888759613e-05
3.439275360506144352e-06
1.198390805257076863e-06
1.978181353479158133e-05
1.271644669031957164e-05
1.845562678681744728e-06
4.546095624391455203e-06
3.401238427613861859e-05
2.030748728429898620e-04
5.192569224163889885e-04
3.257770367781631649e-05
2.009878517128527164e-04
1.667933020144118927e-06
5.613033863482996821e-05
3.426247567404061556e-04
1.654504012549296021e-05
1.937877414093236439e-06
1.387226802762597799e-06
7.303129677893593907e-06
1.072123268386349082e-06
1.533728664071531966e-06
1.574949919813661836e-06
1.817434349504765123e-05
5.174632649868726730e-03
8.877526852302253246e-06
1.544191036373376846e-03
1.078916830010712147e-05
1.573120130160532426e-06
1.950929089389319415e-07
5.635324669128749520e-07
5.707236050511710346e-05
1.518467456662619952e-06
1.113827056542504579e-05
1.077346860256511718e-05
1.161094260737627337e-07
3.460251946307835169e-06
9.375391840649172082e-08
1.318625891144620255e-06
2.469887931511038914e-06
8.248233598351362161e-07
2.202327777922619134e-05
1.483904384076595306e-02
3.087919594690902159e-06
3.559658580343239009e-06
2.582652768978732638e-06
7.802618783898651600e-04
1.316600872769413400e-07
1.592928583704633638e-06
2.494539949111640453e-04
1.328717075921304058e-06
3.263611688453238457e-06
4.171429281996097416e-06
1.738718196975241881e-06
6.316144208540208638e-06
4.302917659515514970e-06
5.638085440295981243e-06
2.947526525076682447e-07
1.139042360591702163e-04
4.612792399711906910e-04
3.329501487314701080e-04
4.957171040587127209e-05
6.636611069552600384e-04
3.310392276034690440e-05
1.351108267044764943e-06
1.193708385471836664e-06
4.698885902598703979e-07
4.166088183410465717e-05
1.779545127646997571e-04
2.605957706691697240e-05
1.488634188717696816e-05
6.885123184474650770e-06
1.229501208399597090e-06
9.076462447410449386e-06
1.625902967816728051e-07
1.257259827980306000e-05
3.743555225810268894e-06
3.544859646353870630e-05
4.874163437307288405e-07
4.827355041925329715e-06
2.570303195170708932e-06
2.678065811778651550e-06
6.441029540837917011e-07
1.685559368524991442e-06
9.854571771938935854e-07
2.748021643128595315e-06
1.687009236775338650e-03
9.329308340966235846e-06
5.889501153433229774e-06
6.323591037471487653e-07
1.970703124243300408e-06
7.468811418220866472e-07
5.867004304604961362e-08
3.389107632756349631e-06
3.101412858086405322e-06
3.188326402892016631e-08
7.655859235455864109e-07
5.039212555857375264e-05
5.305158197188575286e-07
2.214505343545170035e-07
1.428261526825735928e-07
9.153435712505597621e-06
1.282128550883498974e-06
2.130220644176006317e-02
6.500952167698414996e-07
2.255652134408592246e-06
3.212897809135029092e-06
4.403777893458027393e-06
2.541264620958827436e-06
1.803077793738339096e-05
3.698803993756882846e-05
9.684663382358849049e-04
1.002125463855918497e-05
1.153304128820309415e-05
9.502231478109024465e-06
2.361055749133811332e-06
3.423107273192727007e-06
4.333433025749400258e-06
2.181671106882276945e-06
5.437709091893339064e-07
1.075972541002556682e-04
1.125540165958227590e-06
1.814141724025830626e-04
6.464392754423897713e-06
8.576879918109625578e-05
1.161961108664399944e-06
5.607081220659893006e-06
2.083324034174438566e-06
1.992584475374314934e-05
8.127531968057155609e-03
2.148900648535345681e-06
3.870044747600331903e-05
7.286291179298132192e-07
4.458814260033250321e-07
1.810140092857182026e-04
5.629048700939165428e-06
2.099148405250161886e-04
2.302771827089600265e-05
1.372084716422250494e-05
5.821905142511241138e-05
1.202371131512336433e-04
5.394697654992341995e-05
1.998520383494906127e-05
1.420798525941791013e-06
1.097891768608860730e-07
9.563324056216515601e-06
2.325402192582259886e-06
4.449817424756474793e-05
1.511123741693154443e-07
9.697870382296969183e-07
6.439221124310279265e-06
2.056788872550896485e-07
5.070334054835257120e-07
6.723035426148271654e-07
2.052340875025038258e-07
6.749777639925014228e-06
9.328716714662732556e-07
1.957941009322894388e-07
6.291493264143355191e-07
1.942146639066777425e-07
5.784718837276159320e-07
3.107990380613046000e-07
3.407756139495177194e-06
3.712559873747522943e-06
2.208306977991014719e-05
4.541400267044082284e-05
6.985656455071875826e-06
1.695343526080250740e-04
1.501199767517391592e-05
1.101562520489096642e-05
2.531517679926764686e-07
8.456563591607846320e-06
1.730904159558122046e-06
7.539585567428730428e-06
1.182311279990244657e-07
1.453481763746822253e-05
4.791919855051673949e-05
5.881917786609847099e-06
1.082674430108454544e-06
3.525166448525851592e-06
7.643435537829645909e-07
7.272223683685297146e-06
9.316607361142814625e-07
8.763100254327582661e-07
1.996893115574494004e-05
1.731700081109011080e-06
2.572246921772602946e-05
1.435434751329012215e-05
1.006360034807585180e-04
3.176526433890103363e-06
5.522842457139631733e-06
1.511877751909196377e-03
1.066346612788038328e-06
1.178748716483823955e-04
4.230542344885179773e-06
4.128392538405023515e-05
2.445320660626748577e-06
1.144484122050926089e-05
2.214475825894623995e-04
6.618587121920427307e-06
4.417641775944503024e-06
1.961515517905354500e-04
4.902771706838393584e-06
5.959689733572304249e-04
1.050967402989044785e-04
5.729731356041156687e-07
4.098630597582086921e-06
1.789936050045071170e-06
1.372534916299628094e-05
7.782795000821352005e-05
3.092922634095884860e-05
1.298519964620936662e-05
6.725623734382679686e-06
4.653250471164938062e-06
1.089057150238659233e-05
1.046742909238673747e-05
6.886371465952834114e-06
4.228491743560880423e-04
