9.452809172216802835e-05
8.851421443978324533e-05
2.512073706384398974e-06
1.425944446964422241e-05
2.828933065757155418e-05
2.017955557676032186e-04
5.490137264132499695e-04
1.610321874068176840e-06
1.934098918354720809e-06
5.681868969986680895e-06
5.396490792008989956e-07
3.495780674711568281e-06
2.398549838744656881e-07
2.227234062956995331e-06
1.318413865192269441e-06
1.076543085787307064e-07
1.627535652914957609e-07
5.080302116766688414e-07
2.194675801092671463e-07
1.589091880305204540e-06
1.462716227251803502e-06
3.154873695621063234e-07
2.104828098481448251e-07
2.751121144228818594e-07
2.769306547634187154e-06
5.315032922226237133e-06
6.237896286620525643e-06
5.439246524474583566e-05
7.911416469141840935e-05
1.494803291279822588e-05
4.532435013970825821e-06
6.105678039602935314e-05
2.504170652173343115e-06
3.776872836169786751e-05
1.048038320732302964e-04
7.591952453367412090e-07
5.408116066973889247e-06
5.545692602026974782e-06
5.068014143034815788e-04
6.205581939866533503e-06
1.416808208887232468e-05
2.516538415875402279e-06
7.617889059474691749e-05
1.437087212252663448e-05
2.979584451168193482e-06
1.896114190458320081e-05
6.412272341549396515e-06
1.551721834402997047e-05
2.885618869186146185e-06
7.526467129537195433e-07
2.764023975032614544e-06
7.273544724739622325e-06
2.863557892851531506e-04
6.824042066000401974e-05
6.598501349799335003e-04
7.706705364398658276e-04
1.063153147697448730e-03
1.478588501413469203e-06
3.806034146691672504e-05
1.131397857534466311e-05
2.670781686902046204e-04
3.973057959228754044e-03
2.602562773972749710e-03
7.220352563308551908e-05
1.045314827933907509e-03
3.342255149618722498e-05
2.947740256786346436e-03
1.241114077856764197e-04
5.699898465536534786e-04
7.086434052325785160e-04
8.332251127285417169e-06
1.211475023410457652e-06
8.391169217247806955e-07
4.365008862805552781e-05
2.046960798907093704e-05
1.372902079310733825e-05
1.264479942619800568e-05
1.439439656678587198e-04
5.662597686750814319e-05
1.947145756275858730e-05
3.592695793486200273e-05
3.758929324249038473e-06
2.967135969811351970e-06
2.411155946901999414e-06
5.333291937859030440e-06
4.986927137906604912e-07
1.353459765596198849e-06
1.484190761402714998e-05
2.586654545666533522e-06
1.285179791921109427e-06
1.613279891898855567e-07
2.118379960336369550e-08
1.061717853190202732e-06
6.812187702820438062e-09
1.039241487887920812e-05
6.349672077021750738e-08
8.367850909962726291e-07
9.294832921113993507e-07
3.056002697121584788e-06
5.474211661748995539e-07
1.323456672253087163e-06
4.038599854538915679e-06
2.765384806480142288e-06
1.404544400429585949e-05
6.233578915271209553e-06
7.591091844005859457e-07
4.742127930512651801e-05
1.120511369663290679e-04
1.225532963871955872e-03
9.269242582377046347e-05
2.514315747248474509e-05
1.377460739604430273e-05
1.179661830974509940e-05
1.361379759146075230e-06
3.740691226994385943e-06
7.407021257677115500e-06
7.022916543064638972e-05
1.397985488438280299e-05
4.767294012708589435e-05
4.364590495242737234e-06
1.337328541239912738e-07
4.581119355862028897e-06
1.109088771045207977e-06
4.104112122149672359e-06
1.767407229635864496e-04
9.778210369404405355e-06
1.052139268722385168e-04
2.693825429389562487e-08
9.078927831751570920e-09
2.443948510233440174e-08
1.108980882236210164e-06
4.244220974669588031e-07
2.807202008625608869e-07
1.917049132771353470e-07
4.790189791492593940e-07
3.023669847834753455e-08
9.590810634563240455e-08
1.292833417210204061e-06
6.335355465125758201e-06
5.370010285332682543e-07
2.238085835415404290e-05
3.269377657488803379e-07
7.374273991445079446e-08
1.729453629195631947e-07
1.184917053365097672e-07
2.823454906319966540e-06
1.167890246733804815e-07
3.565182566944713471e-07
3.566449322534026578e-06
1.146505564975086600e-05
3.876725145346426871e-07
3.023007302545011044e-04
1.015365978673798963e-05
9.624332597013562918e-05
2.900897925428580493e-05
9.384190780110657215e-04
5.294804213917814195e-05
1.756544806994497776e-04
4.394998832140117884e-04
9.040925760928075761e-06
4.391493746425112477e-07
3.224983811378479004e-05
2.791477891150861979e-04
7.206205282273003832e-06
1.234270050190389156e-03
2.082156424876302481e-05
3.328358579892665148e-04
6.041045708116143942e-05
1.189731192425824702e-04
2.752775799308437854e-06
8.346937829628586769e-05
3.638224152382463217e-04
2.101416699588298798e-03
2.224029594799503684e-04
2.910019975388422608e-05
1.142470318882260472e-05
2.743126515269977972e-06
3.228262130505754612e-06
3.120246983598917723e-04
1.074062020052224398e-04
3.748408635146915913e-04
1.653760227782186121e-05
9.168629185296595097e-05
3.817237666225992143e-05
5.989900673739612103e-04
2.690507331863045692e-03
1.386961521347984672e-04
6.468996871262788773e-04
2.469892569934017956e-05
1.233330931427190080e-05
3.797854151343926787e-05
7.492374606954399496e-06
1.627159508643671870e-04
2.056852827081456780e-04
7.516453479183837771e-05
8.464897837257012725e-05
7.806411304045468569e-06
1.140116248279809952e-03
6.743895937688648701e-05
8.228312799474224448e-05
1.932984378072433174e-05
4.709577478934079409e-04
1.194609329104423523e-03
7.323161116801202297e-05
7.035884773358702660e-04
1.978630316443741322e-04
1.528594475530553609e-05
1.153287521447055042e-04
6.033593090251088142e-04
1.416942104697227478e-03
1.021218020468950272e-03
1.967975840670987964e-04
6.710535672027617693e-05
3.877707058563828468e-04
8.955148587119765580e-06
1.985762646654620767e-04
8.632849494460970163e-05
3.319158277008682489e-04
1.045379671268165112e-03
7.606169092468917370e-04
4.086865228600800037e-04
4.992218964616768062e-05
1.199204120894137304e-06
3.260146331740543246e-05
5.550002242671325803e-05
9.498195140622556210e-06
2.120867429766803980e-04
1.763758598826825619e-03
1.264916591026121750e-05
3.338709575473330915e-05
9.844042324402835220e-06
1.428805262548848987e-04
3.738886734936386347e-04
5.879057425772771239e-05
6.169205298647284508e-04
1.109423737943870947e-05
3.490172821329906583e-05
3.938674344681203365e-04
8.067669841693714261e-05
3.463168695816420950e-06
4.077550693182274699e-05
5.150867764314170927e-06
4.910471616312861443e-04
3.211730654584243894e-05
2.489287908247206360e-05
6.981081096455454826e-04
5.494803917827084661e-05
1.504989195382222533e-04
1.616959889361169189e-05
3.837718395516276360e-05
6.115940777817741036e-05
1.489251735620200634e-04
4.430337139638140798e-05
4.506239783950150013e-04
5.872661131434142590e-04
1.307806633121799678e-05
9.709349251352250576e-05
2.110498644469771534e-05
1.404802787874359637e-05
1.202314379042945802e-04
2.285206574015319347e-04
8.411396265728399158e-06
1.201780651172157377e-05
5.476031801663339138e-04
2.170663501601666212e-04
2.202874049544334412e-03
1.093145474442280829e-04
1.854170113801956177e-05
6.851995294709922746e-06
2.078803117910865694e-05
1.288781495532020926e-04
6.626200502068968490e-06
2.257503001601435244e-05
1.396547013428062201e-04
2.161633892683312297e-05
4.828218152397312224e-06
4.895373422186821699e-06
4.696833912021247670e-06
8.637180712867120747e-07
4.919951970805414021e-05
1.135046386480098590e-05
5.163116657058708370e-05
4.819737296202220023e-05
6.556570879183709621e-04
4.123322141822427511e-04
1.086381889763288200e-04
9.042343299370259047e-05
1.900005918287206441e-05
4.432259811437688768e-05
6.841795766376890242e-06
8.822952804621309042e-05
5.470315500133438036e-06
2.833271901181433350e-05
2.595565092633478343e-06
1.620519833522848785e-05
2.778545604087412357e-05
4.866685230808798224e-06
1.815554696804611012e-06
9.558477387372477097e-08
7.692154895266867243e-07
1.311638789047719911e-05
1.084705218090675771e-05
4.325399913795990869e-06
1.467487072659423575e-05
1.393441948494000826e-06
2.920151700891437940e-06
1.421367778675630689e-05
2.984464344990556128e-06
4.560896741168107837e-06
7.037387604214018211e-06
4.903678927803412080e-05
1.117122565119643696e-06
1.703216867099399678e-06
2.360435319133102894e-04
1.461690699215978384e-04
1.406025239703012630e-05
1.163140041171573102e-06
1.131497583628515713e-06
1.542516656627412885e-05
3.096138925684499554e-06
5.706283445761073381e-06
1.836921001086011529e-04
4.553024700726382434e-05
5.169740688870660961e-06
3.871557964885141701e-06
8.674149285070598125e-06
2.581577746241237037e-06
1.298872230108827353e-04
2.844768096110783517e-05
2.694881695788353682e-04
1.193201387650333345e-04
2.562092595326248556e-05
5.491142292157746851e-05
2.825372852385044098e-03
1.742603330967540387e-06
4.444453907126444392e-07
2.150990894733695313e-06
4.134964456170564517e-06
1.051433198153972626e-02
8.228626393247395754e-05
1.050610717356903479e-05
2.737900831562001258e-05
9.311094686381693464e-07
5.543746738112531602e-06
2.082306082229479216e-06
1.326740402873838320e-05
2.006761178563465364e-06
1.088376484403852373e-05
7.206081590993562713e-06
4.062023435835726559e-06
2.658960283952183090e-06
2.321560714335646480e-06
7.145054496504599229e-06
2.520924226701026782e-06
1.369889923807932064e-05
1.545271334180142730e-05
1.290650543523952365e-04
4.187216836726292968e-05
8.400016668019816279e-05
3.140884291497059166e-05
3.906048732460476458e-06
1.255087408935651183e-05
2.495093212928622961e-06
1.584978122082247864e-06
3.966733129345811903e-05
4.082219220435945317e-07
6.375865382324263919e-07
1.715399520207938622e-07
1.312486460847139824e-06
1.758472876645100769e-06
2.765649753655452514e-07
2.664446867584047141e-07
1.586536484410316916e-07
7.950412737045553513e-07
3.857205683743814006e-07
3.148117286855267594e-07
7.406738404824864119e-06
1.159170824394095689e-05
1.010231812870188151e-06
4.266289010956825223e-07
7.040370633148995694e-07
2.910062676164670847e-06
1.169447727988881525e-06
4.282545944533922011e-07
1.320674698490620358e-07
4.354576958576217294e-05
4.779446044267388061e-06
4.195056590106105432e-06
6.757363735232502222e-07
4.790678644894796889e-07
3.560996628948487341e-05
6.920952728250995278e-06
1.020395302475662902e-05
6.654692115262150764e-04
2.891845269914483652e-06
3.113086677331011742e-06
1.787491601135116071e-05
6.737333023920655251e-05
3.478518920019268990e-05
9.687631973065435886e-05
1.636052911635488272e-05
7.649130566278472543e-06
4.811285471078008413e-04
8.487508011967292987e-07
4.058906597492750734e-06
8.346996764885261655e-06
3.310065039840992540e-07
2.470420258759986609e-05
4.082390603343810653e-07
2.397280877630691975e-05
2.575065809651277959e-05
3.466638445388525724e-04
4.535972038866020739e-06
4.835387699131388217e-06
3.496794379316270351e-04
6.363503052853047848e-05
6.552488684974377975e-06
4.447664105100557208e-05
2.159173709515016526e-05
2.849695272743701935e-02
1.183954645966878161e-05
6.835264503024518490e-05
3.532420123519841582e-06
2.579350621090270579e-06
8.780601092439610511e-06
3.901765012415125966e-05
4.418027401698054746e-06
1.667859760345891118e-05
3.984864349604322342e-07
5.848658111062832177e-05
1.490186491537315305e-06
2.729848492890596390e-04
2.091220630973111838e-05
8.265970245702192187e-05
2.558779204264283180e-03
2.519600384403020144e-04
1.682935544522479177e-04
3.814682258962420747e-07
3.211733564967289567e-05
1.381879769724037033e-06
2.636424369484302588e-06
4.616985825123265386e-05
2.086391930333775235e-07
7.451544050127267838e-03
4.085099590156460181e-06
1.711574077489785850e-05
1.382643706165254116e-03
2.234989951830357313e-04
1.147370767284883186e-05
2.419448264845414087e-06
2.415746712358668447e-05
1.740843581501394510e-04
2.584027824923396111e-04
3.378353312655235641e-06
8.174680488082231022e-07
4.101047306903637946e-05
6.724799277435522527e-06
1.822869479656219482e-02
6.329280495265265927e-06
1.699789863778278232e-04
2.539698243708699010e-06
1.889547129394486547e-04
7.067852857289835811e-05
1.814220449887216091e-04
2.476473338901996613e-02
2.905907575041055679e-03
1.307488582824589685e-05
7.997154170880094171e-06
3.165609450661577284e-05
3.681591351778479293e-06
1.157989663624903187e-05
1.850493049460055772e-06
6.628051352208785829e-08
1.208326139021664858e-04
7.540876045823097229e-03
9.052731911651790142e-05
3.911979547410737723e-06
1.203687133966013789e-05
3.177317557856440544e-04
7.893836482253391296e-06
1.035182958730729297e-05
1.151952092186547816e-04
5.428415897767990828e-05
8.145403285197971854e-07
8.462988176916041994e-08
5.250546564639080316e-06
2.054108153970446438e-05
2.194572443841025233e-04
6.023879177519120276e-05
1.147993498307187110e-05
4.767466816701926291e-05
1.817283418859005906e-06
1.957640633918344975e-04
2.856783394236117601e-04
6.468696369665849488e-07
1.689302371232770383e-05
3.169686067849397659e-03
4.610207724908832461e-06
1.973613507288973778e-06
4.194784651190275326e-06
2.716509925448917784e-06
2.018083432631101459e-05
6.529477541334927082e-04
1.365758216707035899e-04
3.057856811210513115e-04
2.537225664127618074e-04
1.054032873071264476e-05
3.246779670007526875e-05
5.117761247674934566e-05
7.033113433863036335e-06
2.681214391486719251e-05
4.040322437504073605e-06
6.893092177051585168e-07
3.980690598837099969e-05
3.257955177105031908e-05
5.407250137068331242e-04
6.312052846624283120e-06
1.431626515113748610e-05
8.574875537306070328e-04
3.526183427311480045e-04
1.328836151515133679e-05
2.356264485570136458e-05
5.943577707512304187e-05
1.034842443914385512e-05
3.610470957937650383e-05
1.402866359967447352e-06
2.577593841124325991e-05
1.701625819805485662e-06
5.063371190772159025e-06
2.185835270211100578e-03
1.967046409845352173e-04
1.656552558415569365e-05
4.445734521141275764e-05
9.907172061502933502e-04
3.738065004199597752e-07
1.838080834204447456e-06
5.110997790325200185e-06
2.380129444645717740e-05
3.144226138829253614e-05
9.056696580955758691e-05
5.805350156151689589e-06
1.246466763404896483e-05
9.095769200939685106e-05
2.050235198112204671e-04
1.194585274788551033e-05
2.289731055498123169e-03
4.251878272043541074e-05
4.077064295415766537e-05
2.204677002737298608e-06
1.968545839190483093e-03
8.641886211080418434e-07
4.969043584424071014e-05
2.099393750540912151e-04
1.915916072903200984e-05
1.157108044935739599e-06
1.334717380814254284e-04
4.592571931425482035e-04
9.400914677826222032e-06
6.882034540467429906e-06
2.076176997434231453e-06
5.099768168292939663e-05
1.836231575680358219e-07
5.767790298705222085e-06
2.893711462093051523e-05
8.138787848110951018e-07
1.865840204118285328e-05
2.524734190956223756e-05
9.105700883083045483e-06
7.972527528181672096e-04
3.279337533967918716e-06
7.098527566995471716e-05
6.766866533780557802e-08
1.475063269026577473e-03
1.817220294242360978e-07
9.686869816505350173e-06
1.616322265363123734e-06
7.533960655337068602e-08
3.238875069655478001e-05
3.532290429575368762e-05
7.157498475862666965e-05
3.907166046701604500e-06
1.866094498836901039e-05
1.010440882964758202e-06
8.639251802833314287e-08
7.794203702360391617e-04
6.935022975085303187e-05
1.081097252608742565e-06
5.155033431947231293e-04
1.167893642559647560e-03
2.618516155052930117e-04
8.845223419484682381e-06
4.298621322959661484e-03
6.483528522949200124e-06
3.158122126478701830e-05
4.174590685579460114e-06
9.161006460089993197e-07
5.573297967202961445e-04
1.301484997384250164e-03
3.453470753811416216e-07
3.022184222936630249e-02
1.489584101364016533e-04
6.662807209067977965e-06
2.443292714815470390e-07
8.357255865121260285e-06
6.830745405750349164e-06
7.661161944270133972e-04
2.053948555840179324e-04
4.060084677348640980e-07
1.334691303782165051e-03
1.764103217283263803e-06
2.524494938552379608e-02
7.538633071817457676e-04
7.332444340590882348e-08
1.986013739951886237e-05
1.947483746334910393e-03
3.721264365594834089e-04
1.010692096315324306e-03
2.336227189516648650e-04
1.654201187193393707e-04
6.898195715621113777e-05
1.248594652861356735e-02
2.836609382939059287e-06
9.970297469408251345e-06
3.023276440217159688e-05
1.101409665693608986e-07
6.127842425485141575e-06
3.856867260765284300e-05
4.658021225623087958e-06
4.972013357473770157e-06
1.551192144688684493e-05
2.156349364668130875e-04
1.294082321692258120e-04
1.469081962568452582e-05
1.588821578479837626e-05
1.070036887540481985e-04
2.363664680160582066e-05
1.282338402234017849e-03
4.210494080325588584e-05
4.667246248573064804e-03
6.039562867954373360e-04
2.493449073881492950e-06
4.211552441120147705e-04
4.318228093325160444e-06
1.874487730674445629e-03
1.813389985727553722e-06
1.104490024772530887e-06
8.523245924152433872e-05
2.189698279835283756e-04
2.827645175784709863e-06
1.084578980226069689e-05
2.353676973143592477e-05
1.647543103899806738e-04
2.423310252197552472e-05
7.706682481511961669e-06
5.954825155640719458e-06
5.500094266608357430e-04
9.601582860341295600e-06
3.251427358463843120e-07
8.030897378921508789e-02
6.851626676507294178e-05
2.440709977236110717e-05
1.530613985778472852e-06
7.945642209961079061e-06
2.769573256955482066e-06
3.292535257060080767e-05
4.742851160699501634e-07
3.262682876083999872e-04
2.669485547812655568e-05
4.453678172922082013e-07
1.853590365499258041e-03
3.256114496252848767e-06
1.650647504902735818e-06
5.957389817012881394e-07
1.013569926726631820e-04
2.075098109344253317e-06
9.893660291027117637e-08
1.927508856169879436e-03
2.544531344028655440e-05
5.938999674981459975e-05
2.251804107800126076e-03
4.372352559585124254e-04
1.032167529047001153e-05
2.903981624058360467e-07
2.260284236399456859e-05
1.105082192225381732e-04
4.801929208042565733e-06
9.472589681536192074e-07
9.618996955396141857e-06
2.532274811528623104e-05
9.240962390322238207e-05
4.821097263629781082e-07
8.194674737751483917e-04
5.656555877067148685e-04
1.800214340619277209e-05
6.505946998913714197e-07
3.233024108340032399e-05
1.311595551669597626e-04
2.736795577220618725e-04
4.626971531251911074e-06
1.794093986973166466e-05
7.662181742489337921e-04
5.023423727834597230e-05
2.604024757602019235e-06
1.741947016853373498e-06
1.001447617454687133e-05
2.150295586034189910e-06
2.556363142502959818e-06
1.516633710707537830e-05
5.902644716115901247e-06
3.341020550578832626e-03
5.611883243545889854e-04
3.408305565244518220e-05
8.436095231445506215e-05
3.260032372054411098e-06
7.015519076958298683e-05
5.655951099470257759e-06
9.310868335887789726e-06
5.117989871905592736e-07
4.078260189999127761e-06
1.408170937793329358e-04
2.089686631734366529e-06
6.172285648062825203e-04
3.873717214446514845e-04
5.168087591300718486e-05
1.276833472729776986e-06
6.304848648142069578e-05
1.639897345739882439e-05
5.220090770308161154e-06
1.088728968170471489e-04
6.463818635893403552e-07
4.338870098763436545e-07
2.703975769691169262e-05
1.451148455089423805e-05
1.645339216338470578e-05
1.713707888484350406e-06
2.195255132392048836e-03
1.626024641154799610e-05
1.086862084775930271e-05
4.818507932213833556e-06
2.404322458460228518e-06
6.273524377320427448e-06
1.042013755068182945e-03
2.897617605412960984e-06
8.889133459888398647e-05
5.729154963773908094e-07
2.444204073981381953e-05
2.892542979680001736e-04
1.156721555162221193e-05
7.761988672427833080e-04
2.127684638253413141e-05
6.244420073926448822e-03
1.974725273612421006e-05
3.367216049809940159e-05
6.461202701757429168e-06
6.087407200539018959e-06
3.782742624025559053e-06
1.609659375390037894e-05
7.977859240781981498e-06
3.024003308382816613e-05
4.819263995159417391e-05
1.384078950650291517e-05
1.280167634831741452e-04
5.064728156867204234e-06
3.535559881129302084e-05
3.686439640659955330e-06
1.171610051642346662e-06
1.983760853363492060e-07
4.572263605950865895e-06
9.948258229997009039e-05
2.114758972311392426e-04
8.877116670191753656e-06
8.657381840748712420e-06
9.231092990376055241e-04
1.933078601723536849e-05
4.362435138318687677e-04
2.026184083661064506e-04
9.434446837985888124e-05
2.752000364125706255e-05
1.468674327043117955e-05
1.397789492330048233e-05
2.140589998589348397e-07
5.201048679737141356e-06
1.225611777044832706e-04
6.306907835096353665e-06
4.089131471118889749e-05
3.144945716485381126e-03
8.834576583467423916e-04
2.511277270969003439e-04
1.394550145050743595e-05
3.018955176230520010e-04
3.049380939046386629e-05
2.309135879841051064e-06
2.633125404827296734e-04
5.453090998344123363e-04
2.573741367086768150e-03
5.461168475449085236e-04
3.075811779126524925e-03
4.199282266199588776e-03
1.563917612656950951e-05
1.002227727440185845e-04
1.069288515509470017e-07
2.091524038405623287e-05
1.300244184676557779e-05
4.751070264319423586e-06
5.230310762271983549e-06
1.873017754405736923e-05
6.351519841700792313e-03
1.599058464307745453e-06
1.270195662073092535e-05
1.938738932949490845e-05
1.952105321834096685e-06
8.547682955395430326e-05
2.630627705002552830e-06
1.087148775695823133e-04
3.889256277034291998e-07
2.210675447713583708e-04
2.512854989618062973e-04
1.709182015474652871e-06
3.809513000305742025e-04
2.089915597025537863e-06
9.442317605135031044e-06
3.244651452405378222e-06
2.626613240863662213e-05
4.299814172554761171e-04
1.155345812439918518e-01
4.688093667937209830e-06
3.691574238473549485e-05
1.956928201707341941e-07
5.686447490006685257e-03
1.575496753503102809e-05
2.956476009785546921e-06
1.054512904374860227e-04
2.482612899257219397e-06
3.938623081012337934e-07
2.363261068239808083e-03
9.594593848305521533e-07
1.534935145173221827e-04
3.894713008776307106e-03
7.363512850133702159e-05
7.967088322402560152e-07
4.495715984376147389e-05
4.192645195871591568e-03
5.407869350165128708e-03
2.622596002765931189e-05
1.129048087022965774e-05
5.465751164592802525e-04
4.194496796117164195e-06
6.455015864048618823e-07
2.600065636215731502e-05
6.249934085644781590e-05
8.721867576241493225e-03
2.585300826467573643e-04
3.177623511874116957e-05
1.001691657620540354e-06
4.694424660556251183e-06
3.361380368005484343e-05
7.784994409121281933e-07
1.960880581464152783e-06
1.244558461621636525e-06
2.803832103381864727e-06
2.434411499052657746e-06
2.216782013420015574e-05
1.102405894926050678e-05
7.876363952163956128e-07
4.415735929796937853e-06
2.609550210763700306e-05
5.567998414335306734e-06
6.864235047032707371e-07
8.603474998380988836e-05
5.086740711703896523e-04
4.100505066162440926e-06
7.327067663709385670e-08
6.077352372813038528e-05
7.219067811092827469e-06
2.060825408989330754e-06
2.435786200294387527e-06
3.271054301876574755e-04
7.593995405841269530e-07
9.667991207606974058e-07
8.911448094295337796e-05
1.516779157100245357e-04
2.225889147666748613e-05
1.332961255684494972e-04
1.341870811302214861e-04
2.253650200145784765e-05
1.364341191947460175e-02
3.717120989676914178e-06
2.473928325343877077e-04
1.151814649347215891e-04
2.826972377079073340e-05
8.771946340857539326e-06
8.051305826484167483e-07
1.322852331213653088e-04
2.297884086146950722e-03
3.336537338327616453e-04
1.790199689821747597e-06
6.109455716796219349e-04
8.690233516972512007e-05
6.288284785114228725e-04
8.147913467837497592e-05
4.440033535502152517e-06
6.473273060692008585e-06
2.016301295952871442e-04
1.176735804619966075e-05
4.314494878053665161e-02
1.858750329120084643e-05
3.643215596675872803e-01
2.690709879971109331e-05
1.451317439205013216e-05
2.671692300282302313e-06
2.083603321807458997e-04
4.021042841486632824e-04
4.155968781560659409e-06
1.210395112138940021e-06
5.478350217913430242e-08
1.199132043439021800e-06
1.568380503158550709e-05
4.128232467337511480e-05
1.165093544841511175e-05
1.020298986986745149e-05
4.528323916019871831e-05
2.305579837411642075e-04
2.018156737904064357e-05
1.183289805339882150e-05
1.271393011847976595e-05
8.006177085917443037e-05
2.306650912942131981e-06
2.929487436631461605e-06
3.806631184488651343e-06
1.288161001866683364e-04
8.478722156723961234e-05
5.433281330624595284e-06
1.881335396319627762e-03
5.922707259742310271e-06
1.666125353949610144e-05
1.572903966007288545e-05
1.129002885136287659e-05
2.245259529445320368e-04
1.359309389954432845e-04
1.717158302199095488e-04
1.552666253701318055e-05
1.905450517369899899e-06
1.047472760546952486e-04
3.804317748290486634e-05
5.042106295150006190e-06
1.013823202811181545e-04
1.875723228295100853e-06
5.068241080152802169e-06
3.095057036262005568e-05
5.997316111461259425e-05
7.176978397183120251e-05
2.119532000506296754e-04
9.281488928536418825e-06
5.314964437275193632e-05
5.653548578266054392e-05
8.107283501885831356e-04
9.072104148799553514e-06
1.040187453327234834e-05
4.013093712273985147e-05
4.646395245799794793e-05
1.045343651639996096e-05
3.180773273925296962e-05
3.449986479608924128e-06
2.654412355695967562e-06
1.278339368582237512e-06
1.946481916093034670e-06
3.538283635862171650e-04
1.670463120717613492e-06
1.181142652058042586e-04
6.054513141862116754e-05
7.322591045522131026e-06
1.293425448238849640e-04
2.097656397381797433e-05
4.769977385876700282e-05
5.369469818106153980e-06
6.316472536127548665e-06
6.589571057702414691e-07
3.735684367711655796e-05
2.823844079102855176e-05
1.135380989580880851e-05
1.274538499274058267e-05
1.019333794829435647e-04
5.030087413615547121e-05
1.784883534128312021e-05
1.357564815407386050e-05
4.686853935709223151e-05
1.957972699528909288e-06
5.166611517779529095e-04
2.688091080926824361e-05
1.973299276869511232e-06
4.707676907855784521e-06
2.103578299283981323e-04
2.389588553342036903e-05
3.327728336444124579e-06
8.571600460527406540e-07
2.070257096420391463e-06
3.224876127205789089e-05
2.462547308823559433e-05
3.252424940001219511e-04
2.842959365807473660e-04
