8.074613288044929504e-05
3.215181277482770383e-05
2.132071858795825392e-05
5.791492185380775481e-06
8.231758693000301719e-05
8.619243203611404169e-07
8.643262390251038596e-07
6.582521109521621838e-06
7.484276466129813343e-06
7.771868695272132754e-06
4.236198378748667892e-07
2.540159766795113683e-05
1.512684593762969598e-05
1.169099323305999860e-05
1.482519337514531799e-06
1.658250880609557498e-06
9.466007213632110506e-07
2.320668727406882681e-06
2.246196345367934555e-05
2.381011427132762037e-06
1.241704268295507063e-07
3.313820329253758246e-09
8.294849749290733598e-07
9.026495717989746481e-06
4.921378717881452758e-07
1.931236738528241403e-06
6.844008566986303777e-06
6.011907680658623576e-05
1.905511453514918685e-05
1.219274281538673677e-06
2.314473476872080937e-06
9.077800204977393150e-04
9.242310625268146396e-05
3.404918302862824930e-08
6.777099201826786157e-07
5.400119675869063940e-07
9.555525139148812741e-06
1.069954760168911889e-05
1.588272311892069411e-06
2.648042209330014884e-05
2.182776188419666141e-05
1.001051828097843099e-06
1.601828080310951918e-05
1.037562469718977809e-06
7.728048331046011299e-06
3.632262348673975794e-07
7.665371413168031722e-06
3.143775074931909330e-06
1.271176006412133574e-05
1.133073169512499589e-06
1.663519810790603515e-07
3.500836828607134521e-05
5.199704446567920968e-06
1.127942368839285336e-06
1.897431843644881155e-06
4.968369012203766033e-06
2.926709157691220753e-06
1.056545897881733254e-05
1.061018451764539350e-06
8.986113471110002138e-07
1.031276951835025102e-05
2.342592233617324382e-05
1.169850020232843235e-05
9.954692359315231442e-07
1.321775357610022184e-06
5.999950190016534179e-06
1.214981330122100189e-05
1.007330297397857066e-06
2.342673951716278680e-06
9.482307063990447205e-07
1.635412445466499776e-06
5.079384663986274973e-06
6.900347671034978703e-07
1.331650537395034917e-06
9.333490424978663214e-07
5.588937710854224861e-06
5.038673862145515159e-06
1.219563455379102379e-05
3.564578946679830551e-06
7.420822839776519686e-06
4.340163783922434959e-08
2.672733216968481429e-07
1.020538775264867581e-06
1.221995375999540556e-07
1.189638609844223538e-07
2.112039965140866116e-06
1.253467689821263775e-05
7.850103429518640041e-05
2.234088606201112270e-04
2.023074330281815492e-07
4.768496637552743778e-06
6.411275421669415664e-08
1.089039827206761402e-07
1.159154862762079574e-06
1.925430988194420934e-04
1.211747502338766935e-08
1.344037855233182199e-06
1.017900285660289228e-05
4.235915582739835372e-07
1.205221110467391554e-06
4.380843893159180880e-05
4.958853878633817658e-06
1.414228609064593911e-05
7.072916332617751323e-07
2.085033520415890962e-05
1.805592728487681597e-05
1.281014010601211339e-05
8.410669920522195753e-07
9.311961548519320786e-06
1.629348116694018245e-05
6.102997303969459608e-06
1.357718974759336561e-05
1.380871981382369995e-04
5.066307949164183810e-06
1.030477214953862131e-04
5.397193490352947265e-06
3.413233571336604655e-05
2.211338312463340117e-07
4.906565300188958645e-05
4.989481749362312257e-05
5.965376039966940880e-04
4.118349170312285423e-04
5.103123257867991924e-04
7.656355592189356685e-06
1.390847901348024607e-04
5.425210019893711433e-06
2.075719821732491255e-04
1.977374040507129394e-06
6.451070930779678747e-07
1.059756300492153969e-06
5.003887417842634022e-05
1.473959287068282720e-06
4.266395308150094934e-07
9.004347134577983525e-08
9.190040941575716715e-07
7.222386955163528910e-08
1.670389247010461986e-05
1.047045756763509416e-07
2.690610934052983794e-08
2.460352561683976091e-07
3.633242897649324732e-07
7.394143608507874887e-07
1.585543607518502540e-08
6.625436071772128344e-06
1.660791895119473338e-05
7.993394319782964885e-06
1.032984187077090610e-06
8.628902833152096719e-06
1.577090102955480688e-07
4.708761878191580763e-07
1.394250921293860301e-05
3.749148618226172403e-06
3.765006795219960622e-08
3.648252970833709696e-07
2.563226644269889221e-07
1.509137860011833254e-06
1.278774789170711301e-06
4.448113486432703212e-07
7.920497182567487471e-07
1.140828999268705957e-06
1.968983980304983561e-07
1.313876509811962023e-06
7.592637757625197992e-06
1.659151052990637254e-06
1.383338030791492201e-06
3.042902676497760694e-07
9.380240157952357549e-07
3.749398956642835401e-06
8.834900313559046481e-07
4.305862603359855711e-06
2.785916706216085004e-07
7.485482456104364246e-06
7.934344466775655746e-06
1.468100253987358883e-05
8.561351933167316020e-06
5.194770551497640554e-07
1.248476678483712021e-06
4.156302111368859187e-06
5.976801621727645397e-04
4.251150585332652554e-06
5.958390261184831616e-07
2.056758603430353105e-05
4.931243893224745989e-07
2.213867446698714048e-06
8.027538456190086436e-07
1.389380145155882929e-06
7.465759495062229689e-07
3.741158707271097228e-06
1.122546109399991110e-05
7.804152119206264615e-05
5.195862584628230252e-08
2.969417892018100247e-06
8.608292887402058113e-07
1.817349470911722165e-06
2.273750169479171745e-06
1.335613160335924476e-05
1.291106059397861827e-06
6.791009923290403094e-07
1.079945263882109430e-06
5.281303288029448595e-07
5.005043931305408478e-06
4.772217835125047714e-06
4.728501153294928372e-06
2.653865749380202033e-06
1.439852098883420695e-06
6.227468247743672691e-07
6.535062198054220062e-07
5.227076940172992181e-07
3.697262854984728619e-06
2.225741582151385956e-06
1.178457569039892405e-05
7.413841558445710689e-06
2.618616008476237766e-06
5.256390522845322266e-07
9.126436140149962739e-08
2.560803977758041583e-06
1.897104425552242901e-06
2.596040530988830142e-06
6.652258548456302378e-07
6.106123237259453163e-06
1.505078017771666055e-07
1.904204395941633265e-06
7.262704002641839907e-06
3.320348469060263596e-06
3.350295628479216248e-06
2.222661578343831934e-06
1.760032404263256467e-07
4.135909330216236413e-05
8.844734111335128546e-06
5.504643354470317718e-07
3.669156853902677540e-07
1.108986816689139232e-05
5.127137683302862570e-06
1.015540760818112176e-06
6.634024316554132383e-07
1.039986614159715828e-06
3.801113507506670430e-06
3.314862169645493850e-06
1.028525389301648829e-06
2.079536471910614637e-07
2.497657078492920846e-06
3.666131078716716729e-07
8.155708201229572296e-06
9.560812031850218773e-06
6.590872203560138587e-07
1.630915176065173000e-05
3.818777986452914774e-05
6.050149750080890954e-07
3.550985275069251657e-05
2.949227564386092126e-06
1.319335387961473316e-05
4.115292176720686257e-05
2.056752350654278416e-07
4.968790562998037785e-06
3.375434243935160339e-05
1.166913307315553539e-06
1.989804331969935447e-06
1.299629843742877711e-06
1.260682779502531048e-06
1.696727736089087557e-07
1.141602979259914719e-06
1.560078089823946357e-06
1.539067966405127663e-07
4.797372525899845641e-07
4.625085807674622629e-07
2.678097644093213603e-06
6.950755278012366034e-07
2.445088739477796480e-06
1.581948163220658898e-05
7.295156137843150645e-06
1.925923015733133070e-06
8.499074510837090202e-07
6.825398941145977005e-06
6.445515282393898815e-06
6.784678703297686297e-07
2.627508592922822572e-06
5.284477424538636114e-07
2.396301397311617620e-06
5.237893219600664452e-06
9.848550689639523625e-06
4.861429715674603358e-06
3.692727659654337913e-06
5.332065939001040533e-06
5.601261250376410317e-07
4.249229277775157243e-06
3.638027919805608690e-05
9.515588885733450297e-07
7.061570158839458600e-06
1.996986384256160818e-06
8.000131401786347851e-07
1.296357652336155297e-07
1.021192565531237051e-05
2.783809350148658268e-06
4.164240507975591754e-08
2.366322405578102916e-06
2.520577254472300410e-05
1.275139038625638932e-05
1.109739059756975621e-05
2.198899528593756258e-05
4.555754458124283701e-06
1.289378474211844150e-06
3.146268863929435611e-05
2.411457217021961696e-06
1.406030037287564483e-06
5.332534328772453591e-06
1.956722854856707272e-07
7.404312327707884833e-07
1.988766598515212536e-06
2.012693130382103845e-06
6.166636694615590386e-07
1.742350104905199260e-05
2.272086567245423794e-05
1.124813252317835577e-06
2.445932977934717201e-06
3.205434722985955887e-06
1.817204793042037636e-05
1.155118667384158471e-07
6.909438980073900893e-06
2.893501687140087597e-07
1.329507259839601829e-08
9.157844260698766448e-07
3.608751285355538130e-06
2.678709734027506784e-07
2.307424438185989857e-07
1.561772023705998436e-06
2.902869937315699644e-06
5.138767988910331042e-08
2.229143683507572860e-05
1.873870132840238512e-05
1.087777316570281982e-03
8.896922736312262714e-06
6.260053851292468607e-06
1.167628056464309338e-06
2.549421042203903198e-04
1.434101159247802570e-05
4.768476173921953887e-07
5.940999017184367403e-07
2.211966148024657741e-06
1.579557283548638225e-05
2.100440639196676784e-07
1.808379920475999825e-06
1.198819465935230255e-02
1.375941210426390171e-03
4.613422788679599762e-06
2.303594374097883701e-05
2.128821324731688946e-05
2.894397084673983045e-06
1.767419774978407077e-07
5.485039582708850503e-05
1.877285512819071300e-06
4.848374715038517024e-07
5.871826402881197282e-08
1.234122777304946794e-07
1.505159161752089858e-06
1.111434721678961068e-05
1.681515755080909003e-06
1.889682243927381933e-05
1.104780822061002254e-04
1.723101490824774373e-06
2.468629190843785182e-06
5.318511284713167697e-06
1.585910285939462483e-05
2.026476613536942750e-05
3.113371576546342112e-06
4.198606802674476057e-06
1.128675648942589760e-05
1.971944811884895898e-06
1.139297637564595789e-05
2.159594941986142658e-06
1.202936488198247389e-07
2.697145475849538343e-07
8.391849632971570827e-07
1.323286414844915271e-04
3.198696867912076414e-05
6.399071480700513348e-06
2.891135011395817855e-07
5.527689950213243719e-07
1.079075900634052232e-05
3.673965920825139619e-06
2.565903514550882392e-06
1.111725737246160861e-06
8.961175126387388445e-07
5.263696948532015085e-06
1.144695715993293561e-06
1.221532812678560731e-07
6.106010550865903497e-05
7.496873308809881564e-07
5.054626512901450042e-07
1.057971985574113205e-06
2.810495789162814617e-04
6.724735721945762634e-04
7.574287708848714828e-03
9.594429138815030456e-05
1.029914801620179787e-05
2.775831126200500876e-05
8.126309694489464164e-05
9.311384019383694977e-06
7.045429083518683910e-05
7.125348474801285192e-06
3.858613126794807613e-06
2.257139328776247567e-07
4.749607342091621831e-06
3.028986128583710524e-08
1.306617836149825962e-08
5.873080510809813859e-08
7.847120286896824837e-08
5.320038781064795330e-06
6.712266440445091575e-06
1.087492546503199264e-05
5.537619927054038271e-07
1.167996629192202818e-06
1.405776401952607557e-06
4.890973214060068130e-04
9.714049156173132360e-06
2.255165099995792843e-06
1.295913389185443521e-04
2.633382791827898473e-07
1.102205601455352735e-06
6.649635452049551532e-06
4.414399518282152712e-05
9.080869176614214666e-07
4.090071888640522957e-05
3.331195557620958425e-06
6.537555600516498089e-05
1.840697404986713082e-05
1.053998676070477813e-05
7.653428838239051402e-06
1.994712874875403941e-05
6.455564289353787899e-04
1.869666266429703683e-05
3.754483259399421513e-06
1.314398474505651393e-07
1.116294129133166280e-06
9.509810183772060554e-07
5.786688689113361761e-06
2.034938952419906855e-04
1.123423935496248305e-04
7.655158697161823511e-06
2.078732904919888824e-06
7.066598755045561120e-07
1.001224154606461525e-05
2.711794195420225151e-06
1.803996269700292032e-06
2.355034439460723661e-06
1.046925081027438864e-05
2.723362013057339936e-05
3.993797577095392626e-07
4.692280526796821505e-06
4.262816510163247585e-04
8.537539883946010377e-07
5.764716661360580474e-06
6.544211146319867112e-07
9.778279945749090984e-07
1.403611690875550266e-06
1.077137767424574122e-05
7.794415432726964355e-05
8.194611837097909302e-06
6.245539225346874446e-06
4.377089862828142941e-05
2.042555570369586349e-05
1.845323458837810904e-05
1.398635845362150576e-06
1.169024108094163239e-04
1.139803230762481689e-02
2.107193286065012217e-04
3.862738253701536451e-07
2.544059185538571910e-08
6.722610592842102051e-01
7.069409912219271064e-05
1.430300108040682971e-05
6.517156725749373436e-05
6.649794158875010908e-06
4.897846156382001936e-05
3.618250048020854592e-05
1.311580604124173988e-06
2.124126331182196736e-05
2.965277817565947771e-04
2.453342312946915627e-03
2.680926700122654438e-04
2.534827508497983217e-04
1.920154500112403184e-05
5.473796136357123032e-06
4.302962406654842198e-05
7.495483714592410251e-06
5.311819961661967682e-08
1.718131329653260764e-06
1.162918792374512122e-07
1.655210326134692878e-05
5.276015773415565491e-02
3.359484951943159103e-03
9.304778359364718199e-06
4.935481701977550983e-04
1.093670944101177156e-04
1.698473965916491579e-06
1.773258986759174149e-06
2.239429932160419412e-06
3.386946264072321355e-05
2.434123416605871171e-06
4.008809628430753946e-04
7.480516214855015278e-04
1.077527122106403112e-05
1.820879788283491507e-06
2.880945976357907057e-05
8.099469255284930114e-07
9.962281183106824756e-05
1.000177235255250707e-05
7.701118011027574539e-05
3.977206943091005087e-04
1.544551014376338571e-05
2.356818440603092313e-04
3.634095992310903966e-05
9.846145985648036003e-06
7.984481271705590189e-06
5.108995082991896197e-06
2.156915115847368725e-06
1.293021523451898247e-05
1.695555147307459265e-05
1.189646136481314898e-04
4.393219569465145469e-05
6.111719994805753231e-04
2.521427177271107212e-06
9.091197716770693660e-05
8.762635275161301252e-07
1.049215916282264516e-05
2.564268299920513527e-07
2.244928367645115941e-07
4.125326086068525910e-06
5.334698016667971388e-07
2.764882810879498720e-04
1.321134641329990700e-05
1.075704176400904544e-06
6.621023658226476982e-07
5.709568426937039476e-07
3.096991179063479649e-07
7.527691195718944073e-06
1.363460090942680836e-03
8.128189620038028806e-06
6.799703442084137350e-06
1.190856622201863502e-07
4.335092380642890930e-04
2.844442678906489164e-05
5.115301178193476517e-07
2.187744456705331686e-07
6.669622962363064289e-06
6.515459972433745861e-05
1.027367125061573461e-05
2.056373915593212587e-07
1.471993982704589143e-06
1.001794345256712404e-07
1.732166765577858314e-06
7.427524337799695786e-07
2.052483978332020342e-06
2.155959737137891352e-05
1.078114019037457183e-05
2.342742227483540773e-04
1.639479771256446838e-03
1.218471697939094156e-05
1.643899486225564033e-05
2.620152145027532242e-06
1.367168897559167817e-05
1.788858207874000072e-04
6.341726984828710556e-04
9.022286976687610149e-04
9.628619181967223994e-07
6.547838324877375271e-07
2.817092718032654375e-05
1.669654125180386472e-06
1.396026578731834888e-03
8.610649047113838606e-07
7.229458424262702465e-04
6.201311407494358718e-06
6.047732662409543991e-03
8.638466511001752224e-07
1.265453556698048487e-05
7.185816230048658326e-06
1.258447355212410912e-06
2.328922846572822891e-06
1.073836642717651557e-06
4.323090252000838518e-06
7.298496029761736281e-08
8.539595910406205803e-06
1.392247941112145782e-04
1.217133249156177044e-03
2.639488457134575583e-06
7.847838787711225450e-06
5.299246822687564418e-06
1.110008524847216904e-04
2.179886912927031517e-03
1.280632204725407064e-06
3.591408312786370516e-05
5.107779657009814400e-07
3.160829237458528951e-06
3.574880793166812509e-06
5.344636065274244174e-06
3.818198877070244635e-07
4.776530433446168900e-03
2.651021350175142288e-05
3.985098373959772289e-06
3.241040928969596280e-07
3.526364935169112869e-06
9.374204091727733612e-03
1.553519410890658037e-07
9.728172472023288719e-07
2.176810266973916441e-05
1.901405266835354269e-05
3.446917844485142268e-06
1.752198731992393732e-04
2.006626345973927528e-05
9.045858860190492123e-06
4.166727594565600157e-04
3.462731183390133083e-05
1.336898912995820865e-05
2.483589923940598965e-04
4.497519512369763106e-06
6.189370196807431057e-06
1.089132979359419551e-06
1.338000292889773846e-04
1.579155878062010743e-06
7.861288759158924222e-05
1.245121893589384854e-05
3.258767719671595842e-06
2.345613669604063034e-03
4.251028713042614982e-06
5.049742867413442582e-06
1.220528474732418545e-06
8.158305718097835779e-06
7.860674668336287141e-05
9.363360732095316052e-06
1.913187361424206756e-06
5.301172677718568593e-06
9.850940614342107438e-07
7.407933026115642861e-06
2.478508349668118171e-06
3.372409480562055251e-07
4.064548702444881201e-04
4.208322081922233338e-07
3.218350320821627975e-05
6.918716430664062500e-02
2.262519501528004184e-06
6.176790066092507914e-07
2.747652179095894098e-04
3.103345989075023681e-06
4.424932171787077095e-07
3.282776742707937956e-04
2.807754754030611366e-06
5.292402960321851424e-08
6.712091271765530109e-05
5.330505700840149075e-06
1.832966177062189672e-06
1.209971196658443660e-05
3.980018448146438459e-07
2.203533767897170037e-06
2.978689508381648920e-06
1.119661101256497204e-04
3.141136257909238338e-04
1.108171090891119093e-06
2.485352706571575254e-05
2.381513468208140694e-06
4.182299733201944036e-07
2.320764906471595168e-05
2.687264668566058390e-06
3.086925744355539791e-06
2.271762696182122454e-06
2.412517687844228931e-06
2.281265324199921452e-06
1.599654933670535684e-04
5.312296707415953279e-06
5.012880706090072636e-07
2.351698071834107395e-07
6.144382496131584048e-07
8.283655915874987841e-05
4.890394393441965804e-06
9.393175446348323021e-07
4.473361343571014004e-07
1.399701868649572134e-04
1.742110725899692625e-05
1.053053165378514677e-05
1.367413351545110345e-04
8.826264092931523919e-06
8.975369382824283093e-06
6.476836460933554918e-06
1.784668256732402369e-06
1.772903829078131821e-06
8.446951142104808241e-06
5.550558489630930126e-05
1.370480049445177428e-06
2.443353645503520966e-03
5.084283657197374851e-06
1.931826091094990261e-06
1.793007697870052652e-07
5.406510535976849496e-05
1.176609544017992448e-06
8.801594376564025879e-04
2.635207692947005853e-06
1.258284319192171097e-04
4.707888700067996979e-03
1.220409292727708817e-03
1.027382859319914132e-05
2.082207720377482474e-05
9.302118087362032384e-06
2.193584805354475975e-06
4.311220180852615158e-08
3.530793264872045256e-06
3.820866822934476659e-06
7.681808201596140862e-04
1.723427703836932778e-05
1.335898360821374808e-07
2.004129812121391296e-03
1.375682586512994021e-06
1.340046674158656970e-05
1.803027844289317727e-04
7.469533898074587341e-07
7.865337465773336589e-07
1.982242423537172726e-07
1.408374487255059648e-06
1.099920154956635088e-07
5.452781260828487575e-05
7.504203240387141705e-04
3.326075329823652282e-06
1.958995380846317858e-05
2.321466672583483160e-05
2.529366247472353280e-05
5.032536591897951439e-06
3.867902478305040859e-07
3.062050154767348431e-06
1.074219289876054972e-05
2.917776000685989857e-04
1.166620080539360060e-07
2.599835279397666454e-04
2.622247166073066182e-06
2.260227221995592117e-03
7.229554739751620218e-06
5.816363568555971142e-07
3.923717304132878780e-05
3.050808743410016177e-07
7.997134048309817445e-07
3.195527042976209486e-08
5.649603917845524848e-05
4.845994408242404461e-05
8.259284659288823605e-04
5.487540329340845346e-05
3.041903028133674525e-06
2.932755478468607180e-06
1.187222369480878115e-05
1.107213051909639034e-06
4.318345361298270291e-07
1.738513333293667529e-06
9.407307516084983945e-06
1.039951348502654582e-05
2.603438815640402026e-06
2.812157617881894112e-06
1.804249186534434557e-04
3.066528506678878330e-07
1.274251029826700687e-03
7.692620783927850425e-06
1.043399535660682886e-07
7.867266162975283805e-07
1.483814912717207335e-06
3.300435855635441840e-05
2.280746258520593983e-07
1.911946310428902507e-05
2.854337708413368091e-06
8.766832615947350860e-05
3.281680847067036666e-06
5.082791176391765475e-06
2.778555199256516062e-06
8.339800115209072828e-05
4.567663199850358069e-05
1.265578362108499277e-06
1.009256448014639318e-04
2.733747242018580437e-04
5.424001938081346452e-05
7.781865861034020782e-06
3.074412688874872401e-06
1.097197809940553270e-06
9.234319691131531727e-07
6.352228865580400452e-06
9.344435625280311797e-07
5.293784663081169128e-03
1.238860750163439661e-05
1.430676661584584508e-07
8.166186376001860481e-07
5.622119260806357488e-06
5.160589353181421757e-04
8.968593552708625793e-03
5.557976692216470838e-06
4.809218444279395044e-05
1.016627065837383270e-04
2.880153479054570198e-04
1.823199454520363361e-06
4.297397390473634005e-05
1.244863029569387436e-03
4.782050091307610273e-04
3.084540730924345553e-05
2.162044893339043483e-06
7.445726623700466007e-06
7.831920811440795660e-06
1.181801849270414095e-06
4.773312411998631433e-07
7.841416049814142752e-07
4.413203350850380957e-05
2.308739340151078068e-06
4.238057590555399656e-05
1.760144077707082033e-04
3.064410520892124623e-06
3.182267619195044972e-06
4.242786872055148706e-06
1.906923898786772043e-07
5.105795025883708149e-06
2.178155591536778957e-05
2.039013634203001857e-05
1.605598954483866692e-04
3.540122506251464074e-08
2.499452602933160961e-05
7.186316452134633437e-06
1.077285742212552577e-05
3.402112440653581871e-07
1.071464453161752317e-06
3.576793915271991864e-06
7.773418531087372685e-08
6.882225534354802221e-06
2.373646452724642586e-07
1.201834038511151448e-06
1.632126554795831908e-06
4.316194008424645290e-06
3.394614614080637693e-04
4.808672429135185666e-07
6.231190054677426815e-04
9.794389188755303621e-05
4.631207775673829019e-05
1.746426569297909737e-04
1.371465941701899283e-06
7.112160460565064568e-07
1.044175945708047948e-07
7.244527751026907936e-07
4.716073817689903080e-05
1.838459525060898159e-06
8.766748214839026332e-05
3.779797116294503212e-04
1.973858161363750696e-06
3.311235457658767700e-02
2.082533501379657537e-05
7.059570179990259930e-06
8.836286724545061588e-06
7.683328003622591496e-04
1.134685517172329128e-04
6.752697117917705327e-06
6.649172973993699998e-06
1.047163241310045123e-04
8.102579158730804920e-06
2.788957681332249194e-05
5.333301942300749943e-06
4.833689308725297451e-05
1.206354909299989231e-06
3.003537813128787093e-06
2.865384885808452964e-05
8.087390451692044735e-04
1.375800002278992906e-05
6.940266466699540615e-04
1.151022388512501493e-05
9.448325727134943008e-06
2.099898119922727346e-05
1.371732651023194194e-06
1.387697266181930900e-04
1.211714814417064190e-03
1.048813806846737862e-03
2.247620373964309692e-02
1.104634953662753105e-03
3.546973166521638632e-04
1.049777296202591970e-07
1.481216459069401026e-04
1.306151943936129101e-06
1.535900793214750593e-07
3.231169785067322664e-06
3.306126245661289431e-06
5.870415407116524875e-06
2.820646659529302269e-05
2.650839087436906993e-05
1.422137756890151650e-05
5.154840982868336141e-05
5.949492560830549337e-07
4.449715561349876225e-06
1.592342232470400631e-05
2.523821967770345509e-05
9.513342774880584329e-06
2.606289490358904004e-05
9.256918565370142460e-05
2.324293433275670395e-07
8.734160701351356693e-07
1.195468030346091837e-06
6.343586846924154088e-07
1.483824803472089116e-06
2.901292418755474500e-06
4.701261332229478285e-06
4.042731234221719205e-06
1.014685039990581572e-06
1.899985218187794089e-04
1.975870691239833832e-05
1.160847386927343905e-04
5.967628112557576969e-06
4.897677285953250248e-07
9.536020115774590522e-07
2.461724507156759501e-04
1.914127324198489077e-06
1.257921212527435273e-05
1.231752776220673695e-06
5.103973776954262576e-08
2.069261608994565904e-05
7.666324677302327473e-07
8.043916022870689631e-05
4.706162508227862418e-05
5.779797720606438816e-05
1.927308403537608683e-06
4.182360135018825531e-05
1.013551582218497060e-06
1.240080655406927690e-05
3.187735046594752930e-06
4.013458692497806624e-06
3.828285571216838434e-06
7.661026756977662444e-05
4.481122232391498983e-06
1.580533717060461640e-05
1.324319782725069672e-05
6.194658635649830103e-05
4.272678052075207233e-05
1.322332536801695824e-06
1.688385168563399930e-06
2.628506308610667475e-06
6.951885552552994341e-06
4.294283644412644207e-05
3.653083695098757744e-06
3.267339707235805690e-05
2.568620038800872862e-05
9.761034743860363960e-05
6.076605059206485748e-04
2.162019336537923664e-05
1.202954445034265518e-03
7.804895722074434161e-05
8.727750537218526006e-05
1.916893961606547236e-05
7.446570634783711284e-06
4.636163794202730060e-06
5.170963959244545549e-06
1.066859840648248792e-04
4.320343941799364984e-05
5.764428715337999165e-05
7.460190772690111771e-06
2.265695948153734207e-04
8.486709702992811799e-06
4.613803685060702264e-05
3.633015921877813525e-06
1.040532310980779584e-06
2.686001607798971236e-06
2.592726559669245034e-05
1.370897052765940316e-06
3.522370388964191079e-05
7.077467671479098499e-06
3.857879200950264931e-04
4.097303644812200218e-06
4.329161311034113169e-05
5.782910193374846131e-06
4.294335376471281052e-04
2.561442670412361622e-05
5.393774335971102118e-05
1.465352170271216892e-06
2.558191044954583049e-05
5.491765477927401662e-05
7.811083264641638380e-07
7.482081855414435267e-05
5.114352916280040517e-06
1.412936285305477213e-06
4.663215077016502619e-05
1.449967112421290949e-05
1.203362844535149634e-04
4.595925418016122421e-07
1.816726398828905076e-05
6.272576342780666891e-07
7.949488644953817129e-05
1.064527805283432826e-05
1.885512119770282879e-06
2.691057716219802387e-06
5.582651738222921267e-06
1.185879227705299854e-05
9.008839697344228625e-06
2.250202669529244304e-06
3.053089585591806099e-06
4.980836010304301453e-08
3.973260754719376564e-04
3.520963218761608005e-05
1.409245851391460747e-05
1.823733441597141791e-06
2.904352964833378792e-03
8.804586832411587238e-05
6.155778828542679548e-05
1.325537334196269512e-03
1.059815440385136753e-05
5.208228831179440022e-04
1.884518860606476665e-05
1.059443638951051980e-05
4.048464688821695745e-06
