3.660256266593933105e-01
6.367062032222747803e-02
1.891980022192001343e-01
2.149494588375091553e-01
2.094024419784545898e-01
1.512320041656494141e+00
1.629484742879867554e-01
6.683726310729980469e-01
2.572695016860961914e-01
2.680352449417114258e+00
9.278373122215270996e-01
3.785991575568914413e-03
7.082144916057586670e-02
3.181985393166542053e-02
3.617006838321685791e-01
1.184528023004531860e-01
7.828524112701416016e-01
4.447653770446777344e+00
4.132100567221641541e-02
0.000000000000000000e+00
1.245231851935386658e-01
2.843859493732452393e-01
1.387321501970291138e-01
8.142883330583572388e-02
1.193209365010261536e-01
1.909389257431030273e+00
3.300032317638397217e-01
7.104597985744476318e-02
1.123495399951934814e-01
0.000000000000000000e+00
2.059206217527389526e-01
0.000000000000000000e+00
9.817597270011901855e-02
5.019261837005615234e-01
0.000000000000000000e+00
6.156113743782043457e-01
4.522626847028732300e-02
9.247182607650756836e-01
2.872380912303924561e-01
7.320176064968109131e-02
0.000000000000000000e+00
4.145290553569793701e-01
1.101940274238586426e-01
3.420862555503845215e-01
0.000000000000000000e+00
2.523003332316875458e-02
6.305356025695800781e-01
2.124174982309341431e-01
1.016567498445510864e-01
5.316483378410339355e-01
5.598513409495353699e-03
5.990586280822753906e-01
4.643278568983078003e-02
9.022416174411773682e-02
5.910250474698841572e-04
5.070015192031860352e-01
0.000000000000000000e+00
2.640575543045997620e-02
1.571544528007507324e+00
6.009141802787780762e-01
2.480235993862152100e-01
0.000000000000000000e+00
4.619125276803970337e-02
9.726589918136596680e-02
4.140802621841430664e-01
1.443122327327728271e-01
4.685123264789581299e-01
9.791346788406372070e-01
1.132609695196151733e-01
3.139387130737304688e+00
1.662352979183197021e-01
7.996769547462463379e-01
1.321541905403137207e+00
2.567451894283294678e-01
1.116343401372432709e-02
3.928809612989425659e-02
0.000000000000000000e+00
6.563689708709716797e-01
3.077785372734069824e-01
2.209733128547668457e-01
1.600972190499305725e-02
4.360904395580291748e-01
4.424515068531036377e-01
4.228591024875640869e-01
1.276816576719284058e-01
3.146319836378097534e-02
4.465375542640686035e-01
0.000000000000000000e+00
2.488696426153182983e-01
6.207287311553955078e-03
0.000000000000000000e+00
2.142480947077274323e-02
0.000000000000000000e+00
3.108420372009277344e-01
1.057493966072797775e-02
1.249841041862964630e-02
1.565892100334167480e-01
3.853926658630371094e-01
4.544713795185089111e-01
1.187660813331604004e+00
4.330350831151008606e-02
4.538503289222717285e-02
2.794267609715461731e-03
0.000000000000000000e+00
1.020147204399108887e-01
2.421103864908218384e-01
1.038151606917381287e-02
9.534047245979309082e-01
1.494783312082290649e-01
9.960154294967651367e-01
6.781195849180221558e-02
0.000000000000000000e+00
4.545444250106811523e-01
1.675876677036285400e-01
1.405014872550964355e+00
2.932582497596740723e-01
6.382647156715393066e-02
1.837406903505325317e-01
1.249836906790733337e-01
8.487348444759845734e-03
3.265754461288452148e+00
1.607522517442703247e-01
6.389776468276977539e-01
2.693541526794433594e+00
2.223587274551391602e+00
3.868129849433898926e-01
1.399688720703125000e-01
4.756630063056945801e-01
8.988294601440429688e-01
5.521560832858085632e-02
3.273160457611083984e-01
9.431946277618408203e-01
1.652293443679809570e+00
8.325671553611755371e-01
0.000000000000000000e+00
2.014675140380859375e-01
2.209997177124023438e+00
1.168012619018554688e-02
1.753295660018920898e-01
3.133994713425636292e-02
3.226199150085449219e-01
0.000000000000000000e+00
1.028529524803161621e+00
6.029558554291725159e-02
2.484699487686157227e-01
4.057703912258148193e-01
4.543473422527313232e-01
0.000000000000000000e+00
1.206279397010803223e-01
8.560463786125183105e-01
3.666892945766448975e-01
1.867260783910751343e-02
1.163503713905811310e-02
1.370161771774291992e-01
2.037635296583175659e-01
9.352063536643981934e-01
1.892671436071395874e-01
0.000000000000000000e+00
5.587248802185058594e-01
8.619054555892944336e-01
2.370704896748065948e-02
1.566151022911071777e+00
5.009991168975830078e+00
1.753891855478286743e-01
9.316800534725189209e-02
3.839504420757293701e-01
5.740877240896224976e-02
2.432393282651901245e-01
6.584142148494720459e-02
8.747123181819915771e-02
1.754718422889709473e+00
2.511343732476234436e-02
6.535125970840454102e-01
1.296146512031555176e-01
5.462595820426940918e-02
1.337133407592773438e+00
2.050287872552871704e-01
2.543272972106933594e-01
9.062181413173675537e-02
7.859892845153808594e-01
1.037866249680519104e-01
1.013670682907104492e+00
9.103455543518066406e-01
1.443456858396530151e-01
4.548337683081626892e-02
4.632570743560791016e-01
7.264625430107116699e-01
2.098832577466964722e-01
3.846772313117980957e-01
1.928598284721374512e-01
1.351709067821502686e-01
2.128428220748901367e-01
4.925412535667419434e-01
7.180294394493103027e-02
3.813593983650207520e-01
1.374351140111684799e-02
1.614418774843215942e-01
2.803166955709457397e-02
7.843796908855438232e-02
2.673258185386657715e-01
0.000000000000000000e+00
5.562480166554450989e-02
2.838934399187564850e-02
1.244462966918945312e+00
1.631287783384323120e-01
4.496095180511474609e-01
1.356492489576339722e-01
6.528597474098205566e-01
7.299733906984329224e-02
4.162699282169342041e-01
1.158797144889831543e-01
7.620905041694641113e-01
9.566091299057006836e-01
2.309634983539581299e-01
4.507851228117942810e-02
6.533718705177307129e-01
1.982097178697586060e-01
3.265256583690643311e-01
0.000000000000000000e+00
0.000000000000000000e+00
8.204445242881774902e-01
6.263414397835731506e-04
0.000000000000000000e+00
4.830466955900192261e-02
1.674412749707698822e-02
6.187052931636571884e-03
8.159302473068237305e-01
0.000000000000000000e+00
0.000000000000000000e+00
1.253623366355895996e-01
1.004511475563049316e+00
3.408105671405792236e-01
2.336821705102920532e-01
2.029099762439727783e-01
2.708567678928375244e-01
7.481389045715332031e-01
5.035556480288505554e-02
0.000000000000000000e+00
3.843218460679054260e-02
3.895233152434229851e-03
1.079771295189857483e-01
1.662755310535430908e-01
1.144036278128623962e-01
6.402765512466430664e-01
1.149164557456970215e+00
2.731664180755615234e-01
2.304218113422393799e-01
4.912225008010864258e-01
2.677100002765655518e-01
4.331276118755340576e-01
2.684098780155181885e-01
2.854883372783660889e-01
0.000000000000000000e+00
4.153860807418823242e-01
1.724730879068374634e-01
1.167331486940383911e-01
1.168124556541442871e+00
0.000000000000000000e+00
3.042670786380767822e-01
1.799367368221282959e-01
2.938304655253887177e-02
1.466662168502807617e+00
5.471780896186828613e-02
0.000000000000000000e+00
0.000000000000000000e+00
2.590952999889850616e-02
2.614893764257431030e-02
8.201515674591064453e-01
1.604215204715728760e-01
2.096469327807426453e-02
1.370926797389984131e-01
4.023975431919097900e-01
4.733835756778717041e-01
7.089637964963912964e-02
4.042501747608184814e-01
1.254335194826126099e-01
1.366998106241226196e-01
3.526578545570373535e-01
1.689687728881835938e+00
5.679551512002944946e-03
6.894968450069427490e-02
9.648412466049194336e-02
3.201393038034439087e-02
0.000000000000000000e+00
0.000000000000000000e+00
6.080492734909057617e-01
1.900825023651123047e+00
6.951375603675842285e-01
7.431516051292419434e-01
1.050704065710306168e-02
1.257784478366374969e-02
4.028159976005554199e-01
1.041188240051269531e+00
1.071278572082519531e+00
2.270427703857421875e+00
4.425313770771026611e-01
2.818458946421742439e-03
4.322488605976104736e-01
2.324131488800048828e+00
1.103565916419029236e-01
7.279441952705383301e-01
1.282494366168975830e-01
2.674160292372107506e-03
5.542411003261804581e-03
4.087379276752471924e-01
2.582724206149578094e-03
2.168728411197662354e-01
2.073823362588882446e-01
3.637056052684783936e-02
2.184043973684310913e-01
3.851086795330047607e-01
6.200240254402160645e-01
5.852603316307067871e-01
5.882783979177474976e-02
6.571196913719177246e-01
5.549578666687011719e-01
0.000000000000000000e+00
9.178498759865760803e-03
0.000000000000000000e+00
2.069648914039134979e-02
1.480175107717514038e-01
7.922333315946161747e-04
4.069431498646736145e-02
1.337797101587057114e-02
2.278500199317932129e-01
4.244599342346191406e-01
2.703300118446350098e-01
2.831940725445747375e-02
2.327044785488396883e-04
6.890843063592910767e-02
1.113200932741165161e-02
5.031688213348388672e-01
6.515191793441772461e-01
2.474487543106079102e+00
1.487130671739578247e-01
0.000000000000000000e+00
1.785450577735900879e-01
0.000000000000000000e+00
2.668169260025024414e+00
4.998450875282287598e-01
3.281296789646148682e-01
0.000000000000000000e+00
8.180613517761230469e-01
3.360332548618316650e-02
6.889284253120422363e-01
4.297507926821708679e-03
8.646062016487121582e-01
1.164056301116943359e+00
5.494025349617004395e-01
4.258304834365844727e-02
9.865874797105789185e-02
7.576233148574829102e-02
8.425925672054290771e-02
0.000000000000000000e+00
7.681102156639099121e-01
4.946922883391380310e-02
2.264462858438491821e-01
5.738396570086479187e-02
4.532300233840942383e-01
7.294546812772750854e-02
4.128099083900451660e-01
0.000000000000000000e+00
2.066929936408996582e-01
1.329909116029739380e-01
1.000065803527832031e+00
1.931887716054916382e-01
1.911333948373794556e-02
1.504738628864288330e-01
3.714365419000387192e-03
1.598156392574310303e-01
1.706108748912811279e-01
2.743854746222496033e-02
1.288835167884826660e+00
4.143413156270980835e-02
3.516421839594841003e-02
1.046432375907897949e+00
2.254557050764560699e-02
8.627614974975585938e-01
5.544636771082878113e-02
4.231224358081817627e-01
5.945324897766113281e-01
5.198546685278415680e-03
2.484520897269248962e-02
1.605170816183090210e-01
0.000000000000000000e+00
1.691158413887023926e-01
1.421954035758972168e-01
1.476208329200744629e+00
8.765716850757598877e-02
1.176057383418083191e-01
2.939985096454620361e-01
2.199640870094299316e-01
8.877820968627929688e-01
1.608442962169647217e-01
1.699556350708007812e+00
1.059876084327697754e+00
1.626038365066051483e-02
2.125288695096969604e-01
4.070817027240991592e-03
3.433824777603149414e-01
0.000000000000000000e+00
1.590616628527641296e-02
8.557537570595741272e-03
1.273748874664306641e+00
2.051938772201538086e+00
6.489600241184234619e-02
8.872540593147277832e-01
4.589603468775749207e-02
9.305011034011840820e-01
3.205952793359756470e-02
1.635961413383483887e+00
1.756205260753631592e-01
9.775885939598083496e-02
2.000955492258071899e-01
5.206412076950073242e-02
1.435638964176177979e-01
8.803154230117797852e-01
1.195604205131530762e+00
9.784805774688720703e-02
2.780480980873107910e-01
0.000000000000000000e+00
1.740823537111282349e-01
1.691678762435913086e-01
2.312931060791015625e+00
1.532770246267318726e-01
3.561506509780883789e+00
7.916463911533355713e-02
1.166663840413093567e-01
1.576606392860412598e+00
4.976554960012435913e-02
4.891442134976387024e-02
3.578650951385498047e-01
7.056429982185363770e-01
5.467365309596061707e-02
0.000000000000000000e+00
9.578887820243835449e-01
1.446152806282043457e+00
7.918593287467956543e-02
3.039573132991790771e-01
1.176870241761207581e-01
9.019614458084106445e-01
2.411731481552124023e-01
9.880802780389785767e-02
5.388386845588684082e-01
6.957913637161254883e-01
0.000000000000000000e+00
1.694523543119430542e-01
1.748325228691101074e-01
1.211222633719444275e-01
1.354796886444091797e-01
0.000000000000000000e+00
0.000000000000000000e+00
4.645132645964622498e-02
1.083054900169372559e+00
1.472168862819671631e-01
0.000000000000000000e+00
1.301346302032470703e+00
2.128813266754150391e-01
2.244027853012084961e-01
1.101584546267986298e-02
6.194604188203811646e-02
6.226867437362670898e-02
1.313632130622863770e-01
1.776951700448989868e-01
0.000000000000000000e+00
2.624570727348327637e-01
1.048570722341537476e-01
2.057117223739624023e-01
6.380895525217056274e-02
7.497796788811683655e-03
6.084007024765014648e-02
2.244015187025070190e-01
1.132636070251464844e+00
2.351323962211608887e-01
2.440799772739410400e-01
4.515050053596496582e-01
3.223489224910736084e-01
1.221008896827697754e+00
0.000000000000000000e+00
0.000000000000000000e+00
1.173462510108947754e+00
3.216328620910644531e-01
1.167529821395874023e+00
4.085265472531318665e-02
0.000000000000000000e+00
2.964377403259277344e-02
3.583393096923828125e-01
1.028421241790056229e-02
2.509572744369506836e+00
2.716771662235260010e-01
0.000000000000000000e+00
0.000000000000000000e+00
1.468281447887420654e-01
7.171303629875183105e-01
5.970315635204315186e-02
1.634753644466400146e-01
1.294265151023864746e+00
4.528276622295379639e-01
7.484391927719116211e-01
8.977956895250827074e-05
2.032583951950073242e+00
7.796225547790527344e-01
5.086755752563476562e-01
3.761778175830841064e-01
4.697804749011993408e-01
0.000000000000000000e+00
2.519618868827819824e-01
3.414967656135559082e-01
7.509714365005493164e-02
1.436303257942199707e-01
2.801756858825683594e-01
4.640127718448638916e-02
2.077498007565736771e-03
1.153168082237243652e-01
4.883664846420288086e-02
2.518600225448608398e-01
2.520407550036907196e-02
1.180510640144348145e+00
3.628366291522979736e-01
6.620255112648010254e-02
6.028546486049890518e-03
4.163433015346527100e-01
1.541711837053298950e-01
9.656098671257495880e-03
0.000000000000000000e+00
1.271618247032165527e+00
2.375826090574264526e-01
2.369303070008754730e-02
8.196442127227783203e-01
5.387286841869354248e-02
0.000000000000000000e+00
0.000000000000000000e+00
1.867786198854446411e-01
3.056554794311523438e-01
7.627864927053451538e-02
4.452277719974517822e-01
1.124602928757667542e-01
1.590951345860958099e-02
6.825425475835800171e-02
1.463797986507415771e-01
2.322827130556106567e-01
6.237400770187377930e-01
1.531266123056411743e-01
8.340229988098144531e-01
1.124569028615951538e-01
1.485901623964309692e-01
1.963030099868774414e-01
3.697053715586662292e-02
7.981092669069766998e-03
1.466411948204040527e-01
1.949285417795181274e-01
8.726459145545959473e-01
2.725986838340759277e-01
2.543155848979949951e-01
1.022375822067260742e-01
1.038756445050239563e-01
0.000000000000000000e+00
2.150231897830963135e-01
4.548532664775848389e-01
9.426216036081314087e-02
9.688360989093780518e-02
1.153091490268707275e-01
9.883543103933334351e-02
2.363805174827575684e-01
1.309973239898681641e+00
0.000000000000000000e+00
0.000000000000000000e+00
1.236598566174507141e-01
2.733614146709442139e-01
1.589269377291202545e-02
2.593978643417358398e-01
1.861952900886535645e+00
3.857736289501190186e-01
2.226864546537399292e-01
1.726467907428741455e-01
2.403978444635868073e-02
1.663166880607604980e-01
5.116247013211250305e-02
2.811952531337738037e-01
4.047713056206703186e-02
3.941157162189483643e-01
5.401977896690368652e-01
4.992815256118774414e-01
2.123164944350719452e-02
1.410626649856567383e+00
3.870952501893043518e-02
4.233524501323699951e-01
5.420219153165817261e-03
4.919797182083129883e-01
0.000000000000000000e+00
1.602447330951690674e-01
1.464529782533645630e-01
1.377357393503189087e-01
6.428088545799255371e-01
4.386980235576629639e-01
1.219405174255371094e+00
1.456580609083175659e-01
2.247577905654907227e-01
1.793503314256668091e-01
3.038192689418792725e-01
4.033762216567993164e-01
1.016528457403182983e-01
5.249123647809028625e-02
7.892088890075683594e-01
2.889532148838043213e-01
6.173608824610710144e-03
8.350667357444763184e-01
1.081687450408935547e+00
8.397662639617919922e-02
8.745791018009185791e-02
1.953923702239990234e-01
1.270644962787628174e-01
1.262651570141315460e-02
1.191311106085777283e-01
2.875284850597381592e-01
0.000000000000000000e+00
1.293881833553314209e-01
1.694423258304595947e-01
5.346510093659162521e-03
4.946061596274375916e-02
7.543118000030517578e-01
2.143372744321823120e-01
0.000000000000000000e+00
1.184456825256347656e+00
1.105791330337524414e-02
5.936274528503417969e-01
4.925695061683654785e-01
1.150702381134033203e+01
1.066657900810241699e+00
1.482856392860412598e+00
3.032588064670562744e-01
6.046770811080932617e-01
1.019770622253417969e+00
3.694948100019246340e-04
9.581415653228759766e-01
2.021670043468475342e-01
1.020542681217193604e-01
0.000000000000000000e+00
1.596122860908508301e+00
7.082004594849422574e-05
2.500315606594085693e-01
1.343001276254653931e-01
0.000000000000000000e+00
4.192100837826728821e-02
6.059609055519104004e-01
1.457483470439910889e-01
2.302758991718292236e-01
1.223185956478118896e-01
1.519923564046621323e-02
2.479010105133056641e+00
0.000000000000000000e+00
1.093441694974899292e-01
3.830341696739196777e-01
6.090418696403503418e-01
5.271396040916442871e-02
2.342778682708740234e+00
4.793073236942291260e-01
1.515649318695068359e+00
2.478059679269790649e-01
3.829827159643173218e-02
2.501764297485351562e-01
1.099086776375770569e-01
9.632820263504981995e-03
2.860561944544315338e-02
5.255725607275962830e-02
7.202168107032775879e-01
0.000000000000000000e+00
2.665013372898101807e-01
1.224454939365386963e-01
5.606169104576110840e-01
8.936045318841934204e-02
6.772920023649930954e-03
3.850792348384857178e-01
1.432868242263793945e-01
1.076068997383117676e+00
3.611200153827667236e-01
2.886733273044228554e-03
3.761923313140869141e-01
8.167455904185771942e-03
3.221616446971893311e-01
1.070043295621871948e-01
2.519742965698242188e+00
3.358178436756134033e-01
1.215411201119422913e-01
0.000000000000000000e+00
9.358489513397216797e-02
6.321970373392105103e-03
1.316342234611511230e+00
5.122739672660827637e-01
5.350666046142578125e-01
1.421848405152559280e-02
8.645536750555038452e-02
3.796429634094238281e-01
3.264598608016967773e+00
0.000000000000000000e+00
8.119982481002807617e-02
1.219299584627151489e-01
5.639664828777313232e-03
4.077528417110443115e-01
8.536339551210403442e-02
1.294847965240478516e+00
7.252901047468185425e-02
2.415105402469635010e-01
3.204512223601341248e-02
8.678745478391647339e-02
1.288289278745651245e-01
2.834195196628570557e-01
2.536063194274902344e-01
1.173197701573371887e-01
3.555135428905487061e-01
5.747528374195098877e-02
9.428002238273620605e-01
4.490415006875991821e-02
0.000000000000000000e+00
7.199002504348754883e-01
2.558506093919277191e-02
1.864198893308639526e-01
8.073252439498901367e-02
2.636380493640899658e-01
0.000000000000000000e+00
1.458453088998794556e-01
6.587793827056884766e-01
2.415482699871063232e-01
3.183463811874389648e-01
3.754517316818237305e+00
4.883018136024475098e-02
2.445837497711181641e+00
1.152152121067047119e-01
3.857797384262084961e+00
1.029229834675788879e-01
2.556405365467071533e-01
4.384041726589202881e-01
1.088049650192260742e+00
1.779070615768432617e+00
9.408010542392730713e-02
1.948027908802032471e-01
0.000000000000000000e+00
1.773708701133728027e+00
1.265609860420227051e+00
1.868293583393096924e-01
3.380266577005386353e-02
2.288186550140380859e-01
6.228612363338470459e-02
8.252215385437011719e-01
6.059626936912536621e-01
1.435548216104507446e-01
2.625567913055419922e-01
3.799132108688354492e-01
0.000000000000000000e+00
1.082984447479248047e+00
1.544167846441268921e-01
1.167058721184730530e-01
2.421029508113861084e-01
2.328940153121948242e+00
7.693402171134948730e-01
2.412067204713821411e-01
3.921722769737243652e-01
6.333614140748977661e-02
1.797940209507942200e-02
4.902713932096958160e-03
3.168265819549560547e-01
3.976193368434906006e-01
7.342503219842910767e-02
1.455520153045654297e+00
1.242828130722045898e+00
6.658030748367309570e-01
9.574393928050994873e-02
2.801868915557861328e-01
4.186068177223205566e-01
6.990750432014465332e-01
3.114293813705444336e-01
1.272430539131164551e+00
8.227964043617248535e-01
7.141823321580886841e-02
3.244469463825225830e-01
1.765548348426818848e+00
0.000000000000000000e+00
1.614276506006717682e-02
0.000000000000000000e+00
3.197105228900909424e-01
2.011011689901351929e-01
7.099246233701705933e-02
1.396403908729553223e-01
4.483525454998016357e-02
4.309081733226776123e-01
1.979040950536727905e-01
4.671235382556915283e-01
2.479993999004364014e-01
3.280433416366577148e-01
0.000000000000000000e+00
0.000000000000000000e+00
4.378684163093566895e-01
0.000000000000000000e+00
5.628255754709243774e-02
1.971438825130462646e-01
6.522476673126220703e-02
2.605685964226722717e-02
1.972576975822448730e-01
1.658264636993408203e+00
1.210948601365089417e-01
7.660916447639465332e-02
7.940017618238925934e-03
1.233433708548545837e-01
9.324793815612792969e-01
3.992963433265686035e-01
6.145051866769790649e-02
1.143420934677124023e+00
5.866038799285888672e-01
8.016029000282287598e-02
2.081077694892883301e-01
6.000500321388244629e-01
2.491199038922786713e-02
1.524347960948944092e-01
1.949127316474914551e-01
0.000000000000000000e+00
1.483366191387176514e-01
2.985513508319854736e-01
6.002551317214965820e-01
1.507413685321807861e-01
1.089535951614379883e-01
1.027080893516540527e+00
1.698058843612670898e-01
3.818674758076667786e-02
5.673224478960037231e-02
0.000000000000000000e+00
3.082329034805297852e-01
0.000000000000000000e+00
1.496127396821975708e-01
4.089041650295257568e-01
3.459892272949218750e-01
6.147221326828002930e-01
2.744608223438262939e-01
1.685208640992641449e-02
0.000000000000000000e+00
3.240001201629638672e-01
4.756768941879272461e-01
8.437824249267578125e-02
4.002891778945922852e-01
0.000000000000000000e+00
0.000000000000000000e+00
4.770573973655700684e-02
2.083497941493988037e-01
7.125360965728759766e-01
5.991507768630981445e-01
8.586140722036361694e-02
3.441211581230163574e-02
3.330942392349243164e-01
5.749822035431861877e-02
1.225283890962600708e-01
1.935304552316665649e-01
3.114866651594638824e-02
1.027319803833961487e-01
2.042327541857957840e-03
8.008582144975662231e-02
7.002474665641784668e-01
9.629485197365283966e-03
1.221102327108383179e-01
3.037389367818832397e-02
1.229236572980880737e-01
4.331297799944877625e-02
4.313452541828155518e-02
1.442347764968872070e-01
3.022349625825881958e-02
1.043760776519775391e+00
2.075385332107543945e+00
1.596341013908386230e+00
8.274678140878677368e-02
1.412723302841186523e+00
0.000000000000000000e+00
2.936666309833526611e-01
2.800089679658412933e-02
5.253587961196899414e-01
1.989198178052902222e-01
1.365373849868774414e+00
7.811712026596069336e-01
6.603477150201797485e-02
5.759011022746562958e-03
4.724337458610534668e-01
2.034829556941986084e-01
5.028352737426757812e-01
5.199760794639587402e-01
3.136464953422546387e-01
1.682905197143554688e+00
7.645428776741027832e-01
6.959964334964752197e-02
2.680756449699401855e-01
9.522571414709091187e-02
0.000000000000000000e+00
1.471278429031372070e+00
1.268547534942626953e+00
1.064965367317199707e+00
2.856003642082214355e-01
8.895966410636901855e-02
4.240950942039489746e-02
4.338371008634567261e-02
7.551917433738708496e-01
1.030112028121948242e+00
7.177418563514947891e-03
2.440421469509601593e-02
1.164553016424179077e-01
5.706146955490112305e-01
1.876827180385589600e-01
6.343939304351806641e-01
2.923320233821868896e-01
0.000000000000000000e+00
2.383778616786003113e-02
6.438373774290084839e-02
1.885085105895996094e+00
6.023041605949401855e-01
1.782349050045013428e-01
9.232877194881439209e-02
2.591316938400268555e+00
1.948518864810466766e-02
9.590352326631546021e-02
6.708328127861022949e-01
1.277843024581670761e-02
4.175579547882080078e-01
2.665645480155944824e-01
1.312950253486633301e-01
5.789798498153686523e-01
2.181796431541442871e-01
5.245416760444641113e-01
2.696663141250610352e-01
9.361727833747863770e-01
2.896785736083984375e-02
1.953004002571105957e-01
5.682645365595817566e-02
1.351806521415710449e-01
1.153698444366455078e+00
7.179375737905502319e-02
8.280226588249206543e-02
8.219779282808303833e-02
2.667621523141860962e-02
2.645178139209747314e-02
9.423165582120418549e-03
1.168682649731636047e-01
1.410188913345336914e+00
1.843379996716976166e-02
8.709267526865005493e-02
5.878791809082031250e+00
6.014415249228477478e-02
2.249755263328552246e-01
4.149831533432006836e-01
5.791824683547019958e-02
2.440752685070037842e-01
2.206193208694458008e-01
4.173596948385238647e-02
2.805530428886413574e-01
4.554067254066467285e-01
3.021514892578125000e+00
3.132136166095733643e-01
2.039059996604919434e-01
8.116699457168579102e-01
4.505118131637573242e-01
4.290544986724853516e+00
2.069869756698608398e+00
3.082875907421112061e-01
5.028257519006729126e-02
1.896914988756179810e-01
1.624040752649307251e-01
3.673616051673889160e-01
1.713223638944327831e-03
2.380822896957397461e-01
3.424852788448333740e-01
2.610328141599893570e-03
7.446988224983215332e-01
7.527391314506530762e-01
9.606192708015441895e-01
1.927840113639831543e-01
3.927625417709350586e-01
3.000911176204681396e-01
1.421820838004350662e-02
2.356804460287094116e-01
2.125879824161529541e-01
3.307850956916809082e-01
9.350898861885070801e-01
4.760032892227172852e-01
7.218813300132751465e-01
4.799600224941968918e-03
2.903189882636070251e-02
1.891630701720714569e-02
2.068589627742767334e-02
5.418794155120849609e-01
0.000000000000000000e+00
6.425271183252334595e-02
9.165761619806289673e-02
5.400300025939941406e-02
3.616641089320182800e-02
5.450550913810729980e-01
1.321908645331859589e-02
2.516685128211975098e-01
1.020592570304870605e+00
0.000000000000000000e+00
1.743598841130733490e-03
1.467331945896148682e-01
2.027030140161514282e-01
5.773345232009887695e-01
7.656310200691223145e-01
4.960532784461975098e-01
1.414333879947662354e-01
4.574386030435562134e-02
1.206838369369506836e+00
1.625771820545196533e-01
1.472798455506563187e-02
1.307332873344421387e+00
0.000000000000000000e+00
1.203006863594055176e+00
6.750834174454212189e-03
1.355987507849931717e-02
8.276548236608505249e-03
6.107283756136894226e-02
4.239517450332641602e-01
2.901222705841064453e+00
3.081419169902801514e-01
1.064602255821228027e+00
1.471230983734130859e+00
1.859771907329559326e-01
2.099688798189163208e-01
4.825155436992645264e-01
3.941398262977600098e-01
4.172739386558532715e-01
2.674592733383178711e+00
1.263934493064880371e+00
7.315829396247863770e-02
2.266955189406871796e-02
2.441995143890380859e-01
3.563430905342102051e-01
9.058018326759338379e-01
9.807586669921875000e-03
9.404487907886505127e-03
4.143432676792144775e-01
8.209397196769714355e-01
0.000000000000000000e+00
2.797382473945617676e-01
3.986119851469993591e-02
0.000000000000000000e+00
4.418101161718368530e-02
3.524987958371639252e-03
1.751434803009033203e-01
2.513113915920257568e-01
3.409938812255859375e+00
4.844101145863533020e-02
2.595325708389282227e-01
6.553618609905242920e-02
1.965490132570266724e-01
0.000000000000000000e+00
3.798530399799346924e-01
1.358750611543655396e-01
2.170790433883666992e+00
2.387432754039764404e-01
1.814730763435363770e-01
5.800450965762138367e-02
5.381532758474349976e-02
4.581334590911865234e-01
3.047289848327636719e-01
3.680188953876495361e-01
9.581410288810729980e-01
1.458772551268339157e-02
0.000000000000000000e+00
7.955611348152160645e-01
3.464252948760986328e-01
1.681128263473510742e+00
2.609445750713348389e-01
0.000000000000000000e+00
1.684203505516052246e+00
4.419730305671691895e-01
7.418600469827651978e-02
8.092862367630004883e-02
4.631949588656425476e-02
3.251828253269195557e-01
7.814155220985412598e-01
2.159200459718704224e-01
3.980336785316467285e-01
5.285789966583251953e-01
0.000000000000000000e+00
1.256329178810119629e+00
4.533050656318664551e-01
9.065539836883544922e-01
0.000000000000000000e+00
3.506011515855789185e-02
0.000000000000000000e+00
0.000000000000000000e+00
5.852804183959960938e-01
1.933799535036087036e-01
1.755446568131446838e-02
0.000000000000000000e+00
1.759817600250244141e-01
3.533435463905334473e-01
4.003289341926574707e-02
3.042794167995452881e-01
0.000000000000000000e+00
7.159511744976043701e-02
2.592199563980102539e+00
8.864864706993103027e-01
1.460694074630737305e-01
2.426427602767944336e+00
4.955839812755584717e-01
6.716024875640869141e-02
7.265688776969909668e-01
2.936513721942901611e-01
1.647341549396514893e-01
0.000000000000000000e+00
1.163993000984191895e+00
5.296280384063720703e-01
1.327636688947677612e-01
2.129035443067550659e-01
1.271531730890274048e-02
5.948931574821472168e-01
0.000000000000000000e+00
8.008850365877151489e-02
4.147772192955017090e-01
0.000000000000000000e+00
0.000000000000000000e+00
4.480278193950653076e-01
2.072097212076187134e-01
6.747921705245971680e-01
6.333870887756347656e-01
3.480469882488250732e-01
8.090981245040893555e-01
1.047454357147216797e+00
5.110837146639823914e-02
1.227617636322975159e-01
8.757817558944225311e-03
1.661941528320312500e+00
5.413791909813880920e-02
4.621513485908508301e-01
7.317856550216674805e-01
5.455398932099342346e-03
8.165379054844379425e-03
5.404594540596008301e-02
1.968270726501941681e-02
2.243565022945404053e-01
5.408479366451501846e-03
4.311785474419593811e-02
1.856078505516052246e+00
1.683198362588882446e-01
1.175619512796401978e-01
2.617122530937194824e-01
3.766680717468261719e+00
1.496184229850769043e+00
2.475498020648956299e-01
0.000000000000000000e+00
6.533914804458618164e-02
2.960260510444641113e-01
9.406796097755432129e-02
6.344820022583007812e+00
1.772142946720123291e-01
3.147636726498603821e-02
5.298134684562683105e-01
2.859213352203369141e-01
1.521990895271301270e-01
3.061319589614868164e-01
1.256813526153564453e+00
3.778867423534393311e-01
0.000000000000000000e+00
0.000000000000000000e+00
1.182731747627258301e+00
0.000000000000000000e+00
6.112536191940307617e-01
2.615723060443997383e-03
8.135350942611694336e-01
1.886674404144287109e+00
0.000000000000000000e+00
1.268635541200637817e-01
3.552897930145263672e+00
1.828667759895324707e+00
4.163501560688018799e-01
5.446451902389526367e-01
5.205606110394001007e-03
2.107320576906204224e-01
7.810382246971130371e-01
5.382667109370231628e-02
3.129736781120300293e-01
4.634260833263397217e-01
7.704214006662368774e-02
2.830749452114105225e-01
4.578807651996612549e-01
1.142506241798400879e+00
6.860947608947753906e-02
5.842471122741699219e-01
0.000000000000000000e+00
1.916351541876792908e-02
0.000000000000000000e+00
6.363710165023803711e-01
2.428916692733764648e-01
3.834251165390014648e-01
9.863705188035964966e-02
1.356002092361450195e-01
6.336849927902221680e-02
2.429601103067398071e-01
3.698849976062774658e-01
1.222645863890647888e-02
2.390665709972381592e-01
1.015396714210510254e+00
9.289359450340270996e-01
9.321581572294235229e-02
6.113823652267456055e-01
1.762021899223327637e+00
1.351297974586486816e+00
9.724568128585815430e-01
8.000121116638183594e-01
0.000000000000000000e+00
1.242902055382728577e-01
1.049675568938255310e-01
8.145064115524291992e-02
1.132168054580688477e+00
4.420678913593292236e-01
7.128434181213378906e-01
8.510524034500122070e-01
4.757168889045715332e-01
3.755753487348556519e-02
0.000000000000000000e+00
6.198581308126449585e-03
3.637955188751220703e-01
6.898884661495685577e-03
9.528417140245437622e-02
8.410503387451171875e+00
0.000000000000000000e+00
2.238630689680576324e-02
6.964221596717834473e-01
6.536015868186950684e-02
4.930663704872131348e-01
3.120006620883941650e-01
9.795490652322769165e-02
0.000000000000000000e+00
1.109005928039550781e+00
3.111136257648468018e-01
2.636467106640338898e-02
2.119368910789489746e-01
3.344661891460418701e-01
7.656430602073669434e-01
4.493677616119384766e-01
1.698590815067291260e-01
3.394883871078491211e-02
4.965146183967590332e-01
6.940854340791702271e-02
7.031071931123733521e-02
0.000000000000000000e+00
0.000000000000000000e+00
2.488108724355697632e-01
4.697941243648529053e-01
2.780160009860992432e-01
1.089636143296957016e-02
1.988371014595031738e-01
8.636663109064102173e-02
1.359627842903137207e-01
7.013324648141860962e-02
5.395432114601135254e-01
1.116989180445671082e-01
1.850347667932510376e-01
3.343986570835113525e-01
4.742726683616638184e-01
2.048967361450195312e+00
9.468538165092468262e-01
3.368872217833995819e-03
1.257531285285949707e+00
8.441778272390365601e-02
1.085867583751678467e-01
4.335684701800346375e-02
2.343517988920211792e-01
0.000000000000000000e+00
6.153645515441894531e-01
4.871713221073150635e-01
6.116067245602607727e-02
2.541117370128631592e-01
5.356680154800415039e-01
2.048025578260421753e-01
7.055462598800659180e-01
0.000000000000000000e+00
2.850965857505798340e-01
2.984457314014434814e-01
3.547625541687011719e-01
3.579608746804296970e-04
4.303037747740745544e-02
6.543238162994384766e-01
3.871636390686035156e-01
1.761033535003662109e-01
0.000000000000000000e+00
1.645237207412719727e-01
2.412290811538696289e+00
2.078384906053543091e-01
0.000000000000000000e+00
1.894268244504928589e-01
3.571793437004089355e-01
8.848533779382705688e-02
5.594202876091003418e-01
6.268207728862762451e-02
1.276744961738586426e+00
2.599178850650787354e-01
1.732684254646301270e+00
4.070027172565460205e-02
0.000000000000000000e+00
1.314034581184387207e+00
1.738108098506927490e-01
1.602814912796020508e+00
2.004890441894531250e-01
1.367544889450073242e+00
1.298265904188156128e-01
1.678071171045303345e-01
8.485306501388549805e-01
1.717078536748886108e-01
8.869861811399459839e-02
0.000000000000000000e+00
5.626114606857299805e-01
6.948114931583404541e-02
2.318613231182098389e-01
2.257324457168579102e-01
6.052489280700683594e-01
1.830774396657943726e-01
5.055160075426101685e-02
1.210498157888650894e-02
9.208734333515167236e-02
3.468060791492462158e-01
1.105703234672546387e+00
4.645464718341827393e-01
1.807735860347747803e-02
0.000000000000000000e+00
1.850353181362152100e-02
1.313335355371236801e-02
1.114282570779323578e-02
7.874969840049743652e-01
1.710053682327270508e+00
1.982310414314270020e-01
2.010500729084014893e-01
1.867594011127948761e-02
3.330527991056442261e-02
1.090816557407379150e-01
2.062306404113769531e+00
1.186235398054122925e-01
4.723864048719406128e-02
1.621028184890747070e-01
0.000000000000000000e+00
5.788360238075256348e-01
3.900294005870819092e-02
7.014843076467514038e-02
2.614536285400390625e-01
3.675850331783294678e-01
2.261254042387008667e-01
9.095036983489990234e-01
8.989390917122364044e-03
0.000000000000000000e+00
1.507093850523233414e-02
2.868689782917499542e-02
0.000000000000000000e+00
2.503423929214477539e+00
7.983466982841491699e-01
3.367611765861511230e-01
7.181430459022521973e-01
5.333597660064697266e-01
0.000000000000000000e+00
2.086928129196166992e+00
8.461669087409973145e-02
7.435148358345031738e-01
2.515515685081481934e-01
4.476662874221801758e-01
2.028108090162277222e-01
7.031514644622802734e-01
3.167589008808135986e-01
2.807430326938629150e-01
0.000000000000000000e+00
5.158351659774780273e-01
1.173722669482231140e-01
1.553017735481262207e+00
5.700264126062393188e-02
2.413094341754913330e-01
4.329203605651855469e+00
5.262855291366577148e-01
9.866170287132263184e-01
6.395697593688964844e-01
1.553830951452255249e-01
1.615675926208496094e+00
3.597549796104431152e-01
4.315860103815793991e-03
2.215516418218612671e-01
1.436459422111511230e-01
0.000000000000000000e+00
1.568253338336944580e-01
1.723976582288742065e-01
1.885378360748291016e-01
2.810507714748382568e-01
1.035478830337524414e+00
2.620333135128021240e-01
9.827270507812500000e-01
8.009335026144981384e-03
1.671658307313919067e-01
5.948446393013000488e-01
1.828568577766418457e-01
1.065045315772294998e-02
6.812870502471923828e-03
1.036492455750703812e-02
7.974539697170257568e-02
2.597190737724304199e-01
1.305023074150085449e+00
2.520324885845184326e-01
1.824328117072582245e-02
2.199261188507080078e+00
2.676740288734436035e-01
6.226505618542432785e-03
5.286998748779296875e-01
3.126175999641418457e-01
5.904910564422607422e-01
8.599229156970977783e-03
4.610763117671012878e-02
5.997611209750175476e-02
1.396325528621673584e-01
3.199609518051147461e-01
2.225887030363082886e-02
2.449935227632522583e-01
9.462749958038330078e-02
1.980935811996459961e+00
6.174281239509582520e-01
6.589090824127197266e-02
3.943181335926055908e-01
3.424549400806427002e-01
6.738925725221633911e-02
2.060292959213256836e-01
2.448485642671585083e-01
2.210862636566162109e-01
9.713211059570312500e-01
1.040670648217201233e-01
2.282142788171768188e-01
6.119181052781641483e-04
1.240836381912231445e+00
3.818564116954803467e-01
2.270082682371139526e-01
0.000000000000000000e+00
6.398714184761047363e-01
4.823576211929321289e-01
1.108323574066162109e+00
0.000000000000000000e+00
1.449731085449457169e-02
7.972920313477516174e-03
9.116554260253906250e-02
6.547799333930015564e-03
1.663339324295520782e-02
7.143176198005676270e-01
2.165327817201614380e-01
1.702097058296203613e+00
2.135105663910508156e-03
0.000000000000000000e+00
1.628401456400752068e-03
3.909114375710487366e-02
8.564618229866027832e-01
4.251155555248260498e-01
1.293194293975830078e-01
9.223304688930511475e-02
2.491449415683746338e-01
6.934434771537780762e-01
1.227120012044906616e-01
3.620612621307373047e-01
6.712073683738708496e-01
6.926191039383411407e-03
2.434008382260799408e-02
9.718934893608093262e-01
3.317005187273025513e-02
2.392904758453369141e-01
2.957257032394409180e-01
2.113567292690277100e-01
8.921198844909667969e-01
1.019525527954101562e+00
0.000000000000000000e+00
0.000000000000000000e+00
2.074668370187282562e-02
1.569930166006088257e-01
4.131922125816345215e-02
0.000000000000000000e+00
9.101804345846176147e-03
9.882672131061553955e-02
5.349729657173156738e-01
0.000000000000000000e+00
3.445152640342712402e-01
1.986327320337295532e-01
1.330110192298889160e+00
4.461679607629776001e-02
4.397068023681640625e-01
2.331038713455200195e-01
1.445792429149150848e-02
2.711543142795562744e-01
5.403295755386352539e-01
4.903449714183807373e-01
3.966578096151351929e-02
1.293410211801528931e-01
9.678281843662261963e-02
7.733652740716934204e-02
2.281864732503890991e-01
3.815401792526245117e-01
0.000000000000000000e+00
3.181886076927185059e-01
3.953032195568084717e-02
6.216932833194732666e-02
3.546361029148101807e-01
7.285189032554626465e-01
1.279380917549133301e-01
1.895096898078918457e-01
1.005885154008865356e-01
0.000000000000000000e+00
1.313049316406250000e+00
6.507194042205810547e-02
5.212761089205741882e-02
2.831885218620300293e-01
2.476589381694793701e-01
4.049797058105468750e-01
3.916772603988647461e-01
1.364811789244413376e-02
1.487062573432922363e-01
0.000000000000000000e+00
0.000000000000000000e+00
7.048609200865030289e-03
1.613143980503082275e-01
7.484324574470520020e-01
8.564107120037078857e-02
0.000000000000000000e+00
2.972204983234405518e-01
4.027778506278991699e-01
1.345798466354608536e-02
3.334945440292358398e-01
1.330237463116645813e-02
8.286559022963047028e-03
1.096889734268188477e+00
2.792525291442871094e-02
2.468395680189132690e-01
1.296140719205141068e-03
9.341827034950256348e-02
8.633778244256973267e-02
5.810610055923461914e-01
8.138371706008911133e-01
9.953172504901885986e-02
1.663379549980163574e+00
2.017369568347930908e-01
2.655000984668731689e-01
9.010024070739746094e-01
1.115591883659362793e+00
3.922742009162902832e-01
6.883651614189147949e-01
9.585608839988708496e-01
5.414974689483642578e-01
0.000000000000000000e+00
0.000000000000000000e+00
3.510640526656061411e-04
1.377122551202774048e-01
2.358172535896301270e-01
9.343463182449340820e-02
5.966785922646522522e-02
1.537220478057861328e-01
1.408001333475112915e-01
4.036299228668212891e+00
0.000000000000000000e+00
1.282542943954467773e+00
1.402099728584289551e-01
5.152093768119812012e-01
6.220773458480834961e-01
6.813724525272846222e-03
1.609876155853271484e+00
6.290509551763534546e-02
2.927992045879364014e-01
4.237717017531394958e-02
4.303254187107086182e-01
6.859443783760070801e-01
6.462243618443608284e-04
2.619988322257995605e-01
2.877024700865149498e-03
4.105753451585769653e-02
2.572667896747589111e-01
2.659938633441925049e-01
0.000000000000000000e+00
2.605059444904327393e-01
0.000000000000000000e+00
1.146266818046569824e+00
2.037704437971115112e-01
6.915376335382461548e-02
5.341409146785736084e-02
6.398680210113525391e-01
1.618264913558959961e+00
2.757794782519340515e-02
2.118957638740539551e-01
2.596805989742279053e-01
4.945963248610496521e-02
5.279183387756347656e-03
2.307643890380859375e-01
0.000000000000000000e+00
2.547572180628776550e-02
2.696175575256347656e-01
2.740806154906749725e-02
6.598222851753234863e-01
2.563702762126922607e-01
5.569338202476501465e-01
1.147615432739257812e+00
5.743589997291564941e-01
4.048249125480651855e-02
2.984921932220458984e-01
4.516485333442687988e-02
1.232334822416305542e-01
2.561089694499969482e-01
8.806594014167785645e-01
2.650895416736602783e-01
1.288419812917709351e-01
2.281946390867233276e-01
6.803236901760101318e-02
1.685020029544830322e-01
2.072551101446151733e-02
0.000000000000000000e+00
0.000000000000000000e+00
4.649969637393951416e-01
9.900700300931930542e-03
9.236498922109603882e-02
3.235025107860565186e-01
7.574113458395004272e-02
8.072553575038909912e-02
5.920857787132263184e-01
1.895657740533351898e-03
5.060418695211410522e-02
2.637903690338134766e-01
8.884048461914062500e-01
7.017518877983093262e-01
1.837094575166702271e-01
2.636011503636837006e-02
6.205267906188964844e-01
3.710527718067169189e-01
7.063204646110534668e-01
0.000000000000000000e+00
1.842742040753364563e-02
0.000000000000000000e+00
0.000000000000000000e+00
3.453875482082366943e-01
1.732420623302459717e-01
1.196485280990600586e+00
1.216368436813354492e+00
4.996198415756225586e-02
1.336646914482116699e+00
2.924153804779052734e-01
1.216848343610763550e-01
2.992446124553680420e-01
5.352212116122245789e-02
4.728139638900756836e-01
1.987599767744541168e-02
1.991199731826782227e+00
7.300887703895568848e-01
2.520045265555381775e-03
8.439581841230392456e-03
5.684282630681991577e-03
6.220571398735046387e-01
4.164458438754081726e-02
0.000000000000000000e+00
2.929614111781120300e-02
1.626740396022796631e-02
1.412289261817932129e+00
2.595527172088623047e-01
7.717931270599365234e-01
2.578589916229248047e-01
2.758374437689781189e-02
1.303468585014343262e+00
6.707023978233337402e-01
6.400920152664184570e-01
7.553299888968467712e-03
8.559952676296234131e-02
4.093609154224395752e-01
1.589469015598297119e-01
2.374312132596969604e-01
2.357110977172851562e-01
6.325772963464260101e-03
1.714785337448120117e+00
0.000000000000000000e+00
2.912889122962951660e-01
9.788490086793899536e-02
5.604121461510658264e-02
8.706483244895935059e-02
8.347957134246826172e-01
5.367096140980720520e-02
3.838927745819091797e-01
1.053585767745971680e+00
8.691757917404174805e-01
6.586430221796035767e-02
1.350601792335510254e+00
2.336219847202301025e-01
2.838045544922351837e-02
5.688184499740600586e-02
2.373968251049518585e-02
7.377539761364459991e-03
1.376258730888366699e-01
3.729307949542999268e-01
1.454541385173797607e-01
5.469829309731721878e-03
0.000000000000000000e+00
2.963373064994812012e-01
4.451046288013458252e-01
5.388899445533752441e-01
1.025428026914596558e-01
0.000000000000000000e+00
0.000000000000000000e+00
0.000000000000000000e+00
1.264149785041809082e+00
3.750509917736053467e-01
4.330425581429153681e-04
1.066911816596984863e+00
1.325948722660541534e-02
0.000000000000000000e+00
6.386476755142211914e-01
1.013318002223968506e-01
3.892149403691291809e-02
0.000000000000000000e+00
2.134215831756591797e-02
1.060516953468322754e+00
9.288122504949569702e-02
1.374355912208557129e+00
1.666106730699539185e-01
6.085998058319091797e+00
3.644464313983917236e-01
1.008561253547668457e-02
1.309934020042419434e+00
9.966100752353668213e-02
3.251881301403045654e-01
3.791726529598236084e-01
6.096433103084564209e-02
4.910218715667724609e-01
4.925612509250640869e-01
0.000000000000000000e+00
2.891039289534091949e-02
0.000000000000000000e+00
1.273808121681213379e+00
1.186174631118774414e+00
3.319689631462097168e-01
6.676119286566972733e-03
6.148588657379150391e-01
3.186324238777160645e-02
5.980878323316574097e-02
4.044051766395568848e-01
3.660160005092620850e-01
0.000000000000000000e+00
1.243554711341857910e+00
3.666656017303466797e-01
6.115284562110900879e-01
4.044194519519805908e-02
2.018284946680068970e-01
5.394229292869567871e-01
4.096019566059112549e-01
0.000000000000000000e+00
2.788392603397369385e-01
1.145274117588996887e-01
7.338090986013412476e-02
9.328812360763549805e-01
5.485384464263916016e-01
8.153890371322631836e-01
5.449657514691352844e-02
3.585397303104400635e-01
1.131972074508666992e-01
1.006033346056938171e-01
1.104844093322753906e+00
2.239591032266616821e-01
9.812737815082073212e-03
5.652757287025451660e-01
5.064805746078491211e-01
2.489229738712310791e-01
1.104408204555511475e-01
6.757059097290039062e-01
0.000000000000000000e+00
3.079779744148254395e-01
3.899682685732841492e-02
8.930183202028274536e-02
0.000000000000000000e+00
0.000000000000000000e+00
7.621527910232543945e-01
5.895320698618888855e-02
0.000000000000000000e+00
0.000000000000000000e+00
1.160433411598205566e+00
8.225112408399581909e-02
4.123010337352752686e-01
2.614099681377410889e-01
5.829682350158691406e-01
0.000000000000000000e+00
4.312944114208221436e-01
1.912032514810562134e-01
2.730811387300491333e-02
1.272907376289367676e+00
2.837790250778198242e-01
0.000000000000000000e+00
1.709268987178802490e-01
0.000000000000000000e+00
2.748523652553558350e-01
4.718378067016601562e+00
3.280410892330110073e-04
1.198088973760604858e-01
0.000000000000000000e+00
3.425909876823425293e-01
1.354831457138061523e-01
1.298163644969463348e-02
1.958962678909301758e-01
1.321302801370620728e-01
7.112202644348144531e-01
1.032069563865661621e+00
3.474307954311370850e-01
2.150399051606655121e-02
1.580966636538505554e-02
6.092647910118103027e-01
1.599271595478057861e-01
2.278502285480499268e-01
0.000000000000000000e+00
3.786298632621765137e-02
9.255648404359817505e-02
0.000000000000000000e+00
3.753717988729476929e-02
1.039170846343040466e-01
4.353664517402648926e-01
2.259662002325057983e-01
7.373384833335876465e-01
2.387002855539321899e-01
5.931913480162620544e-02
3.349178731441497803e-01
2.771961688995361328e-01
2.098997831344604492e+00
9.274306297302246094e-01
4.521802365779876709e-01
1.027421057224273682e-01
4.196417704224586487e-02
5.840987432748079300e-03
8.840698599815368652e-01
3.703968226909637451e-02
1.493006944656372070e-01
8.350362628698348999e-02
0.000000000000000000e+00
1.716092467308044434e+00
1.331387013196945190e-01
5.744811519980430603e-02
7.446678280830383301e-01
1.476727873086929321e-01
3.757103383541107178e-01
1.671204805374145508e+00
3.648226559162139893e-01
5.925734341144561768e-02
7.087327539920806885e-02
8.295913785696029663e-02
1.878001451492309570e+00
6.220874190330505371e-01
3.379016518592834473e-01
3.578200340270996094e-01
9.836186170578002930e-01
2.072213217616081238e-02
8.219114542007446289e-01
2.298639714717864990e-01
3.818341996520757675e-03
0.000000000000000000e+00
4.505025148391723633e-01
0.000000000000000000e+00
3.867001831531524658e-01
6.843955516815185547e-01
1.111588478088378906e+00
6.519842147827148438e-01
3.496265783905982971e-02
2.305170893669128418e-01
6.149094924330711365e-02
1.137374401092529297e+00
6.653181463479995728e-02
1.763448953628540039e+00
3.940967321395874023e-01
4.953308403491973877e-02
1.117436528205871582e+00
1.954185776412487030e-02
5.770240351557731628e-02
1.031962037086486816e-01
3.469276130199432373e-01
2.798069715499877930e-01
4.555793702602386475e-01
1.038685441017150879e-03
6.724920868873596191e-02
3.520456850528717041e-01
9.748474508523941040e-02
0.000000000000000000e+00
7.297559827566146851e-02
2.074382752180099487e-01
4.796392098069190979e-02
2.765616634860634804e-03
1.832759380340576172e-01
5.321522057056427002e-02
3.126139044761657715e-01
2.734322547912597656e-01
3.216881304979324341e-02
3.338304907083511353e-02
4.403652250766754150e-01
2.700730860233306885e-01
1.178560853004455566e+00
4.135375022888183594e-01
4.383516907691955566e-01
0.000000000000000000e+00
2.701236605644226074e-01
9.960648417472839355e-01
0.000000000000000000e+00
0.000000000000000000e+00
5.372650176286697388e-02
6.838437169790267944e-02
6.155271083116531372e-02
9.379774332046508789e-02
1.421535164117813110e-01
3.768768012523651123e-01
1.611974239349365234e-01
1.320452243089675903e-01
3.176849707961082458e-02
4.594260156154632568e-01
5.198769569396972656e-01
0.000000000000000000e+00
3.524067997932434082e-02
7.498543709516525269e-02
1.888642460107803345e-02
4.544392824172973633e-01
0.000000000000000000e+00
1.428663283586502075e-01
7.723137736320495605e-01
8.461732864379882812e-01
7.885753177106380463e-03
1.892854869365692139e-01
1.669582277536392212e-01
3.775903955101966858e-02
1.042390167713165283e-01
2.545958161354064941e-01
3.437384068965911865e-01
1.143222093582153320e+00
8.559280037879943848e-01
2.479077316820621490e-02
0.000000000000000000e+00
3.040693104267120361e-01
7.359816879034042358e-02
5.689024552702903748e-02
3.326811268925666809e-02
7.874847203493118286e-02
9.770281910896301270e-01
5.964884757995605469e-01
4.493844807147979736e-01
1.660079956054687500e-01
9.254031777381896973e-01
0.000000000000000000e+00
9.666523337364196777e-02
7.895169854164123535e-01
0.000000000000000000e+00
0.000000000000000000e+00
4.405244588851928711e-01
1.165691670030355453e-02
1.231855805963277817e-02
5.004854202270507812e-01
0.000000000000000000e+00
2.036197662353515625e+00
1.119886934757232666e-01
1.367060840129852295e-01
4.171393811702728271e-03
4.680799841880798340e-01
0.000000000000000000e+00
6.050366163253784180e-01
7.751248478889465332e-01
3.952328860759735107e-02
1.201134681701660156e+00
4.454685375094413757e-02
5.811417102813720703e-01
1.509162131696939468e-02
7.255866378545761108e-02
4.943824186921119690e-02
1.104693021625280380e-02
2.240798771381378174e-01
1.410080909729003906e+00
0.000000000000000000e+00
1.143706366419792175e-01
9.421288222074508667e-02
8.305503726005554199e-01
0.000000000000000000e+00
1.783797591924667358e-01
1.855658292770385742e+00
2.018150836229324341e-01
5.654935836791992188e-01
1.755907386541366577e-02
2.680272236466407776e-02
1.295644640922546387e-01
2.809326350688934326e-01
1.360869765281677246e+00
7.091394811868667603e-02
0.000000000000000000e+00
3.616144955158233643e-01
2.600052356719970703e-01
3.858565539121627808e-02
3.743933916091918945e+00
7.833514809608459473e-01
5.644636154174804688e-01
2.312961369752883911e-01
8.033886551856994629e-01
8.471392840147018433e-02
3.573621511459350586e-01
1.735250055789947510e-01
1.290674209594726562e+00
3.532321751117706299e-02
1.142844930291175842e-01
9.402930736541748047e-01
1.421928256750106812e-01
6.778550893068313599e-02
3.185233771800994873e-01
1.073597550392150879e+00
0.000000000000000000e+00
0.000000000000000000e+00
0.000000000000000000e+00
3.790310323238372803e-01
3.193024098873138428e-01
2.767263650894165039e+00
7.709807902574539185e-02
0.000000000000000000e+00
3.566887080669403076e-01
1.204081624746322632e-01
3.217973411083221436e-01
4.300437495112419128e-02
5.021348595619201660e-01
5.880128145217895508e-01
1.650745749473571777e+00
1.115864142775535583e-02
5.996024236083030701e-02
1.145280361175537109e+00
1.109758391976356506e-01
1.249169558286666870e-01
1.221008524298667908e-01
1.771709620952606201e-01
1.023581344634294510e-02
2.234561294317245483e-01
4.239574670791625977e-01
0.000000000000000000e+00
2.163946151733398438e+00
2.454769760370254517e-01
2.506229579448699951e-01
7.860714942216873169e-02
2.317210733890533447e-01
7.107347249984741211e-02
6.491737961769104004e-01
6.296655535697937012e-02
5.332047343254089355e-01
1.952141672372817993e-01
4.973071045242249966e-04
1.791421473026275635e-01
2.019482135772705078e+00
0.000000000000000000e+00
5.346244573593139648e-01
3.486947119235992432e-01
0.000000000000000000e+00
4.624930024147033691e-01
2.061953783035278320e+00
1.851668804883956909e-01
6.996098160743713379e-01
6.194271445274353027e-01
5.650517344474792480e-01
1.936385154724121094e+00
8.661521971225738525e-02
8.348922431468963623e-02
5.266777873039245605e-01
9.329709410667419434e-01
5.765885114669799805e-01
1.359193585813045502e-02
4.771145284175872803e-01
