2.042437699856236577e-04
6.759678944945335388e-03
2.625996785354800522e-05
6.548777946591144428e-06
2.809592406265437603e-04
8.640628038847353309e-06
1.342347786703612655e-05
2.270199911436066031e-05
5.754821540904231369e-05
5.381094160838983953e-05
9.367277016281150281e-07
6.453864625655114651e-05
2.072196002700366080e-05
5.485520159709267318e-05
1.680201967246830463e-05
1.082702237908961251e-05
4.379225174488965422e-06
5.179561412660405040e-06
3.714394188136793673e-05
4.887657269136980176e-06
2.779824399112840183e-06
1.380115554638905451e-05
4.591695415001595393e-06
3.747230584849603474e-05
1.317801161349052563e-05
6.056557322153821588e-05
8.597114356234669685e-05
3.304819983895868063e-05
3.741863110917620361e-05
1.534370239824056625e-04
1.402708949171938002e-05
5.727156167267821729e-05
3.108405053353635594e-06
1.676036299613770097e-05
3.282583566033281386e-05
5.949909791524987668e-06
2.324807610420975834e-05
1.483234227634966373e-04
6.012377343722619116e-05
5.674406565958634019e-06
2.399524601059965789e-05
3.873234618367860094e-06
6.580537046829704195e-06
1.741579922054370400e-06
4.664291191147640347e-05
6.810580816818401217e-05
9.398654583492316306e-06
8.104932931018993258e-05
3.579018539312528446e-06
3.938762529287487268e-05
2.369387766520958394e-05
2.674633105925749987e-05
1.388184900861233473e-04
2.470052822900470346e-05
4.260641799191944301e-05
1.424614602001383901e-04
5.460358079290017486e-05
2.043159474851563573e-05
7.578598888358101249e-05
3.761491461773402989e-05
1.470375718781724572e-04
3.366667078807950020e-04
7.603296544402837753e-04
7.006125088082626462e-05
1.391848927596583962e-04
3.389026460354216397e-05
1.025353674776852131e-03
8.801458534435369074e-06
1.545343780890107155e-03
1.846434170147404075e-04
1.146021168096922338e-05
5.902636257815174758e-05
1.268378491658950225e-05
4.212172643747180700e-05
3.284143167547881603e-05
3.379713461981737055e-06
2.253332422696985304e-05
3.638524212874472141e-04
7.236154942802386358e-06
2.781362563837319613e-04
2.680207217053975910e-05
4.348364382167346776e-05
6.495825800811871886e-06
5.794657226942945272e-06
1.291163935093209147e-04
9.265445441997144371e-06
2.481617411831393838e-05
1.928968704305589199e-04
4.510644066613167524e-05
7.830252870917320251e-03
1.435429112461861223e-06
5.346496436686720699e-06
6.309954915195703506e-05
3.051680550925084390e-06
6.643740925937891006e-05
5.482409051182912663e-07
6.520689930766820908e-05
2.361955239393864758e-06
4.072701813129242510e-06
3.086173455812968314e-05
2.368493187532294542e-05
1.482108564232476056e-05
1.911104845930822194e-06
7.131551683414727449e-05
3.153039142489433289e-05
3.450019221418187954e-06
1.077013439498841763e-05
5.937675014138221741e-03
2.562711248174309731e-03
2.803005918394774199e-04
2.106346437358297408e-05
1.531437737867236137e-04
2.790600806474685669e-02
4.354203338152728975e-05
5.587843043031170964e-05
9.196340397465974092e-05
3.971623664256185293e-05
2.380473306402564049e-04
6.378622856573201716e-06
2.313666698228189489e-07
6.799816674174508080e-07
1.161955515271984041e-05
1.104825496440753341e-04
5.304019396135117859e-06
1.445186499040573835e-04
7.411628303088946268e-06
8.001673268154263496e-04
2.796849730657413602e-05
9.890245564747601748e-06
4.768358121509663761e-05
2.103606093442067504e-04
1.880228592199273407e-05
7.765305344946682453e-04
5.761633474321570247e-06
1.744776091072708368e-04
1.069282370735891163e-05
1.446546548322658055e-06
1.049301954481052235e-05
1.481812651036307216e-04
5.170702024770434946e-06
4.844046779908239841e-04
2.277490420965477824e-05
5.607091952697373927e-05
1.498185520176775753e-05
7.453139551216736436e-05
3.219126654130377574e-07
8.263432391686365008e-07
1.199009034280607011e-07
1.496474142186343670e-04
9.943130862666293979e-05
2.608686554594896734e-05
1.495861331932246685e-03
5.885556674911640584e-06
2.522790746297687292e-04
5.090263948659412563e-05
1.877302565844729543e-04
7.252704381244257092e-05
1.585105201229453087e-04
9.588427928974851966e-05
7.705807547608856112e-08
1.709728894638828933e-05
1.290210639126598835e-05
4.931094008497893810e-05
2.659652409420232289e-06
1.842602978285867721e-05
7.768248906359076500e-07
3.144696529489010572e-05
4.255125531926751137e-06
5.915844667470082641e-07
4.897194230579771101e-06
1.506860371591756120e-05
2.104300438077189028e-05
2.061443774437066168e-05
3.069612284889444709e-05
2.619207634779741056e-06
9.004338608065154403e-06
2.775070015559322201e-06
1.389668909723695833e-06
1.688179872871842235e-05
4.819656624022172764e-06
6.287054475251352414e-06
7.050378826534142718e-06
1.001589862426044419e-05
1.019937485580157954e-06
2.228360244771465659e-06
9.996137814596295357e-04
1.163715423899702728e-04
2.996218427142594010e-05
2.328393384232185781e-05
9.878848686639685184e-06
5.013798727304674685e-05
9.687627425591927022e-06
7.741308072581887245e-04
2.890216637752018869e-05
8.406051392739755102e-07
1.972694190044421703e-05
2.469144646966014989e-06
3.689332515932619572e-05
1.416567647538613528e-05
3.626952820923179388e-04
3.441335502429865301e-05
1.373484119540080428e-04
1.825598587856802624e-06
5.386050906963646412e-04
2.293490106239914894e-04
2.237815806438447908e-06
9.626671726437052712e-07
2.909531394834630191e-05
2.356882032472640276e-05
1.413321024301694706e-05
3.912582178600132465e-05
1.128118128690402955e-05
3.038196155102923512e-05
4.110449935978977010e-06
6.528875360345409717e-07
3.333397908136248589e-04
9.819242404773831367e-05
1.387332013109698892e-04
1.358415738650364801e-05
7.161563644331181422e-06
6.186554855958092958e-06
2.210647835454437882e-06
3.972358535975217819e-05
6.388960900949314237e-05
3.945065145671833307e-06
1.411811467733059544e-06
3.422031340960529633e-06
2.489101607352495193e-04
1.132792749558575451e-05
2.127121551893651485e-04
7.844142601243220270e-06
7.655709487153217196e-05
6.302713882178068161e-05
3.440500677243107930e-06
3.376298536750255153e-06
4.609948064171476290e-06
1.709747607492317911e-06
1.341302140644984320e-05
8.938612154452130198e-06
1.524270146546768956e-06
5.125866209709784016e-06
1.976210796783561818e-06
6.260722329898271710e-06
3.240322257624939084e-06
5.174219495529541746e-06
4.607041046256199479e-05
4.795732365892035887e-06
2.001734246732667089e-04
2.897569174820091575e-05
1.672649523243308067e-05
2.723624129430390894e-05
9.600020712241530418e-05
6.466941613325616345e-06
9.099598537432029843e-05
4.831302430829964578e-05
1.835012312767503317e-06
3.898690920323133469e-06
3.081798786297440529e-04
5.837925345986150205e-05
4.847316595260053873e-04
7.520887720602331683e-06
8.683592568559106439e-06
8.605870789324399084e-07
1.665205491008237004e-05
1.581899123266339302e-04
3.562647179933264852e-05
4.298905480482062558e-07
1.317786654908559285e-06
3.346409357618540525e-06
1.808589331631083041e-05
3.331894695293158293e-04
2.618037797219585627e-05
1.019686533254571259e-04
1.834846807469148189e-05
1.005129433906404302e-05
5.804048669233452529e-06
9.380682058690581471e-06
1.262899313587695360e-04
1.191777482745237648e-04
8.502316632075235248e-05
1.099578294088132679e-04
3.696760177263058722e-05
1.828701351769268513e-05
5.503013380803167820e-04
2.164075121982023120e-04
1.521557987871346995e-05
6.639686489506857470e-06
2.728709296206943691e-05
3.769368504435988143e-06
2.240596131741767749e-06
3.062972837142297067e-06
5.226790563028771430e-06
3.365781230968423188e-05
3.054077808428701246e-07
1.617660018382593989e-05
4.618593084160238504e-05
9.405281161889433861e-06
8.130537935358006507e-06
9.634165962779661641e-07
1.521084959676954895e-05
2.495286935300100595e-05
7.525293312937719747e-06
1.128687472373712808e-05
1.555387279950082302e-05
6.852922524558380246e-06
2.742438482528086752e-06
4.911398718832060695e-06
2.576571205281652510e-05
8.119783160509541631e-06
1.677866675890982151e-04
3.567857784219086170e-04
1.595370849827304482e-04
2.372577437199652195e-04
3.091061953455209732e-03
2.149175154045224190e-03
3.184587461873888969e-03
2.245382347609847784e-05
9.217733895638957620e-05
5.619209259748458862e-04
1.976336170628201216e-05
5.661909199261572212e-06
4.987878492102026939e-05
3.651390725281089544e-04
6.937175203347578645e-05
1.775980490492656827e-04
6.019628926878795028e-05
2.033424789260607213e-05
3.495787386782467365e-04
2.656359865795820951e-04
1.341073948424309492e-04
1.489716232754290104e-04
2.012810291489586234e-04
3.511578834149986506e-04
2.996352559421211481e-04
5.304752903612097725e-06
6.415485813704435714e-07
1.079739149645320140e-06
8.132402626870316453e-07
1.019014394842088223e-03
2.708022111619357020e-05
6.254835170693695545e-05
5.361163130146451294e-05
4.616655496647581458e-05
2.749311352090444416e-05
3.540754050845862366e-06
5.150206925463862717e-05
1.254216203960822895e-05
3.250444819968834054e-07
2.268254320370033383e-05
9.272428542317356914e-06
1.071213591785635799e-05
1.658908149693161249e-05
8.146592449520539958e-07
4.860567059949971735e-06
6.168198979139560834e-06
2.708148349483963102e-05
2.158887582481838763e-05
3.869728971039876342e-05
5.849204899277538061e-05
1.470405004511121660e-05
3.485294655547477305e-06
8.598837302997708321e-04
3.113984712399542332e-05
1.144170164479874074e-05
4.496252222452312708e-05
2.341842673558858223e-06
9.959401268133660778e-07
1.778565916765728616e-07
2.181693889724556357e-05
1.533492309135908727e-06
1.577268335495318752e-06
1.994997091969707981e-06
2.795030979996226961e-07
6.179685442475602031e-06
1.422327750333352014e-05
5.033146408095490187e-06
1.597653863427694887e-05
1.385465566272614524e-05
1.357336896035121754e-05
1.971231176867149770e-05
3.766310555874952115e-06
1.523201353847980499e-05
6.987645065237302333e-06
1.501557126175612211e-04
2.407176452834391966e-06
3.193843804183416069e-05
4.781607003678800538e-06
2.670022695383522660e-05
3.567564817785751075e-06
1.029839040711522102e-05
1.327820768892706838e-06
4.707360494649037719e-05
1.294046523980796337e-05
2.986852196045219898e-04
1.042864278133492917e-05
4.125760824535973370e-05
6.134218419902026653e-04
2.484584729245398194e-05
1.684273825958371162e-03
1.670311903581023216e-04
1.498571327829267830e-05
6.578924512723460793e-06
1.671562058618292212e-04
1.069191275746561587e-04
6.424147286452353001e-04
1.927528157830238342e-02
4.816704313270747662e-05
8.752534995437599719e-06
1.515382876959847636e-07
3.351061022840440273e-04
4.485237150220200419e-05
4.860571643803268671e-04
3.887376442435197532e-05
5.288876764097949490e-06
5.014105045120231807e-05
9.769397001946344972e-05
2.842786670953501016e-06
5.351884174160659313e-04
1.592451371834613383e-05
1.615312939975410700e-04
3.827269247267395258e-04
1.023532945509941783e-06
2.150047293980605900e-06
2.862540213754982688e-06
7.788403308950364590e-05
2.217467044829390943e-05
2.913209027610719204e-04
1.495991182309808210e-05
2.763038537523243576e-06
8.989923662738874555e-05
8.132833499985281378e-06
1.048473768605617806e-05
6.709062745358096436e-07
7.689795893384143710e-06
1.474851451348513365e-04
1.587326551089063287e-05
3.439791726123075932e-06
2.500131813576444983e-05
1.311123287450755015e-05
9.007086191559210420e-06
6.246078555705025792e-05
1.106515774154104292e-04
7.489934796467423439e-05
1.902172714471817017e-01
2.079368096019607037e-05
2.700114009712706320e-06
6.056174170225858688e-03
1.579591844347305596e-05
3.126274095848202705e-04
2.575898179202340543e-05
9.299395060224924237e-06
8.277171582449227571e-05
1.296765549341216683e-05
3.861395725834881887e-06
2.488275413270457648e-06
1.225386222358793020e-04
1.602573502168525010e-05
2.832344034686684608e-04
1.520223595434799790e-04
3.789466281887143850e-04
2.525527634134050459e-06
7.373360858764499426e-05
1.652829087106510997e-04
1.523269656900083646e-05
5.094020627439022064e-03
6.136166484793648124e-05
8.255504326371010393e-06
5.648404567182296887e-06
1.054542553902138025e-05
5.371372753870673478e-05
2.135439535777550191e-05
1.553010520183306653e-06
6.671368169008928817e-07
6.754838250344619155e-05
1.658228866290301085e-04
2.646934717631665990e-06
1.541441015433520079e-04
5.123567098053172231e-05
4.591998003888875246e-04
8.899662873318447964e-08
1.312048971158219501e-05
3.888625724357552826e-05
1.236481807609379757e-06
4.005339724244549870e-05
1.516197698947507888e-06
8.419866617259685881e-07
1.700171560514718294e-04
1.147095026681199670e-04
5.706509182346053421e-05
5.329953637556172907e-05
8.535126107744872570e-05
3.644789501322520664e-07
1.522626989753916860e-04
5.145570030435919762e-04
3.111840051133185625e-04
1.549834705656394362e-04
1.836729049682617188e-02
1.263198792003095150e-04
1.128351141232997179e-04
7.499308594560716301e-06
1.560376404086127877e-05
3.571897104848176241e-05
1.083232564269565046e-04
8.584186434745788574e-04
5.105651449412107468e-03
1.203551619255449623e-05
3.088215307798236609e-04
1.378362139803357422e-05
8.007112228369805962e-06
5.983958544675260782e-05
1.269660860998556018e-04
1.875259954431385268e-06
4.073473246535286307e-05
1.871546701295301318e-04
8.317492756759747863e-06
5.268161658023018390e-06
8.285309860411871341e-08
5.266032076178817078e-06
7.701719732722267509e-05
5.305820959620177746e-04
1.460116163798375055e-05
7.335000555031001568e-05
1.150361731561133638e-05
5.413400231191189960e-06
2.423429123155074194e-06
2.664953854036866687e-06
5.448207230074331164e-05
7.382661806332180277e-06
1.164263267128262669e-06
2.331589785171672702e-04
9.625350503483787179e-05
6.510791990876896307e-06
2.944526204373687506e-04
2.466800855472683907e-03
1.465541663492331281e-05
6.460361419158289209e-07
3.891029700753279030e-05
7.793526492605451494e-06
5.868560037924908102e-05
5.388519726693630219e-03
4.623656786861829460e-05
2.022015396505594254e-04
9.787091985344886780e-04
7.656468369532376528e-05
8.112576324492692947e-06
3.931774699594825506e-05
2.749015220615547150e-05
4.255344265402527526e-06
1.966708396139438264e-06
2.047246787697076797e-03
1.626969947210454848e-06
8.073481149040162563e-05
1.402656268328428268e-02
1.580762727826368064e-05
2.687663072720170021e-05
1.722277738736011088e-05
1.568984985351562500e-01
8.851087477523833513e-05
1.180287881652475335e-06
3.291860048193484545e-05
1.349818739981856197e-05
5.530587714019929990e-06
1.764953194651752710e-04
5.165423317521344870e-06
1.060752765624783933e-05
6.516680878121405840e-05
2.592852433735970408e-05
5.385997064877301455e-05
7.703515620960388333e-06
5.156441147846635431e-06
2.160564145015086979e-05
2.658257614029935212e-08
7.139446097426116467e-04
1.813498784031253308e-06
1.736537342367228121e-05
2.092309841827955097e-05
3.560535787983098999e-06
2.530566707719117403e-04
1.771759707480669022e-04
7.256327080540359020e-06
6.780487456126138568e-05
3.004422751473612152e-06
1.244722370756790042e-04
8.869981684256345034e-06
3.472867654636502266e-03
2.188276630477048457e-05
2.138608579116407782e-05
7.029294647509232163e-05
4.406094376463443041e-04
4.172340049990452826e-05
1.029503664540243335e-06
7.781292498111724854e-02
3.413083686609752476e-05
4.695888947026105598e-06
2.202597534051164985e-05
6.433953672058123630e-07
4.447621540748514235e-05
1.246264582732692361e-05
6.722884791088290513e-07
9.898729622364044189e-04
3.385513846296817064e-04
4.473063163459300995e-04
4.492349489737534896e-06
2.148622797903954051e-06
5.021605829824693501e-06
4.787682701135054231e-05
1.048126374371349812e-03
9.933212277246639132e-05
1.916052278829738498e-04
5.566038908000336960e-06
4.294292069971561432e-03
8.143761078827083111e-04
5.023265430281753652e-07
8.165085091604851186e-06
9.140503243543207645e-05
1.393857814946386497e-06
2.874719910323619843e-03
2.203705953434109688e-04
2.338703598070424050e-05
9.436421096324920654e-03
7.504717796109616756e-04
2.239084824395831674e-05
1.750142109813168645e-05
1.198491954710334539e-04
2.300741016370011494e-06
3.147764800814911723e-06
1.796608266886323690e-04
4.444435035111382604e-06
4.531998711172491312e-04
7.708094017289113253e-06
9.689474609331227839e-06
1.082790477084927261e-04
3.887999264406971633e-05
1.600681025593075901e-05
5.185690042708301917e-06
1.500700909673469141e-05
1.011519343592226505e-03
1.236115203937515616e-04
1.416305622115032747e-05
3.661099981400184333e-05
7.792683027219027281e-05
4.944892134517431259e-05
1.652571518206968904e-05
8.690055110491812229e-04
1.579537783982232213e-04
1.265685859834775329e-04
2.394601935520768166e-03
1.575118039909284562e-05
9.748544471221975982e-06
2.020386637013871223e-05
4.245138370606582612e-06
1.697068510111421347e-04
3.317004666314460337e-05
5.521525963558815420e-05
5.188846444070804864e-06
2.063495339825749397e-03
4.847859145229449496e-06
8.354630699614062905e-05
2.125658211298286915e-04
8.448454318568110466e-04
7.430148798448499292e-06
3.144072877603321103e-07
2.296434831805527210e-04
1.492914161644876003e-04
2.321477586519904435e-05
1.627925303182564676e-05
4.612065458786673844e-05
2.191062230849638581e-05
1.331567473243921995e-04
1.285605318844318390e-02
6.030002623447217047e-06
8.912445991882123053e-06
2.120232420566026121e-05
7.115780590538633987e-06
5.263870480121113360e-05
3.033138682440039702e-07
1.418151214238605462e-06
2.580643740657251328e-05
3.490430799502064474e-06
6.934334523975849152e-04
7.473584846593439579e-04
2.579315150796901435e-05
3.097262379014864564e-05
2.615791527205146849e-05
8.124666783260181546e-05
6.240510970201285090e-07
1.514588348072720692e-07
9.626883547753095627e-05
1.406329538440331817e-04
2.274076541652902961e-05
4.328011527832131833e-06
3.289169108029454947e-04
2.192984567955136299e-03
7.590595942019717768e-06
1.507017600488325115e-06
1.035060922731645405e-04
1.269360018341103569e-05
3.222511440981179476e-05
1.628125028219074011e-04
6.794378859922289848e-04
5.312909930944442749e-02
5.818308331072330475e-03
3.075664835705538280e-06
3.947526238334830850e-06
2.343271444260608405e-05
4.149141659581800923e-06
4.824979987461119890e-05
1.795313437469303608e-06
6.206745456438511610e-05
2.008796669542789459e-03
2.330990537302568555e-05
3.108172313659451902e-05
2.592647069832310081e-05
3.863952315441565588e-06
1.155849749920889735e-04
9.703864634502679110e-06
6.677973578916862607e-05
1.590086924352362985e-07
2.147060877177864313e-05
1.299652794841676950e-04
6.251009381230687723e-06
3.308992460370063782e-02
5.001553654437884688e-05
9.824928383750375360e-06
1.719336723908782005e-04
5.513022551895119250e-05
1.199093162540521007e-06
7.166728664742549881e-06
6.555080413818359375e-03
1.545123377582058311e-04
4.596006874635349959e-06
3.678532448248006403e-05
5.212971700530033559e-06
1.033946682582609355e-05
1.808572136496877647e-07
1.296105445362627506e-03
7.069526873237919062e-06
4.854552025790326297e-05
2.055285964161157608e-03
5.479249466588953510e-06
1.215970542034483515e-06
6.532392650842666626e-02
1.929748032125644386e-05
5.456464350572787225e-05
3.453611861914396286e-05
3.056437947179801995e-07
8.405894732277374715e-06
1.888169026642572135e-05
5.800235667265951633e-04
1.447054528398439288e-04
7.049667183309793472e-03
1.810650064726360142e-05
3.112148533546132967e-06
1.702178451523650438e-05
1.039620656229089946e-06
6.676706252619624138e-04
2.135274553438648582e-05
4.457598606677493080e-06
1.987059050634343293e-07
1.831768940974143334e-06
3.921902680303901434e-05
4.035418169223703444e-05
1.165318608400411904e-04
4.142159468756290153e-06
1.047518253471935168e-05
2.837246574927121401e-05
3.672988441394409165e-06
1.357086375719518401e-06
7.128570578061044216e-04
3.351689083501696587e-04
5.810965831187786534e-06
1.268577534574433230e-06
6.401760503649711609e-03
1.550588604004587978e-05
8.228508522734045982e-05
1.837505144067108631e-03
1.849103864515200257e-05
2.243453927803784609e-04
2.147615850844886154e-05
1.396275251863698941e-06
1.340537437499733642e-05
1.013739438349148259e-05
8.906447874323930591e-06
8.725906081963330507e-05
4.248092591296881437e-05
2.350853719690348953e-06
6.346745794871822000e-05
2.487730002030730247e-03
4.842622365686111152e-05
1.126770512200891972e-04
2.089661575155332685e-05
2.012367622228339314e-05
3.136318118777126074e-04
5.479340325109660625e-05
2.063168678432703018e-03
9.222961125487927347e-06
7.297882984858006239e-05
4.015605009044520557e-05
3.435738108237273991e-05
2.289953554281964898e-04
2.780572003757697530e-06
2.167553020626655780e-06
1.606765749784244690e-06
2.457703658365062438e-06
1.168492872238857672e-05
2.351735020056366920e-06
6.815264350734651089e-05
1.463294574932660908e-05
2.767450641840696335e-04
1.505953259766101837e-04
1.937702791110496037e-06
3.727529019670328125e-06
1.938309986144304276e-03
9.300058991357218474e-06
1.592980652276310138e-06
8.378351922146975994e-04
6.820577546022832394e-04
2.271071480208775029e-06
2.583827881608158350e-04
2.429651885904604569e-06
6.078859087210730650e-07
7.006021405686624348e-06
2.185354824177920818e-04
8.207070095522794873e-06
9.893359616398811340e-03
2.903134554799180478e-05
6.178000603540567681e-06
3.464807150521664880e-06
4.332622338552027941e-04
3.026980630238540471e-05
1.763467480486724526e-06
4.213221109239384532e-05
7.934453606139868498e-05
6.678221325273625553e-06
6.486478378064930439e-05
1.016261172480881214e-03
7.115156040526926517e-05
2.964500163216143847e-04
1.055744087352650240e-05
6.067628055461682379e-05
1.345327382296090946e-05
5.471286713145673275e-04
7.799929335305932909e-06
2.935704515039105900e-06
1.066064360202290118e-04
1.642870483919978142e-04
1.832770212786272168e-04
2.294946852998691611e-06
1.753561150508176070e-06
4.651795461541041732e-05
1.162435364676639438e-05
6.870096694910898805e-05
5.266531661618500948e-05
3.175562960677780211e-05
4.712000372819602489e-05
2.164457982871681452e-04
1.143249477308927453e-07
5.835115007357671857e-05
7.761480810586363077e-05
2.013594530581030995e-05
4.722838275483809412e-05
9.896643314277753234e-05
8.009701559785753489e-06
3.182003410984179936e-06
5.479290848597884178e-06
1.107386124203912914e-04
1.054968606695183553e-06
1.440101982552732807e-06
7.357335649430751801e-03
7.568484306830214337e-06
2.206428143836092204e-05
1.159531257144408301e-05
3.868916974170133471e-05
3.001909863087348640e-05
7.061855740175815299e-07
1.481754588894546032e-04
1.630702900001779199e-04
5.871736448170850053e-06
3.684948751470074058e-06
2.565749455243349075e-04
1.780515158316120505e-04
8.134663403325248510e-06
2.672781556611880660e-05
9.006193722598254681e-04
2.590738949947990477e-05
5.294877104461193085e-03
4.436382710082398262e-07
5.296450035530142486e-05
3.335218571010045707e-05
2.563225571066141129e-04
5.445067305117845535e-03
2.631596089486265555e-06
2.556738909333944321e-03
2.390216803178191185e-03
3.521962207742035389e-04
6.318069645203649998e-04
1.456405789213022217e-05
9.501967497271834873e-07
2.167054117307998240e-05
8.124735904857516289e-05
1.263878402824047953e-05
1.368863468087511137e-05
3.483797772787511349e-04
5.862521447852486745e-06
3.599515650421380997e-03
4.709367931354790926e-05
3.508313326165080070e-03
3.933691186830401421e-05
1.167338996310718358e-04
7.086365803843364120e-05
8.456776413368061185e-06
3.550057532265782356e-03
3.076831126236356795e-05
4.873951547779142857e-05
1.670194797043222934e-05
9.783185532796778716e-07
3.297215735074132681e-04
3.911226231139153242e-04
2.522652539482805878e-05
8.838532376103103161e-04
4.540382178674917668e-06
1.066142809577286243e-03
6.765395519323647022e-04
2.250779798487201333e-04
1.652428909437730908e-04
1.055348911904729903e-04
5.785551820736145601e-06
2.640733509906567633e-05
1.332977808488067240e-05
1.247732725460082293e-04
4.299744432501029223e-06
6.425323226721957326e-05
2.920930273830890656e-04
5.345996669348096475e-06
8.645063644507899880e-06
2.074016811093315482e-05
1.083825700334273279e-04
6.311363540589809418e-04
2.281058550579473376e-04
1.416737359249964356e-04
1.011140295304358006e-03
8.981418795883655548e-05
2.856903593055903912e-04
6.364401197060942650e-04
9.161592606687918305e-05
2.086816821247339249e-04
5.412969039753079414e-05
3.959410823881626129e-04
3.896807902492582798e-05
4.460972922970540822e-05
1.133117475546896458e-04
8.002795220818370581e-05
4.193638596916571259e-05
1.408351672580465674e-04
6.613622099393978715e-05
3.220634243916720152e-05
2.479281420164625160e-06
2.152185879822354764e-05
1.724263711366802454e-04
1.200350088765844703e-04
2.492608837201260030e-05
2.003285953833255917e-05
1.288712041969120037e-06
1.165808225778164342e-05
4.032369361084420234e-06
3.626376837928546593e-06
3.201914951205253601e-04
1.495125434303190559e-05
8.289759862236678600e-04
1.236073421750916168e-05
9.103209777094889432e-06
1.024143784889020026e-05
2.251963815069757402e-05
2.370134898228570819e-04
6.257612312765559182e-06
3.263776889070868492e-04
3.314700961709604599e-06
2.004979251069016755e-05
1.390370307490229607e-04
8.119434642139822245e-05
3.428910160437226295e-03
2.950487441921723075e-06
3.887003986164927483e-04
1.012144566630013287e-04
7.971321610966697335e-05
9.098211303353309631e-03
5.758241604780778289e-05
8.632080280221998692e-04
1.478076737839728594e-04
4.854407961829565465e-05
2.606755588203668594e-04
1.321510132402181625e-02
2.185695804655551910e-03
5.560953286476433277e-05
1.111483506974764168e-04
4.914448945783078671e-04
7.511483854614198208e-04
3.038061549887061119e-04
6.823739502578973770e-03
3.311838582158088684e-02
