1.484118339334372649e-08
5.014482162835065537e-10
9.807215484158859908e-09
3.313358430939022936e-14
6.624379517150558172e-11
2.600932910343765891e-14
1.669322275409179451e-17
4.842329662246847022e-12
5.330000676928570158e-11
4.839599207495659527e-11
1.972561705088082817e-07
6.160910115404760745e-10
1.634685077078756876e-06
3.682064418988884036e-13
6.867818488388854892e-13
9.048275637860841991e-14
1.976801478065226547e-08
9.978043946645698270e-10
1.003318572835717667e-15
1.679596809940966939e-13
1.916209941101639641e-14
5.297512103465129574e-13
1.841267589786088621e-12
5.960560378603929621e-10
1.271397570556942469e-10
1.463432397486030823e-08
4.809148738960100644e-12
4.397651134305929910e-13
1.125056492412568332e-09
2.938810456651948927e-15
1.563511681235141282e-10
7.566333124486845918e-07
5.038545691782303493e-10
4.442580703312160040e-08
8.552607511091991910e-08
6.944405987752144682e-12
8.537176521272726859e-11
4.948480861188819802e-12
7.990595740636763367e-09
7.233767057579498783e-11
2.994969272585024100e-10
1.089361565363711204e-12
1.920901995409660112e-13
1.405322472974868120e-12
9.230428887321753123e-15
2.048790442854553362e-10
3.167542964033209785e-11
3.197822215361689757e-11
3.005564547242656204e-12
7.115029632132063853e-08
2.473193490004632622e-07
3.026986632903572172e-06
2.819930487035771094e-12
1.075188738042243131e-08
5.353056539703082706e-11
6.156657961220446396e-10
2.119674010966909883e-12
7.052949939573630034e-14
5.007769893206059919e-11
6.018428422294164193e-08
2.601649798372740463e-12
3.180586219744818699e-13
2.492218454178130038e-12
1.595841942241742282e-15
2.800784777712284068e-11
1.034983817399526274e-11
1.429373763447983059e-12
2.204418939055763360e-12
3.948850968438222253e-11
1.232552371277506609e-08
2.379558012018481196e-15
4.711245310318190604e-06
4.995841086366450013e-16
2.036704951826479038e-13
3.683419385830871218e-17
8.080777258272220376e-13
1.822484524405254547e-11
1.397915012303001074e-15
4.656517116341518658e-10
5.470325525891439611e-09
1.601775156956364299e-09
7.318833581716754910e-13
3.244242721689438724e-11
2.798637055434483045e-08
2.193340317311817667e-14
2.167219115278840036e-08
3.041732976605260319e-10
5.281272663637537335e-08
1.613916222886757623e-09
2.386934738751733676e-08
7.903032894773787120e-09
2.030189032295112717e-13
1.232732804723468689e-09
5.102481770435929320e-10
1.786454144336868666e-11
4.813073225563846425e-13
5.677753822652675808e-10
2.209201745151379015e-11
7.304539195729375933e-09
1.774602825799220795e-10
8.256251682325910224e-09
1.532617782684653207e-11
1.128120707960533764e-09
2.811731008023343747e-07
1.408788641299452138e-10
4.586652238569577378e-13
1.758273973466450979e-12
3.232323127688382924e-14
1.138755322677154069e-12
9.289509439458498719e-11
6.107796993864988977e-12
2.402455301364625484e-08
3.412043554362753639e-07
6.641829308762225992e-10
1.070457524704471197e-12
3.323972347368808755e-11
4.139465159536115380e-11
6.789425466280363253e-09
5.985513418238497252e-09
4.384207441532339544e-10
6.470516211720678257e-08
1.852343278763157741e-11
1.107329397447009978e-12
1.786371583989421197e-08
1.925767488183960374e-12
6.912601047126543108e-11
3.831233941209433169e-12
2.808021581574070107e-15
2.790604119312645182e-12
3.645204138535973470e-09
1.749319114043024204e-12
1.069355650036574179e-12
6.812956232157829639e-13
7.667742552008860457e-10
4.384468591141221783e-13
9.212569374028589664e-09
6.087792162740024438e-12
7.345124400197355907e-13
8.601996719093119026e-12
3.865738108288496733e-06
7.686318713240325451e-04
1.554163986838830169e-06
3.815623017544567119e-07
9.323311189746164018e-08
4.240648650011280552e-06
8.195267575672460225e-09
8.476436241279527994e-13
5.734355351671993617e-11
3.958852967667070288e-10
8.539597848300495286e-12
8.013712999854760710e-07
2.381160129516501911e-06
1.360191403954047473e-10
4.852987921020828193e-17
8.053037348076941271e-09
1.490465262603442309e-14
1.664793129740882449e-11
8.744657442605330289e-09
3.768095666600856930e-07
1.640133177716052160e-06
1.726023057813108608e-08
1.872105769018528321e-11
9.675249401652763481e-08
2.590169051464030758e-11
3.946744875360508331e-10
4.723835616005089832e-07
9.607387774224207533e-09
3.224369606869004201e-07
9.316729332464745994e-11
4.418095731384581726e-14
1.199484630544367381e-12
1.188574216826054908e-07
3.605083804814057657e-07
3.182670793577813129e-11
6.801914196330471896e-07
3.857287406150433640e-11
2.264000792395748363e-10
6.574558952809894663e-11
1.743825084332684128e-09
5.659878752339864150e-07
1.325142733321627020e-07
1.027353757621085606e-09
1.776492425387132812e-10
4.148016999327985843e-11
2.362056987839227266e-16
3.312252971898743681e-10
1.661636800376342649e-11
2.701370550861614817e-11
8.803149181835223658e-12
1.596850984775244342e-10
5.312333350993014847e-10
7.271847186907098859e-12
6.106368936973499695e-14
8.864973134097096225e-15
1.845575428593981826e-11
2.348249719674733171e-11
1.233170721093301836e-08
1.726180309802316515e-09
2.804596312133700309e-11
8.572335730150371091e-08
9.790972286399801661e-13
6.008099562564844787e-14
3.349473417062751902e-15
5.968275461516736602e-13
1.155329223132342542e-13
1.059624423760396894e-06
5.142376539879478514e-05
6.231084537233755327e-10
5.189767107367515564e-03
4.495921690494952827e-10
1.006222188904004611e-11
2.124040743636812500e-12
4.858975702804087249e-15
7.996427131562455770e-11
1.083071299312621250e-09
6.940922663012383254e-12
6.900014337674065246e-09
1.636112323773935076e-15
6.751591473397322574e-12
6.607815965405106073e-13
5.043764364498493080e-11
2.267376009168486917e-10
8.925126263048532849e-13
3.239525176468305290e-05
5.434725317172706127e-04
3.337884635357113439e-08
1.355227818855553323e-09
1.145092483056942001e-06
9.042858692756561290e-14
2.013333754271109943e-13
5.387565393810689329e-11
1.050417045012075334e-10
4.854411550471102177e-14
1.702066786124500908e-11
6.854150580437590179e-11
2.944923180621117353e-04
1.379007130708487239e-07
2.880511651426331809e-08
1.441457952999769532e-09
1.427290490657595612e-11
8.060328099412927827e-11
1.016731074332533069e-10
2.539822302125016584e-12
6.787897799398479037e-09
1.095481778207174628e-11
8.574674126293757581e-08
7.336665876209735870e-04
7.981051054956923851e-15
4.151327614998479021e-10
4.242753703920243424e-09
1.617823375266169705e-10
1.135573597821348812e-06
7.412213953728041815e-09
8.200972995316135883e-13
2.105707608279772103e-06
4.685561383332981222e-10
4.659822527841583906e-10
1.100488145056033318e-09
8.589655375867977227e-11
4.214663476886926219e-06
2.168132643906584001e-12
3.438439161982387304e-04
1.987620068533146878e-10
1.359932721989309812e-09
2.510007846012740629e-08
2.978979693132877138e-12
1.006370263138085461e-14
1.272182879874517170e-11
9.313611712968850043e-07
6.213389247555767270e-10
1.125986456851357786e-12
2.259603788801189950e-11
8.413392649231354881e-09
9.934600484484690242e-07
8.147069824326891307e-11
5.135933900390909912e-10
6.335233726506572793e-11
5.757831364472387747e-11
1.622672884948883620e-09
3.050338573309246959e-13
1.617542627618817619e-10
1.109973779556128193e-10
1.721511930403984980e-12
3.420956296018573539e-10
1.836171839575406750e-12
1.215119560527000431e-09
4.341900916495639029e-13
1.674840496537194205e-16
5.528167984145127001e-14
5.484572553602663769e-14
1.128877286787899337e-11
2.868926970989171821e-11
8.679332808014805778e-10
9.206702067388050637e-09
4.555511783771448719e-12
1.116921442487206484e-12
3.726625670379124511e-13
5.036914353488686213e-13
8.553270396637058237e-13
8.898970102477754551e-12
1.807694965938466680e-11
1.891680442931559236e-13
2.529445541910035899e-10
1.862312803968535491e-10
1.749103723728932802e-14
3.000792756641113002e-12
1.024838880425704701e-09
2.525470854664035869e-08
2.463731801037594149e-13
4.310649940838552630e-14
7.101911836393526301e-10
3.069003167918693542e-12
3.309409343787983460e-11
3.729687045317398031e-11
1.620699574544914867e-09
1.877575428466116136e-09
8.148872548963126405e-11
1.752073963343092622e-12
9.957918170599988628e-12
2.075146044583364713e-12
3.587488986434017590e-11
6.423259927418323301e-12
3.161268447536558224e-13
4.039810586747849541e-12
5.545547999079953813e-15
2.193791329152539049e-11
8.977435461687832685e-10
4.543215137431388939e-09
2.014409528072746980e-09
1.303525343221423327e-10
1.496193704042525496e-06
5.974674643915989236e-10
1.367477051733567706e-11
6.223452742731838683e-12
5.046422738778748307e-14
2.265080450405878437e-14
1.424095826614742155e-14
8.355899971945746074e-09
2.666562446112380469e-13
6.292420570870854019e-15
4.547985454905756342e-08
4.654923557723122940e-08
1.129181401160472831e-10
9.056360804511609519e-13
6.097941422922303900e-07
2.483305228118126706e-10
1.930518189752206126e-09
2.433987290417858468e-14
6.449051796059146469e-12
2.025214579370882007e-10
9.207500734076390358e-11
1.106379521331746218e-08
1.927056292316819963e-09
5.388110935200529639e-07
9.260951380762882934e-12
3.080912939048066623e-17
6.533867197289211504e-11
2.268314702735807487e-10
2.345723970620383625e-08
3.166659467979116016e-08
3.770674883440960912e-10
2.812194650324978396e-13
1.339585126852727015e-12
1.748377511561274855e-13
2.936758258451077630e-12
5.943846109746075967e-11
1.651803832602993793e-10
2.342607444832944807e-12
2.020851708195436913e-09
4.299602451851569640e-08
1.190246165516661847e-11
5.414090703537155491e-11
8.184288316503973704e-12
5.968449692805855022e-12
2.409620094567799242e-07
1.987428450977990479e-12
4.032930239761256530e-11
6.316489997715279969e-09
2.954867253657234016e-12
1.877857136282912176e-14
8.390018890682034158e-15
7.743142127480950876e-09
3.188555376763130278e-13
3.278854165955635835e-08
2.858332182054112991e-10
1.122540537086547108e-12
1.123406992431519313e-10
2.395138991653777971e-12
4.143555290547773495e-12
3.918588120654931117e-09
1.326127315598446543e-11
1.744006154769106587e-11
4.778513140735185516e-10
9.957567215224116808e-08
2.317178671162878345e-09
3.802613605941029817e-13
3.115262767802023935e-13
2.271532164839842882e-13
5.087458412162959576e-04
2.163498038498801179e-06
2.739799056031277935e-12
1.079649336512694680e-13
4.105508793171563919e-13
5.430162916542080609e-11
3.494431306816370153e-12
6.637842944572092119e-13
4.562148575582014587e-11
8.291102526758464819e-11
8.033225312829017639e-03
5.422950422051542319e-10
2.533980783449990559e-13
7.124256740098644514e-10
9.135437632062926028e-13
4.260564168134806096e-08
5.553862429223954678e-04
1.142488681438180720e-08
1.314613834457745156e-10
1.951753168805137051e-11
3.648167421488324180e-07
1.382645331560183877e-09
3.181810148472283273e-14
1.436649341712836758e-07
3.608569606322609147e-12
1.281251320317533526e-11
2.255359371483578457e-10
3.755261701599010848e-08
1.212594152692758609e-12
2.179363578491688713e-09
7.492076403714520438e-10
7.435677407130469874e-09
6.735885517438790215e-16
4.375431440772903358e-12
5.250337924839199033e-12
7.250429145955195054e-10
8.677188308159333729e-12
7.145476210723700206e-09
1.927083985719946213e-07
4.823847484652921125e-12
2.589418047997259394e-15
3.575280696499483213e-12
7.384644362673498108e-08
7.824530377732643455e-16
1.026539386828062561e-08
9.568628855049610138e-03
5.013737905748549828e-13
2.001417920283188323e-10
3.825131877910337153e-11
2.335224280614056624e-08
5.560758797873432968e-11
9.006063450556212047e-09
7.164958210070793143e-11
5.664182456399657895e-09
6.578346894992037619e-11
9.655415810145336758e-15
1.456924960177834877e-14
2.006042677749064751e-06
3.269219617241247988e-11
2.289333309590801946e-07
9.548754148491767069e-11
4.220874316729350539e-08
3.355609345945254063e-09
4.187744714802960067e-13
4.147254095698826859e-09
8.813443139361887280e-13
7.292949577575313924e-11
5.977097316645085812e-06
4.753746007946091368e-12
1.220563650150552348e-10
1.738285163810360245e-06
1.806364606504740067e-11
7.283643466138300937e-09
7.191814255236295139e-09
1.398557628817798104e-06
4.381344245740770305e-12
2.822536301905209655e-11
1.178828812342658239e-09
4.438159706410260696e-08
2.920499259095876710e-11
5.675478678313083947e-05
1.906548183217005032e-11
3.474838038836081111e-12
1.643297942166555003e-09
1.885835212558158343e-15
3.127340847766148235e-14
1.110431746553786070e-09
1.355767442756672381e-10
1.255095784523551080e-17
1.497624690927068514e-09
7.870503759477287531e-05
2.485799344142947120e-09
9.290812563733652496e-09
3.173065143968756274e-10
1.771626734203834985e-10
4.906539652111026328e-14
3.534680534378331629e-11
5.339079178767747180e-10
1.349510255740970013e-15
4.026865646489241612e-11
2.377696262101380853e-07
1.554718298546475808e-10
1.286209506956570436e-11
5.106521872022540265e-10
1.041243642956740656e-13
7.006059381459758123e-15
4.560793964714093818e-10
1.486471834510894041e-09
1.927277116919867694e-05
1.232816106144785095e-11
1.078217293226657603e-09
1.240160144716506707e-11
4.453883789556911665e-11
1.233918922594057221e-08
3.742228402159319955e-11
1.161812887649077419e-13
3.061035513951537723e-08
1.144817360909655690e-06
4.551627963422788525e-09
1.590688469832457486e-07
1.346883715669378034e-09
9.392093353044472792e-11
2.765212266240268946e-04
5.792534420873129974e-13
2.393252263033218696e-09
1.770224002939357888e-07
8.508876925533009894e-14
1.525696831095046946e-07
7.309095819904576352e-13
2.893593296828672612e-13
1.207156180571544724e-10
1.906440871835002326e-07
3.450172059160649951e-08
2.444999584738649645e-11
1.080893569094243389e-10
1.356585335602136788e-13
2.081674388421106414e-09
2.050860259391549525e-16
2.670759446932180481e-11
2.732481352296645127e-09
7.224053888421622105e-07
6.352276500365405809e-07
2.724854084590333514e-07
1.842105230832023766e-14
6.649146566672925474e-09
7.416322773678984959e-07
6.799815710500922705e-10
1.579376820298739048e-13
1.534731272189587825e-13
2.454934172613221222e-11
2.780901810911506900e-12
8.077935831352078822e-07
3.482772514828980093e-09
5.789870249905959554e-10
3.396569592424569795e-13
9.587473815138411633e-16
1.280905313457217365e-13
3.566398065757425684e-09
9.424907716493180487e-07
1.058282032563280864e-14
4.753942465379745741e-13
7.253907110399415714e-12
2.437029832764395915e-14
1.442640784610205174e-09
1.509864455684351014e-11
1.947695977833063807e-07
1.550823636176090758e-10
2.029440157591544391e-11
9.830400382604409515e-13
2.617010080863124699e-11
1.462409013330834284e-11
4.495315231167751335e-09
2.593358203739626333e-07
2.525949826907847307e-14
2.786395517529599575e-13
3.955024502344528514e-11
1.495802098361309618e-05
5.394411800807574764e-06
3.632352672866545618e-06
3.058576341415791822e-13
1.509383590336810244e-11
1.512093149358406663e-06
1.090876944331853338e-09
4.634571837414114270e-09
1.411712552412680566e-10
2.479583725845113662e-11
2.264154545628116466e-06
4.188214497435893691e-10
9.644181773182936013e-07
5.165487149128011879e-09
3.621047147024658575e-13
6.859181221427902275e-16
6.058046859297450126e-12
4.229497108099167235e-08
6.270391107385253626e-14
7.523158274125307798e-08
6.591778478633436014e-17
2.001988796962450579e-08
1.031190671046955387e-11
3.985233768549829489e-17
2.320116188059273554e-08
9.920974458621500958e-11
3.426859629396261653e-10
1.249518710721986281e-09
9.292242133087172395e-14
2.635708717946272373e-08
2.622883357616956346e-06
2.798397069625480071e-08
4.629855965276874485e-08
6.089241537665657233e-07
4.004123547929339111e-05
1.358754583634436131e-03
1.608273514364100265e-10
6.025935306297469651e-10
7.097023524416101736e-10
2.217548193683693825e-11
2.122152897854334697e-09
7.036201482568671395e-12
2.332608828314874927e-10
1.800066172508163476e-12
7.801591039857669330e-10
1.107587719456626374e-11
8.622506042499367140e-10
8.552781878279347438e-07
5.384608171880245209e-03
1.631475043950558756e-08
1.223598384615144641e-14
8.119832028974371951e-10
3.683899539586033001e-12
1.051126546913749848e-10
2.091367010126354842e-11
5.030120519222691655e-06
3.711205343037704552e-09
4.822247134939061652e-08
6.730392085259372451e-15
1.090576517981389770e-07
4.815566348459476842e-11
8.288258686661720276e-03
1.637119910122275535e-12
1.534060378727275520e-10
3.182828653414127018e-11
1.028214731239873725e-12
4.710507428996174584e-14
3.324629850934290864e-12
3.878676690266015525e-14
1.685109571412241047e-13
1.443031472092570766e-09
8.555722103009699708e-12
8.943804807870492368e-09
3.055344865998677051e-10
4.809225730866874271e-14
2.239259749847732905e-10
7.936412083076049839e-10
1.128704443277561698e-12
6.130992900580167770e-03
1.233636348456357279e-12
3.963629868763973718e-09
2.573882773582170103e-11
5.874898079127888195e-08
1.950379235893251462e-08
2.326963510768109700e-08
1.732101218010484445e-08
9.206715731124859303e-06
4.829101953873760067e-07
5.520617701859891618e-16
1.830577324178129552e-15
1.349561955243938627e-11
1.156901951557156964e-16
3.716345842175172720e-10
1.101129430691738520e-11
1.742015698358301279e-10
1.241300248353005564e-12
1.852533924873167592e-11
1.896318795350723785e-13
9.150863400364528388e-11
7.830198711644698051e-10
1.087254349840804935e-05
9.886009372239712434e-11
2.302642659879339249e-10
2.690272227212631151e-09
7.588079012924237379e-16
8.063951730728149414e-01
3.035559551790356636e-03
1.286070994708024551e-13
6.219553545143766127e-14
1.916746275587577486e-11
7.849517702496200400e-10
1.036972729906437962e-09
4.649492596486837215e-12
7.586005933667150369e-13
1.347547854552155755e-11
5.198623129198942650e-11
5.641572715830989182e-05
3.887036525984655100e-11
1.798622963891313709e-14
5.499763119587441906e-06
1.441386565659286134e-09
1.635302814386244141e-13
5.326814293479809059e-13
3.503588686726288870e-06
1.229991247742034943e-10
4.038801845046569028e-12
4.320216601995385819e-13
7.757376555353467928e-13
2.544957341535440372e-16
2.870095494600377606e-09
3.167845152862724944e-11
1.272329686052842135e-09
2.349460626049904022e-10
6.219501042653563516e-12
2.060149273397371417e-11
6.701837992295622826e-04
6.816343323112761254e-11
1.748689387737201173e-11
5.701910027033213479e-14
3.505188693009135548e-14
1.510619995315209962e-06
3.585544621625968986e-12
2.292157796901506117e-09
7.871141178839025088e-07
1.920030578972387048e-09
1.534527349633663107e-08
2.218538242004797212e-07
4.318129072089504916e-07
6.222451478242874146e-02
7.859754624917059118e-09
6.152463954967046789e-11
3.654338550512781225e-12
1.106023432562164288e-11
3.257327185757219468e-10
7.836965668431283838e-14
1.046180841512978077e-05
3.407188557957852026e-07
4.236504810156693779e-12
2.218863137670723518e-08
7.721341912422368401e-17
8.602645262811847715e-10
1.451251228565264562e-13
1.461561538462774479e-07
5.898879680898971856e-05
3.582224100684427981e-11
4.999376021670720593e-13
5.595830771198961884e-06
1.197007857417498045e-11
2.531081152502313858e-14
4.392051772186128522e-13
1.305460864386986941e-05
9.202483745732528697e-14
6.314171514532063156e-07
2.708630777894897868e-14
6.099930760683491826e-05
2.658064740534982207e-11
2.342940286226280477e-10
2.880871097232784450e-10
7.486859049388172593e-11
1.037230301648150999e-08
3.558043790152787267e-11
3.597253397935595842e-11
9.591399896535790504e-10
4.450535939781730121e-08
2.719848478383024570e-11
5.684627467417158186e-05
7.941935303845681915e-11
6.040907464921474457e-04
2.567874612016793519e-16
9.438973189965869774e-17
1.522857246527564712e-06
5.656044209378929821e-12
5.768074061052175239e-06
3.889656909450422972e-06
3.062544182553909866e-14
4.972010714254793129e-08
4.864062486120701578e-09
6.451038840485714965e-14
5.215492251409159508e-07
2.567414547627322463e-08
4.275406536180526018e-05
2.050313764321892891e-15
4.344231138014853499e-12
6.607440911921556078e-16
7.953718239583906779e-10
1.627226708933449117e-08
3.100278034295911311e-09
1.582719164616719354e-06
9.540011142172843961e-12
1.201819721609354019e-02
4.739197834169317503e-08
2.180974973953198059e-07
1.091479350172721349e-15
3.457552915308269303e-14
1.301566726397140883e-06
1.009283678854444588e-08
3.955496374885569821e-09
2.053882575125953736e-08
1.395335402776254341e-09
6.884532410822430393e-08
1.032162691667686764e-15
8.311734633892342572e-11
4.421408794641479290e-10
1.223447156917245593e-06
4.014166429811005798e-11
3.285142158304665827e-10
1.196090362171053911e-11
1.087407247579719183e-10
3.190615132098173490e-07
4.071549521145190198e-12
1.305810459761858056e-09
2.268574078589935539e-10
1.621175638177874134e-09
1.924368433700585079e-12
2.756362412620338986e-12
4.375631801334378679e-12
2.687030556825648064e-13
1.079829628491957294e-11
9.064658661372959614e-05
6.015085887156601530e-07
4.997502758841143589e-11
1.230080897167071252e-13
5.567566264789991504e-13
1.406199423570342333e-08
8.828703284939620755e-13
1.239420788223810632e-10
2.001916210928045281e-12
1.277593355553108267e-07
3.467527100956685482e-13
5.480897868892498082e-08
1.188141807162423902e-10
2.690846878650177132e-09
8.156298463291022927e-07
1.017097986237038010e-13
1.112957059845598451e-09
3.965773542891071202e-11
5.304914285630957238e-09
1.457131526549915179e-09
1.164643381734720151e-10
2.361127127148421323e-10
1.731356169543118995e-10
5.776669365076259055e-09
2.197237058965129108e-08
2.793071558699011803e-03
2.044944125145775615e-07
1.153845241574913416e-09
4.598801062183355270e-10
6.374283479521070106e-12
3.712300445887252442e-14
3.810793000602608060e-11
5.424757289153227940e-15
7.653387967820890481e-08
1.901842905382977733e-09
9.696403139969334006e-06
1.946862612918850597e-16
3.128064252067019879e-09
8.210024304844409926e-08
7.751946870873660522e-13
4.128549699089489877e-05
1.471331216584825796e-11
4.580280155153104715e-09
1.120485926264791487e-10
1.013626249601884410e-08
5.263129487786954996e-09
5.392024066824818718e-12
4.008652021436631685e-10
2.219742879555194003e-16
2.145698169923188070e-13
1.027981737040039537e-15
1.196323595742398993e-10
9.360361582366749644e-05
2.848118629827922632e-09
3.355935973559098784e-09
2.342051629966590554e-06
5.827866834950956587e-12
5.754718923611790160e-09
6.197286173820204525e-12
5.472496233949186717e-09
2.032244228757917881e-04
2.066900123276482759e-10
1.266851623604736687e-10
6.859564999350808989e-11
1.931594617587961693e-08
1.217961953514645757e-09
2.889042616249781759e-10
6.168002997242183483e-09
4.284205402818683922e-15
2.976483602233799541e-14
1.050985360961931292e-06
2.993337186191907806e-13
4.320974730364496308e-13
2.336903890884367563e-12
9.907518598931130960e-13
2.320554967462167516e-15
6.214549274491387720e-14
9.726987553089483374e-15
1.872779523165213388e-16
6.198259266954053714e-11
5.482010956292526771e-10
9.119292485593177844e-07
3.321378545459441334e-12
1.000670879491849519e-09
7.075927843658291749e-09
2.810632687688923576e-14
3.338310960998569499e-08
1.097766877400374597e-09
5.166667094158583495e-10
6.738783386557936628e-14
2.546474320297420491e-07
1.171042342956729598e-11
1.891673484522016224e-09
3.896052751251044555e-12
3.276059328330416243e-12
2.384614106176741188e-08
9.702607911988431200e-14
8.121512143355325009e-12
2.015732647464574256e-08
6.380321753785347938e-14
8.824065783619161607e-11
4.328025438038451966e-10
2.127273010521513186e-11
1.440404133745687432e-07
6.308180838823318481e-02
1.886195377664989792e-07
1.117048897825156928e-09
4.947676490729691068e-09
1.522125342434677009e-10
2.099312945702536126e-10
4.872724730375921354e-06
1.133901719185814727e-06
4.171579748302178814e-12
1.523381247536814698e-12
3.347675869153077244e-13
1.346149076540334444e-13
2.225049477999618830e-09
4.327417091332108612e-09
9.119078756003595743e-12
6.391835845331872434e-13
2.533619798336661511e-12
7.254062158086344719e-15
1.254542580930717577e-10
4.047905899362547189e-10
1.690625595074379817e-08
1.082425438170275811e-08
7.044257972071976681e-12
2.576844813917400501e-11
5.801460440518768635e-12
8.764131109728623414e-08
6.382352921718847938e-07
6.410418862401456863e-09
1.377991409867718176e-08
7.136595758794328503e-09
1.654109249744906140e-13
7.137677948687581875e-11
3.439037641328468453e-07
4.419663081150181083e-14
3.969487806898541749e-06
1.207544414683070499e-06
1.141497818935022224e-06
3.386410596384337168e-11
8.664082784548554628e-10
3.710185370736640564e-13
3.396798220478558505e-08
4.003896866833223100e-11
1.690815456395489136e-12
8.858491197527573746e-13
1.093162449450346685e-08
1.357587761825762573e-12
7.084364761489325701e-10
5.804326637381951315e-12
1.001878701528680082e-11
1.142314216308337738e-12
3.194039921439184582e-09
1.629623492356221948e-13
2.021145562025594700e-08
3.067137516188367385e-11
1.003737349312971983e-12
4.160520539198131473e-11
9.707712411710645029e-11
1.905283708580896018e-10
3.810087604439035477e-15
2.589379058393070920e-11
9.454980201550888808e-12
3.210187649559104184e-13
3.258454487134465616e-12
9.343702894737404563e-12
1.643406938311997578e-10
2.468970167202044763e-11
1.668697124923568254e-11
2.734761217482173379e-08
1.347333811359263667e-12
2.575127611148531059e-13
6.049185041767657367e-10
1.197492025539759197e-07
2.294923717727215262e-08
2.885349945080939449e-12
2.412166386772662818e-12
6.101360389143550833e-11
8.838600763284333584e-15
8.391403349093662367e-13
4.868278523362246091e-12
5.832576643882703138e-10
2.197153917138372492e-11
1.114963264943480414e-12
1.732270230037080694e-11
4.442885295774523513e-12
