2.993939915540977381e-06
1.833718488342128694e-05
2.406574822089169174e-06
7.263710722327232361e-05
4.619636456482112408e-05
4.463812729227356613e-06
1.952791353687644005e-05
1.569631990605557803e-06
1.330787085862539243e-06
5.983504252071725205e-06
4.511086615366366459e-07
5.837089815940998960e-07
2.427030267426744103e-06
4.864201855525607243e-06
6.851053512946236879e-06
2.279343505051656393e-07
4.132521382871345850e-07
1.414554162693093531e-06
1.271324208573787473e-06
1.716898196946203825e-07
2.616326177928840480e-08
1.452849346605944447e-06
4.717525712294445839e-07
2.135753049969935091e-07
4.216904471832094714e-06
5.641752522933529690e-07
3.525377394453244051e-07
7.100232437551312614e-07
3.711757472046883777e-06
7.827151762285211589e-07
3.010058208019472659e-06
1.118079035222763196e-05
1.649568446282501100e-07
1.544869519420899451e-06
2.136103466909844428e-05
1.441645054001128301e-06
3.460970674495911226e-07
1.874352346931118518e-05
6.512784239021129906e-06
1.228626047122816090e-06
4.487352271098643541e-06
2.861270687049000117e-08
6.883520882183802314e-07
4.190899289824301377e-07
8.890361300473159645e-07
2.998533454956486821e-05
1.644374947318283375e-06
8.817848538456019014e-06
4.849255219596670941e-06
6.692191618640208617e-07
1.541744313726667315e-05
3.133668542432133108e-06
6.045194140824605711e-07
5.350792662284220569e-07
1.246063584403600544e-05
3.399082925170660019e-05
3.011588660228881054e-06
2.580553370989946416e-08
2.901232619478832930e-05
3.327832473587477580e-06
1.168863946077181026e-05
4.315738624427467585e-05
5.065498044132255018e-05
2.123003923770738766e-07
8.648814400658011436e-06
1.234469891642220318e-05
6.487770860985619947e-06
2.497946297808084637e-05
2.204389966209419072e-05
1.209620131703559309e-05
4.495291432249359787e-05
7.328401807171758264e-06
2.770187165879178792e-05
7.334765396080911160e-04
2.688843524083495140e-03
6.699510413454845548e-05
2.080946978821884841e-05
3.233257913962006569e-03
1.501959377492312342e-05
1.261896500182047021e-06
4.369306623175361892e-07
2.567069259384879842e-07
1.601405529072508216e-06
1.158243492227484239e-07
1.204538421006873250e-04
2.537867160867790517e-08
1.017823933580075391e-06
2.540135142226063181e-07
1.276521015824982896e-05
4.439795702637638897e-06
9.970600331143941730e-06
1.424187644261110108e-06
5.246796717983670533e-06
4.395628252495953348e-07
2.159594487238791771e-06
2.133503329559971462e-07
2.205914461228530854e-05
2.053368461929494515e-06
3.871168132718594279e-07
6.278314685914665461e-07
3.097397893725428730e-07
4.766124845900776563e-07
1.521080434940813575e-07
2.485372306182398461e-06
1.819843078010308091e-06
7.162238802038700669e-08
3.036036559933563694e-06
1.068668207153677940e-03
4.622143751475960016e-05
6.243291136343032122e-05
1.870876928933284944e-07
8.664434062666259706e-06
5.494064316735602915e-05
1.098233587981667370e-05
7.228029375028199865e-08
2.652005605341400951e-06
1.362363946100231260e-06
6.525800563395023346e-05
1.420248963768244721e-06
4.928843281959416345e-06
2.316867977469883044e-07
1.034632532537216321e-06
4.492563220992451534e-06
4.450673714018194005e-06
6.518905138364061713e-06
6.001672318234341219e-06
9.034614777192473412e-06
3.630512992458534427e-07
5.772992608399363235e-07
1.421826993919239612e-07
2.452648004691582173e-06
1.374494217998289969e-06
1.471925088480929844e-06
9.559278623783029616e-06
9.518083174953062553e-07
8.181917223737400491e-07
5.391052582126576453e-07
6.738866886735195294e-07
7.924171768536325544e-06
2.332751307676517172e-07
2.048562691925326362e-06
8.436740728257063893e-08
2.131109937408837141e-07
3.061386522063003213e-08
8.652257292851572856e-07
5.524195216821681242e-07
1.539130778382968856e-07
2.304347361814507167e-07
3.070152388318092562e-06
2.540762579883448780e-05
2.862550672944053076e-06
3.301187462056986988e-05
1.863458720663402346e-07
1.557610062263847794e-06
9.247590355698775966e-07
1.439658376511943061e-06
6.759515827070572414e-07
4.516349235927918926e-06
1.365567214861584944e-07
1.161854015663266182e-06
7.272132052094093524e-07
7.221959094749763608e-06
2.599365870992187411e-05
3.216899813196505420e-06
7.054639718262478709e-05
1.202613475470570847e-06
2.364631291129626334e-05
2.196609329985221848e-06
1.256062319043849129e-06
6.677522605968988501e-07
1.251709704774839338e-06
5.788072940049460158e-06
3.854371698253089562e-06
2.507432327547576278e-06
8.884508417850156548e-08
1.044246431547435350e-07
2.096316080724136555e-07
3.067422937874653144e-07
6.589033091586316004e-06
2.850062799097941024e-07
6.847668743148460635e-08
2.846614506779587828e-06
4.673750481742899865e-06
4.372332682578417007e-07
4.685364842771377880e-07
9.357378075947053730e-06
6.758114068361464888e-08
6.315817699942272156e-07
2.984926652516151080e-07
2.162848034004127840e-07
7.867939757488784380e-07
1.734836132527561858e-06
2.234311750726192258e-06
9.793350272957468405e-07
2.764260820242725458e-08
6.076994395698420703e-06
4.421801236276223790e-07
3.373726485733641312e-06
1.848616903998845373e-07
2.224944546469487250e-05
1.407155849619812216e-07
1.750401224853703752e-06
1.049376351147657260e-06
5.518055559150525369e-07
2.872324103009304963e-06
1.415807787452649791e-06
4.692060883826343343e-06
3.901275249518221244e-06
1.036954381561372429e-05
2.012294680753257126e-05
7.594787803100189194e-06
3.786662318816524930e-06
6.141997346276184544e-07
1.373969894302717876e-06
9.590739864506758749e-07
9.528436635264370125e-07
1.043094925989862531e-05
1.617107773199677467e-05
7.048156476230360568e-07
1.006223646982107311e-05
1.096842368042416638e-07
2.003573172260075808e-06
2.202295945608057082e-06
8.042552508413791656e-06
1.562226088935858570e-06
1.995289949263678864e-06
1.891152237476489972e-06
1.548241129967209417e-06
3.146579956592177041e-07
4.733400146506028250e-06
5.023614448873559013e-07
4.500908744375919923e-06
7.721881047473289073e-06
4.883782480646914337e-07
8.724635449652851094e-07
5.223334369475196581e-07
2.903914548824104713e-07
9.307050277129746974e-06
1.466466187594051007e-06
2.153640480173635297e-06
1.363958563160849735e-05
2.966184865726972930e-06
2.253932734674890526e-06
2.037008471234003082e-06
1.679717911429179367e-07
2.454109380778390914e-05
9.202432238453184254e-07
2.797164233925286680e-05
5.996483196213375777e-06
3.486065224933554418e-06
6.233598810467810836e-07
5.947214049228932709e-06
4.751606468289537588e-07
1.509372941654874012e-05
1.570342283230274916e-05
9.672909982327837497e-06
1.127462610384100117e-06
9.828989959714817815e-07
1.777445731931948103e-06
1.011532162920047995e-06
3.968484350025391905e-07
4.396699182507290971e-08
4.162229174653475638e-07
9.507057256996631622e-06
1.741462037898600101e-04
2.010480056924279779e-05
2.545620532146131154e-07
3.290362542429647874e-07
7.334390943469770718e-07
1.554449227114673704e-06
9.939067240338772535e-07
1.652225364523474127e-06
4.244501724315341562e-06
1.025720735015056562e-06
4.530764272203668952e-05
8.189473419406567700e-07
3.745926164810953196e-07
2.897785634559113532e-06
2.370700684650728363e-07
6.353320713969878852e-07
1.627014739824517164e-06
8.015878165679168887e-07
5.896505172131583095e-06
5.035899448557756841e-05
4.471657121030148119e-06
1.287115196646482218e-06
1.566359242133330554e-05
2.751962995262147160e-07
7.635474048584001139e-07
2.081740859694036772e-07
1.857727511378470808e-05
6.524244327010819688e-07
2.058618520095478743e-05
1.468442860641516745e-07
1.067008156496740412e-06
1.809132845664862543e-05
1.185979044748819433e-06
3.804148491326486692e-06
2.134612628879040130e-07
2.439001605125667993e-07
2.452359512972179800e-05
1.188209239444404375e-06
1.135531874751904979e-06
3.544453193171648309e-06
1.075773752745590173e-06
1.038127902575070038e-05
6.207525871104735415e-07
1.729552604956552386e-05
3.296286013210192323e-05
4.627154339686967432e-05
1.333017717115581036e-04
3.159730476909317076e-05
1.598386734258383512e-05
7.160521636251360178e-05
4.549759978544898331e-05
1.577204420755151659e-05
9.548617526888847351e-06
4.319217907777783694e-07
9.248634341929573566e-06
4.114616604056209326e-05
5.925895152358862106e-07
6.114100415288703516e-06
3.399476554477587342e-06
1.118707700697996188e-06
1.500848014757139026e-07
8.865544600666908082e-07
1.524408759223661036e-07
2.065550506813451648e-05
1.585633435752242804e-05
3.506598432068130933e-06
4.174788045929744840e-05
1.261195575352758169e-05
4.927400823362404481e-06
1.118727413995657116e-05
7.630750360476667993e-07
2.836351953305893403e-08
1.380961293762084097e-06
4.267464532858866733e-07
4.097062742403068114e-07
5.034581135987536982e-06
1.285517373617039993e-05
3.791542621911503375e-05
1.777160946403455455e-06
7.976506708473607432e-07
1.059935129887890071e-06
5.906545538891805336e-06
4.771200110553763807e-07
1.608903176020248793e-06
3.405633890452008927e-07
3.619533117671380751e-07
1.518144472356652841e-05
1.553637048345990479e-06
4.668366671012336155e-07
7.319786732296051923e-07
5.739416337746661156e-06
2.988881760757067241e-06
4.086456897312018555e-07
4.390582489577354863e-06
2.704144208109937608e-06
5.379689810069976375e-06
7.284177172550698742e-06
5.258162218524375930e-06
5.634619171246413316e-08
3.473724916602805024e-07
3.991495304944692180e-06
2.096733987855259329e-05
3.453297267697053030e-06
6.872231779198045842e-07
1.762019905982015189e-06
3.229995627407333814e-06
7.061646556394407526e-07
1.540472993610819685e-07
2.282158106936549302e-07
9.310774089499318507e-07
1.768394071177681326e-07
7.903360597083519679e-07
5.348449121811427176e-06
7.993457415977900382e-07
2.756663434411166236e-06
1.920759359563817270e-06
4.809774509340059012e-06
1.307453567278571427e-05
2.487571748588379705e-07
3.140356784570030868e-05
7.194102522589673754e-07
7.345577614614740014e-05
1.724270077829714864e-06
2.643559128046035767e-06
9.538892982163815759e-07
1.154734604824625421e-06
7.588842890982050449e-06
5.377698926167795435e-06
1.443239307263866067e-04
1.819132558011915535e-05
1.022815695250756107e-06
2.326577305211685598e-05
8.095226250588893890e-03
8.667213933222228661e-07
2.903360837080981582e-05
1.630582801226410083e-06
1.758370444804313593e-06
1.073913381333113648e-06
2.142752782674506307e-05
1.016605551740212832e-06
1.034863998938817531e-05
3.588641266105696559e-05
4.598778957642934984e-07
3.797333874899777584e-06
2.836315502463548910e-07
1.343411131529137492e-04
3.988928438047878444e-05
2.608176553621888161e-03
8.811238512862473726e-05
1.325835228271898814e-06
9.276306082028895617e-05
3.346582673202647129e-07
1.719381657494523097e-06
4.412622365634888411e-04
6.291906174737960100e-06
2.341374754905700684e-03
7.669889782846439630e-06
2.341361323487944901e-05
2.127104835381032899e-06
7.299312301256577484e-07
1.284445170313119888e-05
2.359754216740839183e-05
1.578317023813724518e-04
2.099258153975824825e-06
4.755906957143452018e-06
1.310969491896685213e-05
2.007199327636044472e-06
1.131040107793523930e-06
1.277668957300193142e-06
7.345366611843928695e-05
3.860430733766406775e-04
3.424553433433175087e-04
3.055216802749782801e-05
9.094617780647240579e-06
4.544536295725265518e-06
2.277092647773315548e-07
2.015208792727207765e-06
7.663488213438540697e-05
1.948967707221527235e-07
1.254735980182886124e-03
3.078407098655588925e-05
2.725116473811795004e-06
3.997292951680719852e-04
2.761440555332228541e-05
7.967569217726122588e-06
8.637665587230003439e-07
6.868995114928111434e-05
7.410142643493600190e-06
7.113140327419387177e-06
1.763157911227608565e-06
1.558453135430681868e-07
3.395905650904751383e-06
1.931084341322275577e-07
7.255194941535592079e-05
1.388073451380478218e-05
6.666108674835413694e-05
2.129658469129935838e-06
1.284126028622267768e-06
2.053943353530485183e-05
3.282761826994828880e-05
4.766609345097094774e-04
5.160400633030803874e-06
2.633319411415868672e-07
1.241038148691586684e-06
1.123270408243115526e-06
5.853190941706998274e-06
8.616401828476227820e-06
1.279023308597970754e-06
3.523071541167155374e-07
1.533815407128713559e-06
6.011430741637013853e-05
9.895169569063000381e-06
1.870729101938195527e-05
3.055932040751940804e-08
5.834006879013031721e-05
2.783055151667213067e-06
6.475926966231781989e-06
7.710431418672669679e-06
1.358458803224493749e-06
9.255525583284907043e-06
1.915689296083655790e-07
1.801052167138550431e-05
5.741650056734215468e-06
2.812666934914886951e-04
3.036459474969888106e-06
2.853688201867043972e-04
1.009000243357149884e-06
1.729313368059592904e-07
3.461758069533971138e-06
1.327778227278031409e-05
6.409376851479464676e-07
5.422164690571662504e-07
2.097321266774088144e-04
7.545475818915292621e-05
2.783413492579711601e-06
7.438931959313777043e-08
7.972921594046056271e-06
4.111872840439900756e-06
5.310659162205411121e-06
3.844534876407124102e-05
1.186754088848829269e-04
3.963287963415496051e-05
2.757519541773945093e-05
3.247222048230469227e-05
7.137605848583916668e-07
4.799863290827488527e-06
3.135097585982293822e-06
4.217485809476784198e-07
6.550338582655967912e-08
8.908637937565799803e-06
1.256870746146887541e-05
2.859924643416889012e-05
3.604564426495926455e-06
1.748978866089601070e-05
1.234701194334775209e-04
2.432684414088726044e-04
1.010000414680689573e-04
6.337103855003078934e-07
3.068934347538743168e-06
9.233375521944253705e-07
1.150843260688816372e-07
4.088971365945326397e-07
1.733164367578865495e-06
1.300067310694430489e-06
2.093374362743816164e-08
7.187240953498985618e-06
6.499100476503372192e-03
1.552728281239978969e-05
9.526792723590915557e-07
9.318743104813620448e-05
2.281077740917680785e-06
2.670015675221293350e-08
8.981365908766747452e-07
2.201542201873962767e-06
1.266930212295847014e-05
1.443477522116154432e-04
5.080551090941298753e-06
3.462086897343397141e-05
6.995055446168407798e-05
8.956863894127309322e-06
4.171255341134383343e-08
6.250669248402118683e-04
9.492990784565336071e-07
8.075755431491415948e-06
8.976916632263964857e-08
5.179553758352994919e-03
5.910315437063218269e-08
2.140926699212286621e-05
2.470749677740968764e-05
6.709193712595151737e-06
3.618893060775008053e-06
6.801336894568521529e-06
1.156686153262853622e-02
6.623767603741725907e-06
1.169942333945073187e-05
2.266103001602459699e-05
4.803190677193924785e-05
9.781234666661475785e-07
5.778389167971909046e-04
1.646245436859317124e-06
2.094492629112210125e-06
1.736932172207161784e-04
1.312789208895992488e-06
5.162967795513395686e-07
6.235638352336536627e-07
1.343765416095266119e-05
4.822732080356217921e-06
8.077087443325581262e-08
2.501491107977926731e-04
2.111041794705670327e-07
3.454576642525353236e-07
3.268756643137749052e-07
2.323975962781332782e-07
9.997070264944341034e-06
8.782044460531324148e-05
2.313876393600367010e-05
3.616042158682830632e-05
7.378213012998457998e-06
9.898155894916271791e-07
2.600615687242679996e-07
1.403268979629501700e-04
2.707735256990417838e-05
1.390781108057126403e-06
8.642358807264827192e-06
4.125044215470552444e-04
7.461214408976957202e-06
2.166443209716817364e-06
7.639325223863124847e-03
1.606969590284279548e-06
1.250959667231654748e-05
2.162304554076399654e-06
2.568610852904384956e-06
1.218602756125619635e-05
6.102967745391651988e-06
3.596138412831351161e-06
4.644748405553400517e-04
1.755998346197884530e-05
7.110607111826539040e-05
4.562821231957059354e-07
1.173518739960854873e-06
7.619144889758899808e-05
2.126518957084044814e-04
2.542547917983029038e-06
3.292029191470646765e-07
1.937610213644802570e-04
2.780830072879325598e-07
1.741051819408312440e-04
1.845272374339401722e-03
4.559985029572999338e-07
4.340107261668890715e-05
1.290772197535261512e-04
2.409040916973026469e-06
1.699705171631649137e-04
7.786843343637883663e-05
4.520477432379266247e-06
1.100972178392112255e-03
1.392988837324082851e-03
6.719932571286335588e-06
2.109359411406330764e-05
4.498179350775899366e-06
1.038384311868867371e-07
3.169806177538703196e-06
1.889384657260961831e-05
1.207209720632818062e-06
9.679711183707695454e-06
2.808081035254872404e-06
1.077798856385925319e-06
4.661728962673805654e-05
4.393633571453392506e-05
8.065641850407700986e-06
4.422916845214786008e-06
3.523923851389554329e-06
1.454571320209652185e-04
5.632318061543628573e-05
7.457806077582063153e-06
1.424798974767327309e-04
5.252526307231164537e-07
1.118333875638199970e-05
1.520271894150937442e-06
9.283514373237267137e-06
4.746246759168570861e-06
3.968569799326360226e-04
1.740659790812060237e-04
1.002215212793089449e-04
3.430894821576657705e-07
2.670110006874892861e-06
9.642616532801184803e-06
1.322655443800613284e-04
1.192246827486087568e-06
5.459758176584728062e-05
4.613732744473963976e-05
1.546801649965345860e-05
6.688226676487829536e-06
1.393516185999033041e-06
2.314171870239078999e-04
9.063058314495719969e-06
1.502901341154938564e-06
6.867141451039060485e-07
7.352217380685033277e-06
1.992462330235866830e-06
1.143872737884521484e-03
2.418483518340508454e-06
1.845501742536725942e-06
2.063193051071721129e-06
5.962680802440445404e-07
5.276235938072204590e-02
3.378726660230313428e-06
5.575742397923022509e-05
6.203516477398807183e-06
3.028295395779423416e-06
1.566866444591141772e-06
1.440351866222044919e-06
5.745114322053268552e-07
2.905337396441609599e-06
2.544343828958517406e-07
3.083140472881495953e-05
1.085831081582000479e-05
1.716012957331258804e-05
1.908706690301187336e-05
4.564680057228542864e-05
1.083040714888738876e-07
3.649155132734449580e-06
3.092461753340103314e-08
9.514272392152633984e-07
2.352814772166311741e-05
1.544678889331407845e-05
6.077588636799191590e-07
8.047965820878744125e-05
9.886104380711913109e-04
5.326307018549414352e-06
1.133225396188208833e-06
7.391817052848637104e-05
2.313598088221624494e-05
2.491012764949118719e-06
5.200360533308412414e-07
1.747831811371725053e-05
5.615188274532556534e-03
1.699517364613711834e-03
4.009929170933901332e-07
1.436200545867905021e-05
1.036100366036407650e-05
9.342069461126811802e-06
1.963048816833179444e-06
1.424530069016327616e-06
1.055773509506252594e-06
7.135837222449481487e-05
5.119243269291473553e-07
6.903400935698300600e-05
1.978743284780648537e-06
2.605296231195097789e-06
1.096923915611114353e-05
1.225151606831786921e-07
1.394040555169340223e-05
2.824717526550557523e-08
4.480933512240881100e-06
2.189009819630882703e-06
7.819396330432937248e-08
1.343531068414449692e-03
4.032801734865643084e-05
3.497639554552733898e-04
1.344380598311545327e-05
6.502631094917887822e-06
1.665564752784121083e-08
1.800623522285604849e-06
1.936498010763898492e-04
4.374468005607923260e-07
1.516697807346645277e-06
4.177750815870240331e-05
7.882047611929010600e-06
1.538910000817850232e-04
1.476293647328930092e-07
1.189158181659877300e-03
3.285036882516578771e-06
2.098842742270790040e-05
4.351089228293858469e-05
5.617552233161404729e-06
5.456494704958458897e-07
4.876420367509126663e-03
2.516437380108982325e-04
1.926164441101718694e-05
1.562361603646422736e-06
1.497844550613081083e-06
2.988632513734046370e-05
2.687205324036767706e-06
1.724321045912802219e-04
3.255465117035782896e-06
1.058277767151594162e-02
2.369022467973991297e-06
6.407695991583750583e-07
3.364716803844203241e-06
2.085000232909806073e-06
1.349750618828693405e-05
1.278087620448786765e-05
1.181938569061458111e-05
5.017785042582545429e-06
1.147257280535995960e-04
4.563336915452964604e-06
3.520650352584198117e-05
8.886216278369829524e-07
8.080936026999552269e-07
5.561599323300470132e-07
8.830560886963212397e-07
2.547008307374198921e-06
1.159835179009860440e-07
1.614339562365785241e-04
2.169988329114858061e-05
1.002896351565141231e-05
1.938752347996341996e-06
2.350913127884268761e-04
4.528727458819048479e-06
2.930817345259129070e-06
6.779532996006309986e-04
3.861235381918959320e-05
2.532210373829002492e-06
5.329050509317312390e-06
3.019174528162693605e-06
2.567137755704607116e-07
1.923045147123048082e-06
1.126900315284729004e-03
2.045987457677256316e-06
4.285683132820850005e-07
2.912077889050124213e-06
8.964577136794105172e-05
5.761116426583612338e-06
3.625712224675226025e-06
3.128796743112616241e-05
1.767016874509863555e-05
9.897802556224633008e-06
1.254057569894939661e-04
6.294190097833052278e-05
6.850880980491638184e-01
7.120364898582920432e-05
1.019331534735101741e-06
3.302700633867061697e-06
4.968213147549249697e-07
6.285054842010140419e-04
5.590888122242176905e-06
2.169475010305177420e-05
3.631740810305927880e-06
4.290703145670704544e-06
4.156812792643904686e-06
1.659107329032849520e-05
2.099192206514999270e-04
8.079321560217067599e-06
1.113451799028553069e-04
4.988914952264167368e-05
7.972319338023226010e-08
6.632958502450492233e-06
4.165191569427406648e-07
1.755815901560708880e-07
2.799240235162869794e-07
2.688966691493988037e-02
3.938388090318767354e-06
5.844105089636286721e-06
2.305259695276618004e-03
1.090640398615505546e-05
1.775180862750858068e-06
9.495616382082516793e-07
2.563667521826573648e-06
1.561348290124442428e-05
7.235492230392992496e-04
1.623041271159308963e-06
1.434251407772535458e-05
2.226268804861319950e-07
7.944315257191192359e-06
1.428340474376454949e-04
3.879110010984732071e-07
4.688267381425248459e-06
4.050267762067960575e-06
1.513060169600066729e-06
4.832082140637794510e-06
7.988584002305287868e-06
2.042145351879298687e-04
1.403061614837497473e-04
2.330384404558571987e-06
4.027382528875023127e-04
2.713185267566586845e-06
1.009770348900929093e-04
5.056028749095275998e-05
3.768807118831318803e-06
1.039232956827618182e-04
2.723392753978259861e-05
1.814899974306172226e-06
7.977271110348738148e-08
2.265618519459167146e-07
1.404751856171060354e-05
2.121285797329619527e-05
4.501585208345204592e-04
2.139623347829910927e-06
1.518958924862090498e-06
9.661814692663028836e-05
2.459532197462976910e-06
7.386531137854035478e-07
2.058290556306019425e-05
7.097764409991214052e-06
1.842121309891808778e-05
3.282674185811629286e-07
1.110572065954329446e-05
1.492918073608962004e-07
1.217967383126961067e-05
2.219787893409375101e-05
8.809872269921470433e-06
4.146095307078212500e-06
2.371567916270578280e-06
1.725275214994326234e-04
1.027057919600338209e-06
2.910231614805525169e-06
2.214340156569960527e-06
3.626760189945343882e-06
3.070607590416329913e-07
3.751556505449116230e-07
7.617837400175631046e-05
1.309553044848144054e-04
1.194062861031852663e-06
5.409041250459267758e-07
3.804308071266859770e-04
2.933164796559140086e-05
2.350483555346727371e-06
9.158232387562748045e-06
2.218973968410864472e-04
1.765126285135920625e-06
1.163236098363995552e-03
5.465188678499544039e-06
4.749610980070428923e-06
1.241675727214897051e-05
4.167136467003729194e-06
2.784104799502529204e-05
1.310000783405484981e-07
3.151168930344283581e-04
2.650594688020646572e-04
1.015980451484210789e-04
2.502653114788699895e-05
7.338064460782334208e-05
8.514539331372361630e-06
1.515852054581046104e-04
4.689692286774516106e-04
1.569746564200613648e-05
6.487872497018543072e-07
6.068160291761159897e-05
8.631225796307262499e-07
9.136441349983215332e-02
4.144243575865402818e-05
4.130281740799546242e-04
4.943922249367460608e-06
3.135969018330797553e-05
1.444434474251465872e-06
5.547619821300031617e-07
1.076134940376505256e-04
7.838240890123415738e-06
9.775961516425013542e-04
5.560469844567705877e-07
9.989807040255982429e-06
4.158373048994690180e-04
1.210499031003564596e-04
1.880249692476354539e-05
1.746358975651673973e-05
8.467173415738216136e-07
8.189204381778836250e-04
1.983215042855590582e-04
1.337882736152096186e-06
2.065691433017491363e-06
4.009545136796077713e-06
3.618739583544083871e-07
1.896726899985878845e-07
3.575161429125728318e-07
1.815818541217595339e-05
5.508641365281619073e-08
3.567850370700398344e-08
2.555190349085023627e-06
8.650702909562824061e-08
6.151361020556578296e-08
9.009911394741720869e-08
8.075743380686617456e-07
3.280335022282088175e-06
6.002261670801090077e-06
9.112005727729410864e-08
8.047316413239968824e-08
8.779041138495813357e-08
7.539497914876847062e-07
1.896133596801519161e-07
2.881139153032563627e-06
1.746890916365373414e-06
9.702317584014963359e-06
3.535938503773650154e-06
9.180342317449685652e-07
8.870082638168241829e-06
1.868913750513456762e-05
3.360236860316945240e-06
1.186572444566991180e-05
7.969321700329601299e-07
6.213712822500383481e-06
3.093588475167052820e-06
1.902558608435356291e-07
1.242904772880137898e-06
3.586828825064003468e-06
7.107894930413749535e-07
7.536085888659727061e-08
2.254251967315212823e-07
4.122131969097608817e-08
4.622544906851544511e-07
1.081367262401045082e-08
5.537082614637256484e-08
5.036918082623742521e-05
1.018880979586356261e-07
3.091527323704212904e-04
6.846415999461896718e-06
1.604620483703911304e-04
3.373015497345477343e-04
5.886458893655799329e-06
5.406290874816477299e-04
2.033607643170398660e-06
5.009998858440667391e-05
1.809028276511526201e-06
1.622911213416955434e-06
1.030518797051627189e-05
2.859114647435490042e-05
2.540326386224478483e-05
2.949201871160767041e-06
2.519926987588405609e-03
2.024416578933596611e-03
9.919394869939424098e-06
4.053364318679086864e-05
1.880318791336321738e-06
2.445158315822482109e-06
1.247610043719760142e-06
1.835678085626568645e-05
2.106504695120747783e-07
9.032720299728680402e-06
7.864455255912616849e-06
4.120911398786120117e-07
2.553836964125366649e-07
4.672286593176977476e-07
1.582121456067397958e-07
3.995463430328527465e-06
4.044018623972078785e-06
1.981712132692337036e-02
