4.111539553264265123e-08
5.592637464246763557e-08
2.659031376242637634e-02
9.324353337287902832e-01
4.045508056879043579e-02
3.819172561634331942e-04
4.433802678249776363e-05
3.412503266075894715e-11
3.577807841659286225e-11
5.492746014967853085e-12
1.776800581665405332e-11
2.592700880377218908e-11
6.492799353718936572e-11
1.220180206873422435e-10
4.495851954611218559e-11
5.805284378213038110e-11
3.779184604146834658e-11
2.136464616331323896e-10
4.020167532203799965e-11
1.613044246784323121e-11
2.943900331842108642e-11
1.365351443016749045e-10
2.967232709538691893e-11
4.495097696843863844e-11
4.191232430561520061e-12
2.563042486580791035e-11
2.432767598481433424e-10
3.643603127545524956e-11
1.378437364252249608e-10
8.096382941857882543e-08
1.380787151283868752e-10
2.785221220324984870e-10
3.179882190895710892e-10
2.243548578917398117e-06
1.043694908275938360e-07
1.223603718347732183e-10
2.053670788981776241e-09
3.674569329370491744e-11
5.091981350457963629e-11
1.795141812976908113e-10
3.648340518580539538e-10
8.542510032683026111e-10
2.551473095302458916e-11
6.688002929244873940e-10
2.093076822973216622e-10
2.370924116756878419e-11
1.003130578602906553e-09
7.517268751922046022e-11
5.360056842818039513e-11
4.486662708025335178e-10
7.852086092441368237e-09
5.582091455735849195e-10
3.120756431052029711e-11
4.211356263716936610e-11
4.649879925544553316e-10
1.071756905446363817e-09
3.474779708759201391e-12
2.398199347442009355e-11
6.175866484880998541e-10
3.825310346261545646e-10
1.018462814084131196e-10
2.389337165620286640e-11
3.929722866558016392e-11
2.010416312592244736e-11
1.783780456676709036e-09
1.054855669480048164e-08
1.348899048014828850e-10
6.790845663573463753e-11
4.295925074004891542e-11
1.082798503637683041e-10
3.117847299782816606e-11
6.568159349740199104e-10
4.812253720509751531e-11
2.039323918068269847e-11
4.285932372893874742e-11
1.478393379938935936e-10
1.839254443192217536e-11
1.144557278814906098e-11
1.180828611974105158e-11
7.011473433099491004e-12
6.501358479349406139e-12
1.604858246295748359e-09
2.881564709067419017e-10
3.654000713115834742e-11
6.136644664644919089e-11
1.197921796480816425e-11
1.640113461709447051e-10
2.877844663962125793e-11
6.761081278172653697e-11
3.101460754884044491e-10
2.092417038246363603e-11
1.026524438368925374e-11
6.474162872471822539e-11
4.160278510578763189e-10
4.338837900075276366e-10
8.597280526378980881e-11
1.346657507728110659e-10
6.612078107259833359e-10
6.346507347432250867e-11
6.521758688649015312e-10
2.594527925836587201e-10
2.745650234947660806e-11
1.767909950378676598e-11
4.670673181550455411e-09
4.466825173632393842e-11
7.942847768394045715e-11
1.632174256860352557e-10
5.243784784170202329e-08
2.421325140389285480e-09
2.858945524764067159e-09
8.230229275874023642e-10
1.425211393346614841e-09
1.149676052136783255e-07
2.361786766158502360e-09
1.004215599564872718e-10
1.425672774280073440e-10
2.925966136047009059e-10
1.261457072132543544e-08
2.524526809821736606e-09
6.931642065888254933e-11
5.794379975831986940e-10
4.223295324567999387e-10
1.938702254289381699e-10
1.504065483270977666e-10
4.323002511519291602e-10
7.160155246488386638e-10
4.627727978601114955e-09
9.497513019096626152e-12
4.132546301688355683e-12
2.491352124600609841e-10
2.515513353174014810e-10
5.002663908126869785e-11
1.191606147088464240e-09
7.463735879342792146e-11
1.478480810002125168e-10
8.609254802116605987e-12
1.204093769135994307e-10
4.110345397378978305e-09
2.147409472463834845e-10
1.187614312447848874e-10
2.297432105669017233e-10
1.434806023992152291e-10
4.704706763059007812e-11
2.281623640021379629e-10
1.088076184707631455e-09
2.059504922158339468e-08
3.302561424334271578e-08
4.108241284939140314e-07
4.311573775339638814e-06
3.411511352169327438e-05
6.812962993762994302e-08
2.802657828038235266e-10
3.852613020272066535e-11
1.965322626862331390e-10
2.774547813721994771e-10
2.860404101079350170e-11
2.426496330254490630e-11
1.172950209182843651e-10
5.259295221549109556e-10
3.709051815681263520e-11
1.958802391122116404e-11
8.647967758568242402e-11
1.650053704782550312e-10
5.739423866724102652e-11
3.856220898157403099e-12
8.965058730103780960e-12
8.880952917511564237e-11
6.037288724503042658e-11
3.824075778258162472e-11
1.026675897075612909e-10
2.941227339806062879e-12
8.972764198311722339e-10
2.305561852544713020e-10
1.914585018303327502e-10
8.935000656018488030e-11
2.366252853380768073e-11
1.095449356225408621e-10
4.569481078242620953e-12
6.949413933199366511e-09
3.465541742464495201e-11
8.106929016982178382e-10
1.236363008499941074e-11
1.655127597477434875e-11
1.147977268800559614e-10
1.987642515854926017e-11
1.332434024226003544e-10
3.832591188857037423e-10
1.075711048015293159e-10
8.256813288642916859e-11
2.370051724320809683e-11
1.336521865402673370e-10
8.051664196484509262e-11
7.293634446403629568e-11
3.865473774400385309e-10
2.054871724166407176e-11
7.762925857690561315e-10
5.539662825682079017e-11
5.033586828601110952e-12
7.291019177291246933e-11
6.466351065714803781e-11
1.502266887276615392e-11
1.996146303806511924e-10
2.164989888753243719e-11
1.678085309597676655e-10
2.095645462718565000e-10
3.322851716003327738e-11
7.547136526842024296e-11
2.125206816083746730e-10
8.176229138179280653e-11
1.111054512281661744e-10
1.296058677047184915e-10
1.771623958646273422e-10
9.510678355972856934e-11
1.481478689724369247e-10
1.423340958983665416e-11
1.562349832839871056e-10
6.539978975039772990e-11
2.817352427741948162e-11
3.663016417965181404e-11
2.888144411128390487e-11
3.666937933854974574e-11
1.495428780806662417e-11
1.579786579330999530e-10
5.985306694711312048e-10
4.572107276112902241e-11
8.293177949925123471e-11
1.615624474482491024e-11
4.459104613330211464e-11
1.067046104252789007e-11
6.771922606008118350e-11
7.383336129984652274e-12
3.080970201185806445e-11
3.288056632522184941e-11
1.014083435280088707e-11
8.368016696236324492e-11
1.634276880491114525e-10
3.701830508795467267e-10
2.009314492568137211e-09
1.197976613742657293e-11
2.497726678263312294e-11
2.785049968423436439e-11
4.741877723812848444e-11
5.329324759273390555e-10
1.316255299199653450e-10
3.405609128037667688e-12
8.910684967666782086e-10
9.206187895349771111e-11
2.633655619976860152e-11
1.543527194947102998e-09
1.257309811819595780e-10
6.402133823080191632e-10
1.629829493587919842e-09
7.057242290553489283e-11
7.407379154500404184e-10
3.840193996129670495e-10
4.121848695692875708e-12
3.313724988851518560e-11
5.627168175870167488e-11
3.854783159340513521e-10
6.292832921417357284e-11
9.332971895315012034e-11
2.373489599305500519e-11
7.502314741669735554e-11
6.275177599768255732e-11
1.101124122437902031e-10
1.537878296931083355e-10
1.650373761263868033e-11
3.703290452072849348e-11
3.725372788032643712e-11
2.968038315120935522e-10
1.472745592145940918e-09
6.749665409921945525e-11
2.862938497383282765e-10
1.492901635646859404e-10
2.934370108009787259e-11
1.687250686388530596e-11
3.031480622084359311e-11
6.421758957930734368e-11
9.250132777804953577e-12
2.493624751132017536e-10
3.056177880211841114e-11
1.207060007502036569e-10
5.379496154089835613e-11
1.712589930980001895e-10
7.921882039241268103e-10
4.218955462764739650e-10
2.399266896269125482e-10
1.069328584013540251e-10
1.663683635300117203e-10
3.552565880360347705e-11
1.056147114208982885e-10
4.013846199857340480e-11
9.219701391227630438e-11
5.726102751679729153e-12
1.042266967177241099e-10
6.236708371964994058e-11
9.468809025747759733e-08
2.214032603087279227e-11
1.038274813347506154e-10
2.628456480247010063e-11
4.610815548811153519e-11
1.676044580900537539e-10
1.596253684787996008e-11
2.080049847641429750e-11
7.313830097110951556e-12
7.752576358655005606e-12
3.228195141757872477e-11
7.472178258083328473e-12
7.167147431097475874e-11
7.618278924370613936e-11
1.235564983659287464e-09
1.806914201596399039e-10
1.220330780871137222e-11
2.479040930869480519e-11
7.648829347672858603e-10
2.544509880575418492e-10
8.361693282221693835e-12
3.790779148915568442e-11
3.033510942440642566e-11
2.372376427250966202e-11
3.316355176585794595e-11
1.099270674487229371e-11
3.373338067214071145e-11
3.110398744121667391e-11
2.594003345457451815e-10
1.117086544794032577e-11
1.314736600838140035e-11
1.043081443441451484e-08
5.036231986998984667e-10
1.129925819576271806e-09
1.051056880418954620e-10
1.584584824465551378e-10
5.573005945613829226e-10
3.294882422455458482e-10
4.363459593648144619e-11
1.574209165799977939e-11
3.590904917166737320e-12
2.564928047732450977e-09
5.865050806130867045e-11
3.237851653459244972e-11
6.934326723939676640e-11
1.995076742700163663e-10
1.159965526409401093e-11
6.014451436886503188e-11
2.176665248043718748e-08
6.431679078211516298e-10
1.051966846965513014e-11
6.210035957687765062e-11
3.220894731481571682e-11
6.333686179693653884e-12
1.815989719711197381e-11
3.005733509309216345e-11
2.286830169673237378e-10
1.541322902642860981e-10
1.738039573373484359e-11
2.995340087075248903e-11
7.300593463099858127e-11
8.935528705844575370e-11
2.592785187938151381e-11
1.608484873072413279e-11
1.174260355618628182e-09
2.051179191775442945e-11
5.477546888288387095e-11
2.853882685727171520e-10
4.371222828147836026e-11
2.579639106492503942e-11
1.606740261672623404e-11
2.960404144047856789e-11
1.055502126673379948e-11
1.321691107253331054e-11
3.553108154918938055e-11
5.358411284128727914e-11
6.953424641631400505e-11
6.621022480279847855e-11
8.553939223610029785e-10
1.120464485082628414e-11
1.165850749274000009e-10
4.248322180155916783e-11
9.364063344174944348e-12
2.351397028477197892e-11
3.070119714010388634e-10
1.096592348176494980e-11
5.643236919428140652e-11
2.876220442371568708e-11
3.242047602602937673e-11
6.882117271900245470e-12
5.162991562057683836e-11
3.079284396911852184e-11
1.902385887708746282e-11
3.927954992377635790e-07
1.331719516883822507e-07
1.718160547170555219e-06
5.332715957706568588e-08
6.666941221311617483e-09
4.362740583019331098e-05
1.671858171903295442e-07
3.673865656139696512e-09
7.542518005720921792e-07
4.426380373345750741e-10
2.148237143728692899e-10
8.572370244208649126e-12
2.865340430202589772e-11
2.065800482065061061e-11
2.632924989143248240e-09
4.147427679068727002e-10
4.319781865547156485e-09
4.731981733535617352e-12
2.884774884248653137e-11
5.114212178747301607e-11
1.939412380691507565e-10
4.397673891709530380e-11
6.103528099599131451e-11
4.026446953631079850e-10
2.430730269842307223e-11
4.258260064005092715e-11
4.962880800762903277e-11
1.460892865012830555e-11
1.500268936860393865e-10
2.336172089112409367e-10
2.333633286610847790e-10
2.119461550709189623e-11
4.092156058455032053e-10
8.285999664181531443e-11
1.451552905651354308e-10
9.013292889825663678e-11
2.764611595207355776e-10
3.437654327864692050e-11
1.178882685914928174e-10
3.673665191494812632e-11
2.911874907862710415e-10
2.886376554434022523e-11
7.657467715471710790e-11
1.257683453909086424e-11
8.831317899193891208e-09
5.305723638215908977e-10
2.174800783905084245e-09
3.486587130119289668e-10
1.694631657223055754e-09
4.239050888088513602e-09
2.399860345170257148e-11
1.337110699939358938e-10
1.537731747491832834e-10
1.223509748377038520e-11
3.415022778452403429e-11
4.683621893097900113e-11
9.711629278541522581e-10
3.625110212013282762e-10
3.281642457775291177e-10
2.976960344902579436e-11
8.288354724772517557e-11
1.683931216689416033e-09
1.091064183444956370e-10
1.343778699425257628e-10
4.892690419477929709e-11
2.348005401220376598e-10
9.303751519196268305e-11
1.108398164917367978e-10
1.845468083905288381e-10
1.040792452222660813e-11
3.934937653493619791e-10
3.387518321407156918e-10
1.146353637015984361e-10
2.791773756616322544e-10
4.014016896647376598e-10
9.869622480396245123e-11
2.906585042095066740e-11
3.200912868095429076e-10
2.059066805948361889e-10
1.667823518181066333e-10
3.285011707099272371e-10
1.242294461745174772e-10
7.277136358785352144e-12
5.356012855450842380e-10
5.894469357059506365e-10
6.108361039203202836e-11
1.081923661772066225e-09
2.896751727377022689e-10
1.548272621221258305e-11
9.290368474523802433e-10
1.325632797977149835e-10
1.931019788514731772e-09
8.705859644297930799e-11
1.688554504553074764e-11
1.283725487022380207e-10
4.060519698256825905e-10
7.771574356274513207e-11
5.059269322926773782e-11
1.062072027546712150e-10
2.389425046711579625e-10
8.963164238595666689e-11
5.648696441151734859e-11
4.044486620613518824e-11
1.077914840719174094e-10
8.792916048050436473e-12
6.328122748033848666e-11
8.027023490342344303e-11
3.327392181229349433e-11
2.579315649953173306e-10
2.748821725795380644e-10
2.664686526987480875e-10
1.145055144452511442e-11
3.893978195446123891e-10
1.409573985311496358e-10
6.838656307905921494e-10
1.455972842290265135e-10
1.423254708532439849e-10
4.262439012858720844e-10
7.728440110099654703e-11
5.043076511945798757e-10
1.710473603033779710e-11
4.749320381414179337e-10
1.604930910392710075e-10
2.264282511488246996e-10
1.720050629705482947e-10
5.965962446285999476e-11
6.249906148170225606e-10
8.936876239040714154e-11
7.333735181636047429e-12
6.750377479214364485e-10
4.204525963502625530e-11
2.732500510582713815e-11
1.098684268563410171e-10
2.718556499706203944e-12
6.232157012675543228e-10
9.800398340087390636e-12
4.096271377651561352e-10
8.153274583255765151e-11
6.193085627659300485e-11
5.286984183783260960e-10
2.907943850993799373e-11
5.846978456958140669e-11
3.453942409858967721e-10
7.932079472416919685e-12
1.405414846999963885e-11
1.076955746803776037e-09
3.634067005653385252e-11
7.193702578067728837e-11
2.517172408011969509e-11
5.127739899357663944e-11
6.098175436841657415e-11
1.141797420500800797e-10
7.169091986725106835e-10
3.703322759562865940e-09
1.788661718737927231e-10
1.393507947922145718e-10
1.428420048910084006e-09
4.568724912279442663e-11
5.755173681371017480e-12
4.620305527058832240e-11
3.790903979616899733e-10
8.095933645702046988e-12
5.398295699343691467e-11
3.203899368031670747e-10
2.518388830807793966e-10
1.791929660210911379e-10
1.895514994965097344e-11
8.684017394067211626e-11
2.988546743409870032e-09
2.479803584698458963e-10
1.237953906052524644e-10
9.214263900492181136e-12
4.765188243993634387e-11
4.725294600049778637e-10
5.770677824479264473e-10
2.026686804490474003e-11
2.241588338558475613e-11
2.704734214376003365e-10
2.359296091825058284e-10
4.424935071134505904e-11
4.313759072172018705e-11
1.508294045216018731e-10
4.212490634092347364e-10
1.371793789672892672e-10
9.241950954530508966e-12
9.839286330137753112e-11
7.706375121374620107e-11
5.504998193406329676e-11
5.946433623282842973e-11
1.011790651261890162e-10
2.012699382158977812e-11
3.241584084490156670e-11
8.958622177424047095e-10
2.734290016626061970e-10
2.887901896786448930e-11
2.688209654877482535e-10
6.728178014725472167e-10
1.289995974623758812e-11
6.136621072405645805e-11
3.558454086949325301e-10
1.354811401954592043e-10
6.743544056497796646e-10
8.244679938762544680e-11
4.945529229194445264e-12
1.562408535882298111e-11
1.309238915198074338e-11
1.065218052653804648e-11
7.229244980422322442e-11
1.002368500702122134e-11
4.346585313896866865e-09
1.613315037118923101e-11
1.758853340749766403e-10
3.475848775469358998e-11
2.390409814534422139e-10
1.203257458948225889e-11
1.641183577927307624e-10
2.990905856314896027e-10
1.605274468907680330e-09
7.367457338647298570e-11
7.225385567632969241e-11
1.560654210031042766e-11
9.378153115191523170e-11
1.505967746340264313e-11
7.128683494200815929e-12
1.272402322394228236e-10
2.146237181033239239e-11
5.329291175026895644e-11
2.258999209914236417e-09
9.618529583921286985e-11
1.391938092565325746e-10
1.146069489310619360e-10
3.125422420868773088e-10
8.950966357001988172e-11
2.611397764695766455e-10
6.329969881591068770e-11
1.030031355347960087e-11
8.071638496476296609e-11
6.533060203928187093e-11
3.511364810027117755e-11
6.718791079052266468e-10
8.243501020688270842e-11
1.732893134542834446e-10
8.070734081044861341e-10
4.665043906726396017e-10
5.748868048272015585e-11
2.742985873160908028e-11
1.014087841477717689e-10
1.366318030937563321e-10
7.612516728094931295e-10
2.281991484665013559e-08
1.758667167450767010e-08
4.316472526633141626e-12
5.611434233943057848e-11
9.115660309921835847e-11
1.068760191458295594e-09
3.471417875378079998e-10
9.597816465201081115e-12
9.815870338769627779e-12
2.302617402305529026e-10
3.010209859155565937e-10
4.884512933012175040e-11
3.171438944793436576e-10
1.439218744181403054e-10
1.470091930133587965e-11
1.309357622325535431e-09
4.662906519237175473e-11
2.353169221980255799e-11
2.266205140211141611e-10
2.306314916822316263e-09
9.016250246407508939e-11
2.844920687916641100e-10
7.640514609885684649e-11
1.538552445168317462e-11
1.189843085169783876e-10
8.929868129670115451e-12
5.957141446799596451e-10
6.371869698540422178e-11
3.661712044689124923e-10
3.469595791227852999e-11
4.222173652368432784e-11
8.181428867715112574e-10
4.768715977654380822e-11
2.148149887137851266e-11
3.503860257492164010e-10
2.093712536677116987e-09
2.112989339053683580e-09
3.697919401246529958e-11
9.359270025655064273e-10
1.125213117125767326e-10
1.798925869378464881e-10
7.092526219110162344e-12
7.163747928196073644e-10
7.206093499689814053e-10
3.118751437658495718e-11
5.416675441516360934e-11
1.705842467281115660e-09
7.145253139162477396e-11
1.568024876608120621e-10
6.493340587443441336e-12
1.907277252799488565e-10
3.156483061039772053e-11
2.568523692347834952e-11
1.459251386393134453e-09
2.629481077320861004e-10
6.375897032562249933e-10
1.234172486430651361e-10
1.124547954756138779e-10
2.209486205106969692e-10
8.185701422247504411e-11
3.321470182227059809e-11
5.830017718588820230e-11
1.504160795917641735e-09
4.748441639890188526e-10
1.252004472318546391e-10
3.131542594680958302e-11
2.072515714601763648e-09
2.061124708407913175e-11
7.675730884226794615e-11
1.523502435318846437e-10
7.595644946345458948e-11
1.709085373224894511e-10
2.512310082192215077e-10
2.261183879026518184e-10
2.402528398448566804e-09
2.568583956641390387e-10
1.264753995977585532e-10
4.959164745521604800e-10
1.726081222397368720e-10
6.912458105912122619e-11
2.685707212179977432e-11
7.669475721172602789e-09
7.312386807178938852e-10
1.777677116621134701e-09
2.259398917958677089e-10
8.742255253046948837e-10
5.380163675683391489e-11
1.562740825633568420e-09
9.265513703504701937e-12
4.781560147826269258e-10
5.313220086122782959e-09
1.335352245446230768e-10
2.556106437623384409e-10
2.986630387447064550e-10
3.079959551288702357e-11
1.223862816646104079e-10
5.948585807963313599e-12
8.462086587002204396e-11
4.294034849916528174e-10
2.304062635127834824e-10
5.977773831489230361e-11
2.143150101829860432e-10
4.385714569288268194e-10
5.086264048825839268e-11
1.483721923101199991e-09
6.387229078974598906e-10
2.516503228022770600e-09
6.041680489232703621e-10
1.470212666887515951e-11
7.401602664103279494e-10
9.735748665584686989e-12
1.407868488456642808e-09
1.796073290094568620e-10
1.400184690414363331e-10
8.417914282299321371e-11
2.140805033246095945e-10
8.456601391371165732e-11
1.223151024909441276e-10
3.059241471259355194e-10
3.543470725175801306e-11
6.408083508269157846e-10
2.117983566307657384e-10
3.129341230589943734e-10
3.570338469316425289e-10
9.719532470531255797e-12
1.118114559273131192e-10
2.125987927370509567e-11
1.124371984406735692e-10
4.472741968464255535e-11
9.441562809353598595e-11
4.261298605645613691e-11
3.565878495259688918e-11
3.266946088653632785e-11
1.522401649189930595e-10
2.135930876612235352e-10
3.514509516744368511e-10
5.575927566892069365e-11
4.854062152226390481e-10
6.199774721382667053e-11
5.591116458703027092e-10
1.632837615117566088e-10
3.447898216935030291e-11
3.364710177145013859e-10
1.354405216452692073e-11
4.434146383403003711e-10
3.708253981660192267e-10
1.740047134157762798e-10
7.434017290641747877e-10
1.007488467652528641e-10
1.542364014284203222e-10
4.819106225184555115e-11
4.813676887649442904e-11
2.482026216499289006e-11
1.832018287073466922e-10
1.444851738252594942e-10
7.201490515029718154e-10
6.994427703688188558e-09
1.359481277551921607e-10
1.527459547734366652e-10
2.586365288603786894e-10
2.139504719222973250e-12
1.843644681365219640e-11
5.093642174713863824e-11
4.289651656108617317e-08
8.347356833526831110e-11
4.750670412612123528e-10
1.149116357623825024e-10
5.629186006217423710e-11
1.876804267553211503e-11
1.078729328085614725e-10
7.535849166906416485e-10
8.811405077802092478e-11
5.639944414270736672e-11
1.410986188998819557e-10
3.950323401724631367e-10
7.008842811684345975e-11
1.195332499648316116e-09
4.777938461542063919e-11
1.318406078754108535e-10
7.472053531465405740e-11
2.386201680693034177e-09
7.386780631613021342e-10
9.212822345283644410e-12
1.562140347632912096e-11
9.533158117080997584e-12
2.391024010728326488e-11
7.695711429223095479e-11
3.362655293104310772e-11
3.452309271789744116e-10
7.066616736217667949e-11
1.238715130469358883e-09
6.131543883736156886e-11
4.399152708778331089e-10
2.685858646600536304e-09
7.374290067474476018e-11
6.686109088605007855e-08
5.003973901906988431e-10
1.163475392418344967e-11
5.170237571405777999e-10
2.655280162411344236e-10
1.437214347532744796e-09
1.913138571174588520e-11
1.479575351126527494e-10
1.723170939271767566e-09
3.019123839820281319e-09
2.049014014016137253e-10
9.235511244654048824e-10
4.401631059636201826e-09
3.754936916955387005e-10
4.205414228658499454e-12
9.719829108245647831e-12
3.292915939923091173e-10
3.263503633998965370e-10
8.075769497573048739e-10
2.977257329561666666e-10
5.289109428208149666e-11
5.949416653772132690e-11
8.950471613866639586e-11
1.213585482107149005e-11
2.004213982276237260e-11
3.535282136479800386e-11
9.234236986177535300e-11
1.882199431035846970e-11
2.033034185444648756e-09
7.371112747955876898e-11
4.088432717375134473e-11
2.521420225387593916e-11
9.430727726522647458e-11
5.799097660408314425e-11
3.474378840184755290e-10
2.006440985580226766e-10
7.009514635392122273e-10
3.318209249036918607e-11
7.127684553687174684e-10
1.899934549964843455e-11
2.682915521690087957e-12
8.939104664817953960e-12
2.129406234674391385e-10
4.304040679414811166e-09
8.734566542267785394e-11
1.815373198987835224e-11
6.995461154790660885e-11
3.556301433893516162e-11
2.151167612096660520e-11
1.104236910243194814e-10
1.112657674329220470e-10
1.021036102888395192e-10
6.939065988476045277e-10
6.176877065389163590e-11
3.585438543285413004e-11
1.913032753042553935e-11
5.066985026003223425e-11
5.360813876142955792e-11
1.347387340588923621e-10
1.036919161645499798e-10
7.872679071152521857e-12
3.231688180949099376e-11
5.955770099319579458e-09
2.292782907975521312e-10
1.063590396310765129e-10
1.519971037922118740e-09
4.324544611300495944e-10
6.968692983777557970e-11
7.206447244501035243e-11
1.716448788657842783e-10
1.613168210123916424e-10
4.518541096842909610e-10
3.067060161399126628e-09
1.532908522339226920e-10
7.759887871161552653e-11
2.578889102267112321e-09
1.252350723124351362e-10
3.987804253480220495e-10
3.029112516372833852e-10
5.828217075620756304e-11
6.780433992048529035e-09
4.768888756112588112e-11
1.479662919967594803e-10
3.197080655770179192e-10
5.209145961804217961e-11
3.835136097585234438e-10
9.866893413423838410e-11
6.046958073158137381e-11
6.129757812445291165e-10
5.860462722745429787e-12
5.750370318802211500e-11
1.398735294255715189e-10
1.794877094174474053e-11
3.812139492964661258e-11
6.232486748913856900e-11
1.716147779440291288e-10
4.638780193300107157e-10
2.414300703801330883e-10
6.671856817019872210e-11
7.599586238082878253e-11
1.208018268750166158e-10
4.587168700442845193e-10
4.693789801279990570e-11
1.636919350067600476e-10
1.042207764534452963e-09
6.196748669751173111e-11
8.569105841571555970e-11
1.722380744972884514e-11
4.671681878148925549e-12
8.845448679073442122e-12
1.637409652310850561e-10
1.102190116952783683e-09
1.355659334789649506e-10
4.855236004908114467e-11
1.334277827114149773e-10
8.241425597521612190e-11
4.937925762726891321e-11
1.856755721396652348e-10
1.472009042435828974e-10
1.243107283777078464e-10
1.400510540872090814e-10
1.217918432772080450e-09
9.925577720837353013e-11
1.991434517290002759e-10
3.636812725971161342e-11
5.152969717592270626e-10
3.820576147117726862e-11
4.464108249724318966e-11
3.684016980365356631e-10
1.529240102604578766e-11
1.073496846970556362e-11
3.456150088343434845e-10
6.358373272341566462e-10
4.145948306888413981e-10
9.930652827838670760e-11
3.076849608429910177e-10
5.539335656834509791e-11
1.184965459088971329e-09
6.429119459028243000e-09
9.397760347695793826e-11
6.824993903364884318e-08
4.005397680195699195e-10
1.251279302394436854e-09
5.508625222638841024e-10
2.416683742012537550e-09
2.079761224349496729e-10
5.092146149188181425e-11
6.909640637431380128e-10
6.408740205188223626e-11
9.015390517452814834e-11
3.897924216289538890e-06
1.247258962777664237e-10
2.199310872308402054e-10
4.243333462383702681e-11
1.354917567031321823e-10
1.511337999193784754e-10
3.160790726375317661e-11
6.145124686884884113e-11
3.369383591578234416e-11
1.613056563321002557e-11
2.802141765151366926e-12
1.113149676601477012e-11
1.320721726427720455e-10
5.190817220501742213e-11
2.848580260561561772e-10
2.036938118177289425e-10
1.885050560090917315e-09
