1.025567808454752594e-08
3.634268708196941589e-08
8.423323372142021981e-09
2.120795539184427980e-09
3.426832151376402180e-09
2.922233655056061252e-08
5.978802164463559166e-08
6.959937763895140961e-07
9.003410923469346017e-07
2.966813017479807968e-09
1.446835667593404651e-04
3.330791855660208967e-07
1.296878781431587413e-05
6.088130248826928437e-06
1.406775663781445473e-05
9.958990216255187988e-01
2.521136048017069697e-05
4.991394689568551257e-06
6.091405793995363638e-06
5.559839792113052681e-06
6.345656402118038386e-06
7.507426744268741459e-06
1.232775161952304188e-07
2.140893258228970808e-07
4.420020616180408979e-07
7.935849311024867347e-09
3.333421361162436369e-08
3.450043806196845253e-08
1.964620022221197360e-09
6.452993694949782366e-09
3.084862365554386088e-09
1.422825501862234887e-08
2.278095045937789109e-09
4.223106753187266804e-09
4.487977101064188901e-09
1.882354361271154630e-08
2.352657979542982503e-08
3.982664509294409072e-08
5.668535507652450178e-08
6.216531289737758925e-08
1.036662382603026344e-07
1.069889847826743789e-07
1.231273643043095944e-07
1.658940220750082517e-07
7.454983297350281646e-09
2.601414728076179017e-08
6.381382888775988249e-08
5.586712603644627961e-08
7.674366031551471679e-09
8.042632670957061691e-10
3.346390053948766763e-09
2.332759319045862867e-09
2.136162713384237577e-08
5.546734627159821684e-09
1.691865669783965132e-08
1.411927428307535592e-07
1.533154545541037805e-07
8.970413745146288420e-09
5.834012384298148390e-08
1.880602127357633435e-07
5.345537346101991716e-09
4.988515556192396616e-08
2.045241487280691217e-08
1.521078445421153447e-07
5.452926643556565978e-08
6.329307211672130506e-08
4.153165278353299072e-08
2.065512205717823235e-09
5.510039535749911010e-09
1.038942176734281020e-08
8.676733642687395331e-08
5.481098686033192280e-09
1.342581779084639493e-08
1.109311398295176332e-08
2.665168530313621886e-08
1.892376211287682963e-08
3.701956430290920252e-08
9.003105105875874870e-08
1.145780743172508664e-06
1.893853074363960332e-08
3.689316372401663102e-07
1.621563114895252511e-06
5.957622761343372986e-06
2.075340717055951245e-06
1.844529720074206125e-06
1.205015269079012796e-05
5.622486696665873751e-06
6.351852448460704181e-07
4.325187092035776004e-06
8.352952818313497119e-07
1.033800253935623914e-05
2.328561153262853622e-03
7.346334314206615090e-06
1.163033061857277062e-06
5.367547601053956896e-06
9.868975030258297920e-04
2.240033154521370307e-06
2.108873786710319109e-07
7.631088649873163376e-09
6.505183591798413545e-08
4.000263675862925083e-09
1.460305387723792592e-08
2.259251630221115192e-08
6.511676531317789340e-08
1.935328519664381020e-08
2.454275538354977471e-08
2.763006934358713806e-09
9.590992888774962921e-09
8.323934430620738567e-09
5.005977143923701078e-08
3.723901631502712917e-09
1.281093187088799823e-08
2.320856538062798791e-07
5.243317957592807943e-08
4.987367105968587566e-07
6.049966749799295940e-09
7.024151038592663099e-09
3.881650556536442309e-09
2.127237941351722839e-08
6.262979024285186824e-09
5.074914710689881758e-09
9.032909531470068032e-09
5.165899352732594707e-08
1.307479813306144933e-08
3.521043367982201744e-08
1.643732971956524125e-08
1.859540788018421154e-08
5.048567341958687393e-09
6.916122341493746717e-09
3.429600070603555650e-08
5.379887113576842239e-08
2.554430125201179180e-07
3.341531495948402153e-08
2.582717968380165985e-07
1.847006281252561166e-08
1.924912112372112460e-06
4.469135816975722264e-08
5.379723333476249536e-08
6.857123224790484528e-08
1.287597140020579900e-08
1.590622389358031796e-08
5.412263970328012874e-09
1.235267745869350620e-07
6.121551265891866933e-09
1.017780792977873716e-08
1.493351788894869969e-07
7.723103934154096351e-09
2.324666459330160251e-09
2.254640030230348202e-09
2.201152682346219081e-08
9.147383934760000557e-07
7.928873557716542564e-09
2.670693666217971440e-09
8.794393657751697901e-09
9.247801413536649306e-10
2.294850531825431972e-09
1.913266700626081729e-08
1.105886937580180529e-08
2.629785988972344057e-08
2.453001570756896399e-07
3.074025478611019935e-09
2.092498334604897536e-07
5.556658777550183004e-08
3.810444866303441813e-07
5.613608422549987154e-08
3.313322451958811143e-07
1.756478411607531598e-07
6.585836445083259605e-07
1.574580437591066584e-06
2.156447109769032977e-08
1.482136813280021670e-08
1.526684378916343121e-08
9.225344932417556265e-09
9.427259328731452115e-08
6.240609362606619470e-09
8.888491720426827669e-09
4.779094897600089098e-09
3.993504193999797280e-08
1.288901874119119384e-08
1.671411009596113217e-09
7.856794326244198601e-09
1.103920688194648392e-08
8.937350415294531558e-09
1.125326409834315200e-08
3.087359345954610035e-08
7.234677745771023183e-09
4.661973918018702534e-08
1.108330138777091634e-08
7.273695867837659534e-09
1.200392318878584774e-08
2.423928391337426547e-09
1.863841987415071344e-07
2.555442613072500535e-08
3.534188719456210492e-09
4.412140430787303558e-09
1.537185845279509522e-08
3.605365561654139128e-09
6.697418619694417430e-09
4.700931555134957307e-08
5.866614749550080887e-09
1.905279267688797518e-09
9.375486165197344235e-09
4.163976541349256877e-08
3.074185173090882017e-08
5.432648997327760299e-09
3.130313075416779611e-08
2.345645810919450014e-08
1.113663650187390886e-08
2.117518427269260428e-08
2.441706392630749178e-08
1.461885545950281085e-08
7.781988387023375253e-08
2.610893901078270574e-08
6.180837885949586052e-08
2.103291308230836876e-06
6.643829042474180824e-09
3.774975887438358768e-09
1.240922253842313694e-09
7.657381217995862244e-08
5.247567269606179252e-09
1.964665941045495856e-08
2.023099199277567095e-08
7.210913199884316782e-09
6.818297748623081134e-08
1.073389128691815131e-07
3.382950808372697793e-07
1.297906226938039254e-08
1.637137359011830995e-08
5.164339622609759317e-09
2.208022431560152654e-09
4.018871013755642707e-09
6.846155198303449652e-09
1.571029084601605064e-09
2.761264283890341176e-08
1.936088267484592507e-07
2.278869892791135499e-08
5.916942882322473451e-07
6.744754728060797788e-07
4.298729550100688357e-08
9.201045969575716299e-08
6.038671784835969447e-08
1.046413800054324383e-08
1.425593012527315295e-07
2.914274155330076610e-08
7.743517826952484029e-09
1.002590455101426414e-08
2.267146825829513546e-08
1.906498248160914954e-08
1.220926471034999850e-09
3.176872542809405786e-09
4.103352324591469369e-09
8.554405184213464963e-09
2.978920576879318105e-08
1.193834151536066202e-07
8.461971567896853230e-09
1.364671486925317367e-08
6.264257113031135304e-09
6.029991173051030273e-09
6.446203126841965059e-09
7.557390269141706085e-09
2.231921492068522639e-08
4.409498988167115385e-09
3.580491281240938406e-08
7.165491755500852378e-09
1.689569728569040308e-08
2.565082368732873874e-08
2.537717591621913016e-09
2.230270368386300106e-08
1.816171106838737614e-07
8.989785804658367852e-09
4.423650779017407331e-09
5.608736159956606571e-07
2.715064617575535522e-09
2.614516958487911324e-08
1.417212871501760674e-07
7.462538142988250911e-09
2.998523429553756614e-09
1.715201314311798342e-08
4.936530295651664346e-09
2.750266903106535210e-09
1.303682779507653322e-07
1.168519592198435930e-08
5.770951005956703739e-08
1.484017975172946535e-08
2.962703504749697458e-08
2.388093989225126279e-08
7.971610216372937430e-08
1.504320223943977908e-08
1.311766766320943134e-07
7.175132932246697237e-09
3.609261867154600623e-08
1.797755544430401642e-08
4.472768111440927896e-08
7.838279358907129790e-09
5.119031420974806679e-09
5.219072107820466044e-08
2.875193860774061250e-09
4.943672138324473053e-09
1.661581450207449961e-07
4.250252416682087642e-08
1.032320895433258556e-08
3.198331910425622482e-07
1.030234386689699022e-07
6.976434718808377511e-08
1.836514371689190739e-07
1.558807127821637550e-08
3.431979962442710530e-07
7.755627251526675536e-08
3.128118635231658118e-07
1.410127481449308107e-08
7.981361704878509045e-08
6.539131902627559612e-08
7.682558589294785634e-08
2.173359234802774154e-07
3.405596942229749402e-07
1.188198606172363725e-08
1.502617692494823132e-07
6.867829682732917718e-08
1.479620159727801365e-08
2.335632132144382922e-08
2.132454035574937734e-08
5.030420311413763557e-07
3.545741549260128522e-07
1.051712274602323305e-06
1.405463390113936839e-08
1.955577566548072355e-08
8.106957238851464354e-08
8.988482846916667768e-09
2.293240264350515645e-09
1.510334612930819276e-08
2.200287951836799039e-08
3.588554022826428991e-07
3.661214975636539748e-08
4.287355537258008553e-08
1.068490860234305728e-07
3.351006398588651791e-06
2.717725351430999581e-07
2.165327970260477741e-07
9.578730697512582992e-08
1.093404421226296108e-06
5.038832018300354321e-09
1.214405376259719560e-08
7.891999054265852465e-09
1.607175725837350910e-08
7.841060245539210882e-09
7.352326747422921471e-08
2.335938331654574540e-09
1.662582249650768063e-08
5.896094723567557594e-09
1.476538002975757990e-09
9.613263074470523861e-09
8.941122331407314050e-08
1.274971594966700650e-07
8.652605743009189609e-08
1.274121430583363690e-08
3.774611201379229897e-08
8.942640761233633384e-08
1.378128757778540603e-07
4.538049047653203161e-09
3.279118310217654653e-09
2.109905805625089670e-09
3.081057631248995676e-09
3.010621085763887095e-09
2.770290308262701728e-08
4.585258182032703189e-07
1.918804173328680918e-07
1.712494679395604180e-08
3.683032545609421504e-08
4.656499541511038842e-08
2.367076206155616092e-07
7.094956799846841022e-07
1.915702569021959789e-06
2.112189712022427557e-08
6.988993561662937282e-08
8.123756174427398946e-07
4.357515877018158790e-07
3.968428245570976287e-06
9.800401130632963032e-07
1.539749803214363055e-07
4.675429408962372690e-06
1.621345063540502451e-06
5.892177910027385224e-07
2.990487359966209624e-07
1.129624749296453956e-07
5.269517941997037269e-07
1.914712299821985653e-08
2.760479489438694145e-08
2.843615220626816154e-06
2.274084920372843044e-08
5.492589938427272500e-09
2.524653375246543874e-09
1.452920805888879840e-08
7.692587189467303688e-08
3.918825797200042871e-08
4.137342468624183311e-09
1.118796877364047759e-08
1.208397915064551853e-08
3.872946408023381082e-09
4.441226941764853109e-09
4.216653692878935544e-08
6.175590261392471803e-09
5.298852023827294033e-09
1.324479370623521390e-07
8.255486960706548416e-09
6.692093545979105329e-09
1.266211491213198315e-08
4.689502119958888215e-09
4.309530954316187490e-09
1.312209008119680220e-08
4.022569299877432059e-08
7.604866425481304759e-08
4.053515567647991702e-08
1.204809620958258165e-07
2.668561016605508485e-08
8.132820994433132000e-08
1.437763472722508595e-07
3.024918537875009861e-09
1.099377833213566191e-08
2.800802434421711951e-08
1.270718286150440690e-07
8.401089957033036626e-08
1.309101094193465542e-07
1.088415757521943306e-08
4.589171354041354789e-08
8.995569800163139007e-08
8.633284664938400965e-08
3.658415437257644953e-08
8.024809403650579043e-07
3.602856679663091199e-07
4.629595551364218409e-08
8.105565285632110317e-08
2.130323828453128954e-08
2.578734381586400559e-08
2.454476977220565459e-08
1.250124199714264250e-07
4.893566440955510188e-09
8.908145332497952040e-09
3.274138649089763931e-08
1.857006637351332756e-08
9.013105284338962520e-08
5.328359407030802686e-07
2.932177523007339914e-08
5.459576613020544755e-08
2.391517028854650562e-08
2.294294532134699693e-09
2.452161993460322265e-07
4.160663813479459350e-09
4.085905800366163021e-07
4.290165634301956743e-06
2.275864119383186335e-08
2.356370654155170996e-09
1.514902550070473808e-07
1.818787431773216667e-08
7.637233956359068543e-09
4.727636948587132792e-08
5.092701016451428586e-08
9.268202205703346408e-09
2.611925076223542419e-08
3.831560135836298286e-08
7.255918088588941828e-09
1.749744704682143492e-08
4.677727982738133505e-09
1.262996196516041891e-08
2.532656040443725942e-08
2.709401236700159643e-08
2.607768401219345833e-08
3.835498585402774552e-09
6.058110813000894268e-08
2.004723143045339384e-08
3.895646472074076883e-09
1.961131879113509058e-08
3.899891520831033631e-09
6.497802296223653684e-09
1.354552736643199751e-08
4.382591622942300091e-09
9.396538658279496303e-09
2.589266756558572524e-08
7.967912551976041868e-09
6.876097025099170423e-09
3.141610305235076339e-09
4.555236632342030134e-09
2.793620001995122948e-09
1.247655845304507238e-08
1.955270612086223991e-09
4.584768120707849448e-09
6.154732545837759972e-08
1.419272280145378318e-06
2.081708458945286111e-07
1.131723195157974260e-07
1.058979933077353053e-06
7.482476860332099022e-09
3.334796758736047195e-07
6.964930854280737549e-09
1.598679411074499512e-08
2.204229332392060314e-07
3.234554846187620569e-09
1.166757979120802702e-08
6.582266109944612253e-08
2.125436271427361135e-09
5.674376879483133962e-08
7.450807970599271357e-08
8.025050135529454565e-08
4.407601039702058188e-08
2.782480557073085947e-08
1.872106913936022465e-08
4.600801517540276109e-08
2.581884217534025083e-08
2.033870671880322334e-08
2.283704070293879340e-08
1.946835403998647962e-08
4.263419395300616088e-09
3.497587774958788032e-09
9.811304657603159285e-09
2.916459607149590738e-08
3.084159345689840848e-07
2.756187882368976716e-07
1.709978114661225845e-08
1.019690909487280805e-08
8.010044183492937009e-09
2.194495607454882702e-08
5.930370416962205127e-09
7.934215062732619117e-09
3.111924229415308218e-08
2.351971417624554306e-08
1.762731649534998724e-08
6.624885529049606703e-09
1.862902720972670068e-08
1.665108406712079159e-08
1.007263339403152713e-08
1.727955201147324260e-08
9.272290668604910024e-08
6.622222770147345727e-08
1.004167327067762017e-08
9.094921260555111076e-09
1.848077602062403457e-08
2.792911457660807173e-09
6.743191338642873234e-09
2.080942085314063661e-09
1.863109702071596985e-07
5.174300454768854252e-08
1.218028877758570161e-08
1.144319639934110455e-06
2.736261173197362950e-08
2.894298845035336853e-08
1.376379898943014268e-08
8.407721630021569581e-09
6.479649528046138585e-08
2.988274738768836869e-09
1.607948441062490019e-08
4.296983036056190031e-08
3.924126357190971248e-09
3.682681182226588135e-08
1.521556214356678538e-08
8.917903748795197316e-09
2.497401840884094781e-09
1.710884323102845883e-09
1.533961864197408431e-07
2.801550635922467336e-08
5.433750516203872394e-08
2.136573158395549399e-07
8.405155682567055919e-09
3.193867925688209652e-08
5.048868700896491646e-08
2.316429714710466214e-09
4.909599837787936849e-09
5.136695957475012619e-09
1.806806793069881678e-08
6.151420706146382145e-09
1.909405966671329224e-08
7.250218647669726124e-09
4.877315440410256997e-09
3.279683014056899992e-08
1.761404000433230976e-08
2.231145712627835564e-09
2.798522480418341729e-08
2.831568535199835424e-09
3.037667450911385458e-09
7.478956831619143486e-08
1.456714127101577105e-08
1.045801223398257207e-08
2.775350367301143706e-07
4.272001419280968548e-08
2.788931041664000077e-08
2.230661699798019981e-08
4.321679902830055653e-09
2.446232549857541017e-08
4.166572420416514433e-09
4.862008573525145039e-09
2.792822151320706325e-08
5.391484947381286474e-08
8.964261155597341713e-08
1.403178639947100237e-08
3.612491994431366038e-08
8.979045418300302117e-08
2.392238052095763123e-08
1.105585312188850367e-08
1.502474304970746743e-07
5.528865543169558805e-08
1.495163814979605377e-08
7.854895045511511853e-08
8.046706767572686658e-08
7.089051567987780800e-09
2.680446975489303441e-08
1.333261820946063381e-07
2.364408224764247279e-08
3.609356440392730292e-07
7.052291550735390047e-08
4.299901590343324642e-08
2.751884231599888153e-08
3.686412952674800181e-08
4.711308321247997810e-08
3.461684272565435094e-08
2.650649300051099999e-08
1.638324320651918242e-08
3.301661388732668456e-09
3.752902699716287316e-08
3.688881733410198649e-08
3.270731241400426370e-08
3.605505227710636973e-08
5.607904185467305069e-08
1.927147508240523166e-08
1.798163751232095819e-08
6.564687993204643135e-08
9.385110466553214792e-09
6.135487495839697658e-08
2.514711283652104612e-08
8.548424546006572200e-08
3.661729808257518926e-09
2.272576082873456471e-08
5.005459602358541815e-09
2.755860428749201674e-08
8.139975449239500449e-08
6.552170361828757450e-07
3.142398554700776003e-07
3.812382374235312454e-07
5.650077028462874296e-08
4.394639674387690320e-08
6.067535451848016237e-08
1.253474124496278819e-07
8.054138334046001546e-08
9.511019527508324245e-09
5.004020309229417762e-08
7.893387987678579520e-08
9.336938333603939100e-09
4.221987239816371584e-07
5.460167429305329279e-09
2.025678647044060199e-08
8.529803530166191194e-09
5.247507317562849494e-09
7.084540953883333714e-08
2.472331317449061316e-08
1.550368367020382721e-08
1.626440848667698447e-07
3.452879093757132978e-09
7.632384502187505859e-09
5.554091409010197822e-09
1.648030689693769091e-08
2.282293287692027661e-08
1.499757189549200120e-07
3.207628296308939753e-08
2.684816635678544117e-08
6.243418670948130966e-09
1.375285663129943714e-08
2.484167360705669125e-08
2.813196964268627198e-08
3.182476726593108651e-09
3.955667793320571946e-08
4.794341812441871298e-09
1.322493226041387970e-08
1.345714739642289715e-08
2.408757637795133633e-08
2.235099394454209687e-08
2.493942474757204764e-08
1.377619618381231703e-08
1.319125164656043125e-08
1.798455251389441401e-08
6.565765175992055447e-08
2.728232004756137030e-07
4.120010110852945218e-09
4.976766554420919419e-09
1.499290291917532159e-08
8.374879456596318050e-09
4.906222983436236973e-08
9.525344069061247865e-09
6.472583180539004388e-08
3.673853443686425635e-09
3.825878280849792645e-08
3.323135766564178084e-09
6.005542729781154776e-09
1.031511853710753712e-08
2.500487106260607106e-08
3.802777204242602238e-09
1.362463475373942856e-08
2.489712613851224887e-08
2.122049647113044557e-09
4.738398118320219510e-08
2.923800401788412273e-08
1.244005964906591544e-08
1.007151961829322317e-08
7.891596709441728308e-08
4.431371891655544459e-08
2.673894439197965767e-09
1.503892832488418208e-08
3.027454198445411748e-08
5.748715636855195044e-08
9.358619657007238857e-09
1.051648510497216193e-07
1.750302303094031231e-08
6.106393612981264596e-08
3.092020861572564172e-08
5.475553166434110608e-08
2.727450265638253768e-08
5.212583253921820869e-09
2.984813107786976616e-08
2.101059592973797407e-08
7.996625583928107517e-09
5.604400143965904135e-07
6.478756198191604199e-09
1.302658159119118864e-08
1.502737134728704405e-08
2.646587482502127386e-08
1.598230454646909493e-07
1.331168597573650914e-08
9.627337149709092046e-09
7.685440728266712540e-09
1.924692725197019172e-07
9.585104265852351091e-09
3.835044726230307788e-09
9.470584672044424224e-08
2.269639054475192097e-08
1.956667006197676528e-08
3.786889912760216248e-09
6.196773227884477819e-08
2.385241089086775901e-07
1.534844784600863932e-08
3.688719729666445346e-08
2.888033145964641335e-09
8.390168204641668126e-08
4.198526255549950292e-07
3.468200304723723093e-08
4.515076668099027302e-08
4.558742006111060618e-08
1.122869441871898744e-08
1.965395085790078156e-06
5.675456105080911584e-09
1.384389047842660148e-08
8.330812484302896337e-09
3.363857103977352381e-07
3.515118152108698268e-08
2.156413891896136192e-08
8.744931889737017627e-09
7.297983328768964384e-10
5.267603242486984527e-09
7.335965079846573644e-08
1.068849542207317427e-07
1.158950713175954661e-08
5.542031189520457701e-08
5.781028988849357120e-09
8.026133535565804777e-09
1.655298476066491276e-08
2.773584029114317673e-08
2.011601054618950002e-07
2.019351974524852267e-08
1.053083220625694594e-08
4.089735838874730689e-08
2.910143166445777752e-07
2.096504125859155465e-08
5.329963315148233960e-08
2.077524463572899549e-08
2.052228254001420282e-08
7.317766392844760048e-09
4.977488199386925771e-09
6.793979157038165795e-09
6.126713856247079093e-07
1.251192305318227227e-08
2.317010796559770824e-07
4.475712600537917751e-08
1.500955448818785953e-08
1.131893725414556684e-07
1.310643238383590869e-08
4.610236103985698719e-08
1.261455384593546114e-08
8.264120943124453333e-09
1.734122534458037990e-08
3.010718563345449184e-09
2.081030636702507763e-08
1.268890237327013892e-08
1.413280514839243551e-08
3.498723444295137597e-08
3.830778183555594296e-08
1.285467199352297030e-08
2.909653140648060798e-08
1.722078835086904292e-08
9.697627589844159957e-09
9.049929694526781532e-09
8.705391074670387752e-09
1.164525720298570377e-08
2.542733490429327503e-08
1.200112897947747115e-08
2.198312287760018080e-08
1.078414246791226105e-08
1.558765383435911644e-08
4.708862189062301695e-09
1.233604862704851257e-08
7.624210951462373487e-08
4.015861421180488833e-08
1.943062599707445770e-08
9.152697266756604222e-09
2.004335755145802977e-07
9.393492206299924874e-09
8.014965580116495403e-09
4.742005543789673538e-08
1.592471043920795637e-08
1.026138995996461745e-08
9.545185974957348662e-09
3.155859076287015341e-07
1.318232190072876620e-08
1.904894242343857513e-09
2.926389086610470258e-08
1.549383910059987102e-08
3.590556296728664165e-09
9.587663996057926852e-09
1.170530055105700740e-07
5.821026771712922709e-09
2.394620857160134619e-08
4.208185089282778790e-08
9.351593632800359046e-08
5.607773800875293091e-09
4.751266757807570684e-08
1.412876216022596054e-08
1.218114853429597133e-08
4.004961340342561016e-08
3.076602084206569998e-08
6.190957524410123369e-09
4.755029792136156175e-08
2.030932222396586440e-08
3.440981188873593055e-08
2.531878173783752572e-08
5.124514501630983432e-08
8.201639367655388924e-09
1.555284789844790794e-08
1.252981096655503279e-08
2.479208092154294718e-07
1.541019578610303142e-08
3.786882807332858647e-09
1.005177185930961059e-08
7.419934178187759244e-08
5.483702825159753047e-09
3.137354553928162204e-08
4.404516573686123593e-08
2.537773298172396608e-07
7.322726247593891458e-08
6.535042729183260235e-08
1.593623579765335307e-07
5.181013396082789768e-09
2.275685204722321942e-07
1.703382213058546313e-09
6.533672092245979002e-08
1.285587956090239459e-07
1.856253248888606322e-07
7.771101451226058998e-08
3.921584834642999340e-08
6.244228245577687630e-09
9.321547089768955630e-09
1.099363089451799169e-08
4.291247801546660412e-09
1.638555602312408155e-08
1.329604870647926873e-09
6.253623752172643435e-08
9.628457142696333904e-09
1.011522066107772844e-08
8.933992212689645385e-09
2.990226377619364939e-08
3.382524926820451583e-09
2.275090338343943586e-09
2.472392601760020625e-08
6.664443219506210880e-08
4.567576183944765944e-08
2.972222468144991581e-09
1.463757737241166978e-08
5.401600500221093171e-09
3.097546041885834711e-08
1.252032610921105515e-08
1.205554269745334750e-07
2.303297463868148043e-08
1.700584917330161261e-08
1.615923928000029264e-08
2.149716138433177548e-08
1.976211549958861724e-08
3.685750300519430311e-07
5.213697029660124826e-09
1.119477754940589875e-08
3.569452289298169489e-08
8.734535583698743721e-08
5.443934636417679940e-09
7.019811842923218137e-09
7.027353365884891900e-09
5.407352787756281032e-09
4.749364634903940896e-08
1.649989513907712535e-07
4.122024321873141162e-08
1.085787246779545967e-07
2.636522253851580899e-07
8.609387869285001216e-09
5.050865752309618983e-07
1.443751500573853264e-07
1.673961058656914247e-08
2.174981617031335190e-08
4.416206955681900581e-09
1.910870395249730791e-08
3.813405768937627727e-08
4.069962500352630741e-08
3.714578633662313223e-04
3.796155922941579774e-08
3.143212268241768470e-08
2.441375457351568912e-08
3.139407667163141014e-08
6.049217127213069034e-09
3.111348334527974657e-08
2.398552112481411314e-08
8.712655130693747196e-08
1.454224616281862836e-07
4.605918313416168530e-09
3.491604161354189273e-08
1.936968097027147451e-08
1.781008407419903961e-08
7.513954791704691161e-09
1.668144378186298127e-08
3.005751025852987368e-08
4.369865180819942907e-08
2.743364575508167036e-07
1.400679252583358902e-07
6.770619620510842651e-08
1.303961312260071281e-07
9.004942569390550489e-08
1.322140974480134901e-07
9.137051115715166816e-09
6.354841985967141227e-08
1.614605160682458518e-08
5.182970053141389144e-09
2.656895325969799160e-08
1.147554407054940384e-08
3.264031533944944385e-08
7.518790567928590463e-08
2.106938978840844356e-08
1.251435755023067031e-08
2.209556981824789545e-08
1.035599055398961355e-07
2.453195691032306058e-07
1.667042965891596396e-07
7.079299848555820063e-06
1.093315859179710969e-06
8.449819119960011449e-07
8.043424060133474995e-08
1.077905267266032752e-06
1.557896212034393102e-06
2.853545595371542731e-07
5.288457600727269892e-07
1.836797025589476107e-08
3.082574195900633640e-09
4.170194074504252058e-07
4.459741020923502219e-09
2.001643473192871170e-08
8.352673219746975519e-09
1.151022210876817553e-08
4.578720957937321145e-09
2.370603624513023533e-08
6.851984579725467484e-08
2.229092288530409860e-08
1.464483148083672859e-07
1.813519503457428073e-07
1.927632808929047314e-08
6.101247862488889950e-08
1.132343925291934283e-07
5.973851191498624758e-09
3.448648655535180296e-08
6.358937820749588354e-09
3.086394073648079939e-08
1.028753828791195701e-07
8.330542478063307499e-09
1.301416485688378089e-08
3.061300901663344121e-08
1.774893831907320418e-08
1.671271654402062268e-08
4.491886613777751336e-07
2.368935625440826698e-08
2.080058081332936126e-08
1.601570573939170572e-07
6.210321771504823118e-06
1.338386255156365223e-06
3.940421038350905292e-07
2.485646177774469834e-08
1.269880556264979532e-08
3.489188884486793540e-07
7.660935352760134265e-07
1.404890639378209016e-07
1.985921471714391373e-07
3.643755235316348262e-07
8.334233569939897279e-08
1.509896740969907114e-08
