8.923427117224491667e-07
2.130570777580942377e-07
7.352993707172572613e-04
1.574343477841466665e-04
1.449155155569314957e-03
9.304625540971755981e-02
9.009330868721008301e-01
1.714371791194935213e-07
1.119909370572713669e-06
1.219953998932155059e-10
3.130063985778974711e-09
2.045293268082559734e-09
5.380311307590091019e-09
5.035314032397764095e-08
3.950308968825311240e-09
2.151055333854401397e-08
2.400070400199183496e-07
6.096275484424040769e-08
5.918446888131256856e-08
6.317550926837611769e-09
1.748396414313901914e-07
1.074647457244282123e-06
3.706340834241927951e-08
1.039776336142494984e-07
6.835078352196433116e-07
3.471328113846539054e-08
5.808555858521913251e-09
1.831062412804840278e-08
1.272769800664264039e-08
4.456267799213264880e-09
4.010844278923286765e-08
3.283051608349296657e-09
2.808550281230282053e-09
1.414754024153808132e-05
3.884010220644995570e-05
1.098579929248444387e-07
1.707515366433653980e-05
3.589733310604970029e-08
5.635195421405114757e-09
1.095072548196185380e-07
2.349924898226163350e-06
2.214888361606881517e-08
4.517491269950824062e-09
1.505446221017336939e-07
5.886384357722818095e-08
9.760079855425374262e-09
2.867204216272511985e-07
2.306784985250942555e-09
8.588797228981093212e-09
3.144174698377355526e-08
4.565122537769639166e-07
3.477127847872907296e-07
1.470550126114744671e-09
5.187277718476934751e-09
1.531358861939224880e-07
1.608361266391966637e-08
2.022509937305017047e-09
9.677681767072954244e-09
1.321164745604619384e-06
4.816518295314153875e-09
2.713406921373007208e-08
7.335766022409373477e-11
7.872189011770558409e-10
2.807666543702680428e-09
1.149038286740733383e-08
3.114976834694971330e-06
5.506588518500166174e-09
2.940822874109016993e-08
2.699086953938945044e-09
7.360272888945473824e-07
2.042805959945326322e-07
3.420874961079789500e-08
8.587490896161398268e-08
1.499951878258798388e-07
2.134736121206515236e-07
1.947534826740593417e-07
4.300734701701003360e-08
1.329474343947367743e-07
1.186036939770929166e-07
1.166043333000743587e-07
3.568534800990619260e-09
1.396321458457805420e-08
1.237694164046843071e-06
7.025810333516346873e-08
4.302469491790361644e-10
4.792575580836455629e-08
4.048937540801489376e-08
5.145538395368021156e-08
1.107536640176931542e-08
2.956072941984189129e-09
1.728130749611977990e-09
2.235420293317247342e-09
1.096417534540705674e-07
4.071890380430431833e-09
5.218050205257895868e-07
7.386440348255973731e-10
3.603361831139295646e-09
3.230053025049528515e-08
1.224652379505641875e-09
9.284879531890055659e-09
3.241262049868964823e-07
1.045760456008792971e-08
4.816878984570394095e-08
6.496206905737267334e-10
1.268025506817593850e-08
1.746231603760861617e-09
4.586668822526007716e-10
6.803378482800326310e-08
3.638546672846132424e-07
6.392895556928124279e-06
4.578416223921522032e-07
1.229633728172530027e-08
3.056243294849991798e-04
4.897367398370988667e-05
5.409058303484926000e-06
4.336824872552824672e-07
6.140498665097027242e-10
9.797219746587870759e-08
2.604202364864249830e-08
5.986418472048171679e-08
1.290550666332990204e-09
9.250868515664478764e-09
1.998952825488231611e-07
6.179011052154237404e-06
7.452258614648599178e-06
3.343383923493092880e-06
1.121223817790450994e-06
3.825116223765689938e-08
1.026388751768081420e-08
3.918381352718824928e-08
1.152976913942893589e-08
3.730596631612570491e-08
1.651074832409449300e-08
4.104689921291537757e-08
8.920226335362713144e-09
8.198606451514933724e-07
1.025404561261211711e-08
8.329177489940775558e-07
1.170327568189577505e-08
1.215869183113227336e-08
4.953937704499367101e-09
2.978271993470116286e-07
7.375385848717996851e-07
2.586890168743138929e-08
1.095367139214431518e-07
1.322341489640166401e-07
2.800764207222528057e-07
8.850053490050413529e-08
7.057102635599221685e-08
8.267095108749344945e-05
6.162604222481604666e-06
3.845724222628632560e-06
2.366370710493725937e-10
8.234648163352176198e-08
1.217505207762314967e-08
8.029238074414024595e-08
9.273782630714322295e-09
2.608069671339308115e-08
1.112546215153997764e-06
9.888804015645291656e-07
2.292071776821558160e-08
2.987235063756088493e-07
1.077625825018913019e-06
2.965472845062322449e-07
8.472530765857300139e-08
4.651498031194023497e-08
1.203728885457167053e-07
2.178467362057290302e-08
1.366420150361591368e-07
3.842391127495403680e-10
1.034719545600637503e-07
8.104743756121024489e-07
2.336047941753349733e-07
4.495988719099841546e-07
2.918487007264047861e-05
6.155989606959622051e-10
4.425571020760799001e-09
1.206457866942400869e-08
2.302941993548301980e-06
9.404621437170135323e-08
9.863575201052299235e-08
4.571895217964083713e-08
3.192141662111680489e-08
1.250096488547569606e-06
3.490700350994302426e-07
1.298189822307449504e-08
3.700261004269123077e-07
4.431562317108728166e-08
1.010443373417047042e-08
1.638967717099149013e-07
1.753334544218887459e-08
2.971704020637844224e-07
3.239441866753622890e-05
1.370374889120284934e-06
4.408143183809443144e-08
6.918383405718486756e-06
2.501053586456691846e-07
5.472481348078872543e-07
1.509242792963050306e-07
1.913716732815373689e-05
6.189704038206400583e-08
9.910659173328895122e-07
4.798884560841543134e-07
3.125187504338100553e-07
2.226973094821005361e-07
1.052588459060643800e-06
4.913232842795878241e-08
2.877446263482852373e-07
6.606996066693682224e-06
2.683685579540906474e-06
7.911532406978949439e-07
5.169314576392025629e-08
5.007920833577372832e-08
4.075589288277114974e-07
3.520041502724780003e-07
4.716285317840629432e-08
1.951402595068429946e-08
3.504444379132110043e-08
3.627008382522944885e-08
1.611223581221565837e-07
1.350836953406542307e-07
1.211388962474302389e-06
8.354614777772439993e-08
1.732173404889181256e-05
2.233767190773505718e-05
7.116072811186313629e-05
3.002290895892656408e-06
5.991925718262791634e-06
3.217699529045603413e-08
6.485095838115739753e-08
5.152983106881947606e-08
8.146170102918404154e-07
6.666881517958245240e-07
4.429060851407484733e-08
9.718547744341776706e-08
6.407678938558092341e-06
3.604561698011821136e-07
1.474009309276880231e-06
1.842162902221389231e-07
6.692695251331315376e-07
4.217392017835663864e-07
1.145418693226929463e-07
4.576486958285386208e-07
2.166062351705022593e-08
1.208325528523346293e-08
4.206011453788960353e-06
3.599400770326610655e-06
2.138057340062005096e-07
1.779168201210268307e-06
5.381263235904043540e-06
1.892243062684428878e-06
5.683376116394356359e-07
2.450648217688922159e-08
1.672397615948284511e-06
2.912485342676518485e-06
4.457205449170942302e-08
1.778134475216575083e-07
5.955257620371412486e-07
2.848333622296195244e-07
4.768987764691701159e-07
7.585693140299554216e-08
3.105417135884636082e-06
5.394080631049291696e-07
1.310719108005287126e-05
4.168467057752422988e-06
3.893195525961345993e-07
7.939662083344956045e-08
2.025621768098062603e-07
6.048086902410432231e-07
7.278203639771163580e-08
7.828385406583038275e-08
1.254279027307347860e-07
1.255150891665834934e-06
6.685947937512537464e-06
1.090804868653094672e-08
2.240907015504944866e-08
3.269391868343518581e-09
1.567395742085864185e-07
6.671572094774091966e-08
3.807370063668713556e-08
1.962323459281378746e-08
1.041839965409963042e-07
1.913674765319228754e-07
6.811398112205324651e-09
2.220088845206191763e-06
1.023953828394041921e-07
3.245726887257660565e-08
8.641581672463871655e-08
3.590315600376925431e-08
1.320291875828161210e-08
3.839310735997969459e-08
1.290262202635616973e-10
9.511791354555043654e-09
3.595384434618154046e-09
5.117707132740179077e-06
8.552415806661883835e-07
9.478000038143363781e-07
3.542554249946761047e-09
1.946349970083360859e-09
2.389363196186877758e-08
1.475442257259373946e-08
8.790276950776387821e-09
1.024512599201443663e-07
2.352504395730647957e-07
1.431909879556769738e-07
9.069224482516347052e-09
3.185422485785238678e-07
3.766933787119342014e-08
4.464162941530958051e-07
1.904378876815826516e-07
8.141835792230267543e-07
1.165167577710235491e-05
5.484490429807920009e-06
1.095182710741937626e-06
1.273680682061240077e-04
3.637934241851326078e-06
2.351399963629319245e-08
2.771578806459729094e-07
5.986451287753880024e-05
1.940930189903156133e-07
4.566079958578939113e-09
2.212586514360737056e-05
2.215068207078729756e-06
4.866137714998330921e-07
3.411653597140684724e-05
1.079752678379009012e-07
1.976306066353572533e-06
3.174055600538849831e-04
8.068844181252643466e-05
1.232473891832341906e-06
1.089117205310685677e-07
1.106292724095681024e-09
3.778209389793119044e-08
4.612422088712264667e-08
1.061377759015158517e-07
3.846000407037308833e-09
1.287617457101930540e-09
5.009879444628495548e-08
2.296906442822432837e-09
4.315374724228604464e-09
1.002544181005760038e-07
1.906890361169644166e-07
2.990521750234620413e-07
2.201906568188860547e-08
9.154037172720563831e-08
3.938943393677618587e-08
3.651824442840734264e-08
2.001794285888536251e-08
9.831733649434681865e-09
1.137531224770782501e-08
2.578745661452330751e-09
1.176863051455256937e-09
3.073612475645859377e-09
9.875491002730996115e-08
1.287963846685613589e-09
6.817104214462688105e-09
1.855780880077873007e-07
5.032587679920652590e-08
3.129343539853834955e-08
1.411770522707911368e-08
1.203594024445919786e-08
2.847387037263615639e-08
1.163323748443190198e-08
5.343876523511426058e-07
2.692635270307164319e-08
5.654397909893305041e-07
1.381270919864618918e-07
1.292110507478128056e-08
7.825739167799383722e-09
2.249372244023106759e-07
5.855329998638580946e-09
1.455967568730898165e-09
4.817374943399954645e-08
1.505741975549312883e-09
8.036608534212064114e-08
1.567857621509460841e-09
2.137472954188979202e-08
5.871431119075509741e-10
3.646150048552954104e-09
6.037109478995716927e-09
1.730711218783653749e-08
1.980179149541072547e-06
4.705895229051293427e-09
1.662664317336748354e-07
3.619397670462376482e-09
3.740143483810243197e-08
7.122199008335883263e-08
2.168254881196318706e-10
6.908894079060701188e-08
1.355855829388019629e-06
4.920085848425514996e-05
9.541474719299003482e-05
1.159203384304419160e-05
2.778132511593867093e-06
2.567936608102172613e-04
2.017284941757679917e-06
1.244726590812206268e-04
8.591996447648853064e-06
3.630185219094528293e-08
1.094798385281592346e-08
6.000902885716641322e-08
4.353364602138753980e-08
3.449137420119541275e-09
7.369013133029511664e-08
1.116662460276529600e-07
5.746765054936986417e-06
4.736170922114979476e-08
1.209591538042786851e-08
2.152619238415809377e-08
3.260423227402498014e-06
5.763815202897148993e-09
1.076382982745371919e-08
3.187157631145964842e-07
1.570355152580305003e-07
2.075463179096459498e-08
4.496662153741226575e-09
1.957626283299873649e-10
2.203082694052227453e-08
2.229256068631002563e-08
2.332923010328613600e-08
6.859772128109398182e-08
6.265578349484712817e-07
4.687104038225697877e-08
5.887136467208620161e-08
1.307956978280344629e-07
2.206076942457002588e-06
1.642824372538598254e-06
6.837617405608398258e-08
1.003043848868401255e-06
9.517435728412237950e-09
5.955666182444474543e-09
5.189543905714799621e-09
4.377110229825120769e-08
6.910462957421259489e-08
2.730483572577213636e-07
9.334745953992751311e-08
3.811395288266794523e-08
1.002283678275261991e-08
4.063301695111931622e-09
1.686969497427526221e-08
8.142188789861393161e-08
1.145126393709006152e-08
2.192685570889807423e-07
1.215456446601592688e-08
3.686076999187548608e-09
4.973014142706233542e-07
7.761481413126603002e-08
8.792646610800147755e-08
4.582679480336082634e-07
1.733686860738714586e-09
2.432078005654148001e-08
1.391245660897766356e-07
3.299475537232865463e-08
1.032642948928241822e-08
2.325822094917384675e-07
2.014841093966879271e-08
7.655866625100316014e-07
3.658055049982067430e-07
2.507534645701525733e-06
4.853427171269686369e-08
3.394625991859356873e-06
2.807560939288578084e-08
1.148564660979900509e-05
2.393757995378109626e-06
4.407462128597217088e-08
1.524602311064882088e-08
8.430995901420601513e-10
1.616158873396500439e-09
6.925367415533401072e-06
3.814990350292646326e-07
2.379003660735179437e-08
1.153143500687292544e-07
1.564444119139807299e-06
9.076617857317614835e-08
1.939358185154560488e-08
5.647578291245736182e-06
4.512591189609338471e-09
1.660998560915061262e-09
2.423498699499759823e-07
3.155091974349488737e-07
3.683802063392249693e-08
3.549955707171648100e-08
6.979100408699423497e-09
1.285095407865810557e-07
1.248896523975417949e-06
1.946145911091434755e-09
1.315257414091774990e-08
8.215821623025476583e-08
7.161946200540114660e-07
4.123280916701332899e-07
3.846180618438665988e-07
2.251955493193236180e-06
3.171426214976236224e-06
4.247906559839975671e-08
8.912617204259731807e-07
3.150814364971665782e-08
6.583076839206114528e-08
1.209440370075753890e-06
9.440007886496459832e-08
5.591472884702852753e-08
9.850691817803181038e-09
5.680617505277041346e-07
3.261472443227830809e-07
1.512169411910235794e-08
1.468207866395232486e-08
1.885215539232376614e-07
5.916920287063476280e-09
5.298547023357969010e-08
1.317695552671693804e-08
3.834835504701317177e-10
6.992504797409537787e-09
5.652087509133707499e-08
9.915083865053020418e-09
3.340819603181444108e-07
1.685276515672740061e-06
4.137988526053959504e-06
7.747382291256599274e-09
6.502569362965004984e-07
1.313790903623157647e-06
3.300552364748909895e-08
5.217609122531996491e-10
1.332704435696996370e-08
7.521106937247168389e-08
2.204480779255391099e-06
1.935899085481196380e-08
1.033529617444628457e-08
1.207820332638220862e-07
4.407226938951680495e-08
2.123372766504871834e-08
4.065288550236800802e-08
1.333175561057942105e-07
2.271529631059365784e-08
2.781135499674292078e-08
1.135396132667665370e-08
4.167294420653888665e-08
5.909386313618369968e-09
2.436121881999042671e-08
1.125744120145100169e-06
3.819393512571878091e-08
5.644613452204794157e-07
1.067424104661540696e-08
3.441330775899587024e-09
4.740222436794283567e-07
3.920851421312931961e-10
9.737320283420558553e-09
8.055318971855740529e-07
1.517242083082237514e-07
3.718061969415487056e-10
1.182953557332666605e-08
8.134901690937113017e-06
1.692835205346909788e-09
2.107945995533100358e-08
7.814052764842926990e-07
2.916579688871934195e-08
4.079495141695588245e-08
1.171171604141818534e-08
8.889133340517219040e-08
3.975138440637238091e-07
2.567854373580757965e-09
8.456498790110344999e-08
8.972076970259479367e-10
4.807021980468562106e-08
8.928942634156555869e-07
1.907354061359001207e-07
7.940880175638653782e-10
1.797273974091240234e-08
9.078882499125029426e-07
1.548521977312589115e-09
9.355476038308552234e-08
4.496335748171986779e-09
3.050422137107489107e-08
8.732253253818100802e-10
1.685467587719813309e-08
5.348619880329863463e-10
1.051789149641990662e-05
1.270145855158943959e-08
3.966854222881011083e-08
3.102470316207472933e-07
2.947186317214800511e-07
6.949889108653906078e-09
9.321952632035390707e-08
1.759794258759939112e-06
1.576670460856632872e-10
1.763910617569308670e-08
1.456981522096612025e-07
1.750563582980646515e-09
1.026222875566418224e-07
1.367403683616430499e-06
3.603260978479738696e-08
1.378001286411745241e-07
1.806501970236240595e-08
4.637472272861486999e-07
2.428076850691240907e-09
9.333387396281977999e-09
1.093517667527521553e-07
3.118443947514037973e-09
3.674500703709782101e-06
1.790129715573129943e-07
3.776191803694928240e-08
1.669627067713008728e-07
1.336919922323431820e-05
4.159916144885755784e-08
5.072919151416499517e-08
3.220351985078195867e-08
2.174538771271272708e-09
2.779984775713728595e-08
9.136611879512201995e-06
5.544275705204881888e-09
3.392270173208089545e-06
8.682177963237336371e-07
2.742670091038235114e-08
9.955946467243848019e-08
1.193423249112868234e-09
3.425314787364186486e-08
8.508071580592968530e-09
7.737399165819169866e-09
4.390926449104881613e-07
4.562591726653408841e-08
9.436789127903466579e-07
2.947752619775201310e-08
2.491564430329162860e-07
4.363691914477385581e-07
1.857551552575387177e-07
3.200770208877656842e-07
3.787433699997677650e-10
2.362886597495617025e-08
3.320441877008306619e-08
1.505183604422200006e-07
3.579216354410164058e-07
2.780997654383554618e-08
2.825684305207687430e-06
1.722918163693520910e-08
6.073591521271737292e-06
3.271949822192254942e-07
2.648392971593693801e-08
1.128825260821031407e-06
3.433299582411564188e-07
2.816645405800954904e-07
2.896792672402170865e-08
2.081877283899302711e-07
2.858001550976041472e-07
1.698238882852365350e-09
5.519914836327188823e-08
1.186623649118700996e-06
5.087375853918274515e-08
5.781817691286050831e-09
7.020434509286133107e-07
3.071603771331865573e-08
1.376234326500025418e-08
2.313236713291644264e-08
4.332713388066622429e-08
2.697508350024691026e-08
7.051774275623756694e-08
5.236387679019571806e-08
4.007660869831397576e-09
1.151525879095061100e-07
1.097520083703784621e-07
4.485098372697393643e-07
4.341208637015370186e-08
2.213714367371721892e-08
6.464173338827094994e-07
1.120333337212287006e-08
2.838319579367976075e-09
2.118171060772056080e-08
1.805002938226607512e-07
1.473182180689036613e-07
4.311699441927885346e-08
5.707707018132168741e-08
2.876871540991032816e-08
5.202331010423222324e-08
6.355528370249885484e-08
6.684729925154897501e-08
7.260844370193808572e-08
2.269622934036874540e-09
3.757947411031636875e-07
1.960049367255578545e-08
4.964404638485575560e-07
5.431046702142339200e-06
1.877332067579118302e-09
1.306317614080398926e-07
1.429387808116189262e-08
1.909972624503097904e-08
3.139454349820880452e-07
9.534230116514663678e-08
5.123327539990896184e-08
1.961425510899061919e-08
7.000698243331271442e-09
9.702485037621499941e-09
5.776199429874395719e-08
1.029912866101767577e-08
8.593667644163360819e-08
1.116996273253789695e-08
1.662618274167471100e-07
1.554418389559941716e-07
1.932998117126771831e-07
8.115556511256727390e-07
2.019989686630196957e-08
6.682610909081176942e-09
9.153841240561177983e-09
2.379661800944177230e-08
1.216990455077393563e-07
8.984520150079333689e-08
6.415406539339585379e-10
1.615571818547323346e-07
3.462837184997624718e-06
5.370550226757586643e-09
2.353647765573896322e-08
2.437698753965378273e-07
3.935856440762108832e-08
8.570407317165518180e-08
7.790279710206959862e-07
1.757224055154438247e-07
1.051773512728004789e-08
2.363643858416253352e-08
1.196131762526420061e-07
7.183808659050328060e-09
1.780310640242532827e-06
7.055312778447841993e-08
1.014983581626438536e-06
3.698006594277103432e-07
5.400998315252536486e-09
4.778872266797407065e-07
2.950351252195559937e-08
2.727722494455520064e-05
1.320157252848730423e-06
8.807920437448046869e-08
7.333772256146176005e-09
1.580637665199446928e-08
7.393456371573847719e-07
5.497479360627721690e-09
1.087051350623369217e-05
5.661380555466166697e-07
6.112354355991556076e-08
1.145714268204756081e-04
2.371845297943764308e-08
1.685805273154983297e-08
2.019277012266229576e-08
3.616094446101669746e-08
1.512425740202161251e-07
5.365953459346428644e-09
1.371014036521955859e-06
1.219204026625675397e-08
6.491729465096796048e-08
5.064196617610150497e-09
1.671428861982349190e-07
3.143181004361395026e-07
3.332606866024434566e-07
1.128566351482618302e-09
3.921736269063558211e-09
1.761603414252022048e-07
4.833525579783781723e-09
6.464049739918209525e-09
1.219278971120729693e-07
1.318707063546753488e-07
7.846967520208636415e-08
1.823374532250454649e-06
1.284963673242600635e-06
3.467946285695688857e-08
1.410930053680203855e-05
8.858211231199675240e-08
2.114679276132847008e-08
1.431746028401903459e-07
2.691603029347788834e-08
3.330350750729849096e-07
8.795678354545088951e-07
7.988265160463470238e-09
1.193895027284952448e-08
6.113290282883099280e-07
7.381363076319757965e-08
4.287026627025625203e-07
2.784178434467321495e-07
2.368793694529358618e-08
1.163772580525801459e-07
8.551270269663291401e-08
3.317398693525319686e-07
2.693533929232216906e-08
1.186225251359473987e-08
4.443757291028305190e-07
1.183148810923739802e-06
3.909085819486790569e-07
1.208656925655304804e-07
9.494277586341581809e-10
4.615804130025935592e-07
5.894617424928583205e-05
3.329093374304648023e-07
2.241578300754554220e-08
1.428873304121225374e-07
9.111878398471162654e-07
3.122628413620986976e-07
2.025831236096564680e-08
1.573187446979318338e-08
2.173458142351591960e-06
2.930611481133382767e-05
1.155389650620008979e-08
4.736731185062126315e-08
4.128329237573780119e-05
2.601451001282839570e-07
4.137498876843892504e-08
1.212718703236248530e-09
1.016805484255201009e-07
1.655870884853527514e-09
1.593395040799805429e-06
7.521118732256582007e-07
7.188123163359705359e-06
4.807340303614182631e-09
6.173342512738599908e-07
1.770933550915287924e-07
4.741468018210071023e-08
2.188994585594628006e-06
2.792335251911026717e-08
3.330711351168247347e-08
7.633353789060493000e-07
6.019023999215278309e-07
8.421469743780107819e-09
4.408569509450899204e-09
8.163107736436359119e-07
5.090620902592490893e-07
8.740022039432915335e-09
1.873984501798986457e-06
5.687240900442702696e-09
1.461332388430491847e-08
1.508867031319027774e-09
9.012972590483059321e-09
2.231296702959184586e-09
2.903492770656157518e-07
1.150302040286987904e-07
2.185632785867142047e-09
8.922205552153172903e-08
6.102328029555792455e-07
9.650614174461225048e-07
3.664174030859612685e-08
1.240983316108668078e-08
3.843038314244040521e-07
1.297355174756376073e-05
1.748605654938728549e-06
1.335413708147825673e-05
1.409014657838270068e-06
4.823850758839398623e-07
7.123445389112248449e-09
2.901387929910015373e-08
1.157623682956909761e-05
6.930354601308863494e-08
4.429325315413734643e-07
1.534491644861191162e-07
1.083298784010366944e-07
1.379876812279690057e-05
3.763414824220490118e-08
4.715070645033847541e-08
7.782333888428638602e-09
2.701344214983691927e-08
3.251029170314723160e-07
4.924455652144388296e-07
1.367997697343525942e-07
3.018301342194718018e-08
3.260671732618902752e-10
7.470823675248539075e-06
1.856809150879712433e-09
1.472186905715489047e-08
3.253238745060116344e-08
1.081368452560127480e-07
2.490378792074920966e-09
5.072939046613100800e-08
2.898732631706479879e-08
1.576384249801776605e-07
2.811594734808409157e-09
8.852003574588707124e-10
1.005985694746414083e-08
1.940127702937388676e-08
9.242226539640796545e-09
3.493324811643105932e-07
2.478886926837731153e-07
1.393124477999663213e-07
3.411558964216965251e-07
3.353517685766860268e-09
1.281976835798559478e-08
1.259776638562470907e-07
3.995235715592571069e-07
4.718896491340274224e-07
1.565500062916669322e-09
6.590234988834708929e-07
1.325109337813046295e-06
4.196271419232289190e-08
2.018174996010202449e-07
4.159464239705812361e-08
1.963536711002689117e-08
4.332440539656090550e-08
5.351595433467082330e-08
1.696009555018918036e-08
1.980287489544707569e-09
1.317205633455387215e-08
4.467041403444227399e-09
5.881547338049131213e-08
3.747091568584437482e-06
2.145736566205869167e-08
4.054146174325978791e-08
5.361242801882326603e-05
6.315689802249835338e-07
6.031423822605574969e-07
1.620777112520954688e-07
2.706996937718031404e-08
6.228619753301245510e-08
1.825422923928954333e-09
2.947349457826931030e-07
8.488365921266449732e-08
4.776316018251236528e-07
2.576972057966031571e-08
1.237964966094295960e-07
4.749006876636485686e-08
2.536660576879512519e-05
8.112065685850211594e-09
2.724047831748066528e-08
1.497277146711439855e-08
2.709516593313310295e-07
1.197096717078238726e-04
5.687298454404299264e-08
7.085250786076358054e-08
2.233495166592547321e-08
5.304671812922379104e-09
2.558236360528098885e-07
6.167334163365012500e-07
3.569191903807222843e-05
3.267485837454842112e-08
8.627507597225303471e-10
2.069378668423382805e-09
7.511626876066657132e-09
6.620833881143539656e-10
1.672040284006470756e-10
1.785144809751670891e-09
8.612615509662191471e-09
1.501819113514102355e-08
3.005361515207027878e-10
2.209672000930140712e-09
2.834669210471929546e-08
1.192608567457398294e-09
1.008003902569498678e-09
9.675817480570003681e-09
8.693950448446230439e-09
8.310372550113243051e-07
1.450343845021961897e-09
1.694050411060743500e-08
1.678043398678497056e-10
3.165734563381761291e-09
1.012354020057948389e-10
1.122645709727976282e-08
3.190437425359959889e-08
1.018063411351022296e-08
1.911429308165679686e-07
6.544242125983146252e-08
1.293722675654862542e-07
9.008126653498038650e-07
1.183936078064107278e-07
4.452565960377796728e-08
1.189943876767074471e-08
1.537374316740169888e-07
1.709210550870920997e-08
9.192174132977015688e-09
7.406600333048629636e-10
3.458630715158506064e-07
3.093192191272464697e-08
2.049698410999667431e-09
8.858933142619207501e-09
2.356894679422794070e-09
9.907970000000432265e-10
1.284843431648141632e-08
3.310499208097894552e-09
3.933240677600480240e-10
7.674405111401938484e-09
3.227077050027560290e-09
4.625531246915670636e-08
5.763614030485086914e-10
2.024144549750417355e-07
3.139595037282560952e-07
1.802247453497329843e-07
1.242015860043466091e-04
6.980940980838568066e-08
1.534434659333783202e-07
2.836837040831596823e-07
1.015338852994318586e-06
5.854640505731367739e-08
5.934235325355530222e-09
1.052339371199195739e-08
7.704334392677480992e-10
2.613735432532848790e-07
6.098119774833321571e-04
4.708213907633762574e-08
1.948951222630057600e-08
7.019310466205297416e-09
5.092596566669271851e-09
2.328789605599013157e-07
1.134954441539548498e-08
1.652851078226547088e-09
1.082902159055265656e-07
2.891723527298495355e-09
1.890378742430698367e-09
1.663253357264693477e-08
1.702349692322968622e-07
2.197118709190704067e-09
5.681451753503097279e-09
1.679616445926512824e-09
2.977084818667208310e-07
