5.473132205224828795e-06
2.688046079128980637e-04
6.746419785486068577e-06
1.469279231969267130e-04
1.443987548555014655e-05
7.681843271711841226e-06
4.178760718787088990e-06
8.820375660434365273e-05
5.571548535954207182e-05
6.784101424273103476e-05
2.396011950622778386e-05
1.220819307491183281e-03
9.596558811608701944e-05
4.133765178266912699e-04
4.395490104798227549e-04
2.017345977947115898e-04
4.283137604943476617e-05
1.796648211893625557e-05
2.201926254201680422e-04
1.555271410325076431e-05
3.242718946694367332e-07
2.452528860885649920e-04
2.301599743077531457e-04
3.684143885038793087e-04
3.389147168491035700e-04
3.437740087974816561e-05
1.293860077566932887e-05
3.290933454991318285e-05
4.934322532790247351e-06
9.068819781532511115e-05
2.745060101005947217e-06
8.418160490691661835e-03
2.545014922361588106e-06
6.370223854901269078e-05
2.824347211571875960e-05
6.871222808513266500e-07
5.617283932224381715e-06
1.672131475061178207e-06
3.781939813052304089e-05
9.296546522818971425e-06
1.365702482871711254e-04
2.123387730534886941e-06
1.484313543187454343e-04
1.160163719760021195e-05
2.070976734103169292e-05
3.976834705099463463e-05
2.596021477074827999e-05
3.939159796573221684e-05
1.092066213459474966e-05
1.031647002491808962e-06
3.463688335614278913e-05
3.282010254679335048e-07
2.514597099434467964e-06
1.059583269125141669e-06
1.549189391880645417e-06
2.035346915363334119e-05
6.479731837316649035e-06
5.476499964629510941e-08
1.066952700057299808e-05
4.500256181927397847e-06
1.813089693314395845e-05
3.342968921060673892e-05
1.388426312587398570e-06
4.654796157410601154e-06
1.023184904624940827e-05
3.645035758381709456e-05
1.518215867690742016e-06
2.119089731422718614e-05
6.232082796486793086e-07
5.802840405522147194e-06
2.701842049646074884e-06
1.998819789150729775e-05
3.792292545767850243e-06
9.912320820149034262e-06
3.609180566854774952e-06
1.167480240837903693e-05
9.309331289841793478e-06
6.166371167637407780e-05
1.702653826214373112e-04
3.307215520180761814e-04
5.581961522693745792e-05
3.274747371051489608e-07
4.215866738377371803e-06
1.342775067314505577e-05
1.895459354273043573e-05
1.306174817727878690e-05
1.372570568491937593e-05
3.022648797923466191e-06
1.895348250400274992e-04
3.238284625695087016e-05
2.536127567509538494e-06
6.714009941788390279e-05
6.272133032325655222e-05
4.765497942571528256e-05
1.119374181143939495e-03
6.657397193521319423e-07
1.258065021829679608e-04
3.809675490629160777e-07
7.824871772754704580e-08
7.049093710520537570e-06
4.851306948694400489e-05
2.608186150609981269e-05
2.366838771195034496e-06
7.214817014755681157e-05
3.238985470943589462e-07
1.969756446840165154e-08
2.380191290285438299e-06
3.321310505270957947e-04
1.819458702811971307e-05
2.032733173109591007e-04
8.315781769852037542e-07
2.772245716187171638e-05
8.569518286094535142e-06
5.993221566313877702e-05
1.178335878648795187e-05
4.946527769789099693e-05
4.066111614520195872e-06
1.709110802039504051e-05
2.036742989730555564e-05
8.237473139161011204e-07
6.315251539490418509e-07
4.199274826532928273e-06
2.519653753552120179e-05
5.615910367851029150e-07
9.309038432547822595e-06
1.617490738681226503e-06
1.265009777853265405e-04
4.160183380008675158e-06
2.887671826101723127e-06
5.680992671841522679e-07
4.176617039775010198e-06
6.030801159795373678e-06
2.942449464171659201e-05
1.727536437101662159e-05
3.847191692329943180e-06
5.782715561508666724e-06
9.939071787812281400e-06
2.016642065427731723e-05
4.298030107747763395e-04
5.080511982669122517e-06
3.158649860779405572e-06
6.432093505281955004e-05
6.469157938226999249e-07
1.015722136799013242e-05
9.448342025279998779e-04
1.286761689698323607e-04
6.986517291807103902e-06
2.155077345378231257e-05
3.417691914364695549e-05
5.416484418674372137e-05
4.301410808693617582e-05
4.956905613653361797e-04
3.017769586222129874e-06
1.425805476173991337e-05
9.851648428593762219e-06
9.294866458731121384e-07
5.363721356843598187e-06
1.282556240767007694e-05
9.059673971023585182e-07
1.649212936172261834e-05
2.287535789946559817e-05
9.926813618221785873e-06
6.621105421800166368e-05
1.887394500954542309e-05
4.916637408314272761e-06
6.485617632279172540e-06
5.148995569470571354e-06
2.983925924127106555e-06
1.263303238374646753e-05
4.811378312297165394e-05
8.691648690728470683e-05
1.014666340779513121e-04
1.161980253527872264e-04
1.143838817370124161e-04
9.570534530212171376e-06
3.477744030533358455e-06
3.517372988426359370e-06
1.522488219052320346e-05
1.310503721470013261e-04
4.831455044040922076e-06
1.741279811540152878e-05
2.518674591556191444e-06
1.466969115426763892e-05
1.104878610931336880e-04
3.335066821819054894e-06
1.598743372596800327e-03
3.509919042699038982e-05
8.392204108531586826e-06
7.206774625956313685e-06
1.427171355317113921e-05
1.239138800883665681e-04
2.264389695483259857e-05
4.895309029961936176e-05
5.444580529001541436e-05
2.441108790662838146e-06
1.108076830860227346e-04
1.403186524839838967e-05
8.861111709848046303e-04
3.600151831051334739e-05
7.634928333573043346e-04
1.175733905256493017e-05
4.742821147374343127e-06
1.238431741512613371e-05
3.703992115333676338e-04
2.937915269285440445e-05
1.526861335150897503e-03
4.228809557389467955e-04
9.452221274841576815e-05
2.656464464962482452e-03
3.130569530185312033e-05
2.028953349508810788e-05
1.494058960815891623e-05
1.562158468004781753e-05
1.987576433748472482e-05
1.362511375191388652e-05
1.326741403318010271e-05
1.510575293650617823e-05
1.304679608438163996e-05
5.527290340978652239e-06
3.361281997058540583e-04
5.165999027667567134e-06
7.933558663353323936e-05
9.393549407832324505e-05
1.097128540277481079e-02
2.197727328166365623e-03
1.318221393376006745e-06
2.531659789383411407e-03
3.092626684519927949e-06
3.550891278791823424e-06
4.234758089296519756e-04
2.586609753052471206e-06
1.951470185304060578e-04
4.979797522537410259e-04
2.452092885505408049e-04
4.440746124600991607e-05
1.232605154655175284e-05
1.031951705954270437e-05
5.015500209992751479e-05
2.305061789229512215e-04
6.200508505571633577e-05
1.883577788248658180e-04
1.483755186200141907e-04
4.629842078429646790e-05
1.087636428565019742e-05
3.479210135992616415e-06
5.398919893195852637e-05
2.093884540954604745e-05
5.503340435097925365e-05
1.270166249014437199e-03
1.387983560562133789e-03
5.149852950125932693e-05
1.270897482754662633e-04
7.491526775993406773e-05
5.377009438234381378e-05
3.287716826889663935e-04
1.054307085723849013e-05
2.154161193175241351e-04
3.834560629911720753e-05
6.347071030177175999e-05
4.383912892080843449e-04
5.258413239062065259e-06
9.736129868542775512e-06
1.172589600173523650e-05
2.569144999142736197e-04
4.307280687498860061e-05
1.914746644615661353e-05
7.264239684445783496e-06
9.144821524387225509e-05
2.334911414436646737e-06
1.187567522720200941e-05
2.654001946211792529e-06
6.277350621530786157e-05
3.907100108335725963e-05
5.417623469838872552e-06
1.450977833883371204e-05
1.590064812262426130e-06
2.390970621490851045e-06
2.735896714511909522e-06
1.016904207062907517e-06
5.454566235130187124e-06
1.111305209633428603e-05
4.962658931617625058e-05
3.227419438189826906e-05
1.535445771878585219e-04
1.992249508475651965e-06
9.219582352670840919e-06
1.691641409706790000e-05
1.066348886524792761e-06
1.387057091051246971e-05
4.771147814608411863e-06
1.161678301286883652e-05
5.076535671832971275e-06
5.144651822774903849e-06
2.464242970745544881e-05
5.429944849311141297e-06
5.157404812052845955e-04
1.641222916077822447e-04
2.342633233638480306e-04
1.058186171576380730e-05
6.687371751468162984e-06
3.036013367818668485e-06
1.743346074363216758e-04
3.028782157343812287e-05
8.129470370477065444e-05
3.049435508728493005e-05
1.960429472092073411e-06
3.866417500830721110e-06
1.547967258375138044e-05
5.135247192811220884e-05
4.264336166670545936e-05
5.340515781426802278e-05
3.298880619695410132e-05
2.806675411193282343e-06
1.467580477765295655e-05
1.458254759199917316e-03
2.867612420232035220e-05
5.317143586580641568e-05
5.510953487828373909e-04
2.914464403147576377e-06
2.721165037655737251e-05
1.330285158473998308e-05
7.688468322157859802e-04
4.240565176587551832e-04
3.131233825115486979e-06
1.893514195216994267e-06
5.980331934551941231e-06
2.111603407684015110e-07
1.524389176665863488e-06
6.913355150572897401e-07
7.698575791437178850e-05
3.173207005602307618e-05
2.353457830395200290e-06
8.556554007554950658e-07
2.334670862182974815e-04
5.279504762256692629e-07
1.641953758735326119e-06
1.110463490476831794e-04
9.984406460716854781e-06
6.088117152103222907e-05
4.328380236984230578e-05
2.443977427901700139e-05
6.351803222059970722e-06
5.901731128687970340e-06
7.815619756001979113e-05
1.013623295875731856e-05
3.429593052715063095e-03
4.140675810049287975e-05
1.775556802749633789e-02
3.725105198100209236e-04
5.847257489222101867e-05
9.904454054776579142e-05
1.291736953135114163e-05
3.732736786332679912e-06
5.626605343422852457e-05
2.023175329668447375e-04
8.528205216862261295e-05
2.411829482298344374e-04
3.147530078422278166e-04
2.044652210315689445e-04
4.643926513381302357e-05
3.008214298461098224e-05
7.839840691303834319e-06
5.009271990275010467e-05
5.148509444552473724e-06
1.469785274821333587e-05
1.606777186680119485e-05
3.533130511641502380e-04
9.759319073054939508e-05
6.573402206413447857e-04
1.712230150587856770e-03
1.302421969739953056e-05
8.140366844600066543e-06
3.639325223048217595e-05
7.094143711583456025e-06
2.887458831537514925e-04
1.180890649266075343e-05
6.463487352448282763e-06
4.006370727438479662e-05
8.927770977606996894e-05
1.690659119049087167e-04
2.594211255200207233e-04
3.768672468140721321e-04
1.121790919569320977e-04
2.003506087930873036e-04
5.118779517943039536e-05
6.761875556549057364e-05
2.270550248795188963e-05
2.554821003286633641e-05
3.177580219926312566e-05
1.182463802251731977e-05
1.349207468592794612e-05
2.522237191442400217e-04
9.400943526998162270e-04
8.640557643957436085e-05
4.315829210099764168e-05
2.064401342067867517e-04
1.939883368322625756e-04
4.981417441740632057e-04
2.606241650937590748e-05
9.962066076695919037e-03
2.442876393615733832e-06
5.734604201279580593e-05
3.873629611916840076e-04
2.513374492991715670e-04
2.760267816483974457e-04
3.418774604797363281e-01
1.808104570955038071e-05
1.655817868595477194e-05
1.817343872971832752e-04
1.099938410334289074e-03
3.892556997016072273e-03
2.117998883477412164e-05
2.594066550955176353e-03
5.697641427104827017e-06
2.093887596856802702e-04
1.716403203317895532e-04
8.347253697138512507e-07
6.740654353052377701e-03
1.575401256559416652e-04
2.893054299056529999e-02
1.928814017446711659e-04
1.304622310271952301e-05
7.602591722388751805e-06
2.537773070798721164e-06
1.397816522512584925e-04
8.788968552835285664e-04
1.728832430671900511e-04
5.674359636032022536e-05
1.507054275862174109e-05
1.511079517513280734e-05
1.121594250435009599e-04
1.925986907735932618e-06
3.746068978216499090e-05
1.758259713824372739e-06
2.013375342357903719e-05
6.483153265435248613e-05
2.987830375786870718e-04
2.285013347864151001e-02
1.406243518431438133e-05
5.699878238374367356e-05
1.210025628097355366e-03
4.468969418667256832e-04
2.883218461647629738e-03
1.288149796891957521e-04
1.000638894765870646e-05
4.551809979602694511e-06
1.166770118288695812e-03
1.789201982319355011e-03
1.247347099706530571e-04
4.852306301472708583e-05
7.383312913589179516e-05
2.221151333969828556e-07
9.282075188821181655e-05
1.246812462341040373e-05
2.357850826228968799e-05
1.955488696694374084e-04
2.289465044214011868e-07
1.808400411391630769e-04
3.651489532785490155e-05
4.625430847227107733e-06
1.416377781424671412e-04
5.954270818619988859e-07
8.075399819063022733e-06
2.600047810119576752e-05
2.132203735527582467e-05
1.433447891940886620e-06
1.592586187371125561e-07
4.041385182063095272e-06
3.017418785020709038e-04
3.263959661126136780e-05
8.262413757620379329e-05
5.108463577926158905e-03
1.585710379004012793e-05
1.027918769977986813e-03
5.445489659905433655e-05
4.470678322832100093e-05
3.726757086042198353e-06
1.108634478441672400e-05
6.873874808661639690e-04
6.446899760703672655e-07
1.186944700748426840e-05
2.728945983108133078e-04
1.602176780579611659e-04
4.107506538275629282e-04
2.349804390178178437e-06
7.459235348505899310e-06
2.363208477618172765e-05
7.200526306405663490e-04
1.267759798793122172e-04
1.275647809961810708e-04
1.535267983854282647e-05
3.859607968479394913e-04
3.803879953920841217e-04
2.746294558164663613e-05
1.562872057547792792e-05
1.426712697139009833e-05
6.239674403332173824e-04
1.489683985710144043e-03
3.383987641427665949e-04
6.340697837003972381e-06
2.738027251325547695e-04
5.471201729960739613e-04
6.674807082163169980e-06
4.171743057668209076e-03
9.044265607371926308e-05
7.922527584014460444e-05
2.183189735660562292e-07
1.623853313503786922e-04
3.453002500464208424e-05
3.552852604116196744e-06
7.050973363220691681e-05
8.673287993588019162e-06
3.995579754700884223e-05
9.816966485232114792e-04
7.450614793924614787e-05
2.386317064519971609e-04
1.371136659145122394e-05
5.458277300931513309e-04
1.814738061511889100e-05
1.534749753773212433e-05
6.552206286869477481e-06
2.007505372603191063e-06
8.623767826065886766e-06
1.380674802931025624e-05
2.609181137813720852e-07
4.614059889718191698e-06
1.183106292046431918e-06
4.014627563719841419e-07
2.803608549584168941e-05
4.911547421215800568e-06
4.325017798691987991e-03
2.342122570553328842e-05
1.939830553965293802e-06
6.858076812932267785e-05
1.330015606981760357e-06
3.478055532468715683e-08
4.395464929984882474e-05
6.929758819751441479e-04
3.070515231229364872e-04
5.063249263912439346e-04
5.131644502398557961e-05
4.618316779669839889e-06
8.388071728404611349e-05
6.653260061284527183e-05
4.415239800437120721e-07
1.834435533965006471e-05
8.532768697477877140e-05
4.694074505096068606e-06
5.746023248320852872e-07
6.545077776536345482e-04
1.444404773565111100e-07
2.894073841162025928e-04
6.562581984326243401e-04
1.973228427232243121e-05
1.037990441545844078e-03
1.038286718539893627e-04
7.412708364427089691e-04
6.361166742863133550e-05
7.590714085381478071e-05
4.937930498272180557e-05
2.649236412253230810e-04
3.993698192061856389e-05
1.864274777472019196e-02
5.332492291927337646e-04
3.672199682114296593e-06
2.107333712046965957e-04
2.106038846250157803e-05
2.089048621201072820e-06
1.929704594658687711e-04
2.443884113745298237e-05
1.713777310214936733e-03
1.967388379853218794e-05
2.622280226205475628e-05
3.030362449862877838e-07
2.050278681053896435e-06
2.866870090656448156e-06
7.927133992779999971e-06
7.170412573032081127e-06
6.690667214570567012e-05
1.391069076817075256e-06
4.205544828437268734e-04
7.331118104048073292e-05
5.922776722400158178e-07
2.604573182907188311e-06
3.242982347728684545e-05
5.781152751296758652e-03
2.656725337146781385e-05
8.599441571277566254e-06
5.746026872657239437e-04
1.964286639122292399e-04
9.364234756503719836e-06
1.453180593671277165e-04
1.171399271697737277e-04
6.986124790273606777e-04
1.183925633085891604e-06
1.358057943434687331e-05
8.542225259589031339e-06
1.955709740286692977e-05
5.892449553357437253e-05
7.844220846891403198e-02
6.261440285015851259e-05
6.859414497739635408e-06
2.766025090750190429e-06
1.988169788091909140e-05
1.848943065851926804e-05
1.987270370591431856e-04
4.341687963460572064e-05
6.847584700153674930e-06
7.077179179759696126e-05
1.099330605939030647e-03
7.124745752662420273e-05
1.392829348333179951e-03
1.855575817444332642e-07
1.221220445586368442e-04
6.350153125822544098e-05
1.008490744425216690e-05
2.763425582088530064e-04
1.041752329911105335e-04
2.644828782649710774e-05
3.486989997327327728e-03
6.258718349272385240e-05
5.079577022115699947e-06
1.767698558978736401e-04
1.293677341891452670e-04
1.531409452582010999e-06
1.251322246389463544e-04
1.120156422257423401e-02
1.207952550430491101e-06
4.496701876632869244e-05
3.521579084917902946e-03
2.784121988952392712e-06
4.010818665847182274e-04
3.312537446618080139e-03
9.784910798771306872e-05
1.654362313274759799e-05
2.288708401465555653e-06
1.704316673567518592e-04
3.309621242806315422e-04
2.884689820348285139e-05
2.686711741262115538e-05
5.432443686004262418e-07
6.003879025229252875e-05
7.365635156020289287e-06
1.807287480914965272e-05
1.218835823237895966e-04
3.988787648268043995e-05
1.467848633183166385e-04
8.614330909040290862e-06
9.554488497087731957e-05
2.275200001895427704e-02
4.456745460629463196e-03
9.060240699909627438e-04
1.913787400553701445e-06
1.631359773455187678e-04
1.374559087707893923e-05
2.508947800379246473e-04
5.209340088185854256e-05
1.732419990003108978e-02
5.964916199445724487e-03
8.574235835112631321e-06
2.952960203401744366e-04
1.187468933494528756e-05
4.243336443323642015e-04
8.359880885109305382e-04
1.252634410775499418e-05
8.556366424272709992e-07
5.123396931594470516e-06
3.153767693220288493e-06
4.920131759718060493e-04
9.028134081745520234e-05
5.397979293775279075e-06
2.304451754753245041e-06
8.838918006404128391e-07
1.535830961074680090e-06
7.729156641289591789e-04
2.615066478028893471e-06
1.158450049842940643e-05
2.578112071205396205e-05
4.802573585038771853e-06
1.686099312792066485e-05
9.822973981499671936e-03
4.927029294776730239e-06
1.267880725208669901e-04
6.140968762338161469e-04
1.057944473359384574e-06
2.989423364851973020e-06
2.603569882921874523e-04
1.116915655074990354e-06
3.380270500201731920e-04
2.822073874995112419e-04
2.546446194173768163e-05
3.382671275176107883e-05
2.684611536096781492e-05
4.019746120320633054e-05
6.916659913258627057e-05
4.976787604391574860e-04
7.698924746364355087e-04
3.668453064165078104e-05
3.283439727965742350e-04
1.225904179591452703e-05
9.971317922463640571e-05
3.666113188955932856e-04
9.760515240486711264e-06
6.261037469812436029e-06
2.868176088668406010e-04
5.083306314190849662e-05
7.159038659665384330e-07
1.325035736954305321e-05
3.796935488935559988e-04
1.090983627364039421e-03
3.993606878793798387e-05
1.778313890099525452e-03
1.621559022169094533e-06
1.947530563484178856e-06
3.115178230927995173e-07
7.862546453907270916e-07
1.273500639945268631e-02
1.012648499454371631e-05
3.242339007556438446e-04
1.339634962960190023e-07
2.991886321979109198e-05
1.271025394089519978e-05
1.865094418462831527e-05
5.285963311507657636e-07
1.785899803508073092e-05
6.842469883849844337e-05
1.298075062550196890e-06
2.896104415412992239e-04
4.933254676871001720e-04
1.522385673524695449e-06
1.605642319191247225e-05
9.405417949892580509e-04
3.125777002424001694e-04
1.039196155034005642e-03
7.409184945572633296e-07
4.600430838763713837e-04
6.572063426801832975e-08
5.374536267481744289e-04
1.673875431151827797e-06
5.787896498077316210e-06
9.661941930971806869e-07
4.374034178908914328e-04
1.192442869069054723e-05
9.214976671501062810e-06
7.771534845232963562e-03
2.609604234748985618e-05
5.953347681497689337e-06
4.530056193470954895e-02
9.506263450020924211e-05
1.221275742864236236e-04
2.115467395924497396e-05
1.348582190985325724e-05
1.008092658594250679e-05
1.134009144152514637e-04
6.636459875153377652e-05
3.720544627867639065e-04
6.931282314326381311e-06
2.193410637119086459e-06
5.033114211983047426e-05
2.571888081729412079e-02
1.745178480632603168e-03
7.146883581299334764e-05
8.422877726843580604e-05
2.482290483385440893e-06
8.216898095270153135e-06
1.795379102986771613e-05
8.000480988812341820e-07
6.801674026064574718e-04
4.975008050678297877e-05
1.565435086376965046e-04
1.162086118711158633e-05
4.100467413081787527e-05
7.537891156971454620e-03
5.252681512502022088e-05
2.564216265454888344e-05
9.806336493056733161e-06
2.935803604486864060e-05
3.676513642858481035e-06
3.050086888833902776e-05
8.920136315282434225e-05
9.766628181751002558e-07
9.712120117910671979e-06
1.350046659354120493e-05
2.668596804141998291e-03
9.423163719475269318e-04
7.123030172806465998e-06
5.044757563155144453e-05
7.276310952875064686e-06
1.669126731940195896e-06
4.041441206936724484e-05
1.299430209655838553e-06
1.469485232519218698e-05
3.418247797526419163e-04
6.086047505959868431e-06
1.493676565587520599e-03
6.436110124923288822e-04
1.077527063898742199e-03
2.844881382770836353e-04
3.082984039792791009e-05
3.537009251886047423e-05
1.314709834332461469e-06
7.522221949329832569e-06
6.682992679998278618e-04
2.857401268556714058e-04
2.451219415888772346e-06
1.068816927727311850e-04
2.219785528723150492e-05
1.373548147967085242e-04
3.399098932277411222e-05
2.248367991342092864e-06
5.712325673812301829e-06
2.643794687173794955e-05
1.069821324199438095e-02
5.012153269490227103e-05
1.367119693895801902e-04
2.024408458964899182e-04
1.852744162533781491e-06
5.009649157727835700e-07
9.135099127888679504e-03
4.157353760092519224e-05
1.595987559994682670e-04
6.234995817067101598e-05
6.505198143713641912e-06
1.353992047370411456e-05
6.724454578943550587e-05
4.094186351721873507e-06
5.860658347955904901e-06
1.837886884459294379e-05
2.358849451411515474e-05
3.364400618011131883e-05
3.390183337614871562e-05
7.897392606537323445e-07
1.073885650839656591e-04
6.005058530718088150e-04
4.238345809426391497e-06
1.439346033293986693e-05
3.200279752491042018e-05
4.934945900458842516e-05
4.448859544936567545e-05
4.173431952949613333e-04
7.697800356254447252e-06
8.725754923943895847e-06
2.982389787575812079e-06
1.029652776196599007e-04
1.098546199500560760e-03
7.572912727482616901e-04
6.254482286749407649e-05
1.676413463428616524e-03
1.266120234504342079e-04
3.911335443262942135e-05
2.461293479427695274e-04
2.577232080511748791e-04
3.799739488385966979e-06
9.570018164595239796e-07
2.230389327451121062e-05
2.710737462621182203e-04
9.840305210673250258e-06
3.996831655967980623e-04
1.647875906201079488e-04
1.804781459213700145e-05
2.444605570417479612e-06
2.024403693212661892e-05
5.432812613435089588e-04
2.207729703513905406e-04
1.099760538636473939e-05
8.622530003776773810e-05
5.641090683639049530e-05
6.952483090572059155e-05
6.607770046684890985e-05
5.915500514674931765e-05
1.436442835256457329e-05
6.100307928136317059e-06
3.238147182855755091e-04
7.297513657249510288e-04
6.342581286844506394e-07
2.665189967956393957e-04
6.709282843075925484e-06
6.170791948534315452e-06
4.242187060299329460e-06
1.876751921372488141e-04
3.096802629443118349e-06
4.080905000591883436e-06
1.808891975088045001e-04
3.587853643693961203e-05
4.980163066647946835e-05
2.139844727935269475e-04
1.762840042829338927e-06
8.289588731713593006e-05
2.041059815383050591e-05
1.835905641200952232e-05
1.509046123828738928e-04
7.496018497477052733e-06
1.492619165219366550e-03
1.367748918710276484e-04
2.356033801333978772e-04
3.991099365521222353e-04
1.800577956601046026e-05
7.320124950638273731e-06
4.458668990992009640e-04
3.033777829841710627e-05
1.524621038697659969e-03
6.958416179259074852e-06
1.057001099979970604e-05
1.589244784554466605e-04
7.798630744218826294e-03
1.724183675833046436e-05
3.644564230853575282e-06
4.096639167983084917e-04
1.435726735508069396e-04
8.350972393600386567e-07
4.078580604982562363e-05
9.864998282864689827e-04
2.231062680948525667e-04
4.943531472235918045e-03
9.733864317240659148e-06
2.727469336605281569e-06
6.646246038144454360e-05
1.715663529466837645e-04
4.765979538206011057e-04
2.280351327499374747e-04
6.292809266597032547e-04
7.353296969085931778e-04
1.023505610646679997e-04
1.584758706485445146e-06
4.360073830866895150e-07
7.090809049259405583e-06
1.201477743961731903e-07
2.916930725405109115e-06
3.088618086621863768e-06
3.798795514740049839e-04
7.656744287487526890e-07
6.011518962623085827e-06
3.757444574148394167e-06
9.559213509646724560e-08
4.386745786177925766e-05
2.413102606624306645e-07
1.014976078295148909e-06
2.946509812318254262e-05
1.387674910802161321e-05
5.994662205921486020e-05
2.981484067277051508e-05
4.125547263811313314e-07
4.668426754506072029e-06
1.838415337260812521e-04
1.341766164841828868e-07
1.577302668920310680e-06
3.938017982818564633e-07
4.018490926682716236e-06
2.328141999896615744e-05
4.935527158522745594e-06
2.538057378842495382e-05
2.866939576051663607e-05
5.726381459680851549e-06
3.166609303661971353e-06
6.597386527573689818e-05
1.444740337319672108e-04
4.227024419378722087e-07
1.082412381947506219e-06
6.915976409800350666e-04
8.655113197164610028e-05
5.484970461111515760e-05
8.230127605202142149e-06
5.593383775703841820e-06
4.337011603183782427e-07
1.578306196847734100e-08
4.230139893479645252e-06
8.743301732465624809e-04
3.807917607900890289e-07
2.910774128395132720e-05
2.847337782441172749e-05
3.460680600255727768e-04
1.356096589006483555e-03
1.146518392488360405e-03
4.384442232549190521e-03
4.119202960282564163e-03
1.947717391885817051e-04
8.808910934021696448e-05
1.330563682131469250e-04
7.244395092129707336e-04
6.230656435946002603e-05
2.266982482979074121e-05
8.786697435425594449e-06
2.715534646995365620e-04
4.696847125887870789e-02
9.403517469763755798e-03
6.205037152540171519e-06
6.383779691532254219e-07
1.040047864080406725e-04
5.916041845921427011e-05
5.746133683715015650e-05
7.299159392459841911e-07
5.219291051616892219e-05
2.868412366296979599e-06
2.249686986033339053e-06
1.594352215761318803e-05
1.463946773583302274e-06
4.366623045370943146e-07
1.162758394457341637e-06
1.018864102661609650e-03
1.741958403727039695e-04
