8.388297828787472099e-06
1.733392855385318398e-05
1.705738895907416008e-06
3.438196472416166216e-06
1.221306501975050196e-05
3.002603079949039966e-06
1.208478352054953575e-05
5.968206551187904552e-06
4.361634637461975217e-06
6.416159976652124897e-06
4.527601333847997012e-07
6.261738008106476627e-07
6.706904969178140163e-07
4.050992629345273599e-06
2.276117447763681412e-05
1.417757289345900062e-06
1.580269071155271376e-07
4.168001851212466136e-06
8.992029506771359593e-06
2.145770423567228136e-07
7.073358574416488409e-07
4.896627615380566567e-06
2.663994791873847134e-06
5.117678028909722343e-06
9.210225471179001033e-07
5.377377760851231869e-07
1.417466592101845890e-06
4.445467766345245764e-06
3.755371551505959360e-07
1.594200625731900800e-06
3.068785758841841016e-07
7.086561709002126008e-06
6.906108040993785835e-08
5.227835572441108525e-06
9.269463589589577168e-06
3.535857899805705529e-07
7.654771252418868244e-07
1.192197601085354108e-06
7.032500889181392267e-06
8.553672614652896300e-07
2.040966819549794309e-06
3.656862190837273374e-07
7.993177860043942928e-06
2.320172995950997574e-07
7.798107617418281734e-07
9.906016202876344323e-06
6.688429039058974013e-06
1.737349180075398181e-06
1.221810816787183285e-05
2.055676077361567877e-06
4.146647370362188667e-06
1.411961989106202964e-06
1.409145056641136762e-06
2.062501813782091631e-08
2.199961812721085153e-07
1.082815970221417956e-06
1.212253835092269583e-07
5.399074964884675865e-08
2.442365712340688333e-06
2.335691249299998162e-07
1.264762977370992303e-05
7.077603072502824944e-07
2.105790144923957996e-06
2.141920418807785609e-07
1.530074996480834670e-06
1.306391368416370824e-05
6.177532668516505510e-06
4.923413712276669685e-07
1.387864699609053787e-06
3.971917408307490405e-07
3.632300860090253991e-08
3.605507572501664981e-07
9.806192480255049304e-08
1.452458917583498987e-07
1.781755941010487732e-06
3.268200998718384653e-07
2.279861519127734937e-06
4.693934897659346461e-06
3.748853941942797974e-06
1.598955691406445112e-06
3.903537162841530517e-06
2.894256567742559128e-07
1.263337480850168504e-06
6.231326210581755731e-07
1.238512486452236772e-04
3.812517093138012569e-07
3.712811576406238601e-06
2.260395319808594650e-07
3.131127232336439192e-05
2.957473043352365494e-06
1.351766240986762568e-05
3.795594921029987745e-06
1.587833139637950808e-05
2.595297985408251407e-07
3.003529673151206225e-05
8.876828019310778473e-07
2.380939076829236001e-05
1.024370476443436928e-06
2.314954770099575398e-07
2.587249241514655296e-07
6.081424999138107523e-07
1.575748501636553556e-05
5.688804094461374916e-07
1.069639984052628279e-05
3.392190774320624769e-05
1.967593107110587880e-06
1.149850231740856543e-05
2.732648681558202952e-05
4.165186692262068391e-05
3.832437796518206596e-04
2.465327270328998566e-06
5.003417390980757773e-05
1.571949724166188389e-05
3.621923951868666336e-06
6.807146064602420665e-07
1.298069309996208176e-05
1.482814968767343089e-05
3.865701728500425816e-06
8.480324140691664070e-06
1.661126134422374889e-06
1.801214750685176114e-07
4.184494173387065530e-06
2.932060397142777219e-06
2.077362523777992465e-06
8.623119356343522668e-07
1.404931481374660507e-06
6.279493049987650011e-07
1.850618360776934423e-07
2.038263119175098836e-06
4.031558376027533086e-07
1.238693130289902911e-06
7.833232302800752223e-06
7.649032340850681067e-06
6.971753464313223958e-06
3.544771800534363138e-07
6.805912562413141131e-07
2.997250248881755397e-06
7.342451340264233295e-07
9.059167496161535382e-06
4.239340967160387663e-07
1.760879513312829658e-07
1.668578022417932516e-07
2.030460706237136037e-07
6.519720727737876587e-07
9.345126841253659222e-07
1.297958419854694512e-06
9.664331912517809542e-08
5.222147478889382910e-07
6.913666766195092350e-06
3.769321847357787192e-05
2.598460469016572461e-07
2.004408815992064774e-05
1.788171033467733650e-07
3.246798314648913220e-06
1.695136575108335819e-06
8.980472330222255550e-07
2.599688741611316800e-06
2.406589192105457187e-05
1.830515248002484441e-05
4.707886546384543180e-06
5.659628641296876594e-06
4.156292561674490571e-06
1.118556519941193983e-05
5.094187599752331153e-06
3.830223249678965658e-06
8.075448931776918471e-07
2.504697476979345083e-06
6.886907044645340648e-07
4.397557859192602336e-06
4.550090579868992791e-06
5.182662334846099839e-06
1.306753893004497513e-05
5.586420229519717395e-06
2.510709919079090469e-06
1.537313437438569963e-06
1.072422833203745540e-06
9.951925221685087308e-07
4.593430276145227253e-07
1.751428681018296629e-05
4.766491770169523079e-07
6.614350240852218121e-07
2.024918831011746079e-05
6.090726401453139260e-06
6.045844565960578620e-05
5.516894361790036783e-06
3.263333928771317005e-05
6.302757356024812907e-06
1.164111290563596413e-05
2.774514723569154739e-05
8.332601169058762025e-07
3.160651613143272698e-05
3.773796561290509999e-05
7.105853728717193007e-05
6.755157664883881807e-05
2.103309498124872334e-06
1.265300284103432205e-06
2.367303295613965020e-06
3.099338937317952514e-05
1.916000428536790423e-06
5.748950061388313770e-04
1.127705715475713077e-07
2.993603811773937196e-05
3.346096855239011347e-05
5.468183007906191051e-05
1.146783870353829116e-05
9.015238902065902948e-06
7.436681698891334236e-06
5.522315859707305208e-06
7.544973414042033255e-06
9.541315193928312510e-06
7.608915439050178975e-06
9.970940482162404805e-06
4.375716343929525465e-06
4.914041346637532115e-05
1.299794803344411775e-05
4.002201421826612204e-06
3.549768371158279479e-05
8.580541361880023032e-06
7.080354407662525773e-06
1.481695380789460614e-05
2.139498292308417149e-06
5.541527643799781799e-04
4.040039584651822224e-06
2.346042310819029808e-04
5.124945801071589813e-06
1.151558899437077343e-05
1.659250665397848934e-05
1.082492872228613123e-06
1.437843457097187638e-05
1.923276613524649292e-05
5.354796485335100442e-06
1.131404951593140140e-05
5.323217919794842601e-06
9.148575372819323093e-06
4.179652478342177346e-06
2.937882300102501176e-06
1.460305725231592078e-06
1.868965919129550457e-04
1.774970542101073079e-06
3.663195911940420046e-06
2.519695044611580670e-06
2.542757044921017950e-07
9.875855084828799590e-07
2.923824524714291329e-07
2.587118501651275437e-07
1.840748268477909733e-06
1.198279960590298288e-06
1.573474264660035260e-06
1.053040796250570565e-05
2.881605496440897696e-06
1.066145273398433346e-06
1.174775388790294528e-05
2.303014298377092928e-06
5.438883817987516522e-06
4.350011749920668080e-06
1.938793684530537575e-05
6.579875844181515276e-06
6.717803444189485162e-06
5.604345005849609151e-06
2.484281367287621833e-06
2.404812221357133240e-06
9.359673640574328601e-07
1.976768828626518371e-07
1.623894968361128122e-05
2.778404268610756844e-05
2.923158353951293975e-05
2.355149081267882138e-05
1.496101958764484152e-05
4.430064564076019451e-07
3.102008849964477122e-05
1.659034023759886622e-05
9.068541839951649308e-05
1.641717972233891487e-05
6.961960480111883953e-06
2.425946731818839908e-04
3.027194679816602729e-06
3.531320544425398111e-06
2.111297180817928165e-05
3.645794322437723167e-06
1.920254544529598206e-05
4.276031177141703665e-05
9.575124749972019345e-06
4.584555426845327020e-05
9.303169463237281889e-06
3.591075710573932156e-06
3.968681994592770934e-06
3.668312274385243654e-05
7.564743100374471396e-06
7.292308055184548721e-06
4.807464574696496129e-05
2.810731348290573806e-05
9.982138180930633098e-06
4.448260369827039540e-05
5.291381512506632134e-06
3.683748072944581509e-04
1.396589213982224464e-03
6.865287286927923560e-05
7.065053796395659447e-05
5.248852630757028237e-06
8.449432584711757954e-07
1.255156803381396458e-06
5.480945219460409135e-06
8.924524195208505262e-07
1.697637571851373650e-06
6.280361048993654549e-07
5.054918119640205987e-07
7.444004523904368398e-08
6.549571480718441308e-07
1.252815309271682054e-06
9.462903108214959502e-06
6.119754107203334570e-05
1.668354570938390680e-06
2.630068252074124757e-07
1.562122270115651190e-05
7.865405677875969559e-06
1.157118617811647709e-06
5.809503704767848831e-07
6.597447850253956858e-07
1.379539298795862123e-06
5.812862013954145368e-07
2.243551477931760019e-07
2.874608981073834002e-06
8.879975212039425969e-06
3.726660452230134979e-06
1.041375526256160811e-06
2.443474613755824976e-06
3.584743808460189030e-07
1.185276050819084048e-05
1.625692311790771782e-05
3.709380325744859874e-05
1.510455331299453974e-05
2.507155295461416245e-05
1.313742723141331226e-05
5.873543614143272862e-06
1.461704641769756563e-06
1.862722638179548085e-05
2.682637750694993883e-05
3.653887006294098683e-06
1.798100583982886747e-06
3.931071842089295387e-05
1.289422834815923125e-05
1.029556915455032140e-05
1.894007800729013979e-05
1.088347016775514930e-05
5.410513040260411799e-06
8.950521441875025630e-05
1.844971620812430046e-06
2.247536940558347851e-05
4.297819486964726821e-06
6.851054195067263208e-07
2.743466939136851579e-05
3.894943347404478118e-06
1.723132925235404400e-07
7.097291927493643016e-07
8.095269549812655896e-06
6.742739060427993536e-06
1.137548679253086448e-06
2.405091072432696819e-05
1.146971953858155757e-05
7.694216947129461914e-06
3.415506171222659759e-06
1.215720385516760871e-05
2.679322960830177180e-06
2.478658871041261591e-06
4.023392534691083711e-07
3.930229922843864188e-06
3.082279135924181901e-06
1.981845571208395995e-06
2.418245230728643946e-06
9.258186037186533213e-05
2.886639094867859967e-06
7.087153335305629298e-07
5.661104864884691779e-07
6.144821895759378094e-08
2.148314479200053029e-06
1.706017798142056563e-07
2.681334535736823454e-06
7.314732783925137483e-07
2.313859113201033324e-06
1.097714289244322572e-06
1.095920424631913193e-06
1.167461618933884893e-06
9.613402198738185689e-07
4.015649756183847785e-05
9.918422847476904280e-07
5.128762131789699197e-05
1.956490996235515922e-05
4.069961505592800677e-05
3.722575456777121872e-06
7.845557661312341224e-07
2.151214539480861276e-05
2.515715641493443400e-05
2.960542333312332630e-04
3.025010228157043457e-04
4.801395789399975911e-06
1.226174790645018220e-04
2.410589659120887518e-04
5.965219315839931369e-06
6.276316071307519451e-06
4.021701170131564140e-05
7.840044418117031455e-07
1.314619737513567088e-07
1.443636119802249596e-05
3.992527979335136479e-07
1.178839625026739668e-06
1.466476387577131391e-04
3.415653054616996087e-06
8.168240128725301474e-07
2.359090785830630921e-06
5.478630100697046146e-06
7.049996929708868265e-05
9.064106270670890808e-04
6.211021172930486500e-06
4.630273622296954272e-07
9.200235945172607899e-05
1.832417365221772343e-05
8.016312449399265461e-07
1.063538016751408577e-03
9.476363516114361119e-07
4.213605716358870268e-04
7.696925422351341695e-06
3.492421853934501996e-07
6.505183591798413545e-08
4.800028818863211200e-07
1.616567351447883993e-05
5.247055669315159321e-04
1.034543515743280295e-06
1.403483292961027473e-05
3.943987394450232387e-06
8.704201718501280993e-06
3.349442465605534380e-07
1.906143188534770161e-05
2.029121475288775400e-07
8.295743100461550057e-06
1.819566823542118073e-04
7.159670076362090185e-06
1.660289271967485547e-04
1.231970236403867602e-05
1.553844185764319263e-06
8.582573514104296919e-07
1.931466158566763625e-06
6.845832558610709384e-06
3.605756546676275320e-06
3.671838715672492981e-02
1.330802660959307104e-05
8.059422498263302259e-07
6.967067602090537548e-04
1.382863320031901821e-05
2.127241314155980945e-04
1.145531314250547439e-05
4.977481694368179888e-06
2.855026650649961084e-07
1.786430948413908482e-05
2.918101472459966317e-06
1.108342985389754176e-06
9.683679309091530740e-06
1.807804181908068131e-07
2.107635737047530711e-05
5.286342911858810112e-06
1.959564542630687356e-05
5.918983788433251902e-06
1.230376983585301787e-05
2.995840077346656471e-05
3.180338171659968793e-05
7.855262992961797863e-06
1.382057780574541539e-05
9.346548068833726575e-08
6.057571795281546656e-07
1.545613486086949706e-06
1.790406258805887774e-07
7.329738878070202190e-07
7.813766387698706239e-06
8.795871622169215698e-07
5.925763844061293639e-07
5.035343393683433533e-02
3.757537342607975006e-06
9.822563697525765747e-06
2.254792086375800864e-08
8.751967834541574121e-05
1.050756353038195812e-07
1.918082489282824099e-06
1.357371456833789125e-05
9.305080652666219976e-07
1.325819903286173940e-04
1.053716232490842231e-06
1.063272748069721274e-06
8.893611266103107482e-06
2.684470091480761766e-04
1.140756285167299211e-05
1.233514485647901893e-04
8.393768075620755553e-05
2.676237954801763408e-06
2.953614512080093846e-06
9.386051829096686561e-07
1.935761792992707342e-05
3.743573415704304352e-06
7.337786373682320118e-04
4.010200063930824399e-05
2.684033916011685506e-06
1.858619924632876064e-07
9.276281925849616528e-04
4.503962554736062884e-05
9.284145198762416840e-05
6.888640768920595292e-07
2.274262442369945347e-05
1.955460447788937017e-06
2.447096221658284776e-06
1.173243163066217676e-06
5.052662572779809125e-07
2.162208329536952078e-05
1.486664245931024197e-06
3.727515149876126088e-07
1.314438691224495415e-08
2.991672772623132914e-06
8.335475286003202200e-06
8.829973921820055693e-06
2.346187557122902945e-06
3.085104253841564059e-05
8.482766133965924382e-06
1.741337837302125990e-05
3.384138835826888680e-05
1.233354396390495822e-06
2.397984098934102803e-05
4.879169864580035210e-06
7.866396117606200278e-06
5.072360522717644926e-07
3.940316162243107101e-07
1.316780355864466401e-07
1.318351081636137678e-07
6.748309715476352721e-06
2.611378658912144601e-05
1.695851921112989658e-07
7.206480745480803307e-07
1.812979578971862793e-02
2.161184511351166293e-06
9.872727524395941145e-09
4.762298146943066968e-07
4.851090579904848710e-06
2.605823465273715556e-05
2.161373384296894073e-03
2.665893362063798122e-06
8.378859206459310371e-07
1.945658823387930170e-06
1.096755795515491627e-06
4.262286097400647122e-07
1.090330670194816776e-06
4.022905386591446586e-07
5.971483005851041526e-07
1.139331288868561387e-06
2.016708021983504295e-04
7.817060776460493798e-08
3.545887739164754748e-05
1.218514284119009972e-03
4.416576302901376039e-06
2.052598574664443731e-06
1.992604438783018850e-06
1.226047315867617726e-04
7.304029168153647333e-06
1.545773375255521387e-05
4.661196726374328136e-06
6.539351943501969799e-06
1.283997619339061202e-07
8.075072546489536762e-04
4.196317036075924989e-07
5.243748546490678564e-06
1.147459988715127110e-05
3.273466688824555604e-07
4.156234467700414825e-07
1.279756397707387805e-04
1.040341203406569548e-06
2.560264692874625325e-05
1.020467266243940685e-08
1.024732591758947819e-05
4.272199021215783432e-07
2.930159780589747243e-06
6.729881079081678763e-07
1.094618440333761100e-07
4.936858658766141161e-06
6.694932380924001336e-06
3.437078930801362731e-06
2.984240018122363836e-05
8.358762784155260306e-07
7.484005095648171846e-07
1.628118724283922347e-07
1.210912046190060209e-06
3.769280738197267056e-06
3.926045792468357831e-06
3.315902290523808915e-07
6.388358451658859849e-05
2.526612115616444498e-05
8.108261226880131289e-07
1.617655716836452484e-02
1.656628342061594594e-06
6.863241196697345003e-06
9.683268444860004820e-07
8.843435352900996804e-07
1.158479108198662288e-06
1.466082608203578275e-06
4.671839519687637221e-07
6.329640746116638184e-03
7.576622920169029385e-07
1.026373211061581969e-04
1.299532073062437121e-07
5.923453159084601793e-07
3.271306923124939203e-07
1.480993250879691914e-05
5.970887741568731144e-06
8.263397148766671307e-07
1.218826364492997527e-04
4.754232122650137171e-06
2.293610450578853488e-04
2.446015179157257080e-01
5.282112169879837893e-07
3.022086048076744191e-06
1.580358948558568954e-04
6.552645572810433805e-07
2.396211348241195083e-04
1.984982918656896800e-05
1.065187461790628731e-05
2.091765636578202248e-04
7.549281144747510552e-05
4.387467015476431698e-06
4.197888301860075444e-06
8.366725978703470901e-08
1.171177856917893223e-07
1.100002646126085892e-05
1.673117139944224618e-06
1.089371171048014730e-08
2.926504066635970958e-06
5.922224772803019732e-06
2.223608589702052996e-06
6.091023351473268121e-06
7.053954504954162985e-06
4.894718131254194304e-06
3.151584223815007135e-06
2.836458179444889538e-07
1.838430180214345455e-03
1.221533511852612719e-05
2.488919199095107615e-05
7.572824688395485282e-05
8.438972258772992063e-07
1.045071485350490548e-06
5.094989774079294875e-06
9.254254109691828489e-06
6.693115892630885355e-07
1.091295052901841700e-04
1.267058541998267174e-04
6.498518814623821527e-06
1.344038651041046251e-06
1.329526548943249509e-05
6.423789272957947105e-06
2.854969534382689744e-05
7.665846624149708077e-07
1.501623046351596713e-04
2.739663841566652991e-06
3.784928412642329931e-04
1.539150161988800392e-06
1.817573138396255672e-05
1.483743824064731598e-02
2.200499329774174839e-05
2.118002521456219256e-05
1.545427835480950307e-06
5.065858772468345705e-07
4.841042937187012285e-06
2.388956454524304718e-05
6.790501743125787470e-07
1.115580516852787696e-06
3.635250095612718724e-06
3.367484532645903528e-05
3.874474496114999056e-04
1.078555328604124952e-06
2.706011173359001987e-06
4.550068297248799354e-06
1.029865757118386682e-06
4.173655554495780962e-07
6.373711016749439295e-07
6.024163781148672570e-07
3.343862317706225440e-06
5.188938303035683930e-06
9.249281447409885004e-07
7.509962870244635269e-06
7.303081474674399942e-06
1.306941499024105724e-06
1.133473233494441956e-05
2.320599151062197052e-06
3.405149016089126235e-07
1.498793693599509425e-07
1.449079718440771103e-06
2.273818608955480158e-06
1.437322407582541928e-05
2.809199941111728549e-06
4.701104785453935619e-07
1.967470598174259067e-05
3.678220309666357934e-06
3.895340796589152887e-06
1.636783272260800004e-04
1.171192998299375176e-04
1.325049288425361738e-05
3.867241321131587029e-05
3.530648973537608981e-05
2.761383540928363800e-03
4.129270382691174746e-05
3.956624823331367224e-07
2.735189355007605627e-06
6.982586455706041306e-06
7.596553132316330448e-06
5.360705586099356879e-07
3.973000843870977405e-07
2.925754643001710065e-07
1.575553142174612731e-05
4.131208299895661185e-07
1.919809437822550535e-05
6.032246915310679469e-07
2.981685156555613503e-07
9.467140102970006410e-07
9.564199388023553183e-08
1.114824481192044914e-04
2.864778636535447731e-08
2.339535967621486634e-06
6.591341730199928861e-07
3.624385556122433627e-07
7.469424046576023102e-03
4.378008270577993244e-06
2.366744774917606264e-05
8.812887244857847691e-06
5.431833869806723669e-06
2.554156530720774754e-08
6.122719787526875734e-05
1.838638672779779881e-05
5.766245863014773931e-07
1.055252414516871795e-05
5.701592272089328617e-06
2.696501542231999338e-05
4.554700808512279764e-06
1.821472181973149418e-07
7.502618432044982910e-02
2.219398766101221554e-06
2.077282442769501358e-05
4.103807441424578428e-05
7.698775334574747831e-06
5.039065698042577424e-08
1.891848072409629822e-02
1.690264525677775964e-06
2.303902988387562800e-07
7.609945441799936816e-06
6.746784464439770090e-08
2.697449417610187083e-06
3.294701309641823173e-05
1.068986370228230953e-03
3.110795660177245736e-05
4.204854369163513184e-03
2.163733597626560368e-06
8.895625569493859075e-07
6.037832008587429300e-06
8.154498232215701137e-08
1.892936961667146534e-05
3.313496927148662508e-05
3.480893724372435827e-07
2.721530165672447765e-07
8.714011528354603797e-06
4.963831656823458616e-07
4.260264176991768181e-06
4.168234113421931397e-07
2.267592662974493578e-06
5.237953359937819187e-07
6.160782504593953490e-06
6.892278037184951245e-08
1.498746513561854954e-07
8.618759238743223250e-06
7.222246495075523853e-06
1.790933197298727464e-06
9.955707724884632626e-08
1.191509945783764124e-04
1.957600261448533274e-06
3.640697059381636791e-06
1.060488517396152020e-03
1.380604771838989109e-05
1.008202872299079900e-07
1.249846661721676355e-07
3.422917870921082795e-06
2.336048964934889227e-06
3.740245517747098347e-07
1.289212559640873224e-05
2.601917401534592500e-07
1.715832382842563675e-07
2.536702822908409871e-06
2.900357503676787019e-05
8.081900887191295624e-06
2.396287891315296292e-05
7.506489509978564456e-06
5.277855052554514259e-06
1.055095526680815965e-05
1.225084124598652124e-04
5.295872256283473689e-07
1.079165958799421787e-03
1.311966025241417810e-05
3.344578362884931266e-05
1.041029463522136211e-05
4.827976241017495340e-08
4.173264187556924298e-06
1.336738250756752677e-06
3.131398989353328943e-05
5.151170171302510425e-06
1.303825342802156229e-06
1.953198420778790023e-07
2.748185761447530240e-05
2.176843408960849047e-04
9.441434940526960418e-07
1.970177982002496719e-05
4.560342404147377238e-06
6.952021180950396229e-08
1.086197372046626697e-07
5.913087989029008895e-06
7.814127798155823257e-07
3.969321824115468189e-06
6.024269623594591394e-06
2.092693193844752386e-06
2.490492931883636629e-07
6.448654403357068077e-06
3.736334690529474756e-07
3.206451538062538020e-06
4.517028628470143303e-06
1.145820715464651585e-05
2.334404314296989469e-07
6.546310335397720337e-02
1.314588007517158985e-04
1.209184308237354344e-08
2.434016721508669434e-07
5.211013922234997153e-05
2.036692239926196635e-05
1.111014569232793292e-07
2.252289596071932465e-05
4.534707841230556369e-06
6.698080596834188327e-06
2.034867065958678722e-05
7.744988579361233860e-07
1.730396979837678373e-05
1.597475056769326329e-05
3.970821126131340861e-06
2.756888761723530479e-06
3.793867290369234979e-05
1.243095466634258628e-04
1.217999488289933652e-05
1.907086880237329751e-05
3.227449633413925767e-05
6.743690050825534854e-08
3.607488565648964141e-07
1.010371988741098903e-06
2.705826602777960943e-07
5.401831003837287426e-06
1.861586133600212634e-05
4.027942122775129974e-05
9.803276952879969031e-06
1.470110146328806877e-04
1.836793126130942255e-05
3.909005954483291134e-06
7.036706506369228009e-08
1.528264510852750391e-05
1.607106241863220930e-05
3.282152192696230486e-06
1.156774487753864378e-06
3.081247768932371400e-06
4.061891729634226067e-07
1.471127575314312708e-06
4.116336640436202288e-06
4.905547757516615093e-05
9.479966138314921409e-06
2.951703663711668923e-07
1.364798081340268254e-04
4.856733539781998843e-06
3.789966967815416865e-06
2.247996690130094066e-06
3.713744263222906739e-07
6.488332019216613844e-06
2.508389229660679121e-07
3.769611339521361515e-06
2.964877467093174346e-06
1.182289338430564385e-06
3.046308449938806007e-08
5.610472726402804255e-06
1.612444248166866601e-05
1.121798163694620598e-06
4.700461886386619881e-06
1.812381128729612101e-06
6.100132395658874884e-06
2.143050776794552803e-03
2.286330300194094889e-06
1.649325895414222032e-05
2.505324664525687695e-05
9.608348591427784413e-06
4.770131909026531503e-06
6.474334668382653035e-07
1.979572334676049650e-05
1.052673760568723083e-04
3.758298771572299302e-05
1.448679722670931369e-05
1.017474346554081421e-06
5.195913104216742795e-07
3.754513954845606349e-06
3.790111350099323317e-06
3.522318729665130377e-05
8.151633323905116413e-07
5.049678293289616704e-06
1.677568320701539051e-06
1.904183649457991123e-03
2.997947603944339789e-06
3.006478436873294413e-05
2.450033889545011334e-06
3.010937507497146726e-05
1.299250129704887513e-06
1.880958507172181271e-06
3.959803879261016846e-01
2.458913513692095876e-05
3.013285750057548285e-04
1.645097654545679688e-06
6.513764219562290236e-06
4.112473470740951598e-05
1.749619987094774842e-04
5.202058218856109306e-06
8.169226020982023329e-06
7.120661393855698407e-07
4.885894013568758965e-04
4.465468009584583342e-06
1.089362967832130380e-06
5.603695285572030116e-07
2.190700797655154020e-06
1.019587543282796105e-07
3.051052033242740436e-07
1.315941915436269483e-07
1.124418577092001215e-05
2.432670953567139804e-07
1.409089236403815448e-07
4.913542397844139487e-06
3.435695816733641550e-08
2.038659552283661469e-08
1.751961491436304641e-07
5.887852694286266342e-07
4.971352609572932124e-06
2.186688163874350721e-07
1.056254745890328195e-06
7.021382316452218220e-06
3.324204271848429926e-07
4.377087634566123597e-07
2.418933888748142635e-07
2.146967830185531056e-07
1.899871051591617288e-07
5.316064743965398520e-06
6.664825832558562979e-06
2.702115864394727396e-07
4.449679636309156194e-06
1.465670266043161973e-06
3.040947831323137507e-06
4.268928819328721147e-07
2.394536977590178140e-06
1.130894133893889375e-06
8.891503239283338189e-05
7.991950212726806058e-08
4.329869796038110508e-07
1.218477627844549716e-04
2.634058546391315758e-06
1.019557345216526301e-07
7.061933615659654606e-07
5.429257612377114128e-07
5.271896270642173477e-07
1.693392164270335343e-07
1.981224642122469959e-07
1.782625440682750195e-05
2.702499841689132154e-07
2.065641638182569295e-06
3.591755728393764002e-07
6.206520538398763165e-06
2.523631155781913549e-05
2.055333316093310714e-04
3.765459870919585228e-03
3.724754424183629453e-05
1.962306123459711671e-04
3.900282899849116802e-05
2.297266291861888021e-05
5.393468018155544996e-05
1.024556258926168084e-04
1.542579229862894863e-05
1.146798581430630293e-06
2.727293394855223596e-05
2.891400072257965803e-04
2.272564597660675645e-05
5.759051418863236904e-05
2.940492095149238594e-06
6.086359917389927432e-06
1.232070098922122270e-05
1.271767814614577219e-06
2.988554399507847847e-07
1.630691403988748789e-04
2.422534180368529633e-06
3.806005679507507011e-06
6.510233561130007729e-07
8.357686738236225210e-07
2.775505436147795990e-06
4.922148036712314934e-06
1.855318032539798878e-06
2.334384407731704414e-05
