1.053226078511215746e-04
9.036096162162721157e-05
3.601337448344565928e-05
5.762442015111446381e-06
3.165369435009779409e-06
6.852266960777342319e-05
1.237646938534453511e-04
8.608712232671678066e-05
2.593335193523671478e-05
8.510041516274213791e-05
1.051230583470896818e-06
4.607595474226400256e-05
5.667128334607696161e-06
8.023876944207586348e-06
9.560147191223222762e-06
1.407548188581131399e-05
7.465340559065225534e-07
5.776890702691162005e-06
4.748262654175050557e-06
1.174098883893748280e-06
1.878641455732577015e-06
5.534925730898976326e-04
3.506208304315805435e-04
1.697216212050989270e-04
1.382593745802296326e-05
5.138038886798312888e-06
4.055184490425745025e-06
2.604873589007183909e-05
6.968603543100471143e-07
5.129339115228503942e-06
2.770977880572900176e-05
4.999357042834162712e-04
2.372914423176553100e-06
3.071024548262357712e-05
1.428815539838979021e-05
9.289627996622584760e-06
5.871180474059656262e-05
1.148214778368128464e-05
1.197483834403101355e-05
3.653700787253910676e-06
8.613359909759310540e-07
1.155049858425627463e-06
1.022646756609901786e-05
1.045065710059134290e-05
4.272232217772398144e-06
1.543008329463191330e-05
4.389371213164849905e-07
1.642111965338699520e-05
3.532200207700952888e-05
5.134908860782161355e-06
1.425557184120407328e-05
3.548003587638959289e-05
1.241298377863131464e-05
2.918943437180132605e-06
7.336435032812005375e-07
1.867160317488014698e-04
7.616633229190483689e-05
2.345196463693355327e-07
6.213127562659792602e-06
2.792603027046425268e-06
1.384926963510224596e-05
1.864660953287966549e-05
2.530859201215207577e-04
1.610233812243677676e-05
3.195117824361659586e-05
3.234737505408702418e-06
2.260060318803880364e-05
3.283594196545891464e-06
2.662342922121752053e-06
3.339608083479106426e-04
8.006686584849376231e-06
2.997571755258832127e-06
7.414581091325089801e-07
1.684998642303980887e-05
5.070443876320496202e-05
1.066440745489671826e-06
1.406677347404183820e-05
1.283525944018037990e-05
8.536555833416059613e-05
1.497233097325079143e-05
1.652678183745592833e-04
4.874176011071540415e-05
1.692837940936442465e-05
1.972732206922955811e-05
8.409957672483869828e-07
5.649358627124456689e-06
3.015125730598811060e-05
3.799059186349040829e-06
5.041513213654980063e-05
1.270631946681533009e-05
2.392260284977965057e-06
2.281535444126348011e-06
1.544829683552961797e-05
4.043903572892304510e-06
4.254412033333210275e-06
2.272023920113497297e-07
1.490616705268621445e-05
9.676861736807040870e-06
1.029703184940444771e-06
3.190828692822833546e-06
4.944305601384257898e-06
1.205574721097946167e-03
1.704156034065817948e-06
1.092980892281048000e-04
2.062604289676528424e-05
2.977812300741788931e-06
2.318576443940401077e-04
1.084928298951126635e-04
1.063546806108206511e-04
1.732633821666240692e-02
3.635073517216369510e-05
2.267414402012946084e-06
3.034982364624738693e-05
5.556103860726580024e-05
2.379479610681300983e-06
3.799144542426802218e-05
3.443807072471827269e-04
5.729828262701630592e-05
6.957125151529908180e-06
6.714350888614717405e-07
2.879416172163473675e-07
6.381818820955231786e-06
2.784785522180754924e-07
1.458945746435347246e-07
2.917191750384517945e-07
9.391810635861475021e-06
1.440979394828900695e-05
4.262014044797979295e-06
5.714725375582929701e-06
2.978743623316404410e-06
2.120477438438683748e-05
9.552345545671414584e-06
4.906093090539798141e-05
1.757213431119453162e-05
4.102911589143332094e-06
5.532363502425141633e-05
8.467603720418992452e-07
2.060329507003189065e-07
5.471717668115161359e-05
6.300413133430993184e-07
1.492210344622435514e-06
3.525013426042278297e-06
8.023405939638905693e-07
2.180404590035323054e-05
2.436594149912707508e-05
5.962572176940739155e-04
5.428463555290363729e-05
3.596259375626686960e-06
5.488273745868355036e-05
2.984659804496914148e-04
5.788306225440464914e-06
8.092807547654956579e-05
7.869098772061988711e-05
1.124229514971375465e-03
1.085451458493480459e-05
1.858855102909728885e-04
2.261022018501535058e-04
8.027585863601416349e-05
3.040618594241095707e-06
8.563334267819300294e-05
9.924881305778399110e-05
2.964715531561523676e-04
1.286388578591868281e-04
1.881585776573047042e-04
4.780827566719381139e-06
9.581674385117366910e-05
1.211228482134174556e-05
2.035430043179076165e-06
1.693398953648284078e-04
1.893925764306914061e-05
8.491682820022106171e-04
2.792093073367141187e-05
1.629379403311759233e-05
4.983500111848115921e-04
1.869023662948166020e-06
3.238251520087942481e-05
4.485235876927617937e-06
6.653839227510616183e-05
1.173915923573076725e-03
8.789201820036396384e-05
1.663292641751468182e-04
3.678630106151103973e-03
1.756907731760293245e-04
7.572554022772237659e-05
5.806338958791457117e-05
1.020487979985773563e-03
7.545837434008717537e-04
2.334251184947788715e-04
6.663784006377682090e-05
2.380502337473444641e-05
1.580518000992015004e-04
1.474053860874846578e-04
1.224688894581049681e-04
3.527253575157374144e-04
1.451951538911089301e-04
6.363947613863274455e-05
5.922067066421732306e-05
1.747152302414178848e-03
3.659060457721352577e-04
7.968013524077832699e-04
9.773232741281390190e-04
1.728106144582852721e-04
1.336159912170842290e-04
1.755562843754887581e-03
4.175725043751299381e-04
5.944163072854280472e-03
5.223034531809389591e-04
3.365555312484502792e-04
5.620330339297652245e-04
9.589915134711191058e-05
6.050127558410167694e-05
2.440339419990777969e-03
8.404914842685684562e-05
1.733422046527266502e-03
2.922417188528925180e-04
1.665929303271695971e-04
1.212120056152343750e-02
7.226929301396012306e-04
7.225078996270895004e-03
3.466082038357853889e-03
2.695454051718115807e-03
2.993873786181211472e-03
3.805566302617080510e-05
6.895849481225013733e-03
7.657751557417213917e-04
5.462971330416621640e-06
1.520116580650210381e-03
3.503499319776892662e-04
6.417027325369417667e-04
2.725225407630205154e-03
1.758717189659364522e-05
1.845912483986467123e-04
5.011734901927411556e-04
8.646965579828247428e-05
1.898478512885048985e-04
3.170058107571094297e-06
1.748728436723467894e-06
7.596133946208283305e-05
2.033063356066122651e-04
2.894978752010501921e-05
6.388039037119597197e-05
1.414381131326081231e-05
5.075925218989141285e-05
1.972357858903706074e-04
2.154990943381562829e-04
1.756852288963273168e-04
4.056250327266752720e-05
1.739209255902096629e-04
3.741307591553777456e-05
2.039021492237225175e-04
1.930221333168447018e-05
7.624232093803584576e-04
4.774335830006748438e-04
2.434122870909050107e-05
1.719738793326541781e-04
1.359516871161758900e-03
1.192484330385923386e-02
4.661970524466596544e-05
1.952504244400188327e-04
6.503359181806445122e-04
4.713922971859574318e-04
7.289934274012921378e-06
2.743392542470246553e-05
4.629921459127217531e-04
7.918931660242378712e-04
2.064279047772288322e-03
6.922010215930640697e-04
9.268646826967597008e-04
1.585442532814340666e-06
2.376167867623735219e-05
3.124169961665757000e-05
6.858537381049245596e-05
1.859477379184681922e-05
3.198864942532964051e-05
2.320223029528278857e-05
8.173090577656694222e-07
2.177862938879115973e-07
4.800247188541106880e-05
7.172863661253359169e-06
1.152188924606889486e-04
2.252327431051526219e-05
1.497137418482452631e-05
1.774276024661958218e-03
7.879773038439452648e-04
1.591600084793753922e-05
1.200745191454188898e-05
2.449723426252603531e-03
4.092126619070768356e-04
1.741606101859360933e-04
3.837773692794144154e-05
3.094992716796696186e-04
1.292873203055933118e-04
2.528333570808172226e-04
8.580470421293284744e-06
2.982648438774049282e-04
2.428422681987285614e-03
1.110865850932896137e-03
2.592107513919472694e-03
6.539436526509234682e-06
2.496780780347762629e-06
5.026318490308767650e-07
8.022860129131004214e-06
1.427952497579099145e-06
1.027735743264202029e-05
4.049015274176781531e-07
4.024331303753569955e-07
2.273449837275620666e-07
2.269059393711359007e-07
1.087623672901827376e-06
6.843741175543982536e-06
6.860947905806824565e-06
2.124545062542892992e-06
7.807092856637609657e-07
9.457932173972949386e-05
5.049830633652163669e-06
2.084179868688806891e-06
2.806210659400676377e-06
2.039063247138983570e-06
1.880063678072474431e-07
7.161984854064940009e-07
3.377766120138403494e-07
1.347621728200465441e-04
9.850143396761268377e-05
2.675022415132843889e-06
3.332368578412570059e-06
1.069555946742184460e-05
1.617573047951736953e-06
1.811723791433905717e-06
1.572029941598884761e-05
2.384162326052319258e-05
4.868526229984126985e-05
8.107411304081324488e-06
1.668790646363049746e-04
2.138820273103192449e-04
2.831142865034053102e-06
1.520149112366198096e-06
2.499709371477365494e-04
5.232340117800049484e-05
9.787243325263261795e-04
1.828253502026200294e-03
2.446769794914871454e-04
5.237901859800331295e-05
5.291109118843451142e-05
9.899536962620913982e-05
1.332564279437065125e-04
3.549743443727493286e-03
1.657265529502183199e-04
8.599076420068740845e-03
3.003199235536158085e-04
1.167404916486702859e-04
1.404610084136947989e-04
1.023318054649280384e-05
7.089040082064457238e-06
1.498407254985067993e-05
5.863375496119260788e-03
2.930070695583708584e-05
2.779048518277704716e-04
6.080089369788765907e-04
5.918061360716819763e-04
9.908846550388261676e-06
4.850681871175765991e-03
8.781656106293667108e-06
8.735549272387288511e-06
1.010652522381860763e-05
6.404145096894353628e-06
4.518138593994081020e-04
6.418214645236730576e-03
6.693644099868834019e-04
1.046258912538178265e-04
6.158381002023816109e-04
3.709131124196574092e-05
5.825646076118573546e-05
8.479572716169059277e-05
5.450993558042682707e-05
1.737588754622265697e-04
1.270401753572514281e-05
1.105774863390251994e-04
8.857109605742152780e-06
3.558067328413017094e-05
4.062669177073985338e-05
1.580852040206082165e-05
1.767807116266340017e-04
6.011790446791565046e-06
3.576311792130582035e-05
4.510711733018979430e-06
4.581810790114104748e-04
4.425135266501456499e-04
5.188789873500354588e-05
1.033211010508239269e-04
2.507644580873602536e-07
2.312507831447874196e-06
7.110368187568383291e-06
3.951312392018735409e-04
1.092941733077168465e-03
1.091555350285489112e-05
3.171064918205956928e-06
7.013660069787874818e-05
4.242216618877137080e-06
5.649755257763899863e-05
2.424539416097104549e-04
2.971642243210226297e-04
1.209028414450585842e-04
1.952466991497203708e-04
2.091330861730966717e-05
1.646579585212748498e-05
2.227986929938197136e-03
6.548829333041794598e-06
3.154755177092738450e-06
1.539082149975001812e-04
1.095670304493978620e-04
6.696245400235056877e-04
7.888728287070989609e-04
2.414073833278962411e-06
4.379653910291381180e-05
8.979887701570987701e-03
8.528606122126802802e-05
2.898032334996969439e-06
7.460302673280239105e-03
7.407230100398010109e-07
9.584279614500701427e-04
1.604644603503402323e-05
2.773457765670173103e-07
4.920503670291509479e-06
3.283379555796273053e-05
1.860462798504158854e-04
2.243499271571636200e-03
1.781897481123451144e-05
1.437523224012693390e-05
2.213530933659058064e-05
7.796412319294176996e-06
1.242688313141115941e-06
8.078553946688771248e-04
1.230002271768171340e-05
2.494664164260029793e-03
2.259234024677425623e-04
1.361969625577330589e-04
1.434901205357164145e-04
1.582379809406120330e-05
1.097233948144094029e-07
2.564712485764175653e-04
3.853446742141386494e-06
3.806123686445062049e-06
6.797629794164095074e-06
1.094634830951690674e-02
3.461148253336432390e-06
1.518068074801703915e-05
1.704885289655067027e-05
2.494364453013986349e-04
2.452529734000563622e-04
2.946079348475905135e-06
2.251119440188631415e-04
1.369655183225404471e-05
8.496726863086223602e-03
1.047731643666338641e-06
3.331950865685939789e-04
9.507740287517663091e-06
1.579680974828079343e-05
3.436358179897069931e-03
5.688993951480370015e-06
3.743312845472246408e-05
7.773453489789972082e-07
2.852313627954572439e-04
7.832691153453197330e-06
2.888139897549990565e-05
1.150188036262989044e-04
3.844023012788966298e-05
1.113676262320950627e-06
7.874712650846049655e-07
4.710794655693462119e-06
3.789210040849866346e-06
3.894048495567403734e-05
5.433404294308274984e-05
1.384306324325734749e-05
3.865493454213719815e-06
3.422430949285626411e-03
8.276577318611089140e-06
6.203092652867780998e-06
2.424422405056247953e-07
3.631809522630646825e-05
3.238629915358615108e-06
1.031185092870146036e-06
2.305455927853472531e-05
2.141668664989992976e-05
6.018401836627162993e-05
2.490000667876302032e-07
2.065705757559044287e-06
1.836559385992586613e-05
7.738680869806557894e-05
1.793064438970759511e-05
1.365784441986761522e-06
3.231250680983066559e-03
3.789197944570332766e-05
2.124649290635716170e-05
3.867440227622864768e-06
1.035626992234028876e-04
6.850078193565423135e-07
1.089861871150787920e-05
5.021144897909834981e-05
4.826027634408092126e-06
1.505416321379016154e-06
1.441107160644605756e-04
3.292008489370346069e-02
1.085752664948813617e-04
1.352772869722684845e-05
3.189094513800228015e-06
7.421283498842967674e-06
9.517005992165650241e-07
2.483782009221613407e-05
4.196533609501784667e-06
1.262629302800633013e-05
2.054264086837065406e-06
1.595336834725458175e-05
4.948463470100250561e-07
4.878882100456394255e-05
4.958594217896461487e-06
1.101909554563462734e-03
1.392429985571652651e-04
1.724831236060708761e-06
1.430363161489367485e-03
1.069554946298012510e-05
8.336413884535431862e-05
2.194110038544749841e-06
5.577339106821455061e-05
1.195638033095747232e-04
1.171468393295072019e-04
7.867938620620407164e-06
1.666326625127112493e-06
1.381271090394875500e-06
2.629814161991816945e-07
1.686508185230195522e-04
2.313435470568947494e-05
6.883355126774404198e-06
9.054080578607681673e-07
2.515773521736264229e-04
2.401021959030913422e-07
1.537099478809977882e-07
1.662628892518114299e-05
2.300009691680315882e-05
8.136419346556067467e-04
9.891232912195846438e-05
4.274127149983542040e-06
1.409063133905874565e-05
1.961579255294054747e-05
3.062016912735998631e-05
8.894700840755831450e-06
2.305348243680782616e-05
3.990578989032655954e-06
9.747365766088478267e-06
1.426167045792681165e-06
1.518790796399116516e-02
3.999263640253047924e-07
4.103514129383256659e-06
3.303887788206338882e-03
3.301562901469878852e-05
2.113057462338474579e-06
4.862471178057603538e-05
1.193289062939584255e-04
4.610560154105769470e-06
3.655724503914825618e-05
7.104013639036566019e-05
4.376862780191004276e-04
5.613845246443815995e-07
4.518411878962069750e-05
6.188066436152439564e-06
2.773900860120193101e-06
3.583443685784004629e-05
4.317615093896165490e-06
1.553101128592970781e-06
3.830453613772988319e-03
2.958672484965063632e-05
1.559278927743434906e-03
2.603097515319063859e-09
5.687692464562132955e-06
1.495014998909027781e-06
5.900545602344209328e-06
5.334322281669301447e-07
1.370362497254973277e-06
4.213824286125600338e-05
6.545810174429789186e-05
9.992763807531446218e-06
2.717942232266068459e-03
2.644509186211507767e-05
1.101897305488819256e-05
7.666954502383305226e-07
2.951673523057252169e-04
1.394369523040950298e-03
1.197938399855047464e-04
1.501335987086349633e-06
7.145284325815737247e-05
2.166271224268712103e-05
2.766140823950991035e-05
5.243394989520311356e-03
5.041727035859366879e-06
3.962907649111002684e-04
7.629781066498253495e-06
2.541991079851868562e-06
1.368830562569200993e-04
4.194019493297673762e-05
5.280158347886754200e-06
7.769988849759101868e-03
1.302421139826037688e-07
2.308092778548598289e-03
5.964596311969216913e-06
2.358649908273946494e-05
3.156035575102578150e-07
2.117339172400534153e-04
1.559125666972249746e-04
2.890044997911900282e-04
2.434407360851764679e-04
2.191075327573344111e-04
7.702844595769420266e-05
9.999028407037258148e-03
2.359047925892809872e-07
3.833989903796464205e-04
8.798468479653820395e-05
3.537341035553254187e-05
1.807894004741683602e-04
1.136518621933646500e-04
1.808180968509986997e-05
3.943764313589781523e-04
4.685433523263782263e-04
9.358318493468686938e-05
3.825727617368102074e-06
4.041004558530403301e-06
2.172074800910195336e-06
4.558131877274718136e-06
1.236997923115268350e-05
3.626871958317678946e-08
1.256441919395001605e-05
5.158343265065923333e-05
2.843607580871321261e-05
3.704413829836994410e-04
1.704490205156616867e-05
5.421972673502750695e-06
1.249013468623161316e-03
1.011327458400046453e-05
1.510007539764046669e-03
7.254719821503385901e-05
2.140239579603075981e-03
1.629735343158245087e-03
7.131910479074576870e-06
1.711048571451101452e-05
4.498127236729487777e-05
2.262616297230124474e-03
9.807723472476936877e-06
3.785830995184369385e-05
2.371745067648589611e-04
1.501774136158928741e-06
1.545628123267306364e-07
1.139980973675847054e-03
4.672300929087214172e-05
2.697169111343100667e-05
2.977711483254097402e-05
3.390767687960760668e-06
1.181490279122954234e-05
9.421532042324542999e-03
1.191991850646445528e-05
1.196558005176484585e-04
4.832293838262557983e-03
3.798280667979270220e-04
9.255127224605530500e-05
8.489856213600432966e-07
3.481614157863077708e-06
1.256340765394270420e-04
4.673607327276840806e-05
1.217523390550923068e-06
8.949667972046881914e-06
1.149159579654224217e-04
1.011755433864891529e-03
4.178423550911247730e-04
6.574545068360748701e-07
1.524356957816053182e-05
9.502827306278049946e-04
2.691999952730839141e-06
4.033275615711318096e-07
7.106103794285445474e-08
6.766974547645077109e-05
1.484648237237706780e-05
1.113076432375237346e-04
7.867852400522679090e-05
5.344420205801725388e-04
2.685746767383534461e-05
1.392696231050649658e-05
3.890900916303507984e-05
3.400604691705666482e-05
3.021736347363912500e-06
8.871459158399375156e-07
1.100966619560495019e-05
3.462168706391821615e-06
7.120873196981847286e-04
1.000845732050947845e-04
9.309130837209522724e-04
1.018617622321471572e-04
2.135109934897627681e-05
1.093250716621696483e-06
7.645747245987877250e-06
8.995949610834941268e-05
4.771583917317911983e-05
5.179752770345658064e-05
1.812913833418861032e-04
3.066638892050832510e-04
1.315233239438384771e-04
6.213489541551098228e-06
3.271803507232107222e-06
9.609245807951083407e-07
5.941430936218239367e-05
1.654287871133419685e-06
6.635531804022321012e-07
1.230251018569106236e-05
2.577245140855666250e-05
6.619629857596009970e-05
2.279668260598555207e-04
1.975317672986420803e-06
4.670910982440545922e-07
1.576267095515504479e-06
1.305810874328017235e-04
4.544886542134918272e-05
1.349625335933524184e-06
6.502582294842795818e-08
1.738153150654397905e-05
2.750468013346107909e-07
1.189912218251265585e-04
9.948870683729182929e-06
2.077349790852167644e-06
1.364284835290163755e-04
2.090812267852015793e-05
2.309937599420663901e-06
1.405375427566468716e-03
1.706518378341570497e-05
3.233146117054275237e-06
1.349976264464203268e-05
7.179451495176181197e-05
4.413728220242774114e-06
1.457201433368027210e-04
1.240392521140165627e-06
2.766178250312805176e-01
1.457381404179614037e-05
1.368911398458294570e-06
2.334029522899072617e-05
2.904599750763736665e-05
4.092549659162614262e-07
2.169031202793121338e-01
1.289347153488051845e-07
1.573046756675466895e-05
1.149169474956579506e-04
5.688535793524351902e-07
1.918287671287544072e-05
3.169743868056684732e-04
2.345067186979576945e-04
2.568938907643314451e-05
2.815309911966323853e-03
6.298295829765265808e-06
5.556069481826853007e-06
4.708342203230131418e-06
1.299589143854973372e-06
1.690604767645709217e-05
2.268737262056674808e-05
3.510661372274626046e-06
5.749766842200187966e-06
8.276921289507299662e-05
5.785365374322282150e-06
1.926918048411607742e-05
5.353910637495573610e-06
2.900980234699090943e-06
1.074984902516007423e-05
3.773186836042441428e-05
8.451504982076585293e-06
1.268607502424856648e-05
1.678908120084088296e-05
9.336389666714239866e-06
8.999678357213269919e-06
1.111779420170933008e-05
1.541716774227097631e-04
2.347117515455465764e-06
1.529760083940345794e-05
9.548338712193071842e-04
7.098084552126238123e-06
1.794756462913937867e-05
5.575637374022335280e-07
1.411140874552074820e-05
2.119904138453421183e-06
4.498734142543980852e-06
5.878957745153456926e-05
1.179129185402416624e-06
2.292131466674618423e-05
6.929182745807338506e-06
2.589340283520868979e-06
8.299847831949591637e-04
8.095458724710624665e-06
1.607869126019068062e-05
8.187340426957234740e-06
2.016989810726954602e-06
7.772496610414236784e-05
9.178485721349716187e-03
9.941853022610303015e-06
4.977665375918149948e-04
4.318031668663024902e-02
4.488834820222109556e-04
9.253993084712419659e-06
2.704125654418021441e-05
1.311335017817327753e-05
1.956598425749689341e-04
1.757138088578358293e-04
1.063147101376671344e-05
5.903101282456191257e-06
7.180758984759449959e-05
2.837233478203415871e-04
3.439749661993118934e-06
4.822366172447800636e-04
4.773181353812105954e-05
4.421922767505748197e-06
1.007438459055265412e-05
7.518017810070887208e-05
3.039950388483703136e-05
1.289817100769141689e-05
4.590722164721228182e-05
3.206815381417982280e-05
4.117575826967367902e-06
3.247913991799578071e-05
2.359946847718674690e-06
7.452913996530696750e-05
1.885980782390106469e-05
1.029356208164244890e-04
3.605254823924042284e-05
1.310048904269933701e-02
1.493085255788173527e-05
2.029816414506058209e-06
1.316004727414110675e-06
2.465108809701632708e-05
6.821518036304041743e-05
1.420993885403731838e-05
2.174996552639640868e-05
4.685802385210990906e-03
2.666005457285791636e-05
5.182840686757117510e-05
4.422253914526663721e-05
2.429240121273323894e-04
9.639959316700696945e-04
5.774902529083192348e-04
4.195139626972377300e-05
1.499254285590723157e-04
6.047560600563883781e-04
2.555890474468469620e-03
4.552011378109455109e-04
9.248143214790616184e-06
4.518338391790166497e-05
1.252614674740470946e-05
7.577083306387066841e-05
1.974618317035492510e-05
2.951297392428386956e-05
3.460729785729199648e-04
2.388702851021662354e-04
4.085102045792154968e-05
1.733236713334918022e-04
2.163855606340803206e-05
8.504171091772150248e-06
1.945498297573067248e-06
4.906046524411067367e-05
1.903908676467835903e-03
4.312536930228816345e-06
9.970393875846639276e-06
1.369478127344336826e-06
9.576357842888683081e-05
3.739248859346844256e-05
1.036486082739429548e-05
5.955366650596261024e-04
1.476102715969318524e-05
1.877763793345366139e-06
1.302941236644983292e-04
4.081727529410272837e-04
7.350774922088021412e-06
1.045473936756025068e-06
6.057566497474908829e-04
9.550888535159174353e-06
9.711905022413702682e-07
6.884329923195764422e-05
9.445177420275285840e-05
1.408950879522308242e-06
1.174567569250939414e-05
5.123167284182272851e-05
2.844781920430250466e-05
5.920031071582343429e-06
4.941611405229195952e-05
2.016102371271699667e-05
4.432566929608583450e-04
2.177782356739044189e-02
4.734004050988005474e-07
2.199198788730427623e-04
1.078508489626983646e-06
1.942815515576512553e-06
1.943581992236431688e-05
2.497758373465330806e-07
9.123087511397898197e-04
5.113141014589928091e-05
5.572341615334153175e-05
4.807575023733079433e-04
1.366768174193566665e-06
1.123542915593134239e-06
2.283543581143021584e-04
2.159876567020546645e-05
1.493468244007090107e-05
2.887452637878595851e-06
2.915285222115926445e-06
6.182861397974193096e-05
8.141033467836678028e-04
6.619434316235128790e-07
4.611272888723760843e-04
1.337958337899181060e-06
3.634969834820367396e-05
9.138971108768600971e-06
5.633681212202645838e-06
5.383908282965421677e-03
6.351560296025127172e-05
4.812384941033087671e-05
1.114705446525476873e-05
4.229736223351210356e-04
1.358083682134747505e-04
9.634398156777024269e-05
1.834373979363590479e-04
1.650187982704665046e-06
8.598791509939474054e-07
1.228183100465685129e-04
1.211565177072770894e-06
1.226816948474152014e-05
1.274052556254900992e-05
9.641893484513275325e-06
1.338096780045816558e-07
3.256231502746231854e-05
5.121560025145299733e-05
9.014861279865726829e-05
1.433427996744285338e-06
1.268586947844596580e-05
1.959474730028887279e-06
8.237621841544751078e-06
1.203932970383903012e-05
4.647660716727841645e-06
1.926828263094648719e-04
5.917254384257830679e-06
3.445506808930076659e-05
9.214671990775968879e-06
6.624046818615170196e-06
4.043562569222558523e-07
2.259453594888327643e-06
5.647764282912248746e-06
1.298739880439825356e-05
9.833990770857781172e-05
5.909125206926546525e-07
1.834400172811001539e-04
6.686076812911778688e-05
1.787520886864513159e-05
7.844741958251688629e-06
3.705680137500166893e-05
8.123145562421996146e-06
1.030726525641512126e-05
2.020101783273275942e-05
1.275257236557081342e-04
4.370909664430655539e-06
1.387242036798852496e-06
2.758517221082001925e-04
3.300390062577207573e-06
2.086947642965242267e-05
7.095601176843047142e-06
5.827383120049489662e-06
3.826393424333218718e-07
8.598554472882824484e-07
2.429558492167416262e-07
5.056702320871409029e-06
4.161393007962033153e-07
6.025136940479569603e-07
1.576857357576955110e-05
1.863211509771645069e-03
6.848794873803853989e-04
3.379630215931683779e-04
7.908358238637447357e-04
9.333794878330081701e-05
1.952793536474928260e-05
3.142814239254221320e-05
2.462740303599275649e-05
3.090978134423494339e-05
5.684704519808292389e-04
3.059520153328776360e-03
1.374722778564319015e-04
2.142286684829741716e-04
4.618019796907901764e-03
7.379703311016783118e-05
2.337340847589075565e-04
1.464459928683936596e-04
1.686894393060356379e-05
1.760723534971475601e-06
3.460394509602338076e-05
3.993227073806338012e-05
1.185925721074454486e-04
3.860521974274888635e-05
6.716919597238302231e-05
6.055186986486660317e-06
1.592553599039092660e-05
2.297532591910567135e-05
1.036148605635389686e-04
1.771363531588576734e-05
5.921287811361253262e-05
