1.577873990754596889e-05
2.747303733485750854e-05
9.809016319195507094e-07
1.311339019594015554e-06
4.382477709441445768e-05
1.603488490218296647e-04
4.699546843767166138e-05
7.150646865738963243e-07
1.088405497284838930e-05
7.880546036176383495e-06
1.250534023711225018e-05
9.490398042544256896e-06
2.603122447908390313e-05
1.169293900602497160e-04
8.357781553058885038e-06
3.253805061831371859e-06
2.539487240937887691e-06
3.151444161630934104e-06
3.072089748457074165e-05
4.899090981780318543e-06
3.982339876529294997e-06
5.663631327479379252e-06
6.779750401619821787e-05
2.229249730589799583e-05
1.388097371091134846e-05
1.195292270494974218e-06
9.898341886582784355e-06
5.332512955646961927e-06
3.691318852361291647e-06
2.647174596859258600e-06
3.490766403047018684e-06
2.863534064090345055e-06
2.867267880901636090e-07
9.669323844718746841e-06
1.064958269125781953e-05
6.698246579617261887e-05
6.963440682739019394e-05
6.341363132378319278e-06
4.132557660341262817e-05
8.978245205071289092e-06
1.036390949593624100e-05
2.769013235592865385e-06
1.253054733751923777e-06
1.178891398012638092e-05
4.053991506225429475e-05
6.462622695835307240e-05
6.221539933903841302e-06
3.218408528482541442e-05
1.456958125345408916e-04
5.909983883611857891e-06
3.068766454816795886e-05
4.412334419612307101e-06
1.114317183237290010e-05
5.519621936400653794e-06
1.573254266986623406e-04
6.439324351958930492e-05
1.567194703966379166e-05
1.131078988692024723e-06
2.603651257231831551e-03
6.182780452945735306e-06
6.351135380100458860e-05
1.317475107498466969e-04
1.226950087584555149e-03
2.963347833428997546e-05
7.328308856813237071e-05
4.907182301394641399e-05
5.335985682904720306e-03
9.544436034047976136e-05
1.197050223709084094e-04
1.268150663236156106e-04
8.243821866926737130e-06
2.071647486445726827e-06
8.013376827875617892e-06
1.520232908660545945e-04
1.378745946567505598e-04
3.118466338491998613e-05
3.485213528620079160e-05
1.029925988405011594e-04
1.126923016272485256e-04
5.397113636718131602e-05
3.909366932930424809e-05
1.335488104814430699e-05
3.871471562888473272e-05
1.715975304250605404e-05
7.074171298881992698e-05
2.316709287697449327e-05
1.343939857179066166e-05
2.923709871538449079e-06
2.658340235939249396e-05
1.363290834888175596e-06
2.530641495468444191e-06
1.064007506101916078e-06
7.408546935039339587e-06
3.610573457990540192e-07
1.391880005030543543e-06
1.377933642743300879e-07
6.386307359207421541e-05
9.448834316572174430e-05
1.071461883839219809e-05
4.212425483274273574e-05
1.795396565285045654e-05
6.626351932936813682e-06
4.742699275084305555e-06
6.068693473935127258e-04
1.600578798388596624e-05
7.247913345054257661e-07
1.428669565939344466e-05
2.161327574867755175e-04
5.668037920258939266e-05
1.552177127450704575e-04
1.321744457527529448e-05
3.204613676643930376e-05
4.338239250500919297e-06
7.221557461889460683e-05
1.754302871859181323e-07
1.330365989815618377e-06
1.521649301139404997e-05
8.233171538449823856e-04
1.180016170110320672e-05
2.058240625046892092e-06
1.800278596419957466e-06
3.251230509704328142e-06
3.271562491136137396e-06
6.166254138406657148e-07
4.561509740597102791e-06
1.085132407752098516e-05
1.166427591670071706e-05
1.113147163778194226e-06
2.738949206104734913e-06
2.253357962445079465e-07
1.225100368174025789e-05
2.023871093115303665e-05
2.654079289641231298e-04
3.224100873921997845e-05
8.631535820313729346e-06
9.820721970754675567e-06
1.043569113789999392e-06
4.356541830929927528e-05
5.501355190062895417e-06
1.310125298914499581e-06
1.073340627044672146e-05
1.196693574456730857e-05
4.735278707812540233e-06
4.807528057426679879e-06
1.656413405726198107e-05
1.648912802920676768e-05
3.513318347359017935e-07
1.113235384764266200e-06
7.124573585315374658e-06
3.990454570157453418e-05
4.455982889339793473e-06
2.115195457008667290e-05
2.478404439898440614e-06
9.122814844886306673e-06
5.696004450328473467e-07
1.064521711668930948e-05
7.999223453225567937e-05
3.007526174769736826e-05
1.632739781598502304e-06
1.355169115413445979e-05
2.650500209711026400e-05
5.098863402963615954e-05
3.874252433888614178e-05
1.377722696815908421e-06
6.732955171173671260e-06
5.570990992964652833e-07
4.594259735313244164e-05
3.740234888027771376e-06
5.843888175149913877e-06
2.730804953898768872e-05
7.847483357181772590e-05
3.203345841029658914e-05
4.739121141028590500e-05
1.789095549611374736e-04
2.550575572968227789e-07
9.126322765951044858e-06
1.957206404767930508e-05
3.452174723861389793e-06
5.504049840965308249e-05
3.925352416445093695e-07
9.707625849841861054e-07
1.380491448799148202e-04
2.783315494525595568e-06
9.804397222978877835e-07
5.126142355038609821e-07
2.559506356192287058e-05
3.861073594180197688e-07
1.431195641998783685e-06
1.689291093498468399e-05
8.019793540370301344e-07
9.810678420762997121e-06
9.250489711121190339e-06
4.238675683154724538e-05
7.532006293331505731e-06
6.663217391178477556e-07
3.088400717388140038e-06
9.509464007351198234e-07
6.705752639390993863e-06
6.589822305613779463e-07
1.041966515913372859e-05
1.679472120486025233e-06
6.270186531764920801e-06
4.492293555813375860e-06
9.282642713515087962e-05
1.683023037912789732e-05
7.972024832270108163e-06
6.227434369066031650e-06
6.688291705359006301e-06
2.589773248473647982e-05
1.533466129330918193e-04
1.957278982445131987e-05
8.417136996285989881e-05
1.169802999356761575e-05
7.623981673532398418e-06
2.298186018379055895e-06
1.661086207604967058e-05
2.712064306251704693e-04
2.133605448761954904e-05
3.007569102919660509e-05
5.607880666502751410e-06
1.194127344206208363e-05
1.794453237380366772e-05
4.085225737071596086e-05
1.459404847992118448e-05
2.854291324183577672e-06
2.868035380743094720e-06
7.968478894326835871e-05
2.486707444404601119e-06
1.833562964748125523e-05
3.311508044134825468e-05
6.674025371466996148e-06
4.522694216575473547e-04
4.458690909814322367e-06
6.021256012900266796e-06
1.180769231723388657e-05
1.081331717500688683e-07
6.688198936899425462e-07
2.600363222882151604e-05
2.200628114223945886e-05
1.055612642630876508e-06
3.460657899267971516e-04
2.286351809743791819e-05
1.902813664855784737e-06
7.389593065454391763e-06
4.509428890742128715e-06
3.380822136023198254e-06
6.051167474652174860e-06
1.910245773615315557e-04
1.530996523797512054e-04
1.628945756237953901e-04
1.623545358597766608e-05
4.314648685976862907e-05
1.289952706429176033e-06
4.615920261130668223e-05
1.004247337732522283e-06
1.573381086927838624e-05
1.071815495379269123e-05
2.169847866753116250e-04
5.254293228063033894e-06
5.235858111518609803e-07
1.583778157510096207e-06
2.913320997777191224e-07
1.080807578546227887e-06
5.988362772768596187e-06
8.542287832824513316e-05
1.466834191887755878e-06
3.232829044463869650e-07
3.632569132605567575e-06
3.905740868503926322e-07
8.010919555090367794e-05
4.407878441270440817e-05
1.265243554371409118e-05
1.261932629859074950e-04
4.558242289931513369e-05
5.221552055445499718e-05
1.358651957161782775e-06
1.178763682219141629e-06
1.061492548615206033e-05
1.367473259961116128e-06
1.734323595883324742e-04
2.371426853642333299e-05
2.793099338305182755e-05
8.887844160199165344e-05
3.206192923244088888e-04
3.200721266694017686e-06
6.974958068894920871e-07
8.890285389497876167e-04
1.687075746303889900e-05
5.089639671496115625e-06
2.107081672875210643e-05
2.897463855333626270e-05
3.800765398409566842e-06
1.674544764682650566e-04
1.074121314559306484e-06
3.105088035226799548e-05
6.245051627047359943e-04
1.379671448376029730e-04
2.142029734386596829e-05
6.597346327907871455e-06
2.524369392631342635e-06
7.709298444069645484e-08
3.772740092244930565e-05
7.526502940891077742e-07
1.978038568495321670e-07
4.929128181174746715e-07
2.229174469903227873e-06
8.386988525899141678e-08
2.014382744164322503e-06
1.594018726791546214e-06
7.046947416711191181e-07
5.165342736290767789e-05
1.519141619610309135e-06
3.759809317216422642e-07
4.257782347849570215e-05
3.089895835728384554e-05
1.085746225726325065e-05
2.833198493590316502e-07
4.630412036021880340e-07
1.935891668836120516e-05
1.007070386549457908e-05
3.356528168296790682e-06
1.205346279675723054e-06
5.923955541220493615e-06
1.530053509668505285e-06
7.029414632597763557e-07
7.454297588083136361e-07
2.466461637595784850e-06
7.581559657410252839e-06
3.061797542613931000e-05
1.373108989355387166e-05
2.693993519642390311e-05
2.261666304548271000e-05
1.513853494543582201e-04
8.827421697787940502e-05
7.546980214101495221e-07
2.930990603999816813e-06
5.676001092069782317e-05
2.715710979828145355e-05
7.913004083093255758e-06
1.899087328638415784e-05
1.856682793004438281e-04
3.070210004807449877e-05
2.378064709773752838e-05
1.678593980614095926e-05
5.153007805347442627e-05
1.771995266608428210e-05
1.215280190081102774e-05
2.517588291084393859e-05
3.745476351468823850e-05
4.038690894958563149e-05
6.379021215252578259e-05
2.060140644744024030e-07
7.977398013281344902e-07
2.111719595632166602e-06
1.002717635856242850e-05
1.831279860198264942e-06
1.516802967671537772e-05
6.572528509423136711e-04
1.012670254567638040e-04
4.353100848675239831e-06
1.614014181541278958e-04
1.710210781311616302e-04
4.882518169324612245e-06
4.020682536065578461e-05
3.717670324476785026e-06
1.758860453264787793e-04
7.513511718570953235e-06
3.713135129146394320e-06
3.580878910725004971e-06
4.269726559869013727e-06
5.616452085632772651e-07
4.905159130430547521e-06
4.830573061553877778e-07
1.892142563519882970e-06
1.371504367853049189e-07
4.170653085111553082e-07
7.035199814708903432e-06
1.997393837882555090e-06
3.636242809079703875e-06
2.337061459911637940e-06
2.240558751509524882e-05
1.876401256595272571e-06
1.210502978210570291e-05
1.027018806780688465e-04
5.691893534276459832e-07
8.526165038347244263e-05
1.494635512244713027e-06
2.602084714453667402e-05
4.039761552121490240e-05
1.406601086273440160e-06
1.220014041791728232e-06
8.796641850494779646e-06
4.036130121676251292e-05
1.663472176005598158e-05
1.678552325756754726e-05
3.778457903536036611e-05
9.712743340060114861e-04
1.204253521791542880e-06
1.443196106265531853e-05
4.076014374732039869e-05
6.542119876939977985e-07
1.675718863225483801e-06
2.578210853698692517e-07
3.390778431366925361e-07
7.278654811671003699e-05
8.024423004826530814e-05
2.141385266440920532e-06
5.011269968235865235e-05
2.430407448628102429e-06
7.748305797576904297e-04
7.778030703775584698e-04
9.447631782677490264e-06
1.141286520578432828e-05
8.353455086762551218e-06
2.318823680980131030e-04
8.851239726936910301e-06
6.503226813947549090e-06
1.046988461166620255e-02
1.968706015986754210e-07
5.345418321667239070e-05
2.005924898185185157e-06
4.012490990135120228e-06
9.197568033414427191e-06
1.089840952772647142e-05
4.271044235792942345e-05
1.672400627285242081e-03
1.377326680085388944e-05
2.101431746268644929e-04
9.408999903826043010e-05
6.915400444995611906e-05
7.013843514869222417e-06
5.033998604631051421e-05
1.090153318727971055e-06
1.779275189619511366e-04
4.276228602975606918e-03
2.294286387041211128e-03
7.228281901916489005e-05
2.193058753618970513e-05
7.434450566279338091e-08
1.135449565481394529e-06
6.920124064890842419e-07
6.621172360610216856e-06
5.308606318976671901e-07
1.070634461939334869e-03
9.457628948439378291e-06
2.351326884308946319e-06
1.102446258300915360e-04
4.769308361574076116e-05
5.359894566936418414e-05
1.175563083961606026e-04
3.951018152292817831e-04
3.864464360958663747e-06
2.864278503693640232e-04
5.634002718579722568e-06
1.127895484387408942e-05
6.309984746621921659e-05
4.151563643972622231e-06
4.205256846034899354e-05
2.236176260339561850e-05
1.825367362471297383e-04
1.087248238036409020e-04
1.609948526493099052e-06
2.638115620356984437e-05
1.112976387958042324e-04
1.905583194456994534e-04
8.986639841168653220e-06
3.698590080603025854e-05
6.160922794151701964e-07
4.087090474058641121e-06
2.053682010227930732e-06
2.013618541241157800e-06
3.595600446715252474e-06
6.953618139959871769e-05
2.004449441983524594e-07
1.087389173335395753e-04
2.865017449948936701e-04
5.401431117206811905e-04
4.188400382076906681e-08
1.774861157173290849e-04
3.476302026683697477e-06
5.692835202353307977e-06
8.856458407535683364e-06
3.033375719496689271e-07
3.003797064593527466e-05
3.783646604915702483e-07
8.098526791400217917e-07
6.790886004637286533e-07
2.600824336695950478e-05
1.040842907968908548e-04
5.208332440815865993e-04
2.258512904518283904e-05
2.451504997225129046e-06
8.674144919496029615e-05
1.257148869626689702e-05
2.791711608551850077e-07
1.352604886051267385e-05
2.296688762726262212e-05
4.292522862670011818e-05
8.820289622235577554e-06
2.212266281276242808e-07
3.680401132442057133e-04
8.508817700203508139e-06
5.498611699294997379e-06
2.490115321052144282e-06
6.301349640125408769e-05
8.252453085333399940e-07
2.110239074681885540e-05
5.716817213397007436e-06
5.976245120109524578e-06
3.418984761083265767e-06
4.361661012808326632e-06
6.639138518949039280e-07
1.990523301742541662e-08
1.150626212620409206e-05
3.318414201203268021e-06
4.821695256396196783e-05
6.759465031791478395e-05
2.397072603343985975e-05
2.704432117752730846e-04
2.175962144974619150e-04
3.486679634079337120e-04
4.034046469314489514e-06
6.225136985449353233e-06
4.730706223199376836e-06
7.107918520432576770e-08
1.044008167809806764e-04
1.815822997741634026e-06
1.062304249899170827e-06
2.893922328439657576e-06
2.536655520088970661e-04
5.267506276140920818e-05
6.346902523546305019e-07
2.173966549889883026e-06
2.778443740680813789e-03
8.133101232488115784e-07
3.980600382647025981e-08
1.055180291587021202e-05
2.703818026930093765e-04
1.160328793048392981e-05
7.616603281348943710e-03
1.759016299729410093e-06
4.769815404870314524e-06
9.372758540848735720e-06
4.457982868188992143e-05
1.969357583675446222e-07
1.895118912216275930e-04
8.942524942767704488e-08
2.154223147954326123e-05
1.890491319045395358e-07
8.743933402001857758e-03
3.548537019781861090e-09
5.341234282241202891e-05
4.840364272240549326e-05
4.520361017057439312e-06
9.991737897507846355e-05
2.915344703069422394e-05
1.046243309974670410e-02
2.523631701478734612e-05
2.407008651061914861e-06
2.381723243161104620e-05
2.173414213757496327e-05
1.428644281986635178e-06
2.434974536299705505e-03
2.819327164615970105e-06
1.648015131650026888e-05
6.819529831409454346e-02
1.005065541903604753e-06
9.101095770347455982e-07
5.935429271630709991e-06
5.083287396701052785e-05
2.602911263238638639e-05
1.480409110854452592e-07
2.281184861203655601e-04
7.390802784357219934e-05
3.275093149568419904e-06
2.067379682557657361e-05
4.386050022731069475e-06
7.623920828336849809e-05
1.704643409539130516e-06
7.774033292662352324e-06
9.761955006979405880e-04
1.377627449983265251e-05
1.092131469704327174e-06
1.768346891140026855e-07
1.253579393960535526e-04
2.243699964310508221e-05
8.161600999301299453e-05
2.059734106296673417e-05
1.011292217299342155e-03
3.063810072490014136e-05
1.076929720511543564e-06
1.469248626381158829e-02
6.320184638752834871e-06
4.087806155439466238e-05
2.013708581216633320e-06
1.497855555498972535e-05
2.708370629989076406e-05
2.437613773054181365e-07
3.119639586657285690e-06
4.346538335084915161e-04
7.083564923959784210e-06
9.724170922709163278e-06
6.902011477905034553e-07
1.282724133488954976e-05
2.788735400827135891e-06
1.191155824926681817e-04
7.870495210227090865e-06
1.096749997486767825e-06
1.073692183126695454e-04
3.399919660296291113e-05
6.917751761648105457e-06
4.013587832450866699e-01
6.437841875595040619e-06
1.500408075116865803e-06
1.446236910851439461e-05
2.049790282399044372e-06
2.624690067023038864e-03
6.259026577026816085e-06
8.503314165864139795e-05
1.429366529919207096e-04
2.215131389675661922e-04
2.618719190650153905e-05
9.275869160774163902e-06
2.279712134622968733e-06
7.828899128980992828e-07
4.026595343020744622e-05
2.369083858866360970e-06
2.008403725994867273e-06
1.058791076502529904e-05
3.773446906052413397e-06
1.921164539453457110e-06
3.664952964754775167e-05
7.369479590124683455e-06
2.912989202741300687e-06
8.597859996370971203e-04
1.151771698459924664e-06
1.300136907957494259e-03
1.026480313157662749e-04
1.834471618167299312e-06
5.407749540609074757e-06
1.404082195222144946e-05
9.634988600737415254e-06
4.386217369756195694e-06
1.654256993788294494e-05
1.530145482320222072e-06
1.796589494915679097e-04
4.918774589896202087e-03
2.572355733718723059e-04
6.865727186777803581e-07
7.435680890921503305e-05
5.401827365858480334e-06
1.126587740145623684e-04
1.950861042132601142e-05
7.223864668048918247e-05
1.524021645309403539e-04
5.081380550109315664e-06
2.121434954460710287e-04
4.012655153928790241e-06
1.569942687638103962e-04
2.028825256275013089e-04
1.041797222569584846e-04
2.277169869557837956e-06
1.580431785441760439e-06
2.312579272256698459e-05
2.155418915208429098e-04
2.028166454692836851e-05
4.664148605115769897e-07
1.640295721472284640e-07
4.908638220513239503e-05
7.418841868638992310e-02
1.680896093603223562e-05
1.370231620967388153e-04
1.976080675376579165e-04
1.470780688350714627e-07
2.518086830605170690e-06
8.381771476706489921e-05
1.854430820458219387e-06
1.208384310302790254e-05
1.549102421449788380e-06
2.623992713779443875e-06
1.156536600319668651e-04
3.615057721617631614e-06
2.427771278235013597e-06
9.341290478914743289e-07
3.183431260822544573e-07
6.490092346211895347e-06
2.603213715701713227e-07
5.615327154373517260e-07
9.588711691321805120e-05
5.869981123396428302e-07
1.181922243631561287e-06
1.108826487325131893e-03
1.216590098920278251e-04
9.024618520925287157e-06
2.944512925751041621e-05
1.652336650295183063e-04
4.830657053389586508e-05
2.447322549414820969e-05
2.325588138774037361e-05
6.494862464023754001e-05
5.131339654326438904e-03
2.003483707085251808e-03
1.863625840314853122e-07
2.966285683214664459e-05
1.063109957613050938e-04
1.218048128066584468e-04
1.804818566597532481e-06
1.500161943113198504e-06
5.747506747866282240e-06
2.563774178270250559e-04
2.497042487448197789e-06
7.477698090951889753e-06
2.178450449719093740e-05
7.924542842374648899e-06
5.376261356104805600e-07
6.626506774409790523e-07
8.482276462018489838e-04
2.095591753459302709e-06
1.928174315253272653e-04
4.822548362426459789e-06
1.155186282630893402e-06
7.378615904599428177e-03
2.104567465721629560e-05
4.071210696565685794e-06
1.373312443320173770e-06
2.323443140994640999e-06
2.641143908022058895e-07
8.428056389675475657e-06
3.607003309298306704e-04
2.986601430166047066e-05
8.039053500397130847e-05
3.035841837117914110e-05
1.725200490909628570e-05
7.362841643043793738e-06
1.722730075925937854e-06
1.220319973072037101e-04
1.271181304218771402e-06
6.759116786270169541e-07
7.518302300013601780e-05
7.560170342912897468e-05
3.209580654583987780e-07
3.961075842380523682e-02
2.604167457320727408e-05
6.433806265704333782e-05
5.818362751597305760e-06
4.250335223332513124e-06
6.266197306104004383e-04
2.070434902634588070e-06
1.307054772041738033e-03
3.309172097942791879e-05
6.051208474673330784e-04
5.307523679221048951e-05
2.920282440754817799e-06
4.159555464866571128e-05
2.332374606339726597e-06
4.820286412723362446e-04
6.731992471031844616e-04
6.381577695719897747e-04
1.556557322146545630e-06
1.185104702017270029e-05
7.375959398814302403e-07
2.145540975106996484e-06
3.296594286439358257e-07
6.490623860599953332e-08
1.252014862984651700e-05
9.479959771852008998e-06
4.977450316800968722e-06
9.019769890983297955e-07
4.055224781041033566e-05
3.576986637199297547e-05
2.587546441645827144e-05
3.077014525842969306e-06
2.073092473438009620e-04
2.412926960460026748e-06
1.631510144761705305e-06
7.575225026812404394e-05
2.827283424267079681e-06
7.373792527687328402e-07
1.492298997618490830e-05
1.946133852470666170e-04
3.463455641394830309e-06
1.788059989848989062e-06
2.229940873803570867e-04
1.654182028687500861e-06
8.793475103630044032e-07
1.236358548339921981e-05
1.516224347142269835e-05
7.121547241695225239e-05
1.007037826639134437e-05
6.062165484763681889e-04
3.334774646646110341e-06
2.086417771351989359e-05
1.307490456383675337e-04
2.280862972838804126e-04
2.010777592658996582e-01
1.113292673835530877e-04
7.997958164196461439e-05
5.527247049030847847e-05
1.806859245334635489e-06
6.129019311629235744e-05
7.021084002190036699e-06
2.147327904822304845e-06
3.286723513156175613e-04
9.121167386183515191e-05
5.771680662292055786e-06
2.159225114155560732e-04
8.216220885515213013e-05
9.419400594197213650e-04
2.649191301316022873e-04
1.301149022765457630e-04
4.563282800518209115e-07
2.929708216470316984e-06
4.715358272733283229e-07
2.887380560423480347e-06
9.762992704054340720e-06
1.305225654505193233e-03
1.091200192604446784e-05
2.068877392957801931e-06
1.400892233505146578e-05
1.061903049048851244e-06
3.789442416746169329e-05
4.209660346532473341e-06
1.534190087113529444e-04
3.062298219447256997e-06
4.318802166380919516e-05
4.645617678761482239e-03
5.730070370191242546e-06
7.399953119602287188e-06
2.092910472129005939e-05
1.674944942351430655e-04
1.892575710371602327e-06
2.663763552845921367e-05
1.487964036641642451e-04
9.996541621148935519e-07
2.069416268568602391e-06
7.752947567496448755e-06
9.828827387536875904e-06
4.819158129976131022e-05
8.911532495403662324e-05
2.395424089627340436e-04
7.918083611002657562e-06
1.061070543073583394e-05
2.109435990860220045e-05
9.346534170617815107e-06
4.291366622055647895e-06
1.332277406618231907e-05
4.567453970594215207e-07
3.292681185484980233e-06
2.402250402155914344e-06
3.981933332397602499e-06
2.720758129726164043e-05
1.321699674008414149e-04
1.495400465501006693e-05
5.346277248463593423e-06
4.339457955211400986e-04
2.080898702843114734e-04
2.133338966814335436e-05
1.561702811159193516e-05
4.664971493184566498e-05
3.873965852108085528e-06
1.084354437352885725e-07
4.139217489864677191e-04
3.497646048344904557e-07
7.829748028598260134e-06
1.106270501622930169e-04
1.547453939565457404e-05
1.015223551803501323e-05
2.956818752863910049e-05
3.114861028734594584e-04
1.404617933076224290e-07
6.974196367082186043e-06
1.608042111911345273e-05
1.798491393856238574e-05
1.161978707386879250e-05
1.054166568792425096e-05
1.327484060311689973e-04
9.916672483086585999e-03
6.804415306760347448e-07
7.008163152022461873e-07
6.151775596663355827e-05
4.325517147663049400e-05
1.171267558675026521e-05
1.933128078235313296e-05
9.194551239488646388e-06
6.691969610983505845e-05
5.082880961708724499e-04
2.605184590720455162e-06
6.376111286954255775e-06
6.966645596548914909e-04
1.282766220356279518e-06
1.132544857682660222e-04
2.552776777520193718e-06
2.092503418680280447e-04
1.144317444413900375e-03
3.349196504132123664e-06
3.956460568588227034e-05
3.123783972114324570e-04
1.022105516312876716e-05
1.944842551893088967e-05
4.383641680760774761e-06
9.433914965484291315e-05
4.934503863296413328e-07
2.811992817441932857e-05
1.411030154940817738e-07
2.663739770650863647e-02
2.056125085800886154e-03
2.382501406827941537e-06
7.939653414723579772e-07
4.831564365304075181e-05
5.888397026865277439e-06
5.027868610341101885e-06
2.123720187228173018e-04
1.700310967862606049e-03
1.002310891635715961e-03
5.053076620242791250e-06
7.236250894493423402e-06
3.076812135986983776e-04
8.523798896931111813e-05
6.823504463682183996e-06
6.322529316094005480e-06
3.976510470238281414e-06
1.180572799057699740e-04
1.783879451977554709e-05
3.767203088500536978e-05
1.434284371271132841e-07
4.152215115027502179e-05
9.817083537200232968e-07
2.133770249201916158e-05
3.650008238764712587e-06
1.706190960248932242e-05
4.902476007373479661e-07
1.740412471917807125e-06
2.940980084531474859e-05
1.294960014774915180e-07
6.840242150474296068e-08
1.244921037368840189e-07
2.074885378533508629e-05
9.069050577181769768e-08
1.682343281572684646e-06
8.792578114480420481e-07
7.434170470332901459e-07
2.670253991254867287e-07
4.616302646809344878e-07
4.011004364201653516e-07
1.247677391802426428e-05
5.625883758852978644e-08
1.216140008182264864e-04
2.245429459435399622e-05
2.861066377590759657e-06
3.881724751408910379e-06
2.496406523277983069e-06
4.426875420904252678e-06
2.119905730069149286e-06
9.196853056891995948e-07
3.671293370643979870e-06
1.672294501986471005e-06
7.433177984239591751e-07
4.997028781872359104e-07
6.961578619666397572e-04
9.984256394091062248e-06
4.513356998359085992e-06
4.186125863725465024e-07
2.040703890315853641e-07
5.172765895622433163e-07
1.800530071704997681e-07
2.374890328837864217e-08
2.633786971273366362e-05
4.893531126981542911e-07
1.193881980725564063e-04
1.185524070024257526e-05
7.183912210166454315e-03
2.810500736813992262e-04
2.207631914643570781e-04
8.946944726631045341e-04
8.837377390591427684e-05
1.069195801392197609e-03
6.728615517204161733e-06
4.567898577079176903e-05
2.565450558904558420e-04
4.253805091138929129e-04
5.714787403121590614e-05
8.250955033872742206e-06
8.671398973092436790e-05
2.526619064155966043e-04
8.802235242910683155e-05
4.113200993742793798e-04
1.143675376624742057e-06
2.236438740510493517e-05
1.799010306058335118e-06
1.367773220408707857e-04
2.634536713230772875e-06
1.161058298748685047e-05
3.096456566709093750e-05
5.892208037039381452e-07
9.944481007551075891e-07
5.883187895960872993e-06
4.258423723513260484e-05
4.861813977186102420e-06
7.310379714908776805e-06
1.631892169825732708e-03
