7.099317826941842213e-06
5.567110565607436001e-05
4.941645602229982615e-05
7.467350224032998085e-05
2.854549711628351361e-05
2.261232339151320048e-06
1.349124340777052566e-05
4.138093572692014277e-06
2.407376996416132897e-06
1.075074305845191702e-05
1.956573441930231638e-06
5.887525844627816696e-07
1.457205144106410444e-05
2.390960617049131542e-06
2.342299239899148233e-06
2.474980419719940983e-06
5.162905836186837405e-07
9.738447204199474072e-08
3.931796072720317170e-06
5.570567509494139813e-07
3.244295214699377539e-07
8.449877896055113524e-06
3.211906005162745714e-05
9.289487934438511729e-06
3.420882421778514981e-05
7.713468335168727208e-07
3.602583092288114130e-06
6.545220912812510505e-06
1.386619373988651205e-06
1.453975528420414776e-06
2.308945852291799383e-07
2.609310513435048051e-06
1.107510598785665934e-07
2.881585714931134135e-06
2.892776865337509662e-05
8.588823220634367317e-06
7.545989433310751338e-07
5.994741513859480619e-06
8.346812023773964029e-07
3.242756520194234326e-06
2.784314574455493130e-06
1.521707844176489743e-07
2.157553581128013320e-06
6.404472401300154161e-07
2.222223656644928269e-06
4.324683231970993802e-06
1.103738554775191005e-06
5.439735559775726870e-07
1.097102358471602201e-05
3.082415389599191258e-07
2.234063686046283692e-06
5.801086331302940380e-07
7.221955002023605630e-06
7.533571988460607827e-07
9.716594604469719343e-07
2.646433358677313663e-06
2.190044369854149409e-06
1.915077163516798464e-08
3.947604636778123677e-05
3.907735504071752075e-07
2.984404090966563672e-05
1.049027014232706279e-05
3.036194584637996741e-06
8.574612593292840756e-07
2.515845608286326751e-06
3.996037321485346183e-06
2.695795274121337570e-06
3.002398898388491943e-06
1.332938154519069940e-06
6.117391876614419743e-06
1.318347221967997029e-05
3.321329859318211675e-05
1.749503462633583695e-05
5.869927699677646160e-04
2.728040853980928659e-04
8.058491221163421869e-05
4.365542918094433844e-05
1.224670413648709655e-04
1.749871444189921021e-04
4.113123577553778887e-05
4.338259532232768834e-05
7.481463057956716511e-07
4.390678043364459882e-07
1.386223357258131728e-05
3.472372191026806831e-05
1.596890086830171640e-08
1.227607754117343575e-06
2.329924609512090683e-05
2.486609992047306150e-05
1.994694503082428128e-05
1.090685941562696826e-06
8.470036050312046427e-07
2.899207856899010949e-06
1.508133891547913663e-06
6.580131866940064356e-06
6.667227125944918953e-08
1.488924863224383444e-05
1.015708562590589281e-06
2.582749232260539429e-07
4.646194611268583685e-06
6.466946729233313818e-07
1.713389792712405324e-06
3.371854120359785156e-07
5.405856882134685293e-07
6.022358434165653307e-07
1.961359608060320170e-08
1.384888037136988714e-06
1.946515869349241257e-03
2.473846689099445939e-05
2.669024397619068623e-04
3.067912928145233309e-07
1.424226502422243357e-04
1.031179999699816108e-05
4.282784720999188721e-05
2.685405434021959081e-06
9.926438906404655427e-06
3.605637175496667624e-07
7.400580216199159622e-05
4.020014785055536777e-06
1.895542368401947897e-06
8.548964842702844180e-07
2.149616557289846241e-05
8.124730470626673196e-07
4.326702480739186285e-07
2.032358224823838100e-06
7.309999091376084834e-06
5.556676842388696969e-05
2.480538114468799904e-06
5.190898946239030920e-07
8.540452967054079636e-08
1.745230838423594832e-05
4.551106940198224038e-07
2.435895112284924835e-05
5.051550942880567163e-06
4.047948550578439608e-06
2.735606130954693072e-06
7.879066998839334701e-08
3.805225787800736725e-07
3.190779170836322010e-05
7.484010779990057927e-07
7.145823701648623683e-07
4.505718607106246054e-07
1.297983516224121558e-07
7.762455567217330099e-08
2.021848194999620318e-05
1.978411773961852305e-06
1.755666744429618120e-06
1.383310063829412684e-05
3.912397005478851497e-05
1.489622172812232748e-05
1.134253579948563129e-05
8.466365216008853167e-06
6.158728069749486167e-07
7.574165579171676654e-07
1.311667119807680137e-06
2.714359936817345442e-07
2.065329908873536624e-06
4.399136628308042418e-07
2.179649072786560282e-06
3.536358235578518361e-06
3.158058234475902282e-06
8.028061711229383945e-05
1.625053118914365768e-05
1.407958006893750280e-05
2.481592309777624905e-05
3.398126409592805430e-06
3.966946314903907478e-05
1.191257979371584952e-05
5.477197646541753784e-06
2.317952021257951856e-05
1.230157249665353447e-05
9.766357834450900555e-06
3.717200343089643866e-06
2.471069092280231416e-05
1.214737721966230310e-06
1.524279468867462128e-06
1.844191729105659761e-06
5.468817221299104858e-07
6.599623593501746655e-04
4.023393557872623205e-06
2.142762923540431075e-06
3.813983539657783695e-06
1.473541669838596135e-05
2.295208332725451328e-06
4.771175099449465051e-07
1.853656067396514118e-05
3.316083407867154165e-08
2.085988626276957802e-07
3.780780275519646239e-07
6.151980414870195091e-06
1.430285556125454605e-05
9.170843782158044633e-07
2.429673713777447119e-06
3.355097248913807562e-07
3.708784959144395543e-07
1.321346644544973969e-05
3.906163215106062125e-07
1.187983289128169417e-04
7.185150252553285100e-07
2.812535421981010586e-05
1.536524678158457391e-06
3.060624749195994809e-07
3.714422064149403013e-06
5.020355456508696079e-05
1.178148181679716799e-06
1.386967869621003047e-05
1.024052835418842733e-04
1.023231743602082133e-04
2.345863758819177747e-04
1.518455683253705502e-04
7.061309588607400656e-06
2.984139609907288104e-05
6.091308387112803757e-05
9.102248441195115447e-06
4.356644694780698046e-06
5.789549504697788507e-06
1.899200433399528265e-04
4.946388435200788081e-05
2.003373310799361207e-06
8.676712604938074946e-05
1.249164142791414633e-06
3.706385996338212863e-06
1.456510472053196281e-05
1.596205152054608334e-06
3.273717084084637463e-06
5.134336333867395297e-06
6.245362783374730498e-06
1.834398631217482034e-06
2.894403451136895455e-06
1.110815173888113350e-05
9.109733412060450064e-08
4.086273293069098145e-06
1.149995750893140212e-05
1.096590858651325107e-05
1.873925975814927369e-05
2.992369991261512041e-05
2.836337216649553739e-06
1.086353108803450596e-06
2.069481161015573889e-05
1.203161809826269746e-05
1.155322315753437579e-04
1.303417957387864590e-05
3.383642761036753654e-04
2.542087167967110872e-05
1.846209300992995850e-07
5.374587271944619715e-05
4.394075006075581769e-07
2.188850485254079103e-04
1.898047776194289327e-04
7.662687858100980520e-05
7.580463716294616461e-06
6.854978273622691631e-04
8.814334364615206141e-07
2.675835639820434153e-05
2.628708898555487394e-05
1.108748765545897186e-04
1.437548144167521968e-05
1.438338131265481934e-05
1.462819927837699652e-04
1.489043910396503634e-07
1.905072963381826412e-06
6.181624030432431027e-07
1.557776130312049645e-07
2.240784851892385632e-06
8.893375343177467585e-05
1.729558243823703378e-05
4.504272965277777985e-06
1.339223035756731406e-05
6.934207164022154757e-08
2.155585434593376704e-06
1.858732048276579008e-06
2.933292989837354980e-06
3.610891872085630894e-05
4.084981628693640232e-05
2.279767386426101439e-06
3.171133187152008759e-07
9.197601116284204181e-07
4.214765283450105926e-07
1.102903510741271020e-07
8.932547643780708313e-06
1.778986302269913722e-06
1.978667751245666295e-05
1.034861052175983787e-04
3.033478060388006270e-05
2.014610345213441178e-06
4.477355560084106401e-06
7.532231848017545417e-06
7.470804348486126401e-07
2.123214471794199198e-06
1.125232984122703783e-06
8.233440894400700927e-05
6.132623298071848694e-07
9.232526645064353943e-05
6.513855623779818416e-06
8.913375495467334986e-06
6.882617640258104075e-07
4.568192161968909204e-05
2.569767457316629589e-05
2.015885200989941950e-07
1.505774207544163801e-06
9.994762422138592228e-07
3.139205364277586341e-05
5.759473538091697264e-07
4.780033009410544764e-07
1.178328034256992396e-06
5.103459443489555269e-06
1.578681917635549325e-06
2.968428998428862542e-05
4.607585724443197250e-04
5.116307511343620718e-05
4.193460568785667419e-03
1.983366382773965597e-05
1.756015808496158570e-05
1.624657306820154190e-04
1.181005500257015228e-04
1.602557313162833452e-05
4.818826255359454080e-06
1.343055600955267437e-06
2.571507866377942264e-05
1.196167886519106105e-05
7.592454949190141633e-07
1.250749619430280291e-06
2.425448428766685538e-06
3.141629804304102436e-06
2.919407506851712242e-07
1.691250986368686426e-06
1.000489362468215404e-07
2.868319643312133849e-05
1.023986988002434373e-05
7.546140068370732479e-07
8.218058064812794328e-05
2.083955678244819865e-06
8.547664947400335222e-06
1.027791768137831241e-05
1.912880520649196114e-07
1.068016928229553741e-07
4.202395587071805494e-07
8.386851959585328586e-07
1.577378725414746441e-06
7.329446816584095359e-06
1.332760148216038942e-04
2.355091282879584469e-06
4.236268296153866686e-07
2.644296500875498168e-06
1.279438606616167817e-06
5.261979822535067797e-05
2.479496288287919015e-05
6.975632277317345142e-05
1.198811696667689830e-05
1.787929363672446925e-06
8.860380148689728230e-06
5.365706965676508844e-05
1.769770733517361805e-06
1.206311026180628687e-05
1.838988828239962459e-05
2.641629635036224499e-06
5.421280548034701496e-06
1.163852266472531483e-05
4.845684088650159538e-06
2.360959479119628668e-05
1.990178589039715007e-06
9.924612641043495387e-06
1.504940087215800304e-06
6.334061595225648489e-07
7.774666300974786282e-06
1.467393667553551495e-05
8.497872840962372720e-06
9.220884180649591144e-07
1.327061090705683455e-05
4.816834007215220481e-07
1.848946567406528629e-06
3.511124305077828467e-06
7.036225042611476965e-07
3.525552074279403314e-06
1.009450534183997661e-05
1.603308533049130347e-06
7.375226687145186588e-06
3.248747475481650326e-07
1.124576556321699172e-06
2.032518978012376465e-06
1.854916035881615244e-06
2.176580346713308245e-05
6.727655545546440408e-06
7.647564416402019560e-06
6.893213253533758689e-07
1.587461156304925680e-04
5.236101515038171783e-06
1.865604758677363861e-06
3.646975528681650758e-06
5.086077726446092129e-05
4.731077751785051078e-06
2.752250475168693811e-05
6.877559644635766745e-05
7.467228897439781576e-07
1.279297794098965824e-05
1.371979160467162728e-04
4.292418088880367577e-05
1.734179568302351981e-05
1.383921771775931120e-04
1.015574016491882503e-04
7.511357580369804054e-06
9.689893886388745159e-06
3.490161816444015130e-06
1.947008786373771727e-05
3.800863123615272343e-05
2.050520124612376094e-04
6.795945409976411611e-06
2.874646497730282135e-06
5.952854280621977523e-07
1.236825482919812202e-03
2.998473064508289099e-04
4.116571508347988129e-04
1.201497980218846351e-05
5.178787432669196278e-06
3.610569983720779419e-04
3.523149189277319238e-06
3.951770850108005106e-05
4.058302380144596100e-03
5.918457191000925377e-06
1.867747516371309757e-03
5.186495764064602554e-05
2.053810931101907045e-05
2.744207904470385984e-06
2.894857686897012172e-07
6.119521913205971941e-06
5.679747555404901505e-04
5.266525931801879779e-06
2.556335857661906630e-05
6.644328823313117027e-05
5.253625931800343096e-05
2.515197847969830036e-04
1.590586435895602335e-07
3.187103857271722518e-06
1.317611167905852199e-04
5.775983445346355438e-04
2.697938907658681273e-05
2.772228799585718662e-05
7.008051761658862233e-05
2.355758169869659469e-06
3.832233517186978133e-07
4.837174401473021135e-06
2.358660567551851273e-04
3.208524503861553967e-06
1.403319038217887282e-04
3.349582766531966627e-05
1.251607045560376719e-05
5.675458814948797226e-04
2.161577867809683084e-04
4.805096068594139069e-06
6.485800440714228898e-06
1.787938890629447997e-05
6.613087180085130967e-07
9.289354238717351109e-06
5.810194920741196256e-07
4.288796162654762156e-07
3.027019374712835997e-05
1.238213258147879969e-06
1.662977956584654748e-05
5.111754944664426148e-06
1.469467770220944658e-05
8.674061064084526151e-06
1.891165538836503401e-06
2.358353522140532732e-04
1.982022804440930486e-04
7.633635686943307519e-05
2.992394001921638846e-06
3.674968951372648007e-08
4.884890586254186928e-06
2.043627864622976631e-05
9.511263669992331415e-07
2.721278178796637803e-05
1.051290041687025223e-06
7.779532097629271448e-06
3.790378059420618229e-06
3.083788906224071980e-04
1.561494718771427870e-05
3.881873908540001139e-06
1.905860017359373160e-06
3.430461219977587461e-05
4.189114974906260613e-07
3.848069172818213701e-05
1.138732022809563205e-05
3.583692205211264081e-06
1.413681457052007318e-05
2.521909721053816611e-07
1.312275344389490783e-06
2.829761115208384581e-06
2.599322760943323374e-05
5.101515853311866522e-05
1.335367094725370407e-03
7.797682337695732713e-05
1.893334797387069557e-06
4.988524324289755896e-06
5.895391950616613030e-05
1.906236207105393987e-06
1.169255142485781107e-06
1.180357594421366230e-05
8.477721712552011013e-04
1.080359197658253834e-05
1.581754872859164607e-06
2.635519012983422726e-05
4.065196844749152660e-04
5.987416898278752342e-06
2.703920181374996901e-04
2.403510552539955825e-05
7.784214176353998482e-06
1.658194491938047577e-06
1.132005945692071691e-05
6.885115908517036587e-06
5.226589792073355056e-07
1.348992554994765669e-06
2.693073838599957526e-06
1.027131702358019538e-06
1.363401224807603285e-05
7.484328307327814400e-06
6.021913723088800907e-04
1.159114162874175236e-06
3.421570727368816733e-05
1.165740104625001550e-04
7.770422962494194508e-05
6.466919330705422908e-06
5.150350830263050739e-07
6.943151674931868911e-05
6.227306585060432553e-06
7.098512014636071399e-06
2.496984961908310652e-05
1.801691809077965445e-07
1.707739727407897590e-07
4.074472883530688705e-07
1.193664843412989285e-06
2.368878107517957687e-03
1.804567182261962444e-05
2.421946874164859764e-06
4.839101165998727083e-05
6.363083684846060351e-06
1.286659134791534598e-08
6.844208837719634175e-05
5.918048555031418800e-04
1.490563590778037906e-04
1.762733299983665347e-04
6.377673707902431488e-05
1.536320087325293571e-05
9.131667320616543293e-05
1.043059455696493387e-05
6.090353110721480334e-08
2.040612343989778310e-06
1.371091639157384634e-05
6.140597179182805121e-06
8.387446825963706942e-08
8.935607038438320160e-04
6.821209552754226024e-08
5.734371734433807433e-05
1.871548738563433290e-05
2.361475162615533918e-05
2.863916051865089685e-05
2.099614357575774193e-05
2.932118996977806091e-02
1.075170712283579633e-05
2.976946689159376547e-06
7.710709905950352550e-05
3.236439952161163092e-04
2.766932811937294900e-05
6.334249628707766533e-04
3.702485628309659660e-06
2.941495495178969577e-06
5.193519245949573815e-05
1.374357765371314599e-07
6.218229486876225565e-07
6.823914009146392345e-05
4.033713139506289735e-06
1.845592516474425793e-03
7.382457170024281368e-07
7.511106105084763840e-06
8.270293392342864536e-07
9.633658919483423233e-06
3.071752644245862029e-06
2.313103550477535464e-06
3.204941822332330048e-05
8.008944132598116994e-05
6.733676400472177193e-06
6.408221670426428318e-04
7.951689622132107615e-05
6.197803372742782813e-07
4.643625743483426049e-06
6.733085683663375676e-06
2.176882408093661070e-04
1.478859644521435257e-06
1.775609916876419447e-06
4.842053633183240891e-03
2.880668034777045250e-06
2.603289033231703797e-07
5.244438070803880692e-04
2.158002985197526868e-07
4.949175036017550156e-06
1.377773287458694540e-06
2.385293009865563363e-05
4.605693902703933418e-05
2.309428418811876327e-05
7.563818144262768328e-06
5.529408529400825500e-02
6.759115876775467768e-06
3.098105953540652990e-04
1.446767782908864319e-06
3.488834181553102098e-06
1.193943899124860764e-04
7.741062290733680129e-06
2.740861782513093203e-05
2.047264861175790429e-04
1.146169146522879601e-03
7.624229283464956097e-07
1.782160252332687378e-04
3.777549718506634235e-04
8.598002750659361482e-06
2.807304326779558323e-07
1.678237807936966419e-03
5.430307510323473252e-07
2.431952598271891475e-04
2.623543550726026297e-04
1.339121372438967228e-04
3.648161888122558594e-03
1.037623616866767406e-03
9.309566848969552666e-06
3.653257226687856019e-05
1.195626850858388934e-06
1.167574268379212299e-07
1.512164362793555483e-05
3.543756611179560423e-05
1.000311939947096107e-07
1.151501419371925294e-05
1.223657545779133216e-05
3.841388434011605568e-07
2.933454084086406510e-07
2.063844294752925634e-05
4.159691161476075649e-05
1.253165100933983922e-04
4.415606326801935211e-06
2.555698738433420658e-04
2.971240028273314238e-04
1.915269194796564989e-06
8.940614497987553477e-05
9.898968528432305902e-06
9.559469617670401931e-05
2.734385361691238359e-06
3.762224514503031969e-05
3.770032708416692913e-05
4.928485941491089761e-05
8.273524581454694271e-04
1.388064106322417501e-06
3.459771278357948177e-07
6.689942529192194343e-05
3.990912955487146974e-05
6.999903416726738214e-05
1.917564759423839860e-06
1.238697041117120534e-05
4.398240434966282919e-06
6.967238732613623142e-04
1.939650246640667319e-06
3.400736204639542848e-06
1.633779320400208235e-04
5.953561412752605975e-06
1.563926343806087971e-04
1.245890075551869813e-06
1.187545990433136467e-06
2.165521800634451210e-05
4.170964894001372159e-05
4.017552055302076042e-05
3.533470476213551592e-07
1.456518748454982415e-05
1.756491474225185812e-05
9.364561177790164948e-03
2.747616417764220387e-05
9.879719073069281876e-06
5.019397940486669540e-05
3.624282726377714425e-06
1.182635878649307415e-05
2.749062844031868735e-07
9.480577318754512817e-06
1.323156084254151210e-05
1.854939000622835010e-06
5.936373781878501177e-05
8.844263902574311942e-06
3.016104164998978376e-05
7.334345718845725060e-05
3.076365828746929765e-05
6.295560979197034612e-07
3.948809421672194730e-07
1.331482621935720090e-07
4.514411102718440816e-07
5.541546852327883244e-05
5.220739403739571571e-04
6.767149329789390322e-07
7.488358824048191309e-05
2.314734883839264512e-04
3.551003101165406406e-05
2.727375795075204223e-05
1.029709310387261212e-04
5.081152543425559998e-03
6.530108294100500643e-06
9.462088200962170959e-06
1.148444971477147192e-05
3.696918429341167212e-04
1.037634629756212234e-02
1.189416707347845659e-05
5.199145562073681504e-06
1.096762480301549658e-05
2.086465201500686817e-06
2.054412391316873254e-07
5.628225608234060928e-06
1.343060102954041213e-05
9.860403224593028426e-06
2.141910727004869841e-06
2.826842546710395254e-06
5.461580713017610833e-06
3.162785651511512697e-05
1.868019899120554328e-05
9.668616257840767503e-06
5.467128939926624298e-04
6.175145017550676130e-08
4.642317435354925692e-05
2.112926011932358961e-07
1.355522414314691559e-07
7.509628630941733718e-05
6.267662683967500925e-05
9.350179652756196447e-07
4.620806430466473103e-05
7.278823659362387843e-07
8.618214053512929240e-08
5.803092335554538295e-06
7.458578329533338547e-04
3.968163127865409479e-06
2.319586383237037808e-05
2.753541048150509596e-04
1.003103875518718269e-06
1.910728315124288201e-04
6.526020683850219939e-07
1.247389358468353748e-03
9.298173608840443194e-06
2.645551649038679898e-05
1.028525184665340930e-05
1.087565397028811276e-05
5.401254838943714276e-07
9.093428961932659149e-03
3.503519837977364659e-05
1.080025413102703169e-05
7.303553047677269205e-06
1.684265384938044008e-06
2.888544113375246525e-04
1.023892691591754556e-04
6.778190709155751392e-06
4.469648774829693139e-05
3.115512896329164505e-03
1.357511450805759523e-06
5.203848559176549315e-06
5.534031402021355461e-07
1.055706547958834562e-06
1.602256270416546613e-05
2.235135525552323088e-06
2.060571659967536107e-07
1.023118602461181581e-04
1.987455179914832115e-04
8.962397259892895818e-06
2.697833224374335259e-05
4.606878064805641770e-06
2.299367770319804549e-05
1.897956462926231325e-05
1.202252315124496818e-05
2.034076032941811718e-06
8.633819561509881169e-06
5.044916761107742786e-04
3.145062009934918024e-06
2.158636107196798548e-06
3.056376499444013461e-06
5.518877296708524227e-04
3.606969812608440407e-06
5.224222832111991011e-07
2.810043515637516975e-04
1.785617860150523484e-05
6.792280942136130761e-07
3.081391241721576080e-06
4.340787927503697574e-05
6.209585990291088820e-06
2.068876256089424714e-06
1.327638892689719796e-04
2.197437061113305390e-05
5.865181833542010281e-07
1.376104955852497369e-05
2.672366008482640609e-06
7.378775626420974731e-05
1.459219561183999758e-06
9.603041689842939377e-04
1.935212139869690873e-06
2.772594743873924017e-04
7.553967880085110664e-04
3.452401724644005299e-04
4.914312660694122314e-01
7.139553781598806381e-04
4.891005228273570538e-04
3.403830123716033995e-05
2.796815863348456332e-07
3.187731635989621282e-05
5.728703627028153278e-07
3.951768576371250674e-06
1.000718038994818926e-04
1.303498138440772891e-04
5.551541093495870882e-08
2.817928092554211617e-03
4.787211764778476208e-06
8.123821316985413432e-06
1.749436705722473562e-05
3.676686674225493334e-06
7.806848429936508182e-07
3.743188790394924581e-05
9.438745109946466982e-06
5.338936716725584120e-06
2.632824589454685338e-06
6.353733595460653305e-03
3.645507831606664695e-06
1.642495021769718733e-06
2.235984429717063904e-03
1.286158203583909199e-05
1.058289672073442489e-05
3.148037285427562892e-05
4.428390820976346731e-05
2.523359398765023798e-06
7.184544228948652744e-04
2.572860694272094406e-06
1.190124748973175883e-05
8.686407682034769095e-07
8.773667650530114770e-05
5.040475298301316798e-05
1.650632157179643400e-06
3.457271020579355536e-07
1.284874451812356710e-05
2.207003490184433758e-05
1.813424205465707928e-05
1.475814883633574937e-06
6.017587293172255158e-05
9.480338485445827246e-05
3.621964424382895231e-06
2.548467600718140602e-03
4.783132226293673739e-06
3.263405815232545137e-04
2.188995313190389425e-05
5.194784534978680313e-06
2.186465717386454344e-04
1.759618317009881139e-05
1.680407694948371500e-05
5.131480520503828302e-07
3.707496034621726722e-06
3.635526354628382251e-06
2.413522815913893282e-05
3.924422344425693154e-05
9.606609091861173511e-05
4.511194219958269969e-06
2.577764447778463364e-03
5.675899956258945167e-05
1.529528844912420027e-06
4.809476740774698555e-05
9.688743739388883114e-05
6.707006104988977313e-05
1.741239117336590425e-07
6.422270962502807379e-05
2.246387521154247224e-05
1.527732092654332519e-05
9.430967224943742622e-07
3.615481546148657799e-05
1.433976576663553715e-04
6.095071057643508539e-06
2.184054437748272903e-06
1.506166154285892844e-04
1.986202696571126580e-04
4.758844170282827690e-06
2.468762977514415979e-05
1.409800006513250992e-05
2.012049833410856081e-07
2.243035305582452565e-05
2.810184196277987212e-05
3.780504812311846763e-06
4.664679522647929844e-07
4.351230454631149769e-04
3.149499752908013761e-05
3.178742247200716520e-07
2.518201654311269522e-04
2.328600567125249654e-05
5.744051122746895999e-06
5.156654864549636841e-03
8.572239948989590630e-07
9.211778524331748486e-05
1.021946372929960489e-04
4.759127841680310667e-05
1.340227299806429073e-05
2.528191544115543365e-06
2.204455086030066013e-04
2.592356577224563807e-05
1.579228701302781701e-04
2.626651439641136676e-05
6.436184048652648926e-05
3.366960663697682321e-05
1.649728219490498304e-04
2.538773969718022272e-06
6.201682845130562782e-05
3.769144711895933142e-07
5.963639341644011438e-05
1.096869073080597445e-05
2.211963832378387451e-01
4.102071281522512436e-03
2.265330294903833419e-05
2.036830665019806474e-06
3.176938043907284737e-04
3.437716941334656440e-06
4.637891834136098623e-05
1.186673762276768684e-03
1.206121214636368677e-05
2.501485170796513557e-03
3.287106892457813956e-06
7.077158898027846590e-06
9.845234308158978820e-05
9.792579658096656203e-05
9.127300472755450755e-06
2.135821341653354466e-05
1.157344740931876004e-04
1.036656321957707405e-03
2.756584581220522523e-05
1.130160740103747230e-06
3.632390033203591884e-08
5.546186457650037482e-06
1.756915253281476907e-07
4.795310815097764134e-07
3.950858342705032555e-07
8.324477676069363952e-06
4.650110838610999053e-07
9.116356380900469958e-08
2.066066599581972696e-06
2.570345429830922512e-07
9.785348709101526765e-08
1.077583419828442857e-06
7.011320235505991150e-07
4.250334484368067933e-07
1.219574642163934186e-06
2.747265170910395682e-07
1.062481828739691991e-06
2.444900701448204927e-06
9.265333574148826301e-06
9.204976691989941173e-08
1.116915200327639468e-06
5.589453735410643276e-07
4.505823653744300827e-06
1.314713517786003649e-05
3.798488990014448063e-07
6.652624961134279147e-06
2.031375479418784380e-04
6.716760253766551614e-05
7.280819318111753091e-06
2.956059461212134920e-06
2.539928245823830366e-04
9.775885700946673751e-07
1.820025374854594702e-07
2.834404995155637152e-07
1.012885113595984876e-04
8.241304385592229664e-07
2.271586652113910532e-07
1.061971261151484214e-06
1.793505077785084723e-08
2.343450944408687064e-07
2.060502879430714529e-07
8.040101562301060767e-08
1.518900244263932109e-04
1.006818592941272072e-06
8.535165397915989161e-05
1.830218820941809099e-06
2.167286293115466833e-04
5.600047879852354527e-04
5.594045796897262335e-05
8.509644540026783943e-04
9.164330549538135529e-05
1.348219520878046751e-04
2.763379598036408424e-06
1.254441485798452049e-05
1.248166372533887625e-04
1.570717358845286071e-05
2.953208168037235737e-04
7.625730177096556872e-06
1.571245666127651930e-04
7.944318465888500214e-03
4.245002195239067078e-02
1.252742076758295298e-04
3.092412953265011311e-06
4.583911504596471786e-05
1.474786472499545198e-06
9.961608884623274207e-05
3.071849278057925403e-06
1.026583486236631870e-03
5.933773081778781489e-06
8.374711342185037211e-07
3.319238203403074294e-06
8.615280421508941799e-06
6.913941433595027775e-06
4.310087206249590963e-06
9.217816113959997892e-05
1.628312515094876289e-03
