6.455411205585903645e-11
1.540618083410369432e-14
8.012857036247204422e-16
2.903534644597910517e-18
2.250401157671724599e-15
1.610143902973718011e-14
1.272226810814810040e-16
8.091122390141425313e-12
1.598055021645450324e-11
8.960970660262096692e-17
7.684968217347432073e-10
3.436099061532305043e-13
4.683829712970322134e-11
4.795133813129993927e-14
5.029414296022058275e-16
2.000418441530931075e-15
1.471061770660919699e-13
7.698835059050113117e-13
1.488585648351573366e-18
1.200248904984543147e-14
9.091298855295787580e-16
3.686439852381220850e-16
4.855872106322711712e-13
4.838387042361766421e-14
5.367113546130009016e-13
1.230433940499486845e-13
2.015438876784591583e-15
1.171999572688136020e-15
4.481651161292177221e-11
1.181866642947089114e-17
1.563468152415269791e-14
7.380626665387524099e-11
1.040415258286853106e-12
1.722057114690155738e-14
4.125647306424395921e-13
2.061629912738973530e-14
4.213114880467696156e-16
4.560003565609420384e-15
2.309102464792545106e-09
1.004406112318015354e-13
4.474661526726597671e-12
1.776894468152531714e-13
3.310083123938580008e-14
2.334163071160411107e-11
9.120446741318465750e-15
7.649868287657249355e-14
4.570182773888653571e-11
1.669218826745935691e-13
4.803785068840070449e-14
2.938997862691528941e-15
8.653082590737160018e-12
1.633608581741441412e-09
1.162266449440134864e-16
7.023763958244149102e-16
2.870840636612706498e-14
2.828981848605241196e-17
9.679408653651025256e-16
8.251495122488065881e-15
5.079503390834594313e-17
3.078904145525918068e-11
5.079351123427435551e-16
2.325051673473238484e-17
9.968135292073940917e-15
1.470291648305276089e-15
1.356952710732019923e-15
1.352836554124837651e-14
8.694391921706631256e-16
6.985847057755902381e-16
8.332213391470943975e-12
6.190823542825615866e-14
3.048884960679350296e-18
4.844006272486378606e-12
2.257191099508368178e-17
2.419195765818193435e-15
9.250524287598458422e-20
4.137538564272278221e-17
4.185673924652413011e-16
3.069247872613721316e-18
4.042341920993796495e-16
6.346310738210292346e-13
5.361864381311920447e-13
3.500800300012705743e-15
1.212269054247822357e-16
1.043416113059858485e-12
1.389141948172911700e-12
3.952158153693041687e-13
9.554300405033907401e-15
6.871986313328193319e-11
1.185662082837241060e-13
1.464696593178604900e-11
9.074314077928136157e-10
6.199957946128806241e-14
5.247208917369405867e-12
3.552160778044180685e-15
3.530043011373829032e-14
9.759430270222038684e-14
9.677410317639995149e-17
2.093415882875875218e-15
2.968876186559832320e-11
2.645588826136191507e-15
1.243877098761406175e-13
4.129633267291321630e-12
5.618320478989469180e-12
9.418715807285593655e-13
7.045922803365464628e-18
2.361701730309747992e-17
3.074689999742826092e-15
1.736467999888681430e-17
1.705040622579367948e-12
2.473844913641887189e-12
1.793579119859639581e-13
1.251023416803942467e-11
7.390942302620828741e-10
9.116042989920636330e-12
7.963955558389079759e-14
1.040863792725610359e-12
3.981566121182174289e-14
3.671919657222133537e-09
4.682196877393504653e-14
7.076445437096426328e-17
8.264320217749032693e-14
1.866216606010768662e-16
1.064670016238293895e-15
2.406322970743834944e-12
8.269073914879789596e-16
9.735056727758206740e-14
4.098959297254168438e-15
3.092204311751440074e-15
4.622571481149861938e-08
1.760816102300277741e-12
5.112923803687451779e-16
1.968562670585219713e-16
1.036149397817726938e-16
6.378033684860753578e-16
5.332015757637473003e-16
7.326961953824095986e-11
4.116105514154894118e-13
8.147922263038414985e-17
2.365103183015349747e-15
7.505542298780198962e-10
2.941242804865851213e-10
4.596867053674458248e-10
5.090024512988122751e-10
1.374361846551153121e-09
4.224805455563945822e-13
1.733154940365081581e-14
9.758140577856549286e-15
3.109447920500441054e-13
3.107467896282939401e-13
5.165052328843849558e-15
8.780184045098504697e-12
8.129175284310452554e-12
2.762166817699748117e-14
8.394122873672141488e-19
5.481625917069798959e-11
5.838067055470633193e-18
3.575326070360401731e-15
1.068221140883285347e-12
3.022129035912257677e-08
1.006940086867302853e-09
7.823756087432798267e-10
5.141676337081999004e-16
7.829812475191721272e-15
2.315538838348527549e-15
7.229031148648853988e-14
6.579714995069707584e-09
2.806368852581453410e-12
4.765258854178000547e-09
2.223000082623993734e-11
1.263636010757854814e-17
4.292887914044514128e-15
2.261915099666111928e-09
3.287340018254258922e-13
1.867592960434674015e-14
8.329032574749817286e-09
1.934964605806565457e-14
2.526866358908423822e-15
1.704769680456463821e-13
4.725710992773031471e-14
2.754004135852028412e-09
2.591453039713087492e-06
1.356027373722312745e-10
1.420865161638751317e-11
8.701637500829750849e-13
3.651251324425419035e-18
3.751113782519402071e-15
2.324386885223239663e-13
4.943456333743507809e-16
4.580576543067316209e-11
1.432424870991683141e-14
8.792383487943311593e-12
1.186651972126214535e-15
3.762566769109111642e-14
3.051817696123060308e-14
5.878949670828914620e-12
4.660316728875846248e-13
2.000738011180062362e-16
1.792161146048354414e-12
1.425856367654951273e-13
2.961393977263249155e-11
4.290210762603550036e-19
9.990771810837948666e-18
2.452449961690042046e-16
3.030740530604234245e-16
3.490636804618160597e-16
9.631992425873647790e-11
3.462212205818104849e-08
1.328178344216224271e-12
5.818881487762439519e-10
9.122796268412614040e-11
2.232827854900532039e-12
4.196339287068206331e-15
1.845289192939166953e-18
1.675604133796835399e-14
1.832398165493853703e-12
3.554585145157900103e-16
4.532239096147845300e-15
2.286841785612025481e-16
1.564040546840777705e-18
5.401395696951480710e-16
7.328345253494652350e-15
1.284890949193595588e-08
5.134950299910758821e-17
2.049481678118025840e-12
1.254631641633974226e-11
6.043298071745084599e-06
2.027008769167615299e-11
1.730920203175945193e-12
4.463073519696963976e-14
1.176068851315643688e-18
3.219041142855667142e-15
6.322604642885820215e-17
3.128659965013977675e-19
3.874557929032520446e-16
1.765330503306072885e-14
3.277967453030328215e-09
3.426856298727187777e-10
1.413116498816258115e-11
4.686905364140701857e-14
8.725128841538358493e-15
3.242182455669151420e-13
4.890141026489547293e-13
5.138835388576908081e-15
1.123712303763291231e-10
8.504164034214486967e-14
4.549852248431074386e-13
4.525219992501661181e-06
1.216373828849775900e-15
1.164285139652887491e-13
1.282668683587470312e-14
8.694748480225777953e-14
1.803411819878419919e-08
1.578184458117526390e-11
2.250718795026944961e-15
2.477648919363417690e-10
9.902872272204987780e-11
3.911469238782050439e-12
4.662444153766829094e-16
8.631048045053876100e-15
2.873058388419558185e-11
9.231180126136628882e-18
1.145802386304239917e-08
8.052637029409837055e-11
3.543784935096903899e-14
3.004528321016303183e-13
1.242689977850664537e-15
9.983032915822055677e-19
6.051999056759548631e-16
9.618821059120818973e-05
2.350309413778374490e-14
1.865794793529203371e-18
1.874585420702165606e-13
1.176579450187786868e-12
2.827215718481657092e-11
9.184092796975153877e-15
2.980207469693851863e-10
1.897246599242245887e-17
1.832344023147865208e-14
1.086137947701841522e-13
2.246428784907338744e-16
2.421660843452940262e-15
1.519023558108294322e-17
3.936736065838268908e-20
6.882973847520683537e-16
1.912699599398992589e-13
1.010832348000926389e-14
1.769016875395818325e-15
1.499705075434605725e-19
1.638752843107881951e-15
2.385736270335754063e-15
2.554701459059338653e-12
1.381009465520556718e-17
6.553933692412736156e-14
4.096794778418733074e-11
6.833430170457774344e-14
8.596433984107325013e-18
5.150641916130889756e-18
1.086961183787838305e-16
3.994969570539526338e-14
5.187112675150706842e-13
6.639308894329509769e-12
6.750537599239513509e-17
3.406540991334589506e-15
2.423761603746743543e-13
1.551107247091266096e-16
1.063958415918371677e-17
1.251580626247458805e-13
4.282310183539861370e-13
6.019974540968876450e-15
1.930789236302414189e-16
1.110304014527441208e-12
1.902243553647542385e-13
4.236825344364593751e-15
1.840820281851038992e-15
8.514265600912675983e-16
1.143828413062430993e-12
1.251201155487088879e-13
1.812355369081643805e-17
2.465903280112163691e-15
2.527059058903924176e-15
4.061948802487613808e-13
7.690857567227600555e-15
7.582454629451174100e-13
1.031686333043645154e-13
4.099287946037703106e-15
9.233422403401303491e-13
1.754724295553733437e-12
1.950198466257879737e-12
3.916802597814239562e-07
1.492793388901958451e-11
5.942301095629431984e-10
7.775106852293302284e-15
3.044495428330962206e-12
3.220069881310766435e-13
7.807238877740804717e-14
1.825915937544997369e-12
2.890022947076877329e-16
2.795268653520209361e-15
7.767249774674571394e-15
1.524676912501021775e-11
2.089197819734808781e-13
3.645961657583463023e-11
8.844225062054102138e-15
3.890792903653425214e-15
4.460559092228644218e-12
1.411913663242059247e-13
5.442490533767718741e-13
3.264435332564919606e-16
1.362344837770946074e-14
4.368543859989415523e-10
7.722233226134522788e-13
1.788950099168573615e-09
5.087745546042410361e-13
6.240286953840268325e-09
9.833380820495254276e-15
8.349089997902018259e-20
5.200462283028173260e-11
2.294188172768940603e-10
4.908766641165129840e-05
8.300383456116833258e-07
1.505585207287746252e-13
5.196966446595341349e-13
3.899632353143722696e-12
2.194171682796525723e-17
1.062083580805062155e-12
9.557504093704594084e-12
6.625114953168198539e-12
2.422706336219736245e-14
1.880693344114003906e-11
2.169748105143587402e-12
1.008062411322896423e-09
2.231942278566045879e-12
2.049646937634166943e-15
3.271501112004325529e-14
8.021475705888292396e-10
1.383572482928016600e-13
5.552806478514860089e-14
3.103696499806574138e-08
4.652214621566133634e-14
9.266395520918726419e-17
4.805802561030598303e-17
8.379672955527439626e-09
2.799331044744945984e-10
3.033678126485028770e-07
5.925205204954098193e-12
8.276009877405954285e-10
6.831186311062609207e-11
1.143841423488500819e-12
6.387413791246118744e-14
1.421274469642908045e-11
2.877445851034998725e-11
1.559582866496322939e-12
7.901445123192907261e-12
4.395171171456269121e-10
1.885420632282124725e-14
1.500124995740519801e-16
1.103661364785242895e-16
2.567465554395576000e-12
3.716392484420794062e-06
5.701000435620606765e-11
1.179921130689976644e-16
1.185704471476120769e-18
3.875882947923514621e-11
1.579477651100780200e-13
2.814461189260240327e-17
1.129941124456624099e-17
6.454690166587267759e-17
1.398600950171599447e-16
2.794701856601022882e-07
2.135846898454474285e-06
3.916190243590947099e-18
1.866027554697780033e-09
7.738878803152982630e-17
1.118374837183466752e-11
1.584132029383306800e-14
1.219236080233490269e-14
4.395500077195718669e-13
4.053182268981547764e-12
2.001676693907938898e-05
5.345896034875119440e-12
8.149822263818224787e-16
1.508113772752395221e-10
7.789946022496250372e-16
7.652921502618922206e-17
6.862478657164092222e-14
6.861344175115857702e-13
1.226035115445278656e-12
2.318386455035792437e-10
6.602571531266027919e-16
1.623160292155492734e-13
4.417595449903131695e-17
2.201632939272026718e-14
7.664338608215359727e-11
3.675715565254478179e-10
7.541206856601144568e-16
1.670494449894171195e-15
3.013745665785688699e-13
3.459364612903327845e-17
4.199665783975420981e-17
5.467500096330984993e-14
1.856018377183188406e-12
2.013601397624200989e-16
5.573681516324313634e-09
5.809219487673544791e-07
2.279966319906900907e-11
1.938805886669836553e-11
6.840143729203163048e-11
1.103543051752566007e-13
1.702341745216454094e-14
3.760217397869025646e-12
5.693285079488852318e-11
5.381688879424473271e-06
3.119708701440626619e-12
3.449404299537005324e-16
8.353540569775580460e-15
8.110838389807639714e-12
6.598034341109837442e-10
3.847799578959865130e-10
6.535633037367538645e-14
3.333177646652057957e-13
6.719624856543759961e-11
1.599137112164798324e-15
4.782860330010407779e-09
1.366248758361792961e-17
3.551654229180665462e-18
2.552460216520557879e-07
5.019887292947815532e-16
5.168104823827517243e-16
1.245654187437272853e-11
2.115007123278301758e-16
1.025364511112142156e-15
5.537473149290483843e-13
1.081252708895474868e-11
4.394338320686582561e-15
5.456009924994890958e-14
1.411025024036435815e-13
5.720828255562082632e-10
9.425233759696033387e-14
3.358862146751739886e-11
2.732421879328374072e-16
1.947746502387222300e-14
5.323133045465056057e-09
1.536308244249467991e-13
2.018069305415037817e-12
1.743115634472713893e-12
2.661186726101642634e-15
2.468754022435707242e-16
9.427562897013075371e-12
7.709446072112768888e-05
4.421330380803556448e-13
1.145924907177686691e-04
2.615615016243744151e-11
1.116275392670643737e-15
1.249457758393732187e-13
4.540136495922997284e-12
4.938551398880018650e-14
9.229488701079091584e-11
2.836268817463932779e-14
3.441720378746099263e-13
4.195977766630054617e-12
8.328625942665042470e-15
9.732178848616615530e-14
2.694505951694736723e-09
1.766326668262152566e-11
4.213213453926932875e-15
2.082702398400766014e-15
8.833445690470398404e-07
1.798174630029958365e-11
8.620280054008611081e-13
2.677557064956204158e-10
1.588004588937153017e-10
1.920579494052443437e-11
8.655611153491303555e-15
3.510444024227080129e-14
3.176257520887126873e-11
9.953237019300065214e-12
6.021181470083902809e-11
1.057193135117762139e-11
4.470434236008603845e-14
1.225780111094310065e-12
6.246416717203828739e-10
1.334371871149404344e-15
3.848823837415693561e-08
1.048652345514433648e-10
1.033718500609379781e-14
1.586304088085910280e-09
3.526683085781955398e-15
1.330496390145041730e-11
6.614199747796700724e-14
4.059360347863361085e-10
5.794273420178797096e-06
1.093960236175917089e-06
2.703036579287942942e-12
6.126887734138330988e-13
3.393508252180765794e-10
1.049535115731468299e-17
1.016211004234435222e-09
3.916090108441183659e-12
8.823035080318675227e-10
5.931567912318932208e-17
4.502582681698008571e-11
3.380782524591008364e-13
1.071612354408557621e-09
7.003107427294708032e-09
2.097258540485322958e-17
7.434571132631667022e-18
2.335737668817533530e-13
2.452177729535959250e-13
5.461984337040703963e-11
8.258046330089641174e-11
4.566958616836203078e-11
1.150645117381499105e-11
1.061928064708913318e-15
1.572660175951537994e-20
4.457275303887300432e-16
3.589150325685949716e-14
6.599339824608918548e-11
1.613228643442896483e-16
2.384644233108506456e-15
2.781392716144637234e-08
1.290543106408081897e-11
1.426571805563520146e-13
3.300486113591246697e-15
1.948652446475958137e-15
3.024424735312150961e-15
4.767528331752618476e-14
1.098777576628677533e-13
7.568239383717173530e-16
1.508702991041592706e-18
8.113391035402539586e-12
7.328788992879895197e-16
1.091236185542410360e-16
2.264287796973837863e-14
3.482140964461422072e-11
2.794383213711171265e-08
4.085654381924541667e-06
6.512746592024498682e-11
1.012913928080672044e-12
2.761163295415488585e-16
4.229942618394488818e-09
2.757641120662568390e-13
6.425633442485537833e-15
2.522594112763787422e-12
1.529052773285854983e-09
1.135706084731680221e-09
3.179904117800447239e-09
4.478851642862602400e-13
2.469239439653603263e-12
4.046367048028928532e-17
9.594636717069615628e-12
2.359603513468755409e-06
4.050524182730441680e-08
1.222655982534293084e-12
4.932548591796148685e-09
4.960611609661604374e-15
1.345070322483765679e-12
5.428789709438497368e-11
1.456366885944450511e-19
5.509085454491469136e-08
4.748531923844546282e-15
1.750002044521143350e-15
1.319422435891448586e-11
3.064454559487323534e-16
5.481842844240469859e-12
1.479862721254221469e-08
4.531991171230487225e-10
5.013893189520501892e-10
3.134188329874387779e-13
1.537932003969899597e-10
3.183394520211990653e-12
8.566663467490798212e-08
3.107449735896550269e-13
1.241154179432157889e-09
4.053928145866109167e-14
3.509997197406744540e-13
3.785339842819106584e-15
5.883345797236152856e-16
1.277834446328923734e-13
2.412751347249580605e-17
3.235231527121129602e-10
1.815718908559915690e-09
3.966465350613290752e-11
1.016362016249827693e-13
8.026373454761426274e-10
2.949420603107493107e-15
1.142024978273772917e-13
4.066855319185131963e-17
9.659532390268992658e-15
3.841120401349568114e-13
5.772598653426552762e-13
1.332833843292746678e-10
3.661813297028970737e-09
1.610877787870214653e-18
1.996695586647945220e-10
1.391569592033587571e-14
2.789824008941650391e-01
3.816338707589772214e-15
8.783963273598609364e-17
9.011001580322419713e-13
4.900384542594338200e-09
3.220764716764167347e-20
1.019696682647008856e-08
1.741876563337251254e-15
1.190055747554976339e-16
4.618078836005068410e-11
6.621205049083672689e-14
4.677408634023993983e-12
7.645018155825447550e-16
1.187346812732950663e-19
4.421912009211678414e-17
7.043913452520200735e-09
1.200247177037330748e-13
4.707707140783057298e-11
2.880182529106656286e-13
1.883258776560627176e-16
3.224333574116701462e-14
9.734351318719733359e-14
2.102699091233173334e-12
6.966430470684015219e-13
6.340258450632935139e-14
3.529545544722623163e-10
9.600883976723650903e-11
1.321848099727906956e-11
4.270545980104671624e-14
1.548468471501696087e-11
5.950449335504414631e-16
9.132440727851586643e-15
4.776566850926179664e-14
9.197670836763593982e-13
7.586507237411488618e-16
1.990919636183502428e-13
1.131819484868120534e-14
4.521513223815882502e-16
1.471868506015708376e-15
1.467214572059560851e-09
2.495842074679011091e-11
2.511338914601424221e-10
2.470060564974119188e-07
1.465094728479374164e-13
4.446887487574713305e-06
2.876806490803573979e-07
1.323237309655556082e-12
1.876056744509747948e-19
2.015376088237985641e-09
3.429422110873270313e-12
2.469132363847048595e-11
7.141372894783632602e-15
1.469847935389812844e-16
8.947745322451794436e-11
2.960127152076830193e-12
4.480783299953827736e-09
4.878230455761072004e-15
9.497965565083421602e-13
4.565988032112500150e-09
1.886746401474903578e-12
7.556123636197884831e-16
6.933627476557674765e-15
1.401169180681449689e-09
2.685910847032013660e-13
8.567542408854933456e-07
5.249427795348912576e-17
2.211837547528249220e-16
1.831495666711630823e-17
1.320029443418373541e-14
2.237714721704223315e-15
6.162390476377455073e-12
4.143424752606206241e-12
4.034746682434885590e-16
5.022902666712569797e-13
6.838272170739401190e-09
3.332608355808208342e-15
8.071421953011550816e-16
5.158690315198999343e-12
1.396701764661001377e-14
6.316279905149713159e-05
7.156860362828585450e-16
2.395382340831392343e-13
1.295772452688083790e-14
2.585264034099532537e-12
2.967655960382786784e-13
6.686698070246244185e-12
1.655111270260078982e-09
2.089354820782318711e-04
8.971794329681870295e-08
3.018515428721002536e-07
2.150306850778210301e-15
1.818869490785579579e-13
8.940713058791516232e-08
3.742848673248111023e-17
2.138596464646980166e-04
9.407155323744548041e-16
3.146251685848255875e-07
2.886581598748882982e-11
3.080834837688605132e-20
1.370561777337317953e-15
2.054215325131888287e-14
1.235126723120316683e-10
4.111643647775053978e-08
4.350097105448869073e-12
2.334491094664224112e-16
6.097848199715372175e-07
1.590223991983913399e-13
1.366702432649413712e-13
6.343989842523827145e-16
4.235888376169505420e-11
2.826341845431996555e-15
1.363784519342603474e-11
9.117911910520512531e-14
3.313535210103246698e-12
4.631280752846159317e-16
2.114380075375361240e-14
1.502956118663422574e-14
3.105759815991149253e-10
2.380240102239916666e-12
2.498619800644918953e-14
5.019636507667957215e-13
7.653225248633807598e-14
3.676663465866647496e-13
7.555291638085444295e-15
3.058606834601892976e-14
2.049505139024840653e-16
1.740886368395422323e-08
6.222771697768912459e-19
7.098044929598756880e-10
3.548404313978049951e-14
2.580415265143742864e-13
1.028988227957938761e-09
8.802527418083627708e-08
2.133612731360334499e-16
1.919301523267691323e-11
3.591610244890047765e-13
9.057721586658296076e-12
1.790974965842906386e-05
8.506933154325650726e-15
2.913350984068419081e-12
1.343643366735107827e-14
8.417689288664487179e-12
2.040686236676143569e-19
4.521528008775976826e-13
8.073286830723169771e-12
5.982755523631366756e-13
1.156828801640585880e-07
3.528483727421871663e-09
7.156860232353210449e-01
1.578927388834472367e-08
2.619695571581814875e-10
2.703948866806420766e-16
3.198570116760874216e-18
3.729444753020061398e-09
8.135495315614305056e-14
1.189278293622919591e-07
4.717012303217908709e-14
1.313707362546251589e-18
1.003723149040069984e-08
8.162351932516035021e-18
7.528988825618310177e-13
5.575469773366759085e-12
1.810428543191910933e-12
2.512611993465974081e-11
1.932704986601087001e-16
3.377824007912838544e-13
2.977126531411578014e-11
6.708811891437127528e-12
6.199780408023061740e-14
6.154185640911899458e-14
1.443278232370119553e-16
6.246285710886922971e-10
1.515188100278898244e-15
6.517921510677815444e-13
7.713679572972167195e-17
5.346589490584641169e-12
5.968804552176909528e-13
1.265869116195972310e-07
1.603262091975921066e-07
2.325824862564607187e-12
4.758516119569514434e-18
2.239976054033837594e-13
1.558842356412515340e-12
2.756213833554621573e-11
1.722986892049860330e-10
7.170100884551500187e-12
3.326981745654933320e-11
5.671553043829977159e-15
3.641027757073089788e-11
2.603851379304189528e-12
1.023765948182436478e-15
2.195060005760751665e-05
7.575181109267112680e-21
1.999115154286638246e-14
1.145155476521553251e-12
2.498615052297330654e-18
1.450553739623661187e-11
1.405912330998404514e-10
2.260899834591410112e-14
4.503845560388519687e-11
2.164529508050499346e-14
2.291067335846719288e-09
8.505020332449930720e-07
1.170943619399622548e-06
1.339935246091883414e-10
2.240809127878121143e-13
2.524307369036749016e-12
1.237085347355337817e-11
7.523483009817203554e-15
1.024260529396849284e-18
1.848685321579474072e-14
2.124844300510631001e-09
5.390398752900572854e-14
6.383108510297070001e-20
2.019238534237076366e-17
2.470513553389126760e-14
3.721271901735434540e-10
9.153026643907158366e-13
6.080851561217695544e-14
3.541432078146833362e-11
1.523028660755157675e-15
1.278205097321460926e-09
1.155940343444683549e-10
1.235089974731425327e-16
3.861192066762202807e-15
1.846984804682039183e-12
1.646284236558393562e-15
2.371636348137522166e-14
2.155763848682434869e-12
1.084545647733747842e-10
9.324150479494974775e-11
9.548264660010010070e-16
2.317543943211597401e-12
2.365788856186152103e-15
3.728228836763491927e-09
4.467828143270006938e-17
2.162312690012768712e-11
7.211766933323815465e-05
9.849791067408769640e-14
2.136272278865924967e-12
6.573228831900645996e-13
2.921790346016410467e-14
2.492807799374038846e-14
2.140647414102664348e-13
7.367352838905105727e-10
1.817217073501087472e-15
1.646403668203956418e-15
1.691353307409215745e-11
1.615138404964522323e-11
1.800525442242494230e-15
3.668090074719038509e-17
3.704070115259380065e-18
8.387072612978547430e-21
8.478253862811261396e-17
3.311505085792739085e-17
1.100225901721575410e-18
7.279058947392766377e-15
9.814203671965060494e-09
3.701149087730060128e-13
7.226164111528987632e-14
8.167646715616986951e-18
7.127656043235796463e-15
8.984514867473316030e-18
1.203121261471318260e-13
6.740215888678333100e-14
8.160140618773681354e-11
4.275776154444082752e-15
1.282531011383980513e-04
3.152907080382350014e-13
7.134868867594845732e-14
4.425734681078735688e-13
1.694562357101858652e-08
6.978839164548111818e-13
7.707465771531153537e-19
1.031823031455837789e-15
4.560947973464291039e-13
1.192132301764729460e-16
1.567278112846182125e-10
5.567692828452970241e-15
4.515374890396578467e-13
1.985696458336235620e-14
4.196413327008485794e-03
9.597048489240478375e-09
7.278076389173951388e-14
3.291700408341452500e-13
3.508359184764553440e-12
5.515393652899547305e-08
9.380853732698923864e-12
3.666914862032744082e-13
1.235835257845890704e-15
5.792992496291005100e-13
6.016530505005340465e-15
5.566578106624603980e-19
1.061341837441283353e-13
6.347772649314617488e-14
2.417680351083661587e-17
4.181428701399892865e-16
2.457190741568353320e-14
1.608384975696709535e-18
1.115469377293860226e-14
3.872940163018867565e-12
4.904888276677059344e-14
1.011329153755013976e-08
2.510720426971737938e-18
1.363978510216315443e-13
1.965886627748256177e-13
3.402768691818103264e-11
1.288325864176251279e-13
3.394501693620988192e-12
2.200751177973934991e-14
3.560419645741441652e-13
5.252132279434662543e-13
5.278990436348169734e-16
8.767009470819764339e-13
4.172682927400814604e-15
2.691046691039034044e-11
2.927620982012130169e-13
5.724565786680013701e-12
1.844133569808836803e-12
2.814753799438847286e-15
1.079575678527601446e-14
3.876931328056221204e-12
2.546284106150750926e-17
4.260009933150144435e-18
1.014794514018297830e-14
6.282166760588307882e-17
1.756485719013676415e-19
1.430648785202826012e-12
1.881075052830711685e-17
1.223689308308076470e-16
5.288160626793381603e-16
5.049789077998219431e-17
9.782519165460373312e-18
1.349818491030475853e-14
1.378960097150883080e-12
8.892389446547570189e-17
5.820218019864065954e-16
1.243529387501393548e-15
3.348937067330221007e-13
1.707910250984778192e-17
2.876436068499632626e-11
2.080182644789273921e-14
5.256859351408211487e-18
5.401336404645172909e-15
9.404926435953187155e-17
4.578931469727883386e-16
9.344708878499408816e-16
3.698272902654363425e-15
1.387337605907035254e-10
5.640121006410085680e-14
2.812806237928455744e-11
2.746752512125614359e-14
7.958606375920579401e-15
1.079815707336062580e-12
1.843813246300382461e-16
1.905467022231613350e-14
2.980416607956115627e-11
3.131120982432687786e-18
3.026213245380278416e-15
3.427081010909914256e-16
3.102304756130973978e-16
1.567931994871476272e-15
5.510933997690406830e-16
8.215960057471674571e-14
1.952409884629978214e-15
