6.376356631517410278e-02
1.006952881813049316e+00
1.388286352157592773e-01
4.461359977722167969e-02
2.493630908429622650e-02
1.479774713516235352e-01
2.105607092380523682e-02
2.258546650409698486e-01
0.000000000000000000e+00
3.610125184059143066e-01
3.272958099842071533e-01
1.467915892601013184e+00
2.484726011753082275e-01
2.820697426795959473e-01
1.125090122222900391e+00
5.788930654525756836e-01
5.102227926254272461e-01
6.307898759841918945e-01
7.300617545843124390e-02
4.294854700565338135e-01
0.000000000000000000e+00
4.404109120368957520e-01
2.550104400143027306e-03
1.279653329402208328e-02
1.307237893342971802e-01
3.761105298995971680e+00
6.576636433601379395e-01
0.000000000000000000e+00
4.021549969911575317e-02
5.587518587708473206e-02
8.409260511398315430e-01
5.828483700752258301e-01
8.901242613792419434e-01
4.341701976954936981e-03
2.989873848855495453e-02
0.000000000000000000e+00
1.061662137508392334e-01
0.000000000000000000e+00
4.551695287227630615e-01
1.145817399024963379e+00
2.107840776443481445e+00
6.958457231521606445e-01
9.040082991123199463e-02
5.271423816680908203e+00
2.235459685325622559e-01
1.104282811284065247e-01
1.029478088021278381e-01
2.330839447677135468e-02
1.971887610852718353e-02
7.559345960617065430e-01
5.244433879852294922e-01
6.375871896743774414e-01
4.022365808486938477e-02
2.538343071937561035e-01
6.639911979436874390e-02
1.222903877496719360e-01
1.327537000179290771e-01
0.000000000000000000e+00
5.082443356513977051e-01
1.367893069982528687e-01
0.000000000000000000e+00
1.958568930625915527e+00
2.181357294321060181e-01
1.293023973703384399e-01
5.271933078765869141e-01
1.975025385618209839e-01
1.458715349435806274e-01
1.421338915824890137e+00
0.000000000000000000e+00
1.247398927807807922e-01
2.509652137756347656e+00
0.000000000000000000e+00
1.510886669158935547e+00
1.032030701637268066e+00
1.115637179464101791e-02
5.111026763916015625e-01
9.476028382778167725e-02
2.670812048017978668e-02
1.830492466688156128e-01
9.466625750064849854e-02
5.470722913742065430e-01
7.284189760684967041e-02
4.658349156379699707e-01
1.854975819587707520e-01
0.000000000000000000e+00
3.223843097686767578e+00
1.936421275138854980e+00
1.715318113565444946e-02
4.880795478820800781e-01
1.068629622459411621e+00
1.131127774715423584e-01
0.000000000000000000e+00
1.670379936695098877e-02
1.004248499870300293e+00
2.595070898532867432e-01
1.734281897544860840e+00
5.807264447212219238e-01
2.715599238872528076e-01
2.753159999847412109e-01
3.496326804161071777e-01
0.000000000000000000e+00
1.354482531547546387e+00
1.696552038192749023e-01
1.219725310802459717e-01
0.000000000000000000e+00
1.628584712743759155e-01
4.474683105945587158e-01
3.187434747815132141e-03
2.248323559761047363e-01
1.430955171585083008e+00
1.080028772354125977e+00
0.000000000000000000e+00
6.657157540321350098e-01
2.113779783248901367e+00
5.431557893753051758e-01
9.826688170433044434e-01
4.712756723165512085e-02
8.479589223861694336e-01
1.120205760002136230e+00
5.884289741516113281e-01
4.129507020115852356e-02
2.799713850021362305e+00
6.371913012117147446e-03
2.422308474779129028e-01
8.374191820621490479e-02
1.324373334646224976e-01
2.754802703857421875e-01
3.165689945220947266e+00
1.162068825215101242e-02
2.492664307355880737e-01
2.314701303839683533e-02
7.510800957679748535e-01
2.595368959009647369e-02
0.000000000000000000e+00
7.301029562950134277e-01
0.000000000000000000e+00
5.022516846656799316e-01
5.109822377562522888e-02
7.943891105242073536e-04
0.000000000000000000e+00
3.195229917764663696e-02
3.406321108341217041e-01
0.000000000000000000e+00
0.000000000000000000e+00
1.801635026931762695e-01
3.299639001488685608e-02
3.026133775711059570e-01
0.000000000000000000e+00
4.098474085330963135e-01
1.051811277866363525e-01
9.857912659645080566e-01
4.471076279878616333e-02
6.125459447503089905e-02
2.721607685089111328e-02
6.615227460861206055e-01
0.000000000000000000e+00
5.417104959487915039e-01
2.421346008777618408e-01
3.786945343017578125e-02
1.662512272596359253e-01
4.197566304355859756e-03
6.533226370811462402e-01
3.235328570008277893e-02
9.844312816858291626e-02
3.823162987828254700e-03
9.491093158721923828e-01
1.111455820500850677e-02
2.383199334144592285e-02
1.880410313606262207e-01
1.255438923835754395e-01
3.409534692764282227e-02
1.824284344911575317e-01
3.298556804656982422e-01
2.558106660842895508e+00
9.105741381645202637e-01
1.692413330078125000e+00
1.725397445261478424e-02
8.287487924098968506e-02
5.112618207931518555e-02
1.417038142681121826e-01
0.000000000000000000e+00
5.549698472023010254e-01
1.112944006919860840e+00
4.580986022949218750e+00
1.591123826801776886e-02
7.002240419387817383e-02
1.022834554314613342e-01
9.192083030939102173e-02
1.074555516242980957e+00
8.826376497745513916e-02
5.283401012420654297e-01
1.407440304756164551e-01
8.328610062599182129e-01
5.518667101860046387e-01
2.537349462509155273e-01
2.256700992584228516e-01
2.097777463495731354e-02
8.384186774492263794e-02
9.278728812932968140e-02
2.922004163265228271e-01
4.895806312561035156e-03
2.072254270315170288e-01
1.979978382587432861e-01
3.181365430355072021e-01
1.572374850511550903e-01
8.944411277770996094e-01
2.807117253541946411e-02
7.965724170207977295e-02
3.669287264347076416e-01
0.000000000000000000e+00
1.481476664543151855e+00
3.248733282089233398e+00
0.000000000000000000e+00
7.115868479013442993e-02
2.113332897424697876e-01
1.840567290782928467e-01
3.013475239276885986e-01
0.000000000000000000e+00
2.392790047451853752e-03
2.014424502849578857e-01
2.951051890850067139e-01
1.999052986502647400e-02
0.000000000000000000e+00
5.414021760225296021e-02
7.988377660512924194e-02
7.634131908416748047e-01
4.313948377966880798e-02
6.669464111328125000e-01
2.115446805953979492e+00
2.484178781509399414e+00
2.356032729148864746e-01
1.162156388163566589e-01
6.853999495506286621e-01
2.309694290161132812e+00
6.348106265068054199e-01
0.000000000000000000e+00
1.204337477684020996e+00
0.000000000000000000e+00
2.448795437812805176e-01
3.705038726329803467e-01
6.458985805511474609e-02
6.819097325205802917e-03
7.056002020835876465e-01
2.234251499176025391e-01
1.498517841100692749e-01
1.187160134315490723e+00
2.921315096318721771e-02
9.230689406394958496e-01
8.618527092039585114e-03
3.209065273404121399e-02
4.258775711059570312e-02
8.326522707939147949e-01
4.245022237300872803e-01
8.433499932289123535e-01
3.417595922946929932e-01
9.219927596859633923e-04
3.061038851737976074e-01
5.075200796127319336e-01
2.620990872383117676e-01
3.176677599549293518e-02
4.773623123764991760e-02
4.081948474049568176e-02
2.265505045652389526e-01
5.807869434356689453e-01
0.000000000000000000e+00
5.605992674827575684e-01
2.506218105554580688e-02
3.306490480899810791e-01
7.504590749740600586e-01
7.843528687953948975e-02
3.447175025939941406e+00
0.000000000000000000e+00
0.000000000000000000e+00
1.433801651000976562e-01
6.542513966560363770e-01
6.204306483268737793e-01
0.000000000000000000e+00
7.588322460651397705e-02
2.951963245868682861e-02
1.143884658813476562e-01
7.577624320983886719e-01
1.508100032806396484e+00
3.984598815441131592e-01
5.187855362892150879e-01
0.000000000000000000e+00
9.601299464702606201e-02
2.751783281564712524e-02
4.031263291835784912e-02
2.957848310470581055e+00
0.000000000000000000e+00
2.305471450090408325e-01
2.753116488456726074e-01
8.444486856460571289e-01
4.030015170574188232e-01
3.970486670732498169e-02
4.382088780403137207e-02
1.080220118165016174e-01
5.039142910391092300e-03
2.334463782608509064e-02
5.051093101501464844e-01
3.372311353683471680e+00
4.074437320232391357e-01
3.953404724597930908e-01
6.812569499015808105e-01
7.389447838068008423e-02
3.446255028247833252e-01
8.449702709913253784e-02
5.438298583030700684e-01
7.522661238908767700e-02
6.820915341377258301e-01
1.793601736426353455e-02
0.000000000000000000e+00
1.452276468276977539e+00
2.588247880339622498e-03
1.834797905758023262e-03
6.376250982284545898e-01
1.751474291086196899e-01
2.631850168108940125e-02
9.854689240455627441e-02
2.209850251674652100e-01
7.693964242935180664e-02
8.780240416526794434e-01
2.913234196603298187e-02
5.514296237379312515e-03
1.777215152978897095e-01
2.976858317852020264e-01
0.000000000000000000e+00
6.162595748901367188e-01
1.376417279243469238e-01
0.000000000000000000e+00
1.972612589597702026e-01
5.276081338524818420e-02
1.778113484382629395e+00
4.251535832881927490e-01
0.000000000000000000e+00
4.226198792457580566e-01
1.367722988128662109e+00
9.677625298500061035e-01
8.076727986335754395e-01
5.651919245719909668e-01
9.257935918867588043e-03
1.451795816421508789e+00
0.000000000000000000e+00
8.042441308498382568e-02
2.421354949474334717e-01
1.667273463681340218e-03
8.642079234123229980e-01
3.545111715793609619e-01
5.604071617126464844e-01
2.166688144207000732e-01
1.040480062365531921e-01
3.754749000072479248e-01
2.454827576875686646e-01
6.690582633018493652e-01
1.399656385183334351e-01
7.106153666973114014e-02
1.734815597534179688e+00
7.773283869028091431e-02
2.719428837299346924e-01
2.562162838876247406e-02
0.000000000000000000e+00
7.048754096031188965e-01
6.472940444946289062e-01
1.987274587154388428e-01
5.319427847862243652e-01
4.961606562137603760e-01
5.680469274520874023e-01
8.860470771789550781e+00
0.000000000000000000e+00
7.762046530842781067e-03
0.000000000000000000e+00
1.674738340079784393e-02
1.422187685966491699e-01
2.187154889106750488e-01
3.152134418487548828e-01
2.829473838210105896e-02
2.373432666063308716e-01
2.633558809757232666e-01
9.791354835033416748e-02
1.309734463691711426e+00
2.926540076732635498e-01
4.381345584988594055e-02
8.687583804130554199e-01
1.881241053342819214e-02
3.781450271606445312e+00
1.057870909571647644e-01
1.379238218069076538e-01
1.459427475929260254e+00
2.565900236368179321e-02
0.000000000000000000e+00
9.310578107833862305e-01
4.174698144197463989e-03
2.647410333156585693e-02
3.819647431373596191e-02
6.059851050376892090e-01
3.051027953624725342e-01
1.347134709358215332e-01
1.256412863731384277e-01
2.943890690803527832e-01
1.129344222135841846e-03
1.201723217964172363e-01
4.914552271366119385e-01
3.092824667692184448e-02
1.265225857496261597e-01
3.683115541934967041e-01
4.112953543663024902e-01
2.217027246952056885e-01
0.000000000000000000e+00
0.000000000000000000e+00
4.142541438341140747e-02
1.012575387954711914e+00
2.052162215113639832e-02
6.947694718837738037e-02
3.549794852733612061e-01
1.758492588996887207e+00
1.132558286190032959e-01
2.607842683792114258e-01
9.264530539512634277e-01
1.561086997389793396e-02
2.721862867474555969e-02
6.245147809386253357e-02
1.095792293548583984e+00
8.041560649871826172e-01
1.798403263092041016e-01
5.828127861022949219e-01
4.844647943973541260e-01
2.552998065948486328e-02
4.630571603775024414e-02
0.000000000000000000e+00
2.203225530683994293e-02
2.061509370803833008e+00
1.542011201381683350e-01
1.118849515914916992e+00
1.254194080829620361e-01
2.516421079635620117e-01
2.417447566986083984e-01
3.219979703426361084e-01
5.213963389396667480e-01
6.898237466812133789e-01
5.364906787872314453e-01
2.263473421335220337e-01
0.000000000000000000e+00
2.980439960956573486e-01
0.000000000000000000e+00
2.937617525458335876e-02
4.125134348869323730e-01
1.109524294734001160e-01
2.232583910226821899e-01
3.535211384296417236e-01
1.489411950111389160e+00
5.423821881413459778e-02
2.461046539247035980e-02
6.381981074810028076e-03
5.907345414161682129e-01
1.932386755943298340e+00
1.216036081314086914e+00
1.798786669969558716e-01
2.569099962711334229e-01
4.662173390388488770e-01
2.685764804482460022e-02
6.737249493598937988e-01
3.759528875350952148e+00
6.511000990867614746e-01
1.310273706912994385e-01
1.982542918995022774e-03
4.578317105770111084e-01
4.799690544605255127e-01
1.869593143463134766e+00
6.575371138751506805e-03
5.832026526331901550e-02
3.913902863860130310e-02
0.000000000000000000e+00
5.269116908311843872e-02
0.000000000000000000e+00
0.000000000000000000e+00
7.747874595224857330e-03
2.617344558238983154e-01
0.000000000000000000e+00
6.938076019287109375e-02
7.072201371192932129e-02
1.389388084411621094e+00
0.000000000000000000e+00
1.182675004005432129e+00
1.319412738084793091e-01
2.941572479903697968e-02
5.258268862962722778e-02
3.636579811573028564e-01
1.604664698243141174e-02
2.712963847443461418e-03
3.975767493247985840e-01
3.701475914567708969e-03
1.638597436249256134e-02
3.161554038524627686e-01
6.671432256698608398e-01
2.010766863822937012e-01
2.867875397205352783e-01
8.518556952476501465e-01
4.707809537649154663e-02
4.674474000930786133e-01
1.508520990610122681e-01
4.104310274124145508e-02
2.001202583312988281e+00
3.467128574848175049e-01
4.264809563755989075e-02
3.818494454026222229e-02
0.000000000000000000e+00
1.854975968599319458e-01
2.549268677830696106e-02
1.518270671367645264e-01
9.312845468521118164e-01
1.467384994029998779e-01
1.808077096939086914e-01
1.137928292155265808e-02
2.321624197065830231e-02
0.000000000000000000e+00
6.295105218887329102e-01
0.000000000000000000e+00
1.105573773384094238e-01
3.940878212451934814e-01
0.000000000000000000e+00
1.880750060081481934e+00
6.263294816017150879e-01
0.000000000000000000e+00
2.791170962154865265e-02
1.064030647277832031e+00
9.945169091224670410e-02
5.175681319087743759e-03
1.302855461835861206e-02
1.173640508204698563e-02
8.539663553237915039e-01
4.067220389842987061e-01
5.280378460884094238e-01
1.562277078628540039e-01
4.983211457729339600e-01
1.931404881179332733e-02
1.533149838447570801e+00
1.360460519790649414e-01
8.099157214164733887e-01
9.828409552574157715e-02
6.496638059616088867e-03
1.278835535049438477e+00
1.041412949562072754e+00
5.976377725601196289e-01
9.539095759391784668e-01
2.358363568782806396e-02
9.188295155763626099e-02
1.572703570127487183e-01
9.781911373138427734e-01
1.054216735064983368e-02
1.791398048400878906e+00
4.283676147460937500e-01
1.284213364124298096e-01
9.875397086143493652e-01
5.398295819759368896e-02
2.488605022430419922e+00
1.166867613792419434e+00
2.328786134719848633e+00
0.000000000000000000e+00
4.534628689289093018e-01
7.796048521995544434e-01
4.825462102890014648e-01
3.363471925258636475e-01
2.078700251877307892e-02
3.509874045848846436e-01
0.000000000000000000e+00
9.573664069175720215e-01
4.322018101811408997e-02
1.938597410917282104e-01
1.334776636213064194e-03
1.308057785034179688e+00
3.937368988990783691e-01
5.792552232742309570e-01
2.157449871301651001e-01
2.702636718750000000e+00
7.499127835035324097e-02
4.009764492511749268e-01
6.415580958127975464e-02
4.180778563022613525e-01
3.912802040576934814e-01
8.928971290588378906e-01
0.000000000000000000e+00
1.934878468513488770e+00
2.812248706817626953e+00
8.846031427383422852e-01
2.605003118515014648e-01
1.572858891449868679e-03
5.802802443504333496e-01
1.282321214675903320e+00
3.130016848444938660e-02
3.236805498600006104e-01
1.203939914703369141e+00
7.231947183609008789e-01
2.093167752027511597e-01
1.632133871316909790e-02
1.637168079614639282e-01
2.683449711184948683e-04
5.689281821250915527e-01
0.000000000000000000e+00
2.656490802764892578e+00
3.773549795150756836e-01
0.000000000000000000e+00
7.224202156066894531e-01
1.068222403526306152e+00
5.382853560149669647e-03
1.420954823493957520e+00
2.688252180814743042e-02
3.844338655471801758e-01
9.527133405208587646e-02
0.000000000000000000e+00
3.072660565376281738e-01
7.780478596687316895e-01
4.975973963737487793e-01
1.033875465393066406e+00
1.305030286312103271e-01
6.851096153259277344e+00
6.672692298889160156e-01
2.200698852539062500e-01
9.533751010894775391e-02
0.000000000000000000e+00
0.000000000000000000e+00
5.982350707054138184e-01
3.365584835410118103e-02
2.524191379547119141e+00
7.880526781082153320e-02
5.273098349571228027e-01
2.169642448425292969e+00
8.742379397153854370e-02
2.625679492950439453e+00
3.164775967597961426e-01
8.843145519495010376e-02
7.403820008039474487e-02
1.174597814679145813e-01
2.285408973693847656e-02
3.129923582077026367e+00
3.861680626869201660e-02
1.321250438690185547e+00
1.513711690902709961e+00
2.989442348480224609e-01
8.723131418228149414e-01
1.188627555966377258e-01
2.974542081356048584e-01
4.668420553207397461e-02
1.053328812122344971e-01
3.977335393428802490e-01
5.325165390968322754e-01
7.237150073051452637e-01
2.125065028667449951e-01
3.406719207763671875e+00
2.262975275516510010e-02
3.103062883019447327e-02
1.670952588319778442e-01
3.324400261044502258e-02
2.149348706007003784e-01
3.370535969734191895e-01
4.092520475387573242e-01
7.581021189689636230e-01
3.172135949134826660e-01
6.645303964614868164e-02
1.302027553319931030e-01
1.420274525880813599e-01
2.008529752492904663e-02
9.260860085487365723e-01
0.000000000000000000e+00
0.000000000000000000e+00
2.223629057407379150e-01
0.000000000000000000e+00
2.600171566009521484e+00
0.000000000000000000e+00
2.085236161947250366e-01
6.128371506929397583e-02
2.776191830635070801e-01
2.944112300872802734e+00
2.991213798522949219e+00
3.470003977417945862e-02
2.242115586996078491e-01
4.783757925033569336e-01
1.614206433296203613e-01
9.390550106763839722e-02
9.219873696565628052e-03
9.404411911964416504e-01
0.000000000000000000e+00
0.000000000000000000e+00
4.038909673690795898e-01
0.000000000000000000e+00
5.165473222732543945e-01
5.658520460128784180e-01
7.769731432199478149e-02
1.837894916534423828e-01
3.200291693210601807e-01
2.898729085922241211e+00
2.307024598121643066e-01
7.087404727935791016e-01
9.618549048900604248e-02
0.000000000000000000e+00
2.069405466318130493e-02
3.007317781448364258e-01
0.000000000000000000e+00
1.698274731636047363e+00
3.624863922595977783e-02
1.764979809522628784e-01
8.093845844268798828e-01
2.633835673332214355e-01
2.102943181991577148e+00
2.336147800087928772e-02
4.190949350595474243e-02
5.127714276313781738e-01
6.522566080093383789e-01
2.536734342575073242e+00
5.730690956115722656e-01
9.339059889316558838e-02
1.254836440086364746e+00
4.219709634780883789e-01
0.000000000000000000e+00
6.296910345554351807e-02
1.344097375869750977e+00
0.000000000000000000e+00
3.850607946515083313e-02
4.730939269065856934e-01
4.392531394958496094e+00
2.090455889701843262e-01
7.916094660758972168e-01
4.842470213770866394e-02
2.797447144985198975e-01
2.518616616725921631e-02
6.797648966312408447e-03
6.247245073318481445e-01
6.396572589874267578e-01
1.008070945739746094e+00
6.316729187965393066e-01
4.857811331748962402e-01
1.930892467498779297e-01
2.898392975330352783e-01
0.000000000000000000e+00
1.333828806877136230e+00
8.109216392040252686e-02
5.498431622982025146e-02
5.401956439018249512e-01
0.000000000000000000e+00
9.137012064456939697e-03
0.000000000000000000e+00
6.657639145851135254e-02
7.396767288446426392e-02
3.806830346584320068e-01
0.000000000000000000e+00
3.734945952892303467e-01
6.477401405572891235e-02
9.420239925384521484e-01
1.745471917092800140e-02
9.250872768461704254e-03
1.874290257692337036e-01
1.708148866891860962e-01
9.750539064407348633e-02
2.442029491066932678e-02
2.092187851667404175e-01
6.440632343292236328e-01
3.783801198005676270e-01
2.045651227235794067e-01
1.372662782669067383e-01
0.000000000000000000e+00
6.704694125801324844e-03
4.450017511844635010e-01
0.000000000000000000e+00
5.464398264884948730e-01
1.128149867057800293e+00
0.000000000000000000e+00
3.327046394348144531e+00
1.149007678031921387e-01
8.473887443542480469e-01
1.465856909751892090e+00
0.000000000000000000e+00
0.000000000000000000e+00
4.544313997030258179e-02
2.213771939277648926e-01
5.477618053555488586e-02
9.078928232192993164e-01
0.000000000000000000e+00
2.607391774654388428e-01
2.490851581096649170e-01
2.819723844528198242e+00
2.339765071868896484e+00
2.882373332977294922e-01
0.000000000000000000e+00
1.088310599327087402e+00
2.182096615433692932e-02
9.945234656333923340e-02
0.000000000000000000e+00
3.835185617208480835e-02
1.375276595354080200e-01
0.000000000000000000e+00
1.105477437376976013e-01
0.000000000000000000e+00
5.379989147186279297e-01
1.925072222948074341e-01
0.000000000000000000e+00
0.000000000000000000e+00
1.122935339808464050e-01
1.741038113832473755e-01
1.912371367216110229e-01
3.294817209243774414e-01
6.263533234596252441e-01
0.000000000000000000e+00
1.586696133017539978e-02
1.836990565061569214e-01
2.392191410064697266e+00
6.713861823081970215e-01
1.911108255386352539e+00
1.628005027770996094e+00
3.862896263599395752e-01
1.252797394990921021e-01
1.012243747711181641e+00
7.853682339191436768e-02
2.084441035985946655e-01
2.323106974363327026e-01
9.644879698753356934e-01
3.066782951354980469e-01
5.507194995880126953e-01
4.437898099422454834e-01
1.665143013000488281e+00
3.232243061065673828e-01
7.378672361373901367e-01
2.412038594484329224e-01
1.310552477836608887e+00
1.394663602113723755e-01
1.867082566022872925e-01
3.084383904933929443e-01
8.785588145256042480e-01
6.980271339416503906e-01
2.159499377012252808e-01
0.000000000000000000e+00
1.598305225372314453e+00
0.000000000000000000e+00
3.458333611488342285e-01
1.568817533552646637e-02
6.453241109848022461e-01
0.000000000000000000e+00
1.135163545608520508e+00
1.074480935931205750e-01
6.695935875177383423e-02
4.808177426457405090e-02
1.691054105758666992e-01
0.000000000000000000e+00
0.000000000000000000e+00
4.263991117477416992e-01
1.147468835115432739e-01
0.000000000000000000e+00
1.221902012825012207e+00
2.502915859222412109e-01
0.000000000000000000e+00
5.473159626126289368e-02
1.787939481437206268e-02
1.155844703316688538e-01
4.498751834034919739e-02
6.323423981666564941e-01
1.534586071968078613e+00
9.175098501145839691e-03
3.986204862594604492e-01
4.611747264862060547e+00
4.585499167442321777e-01
3.486019074916839600e-01
4.752426445484161377e-01
5.064203143119812012e-01
2.717226147651672363e-01
7.487964034080505371e-01
2.305993884801864624e-01
0.000000000000000000e+00
1.449771165847778320e+00
0.000000000000000000e+00
3.972677588462829590e-01
9.417007118463516235e-02
7.773821949958801270e-01
0.000000000000000000e+00
1.143886148929595947e-01
4.984462261199951172e-01
3.188599348068237305e+00
0.000000000000000000e+00
5.137751810252666473e-03
5.910954475402832031e-01
1.728500366210937500e+00
9.280928969383239746e-02
8.524163812398910522e-02
3.457205835729837418e-03
1.388068050146102905e-01
1.950241625308990479e-01
0.000000000000000000e+00
1.287350416183471680e+00
1.128766871988773346e-02
1.072629332542419434e+00
1.574314832687377930e+00
3.730664551258087158e-01
2.577173057943582535e-03
4.319118261337280273e-01
1.147410497069358826e-01
0.000000000000000000e+00
1.569723594002425671e-03
2.261637151241302490e-01
0.000000000000000000e+00
2.355502545833587646e-01
8.500974178314208984e-01
4.599345922470092773e-01
6.153051257133483887e-01
2.327787876129150391e-01
9.572833031415939331e-02
0.000000000000000000e+00
7.202059030532836914e-02
0.000000000000000000e+00
1.813922822475433350e-02
2.140433760359883308e-03
4.268204420804977417e-02
2.484672069549560547e+00
4.104939401149749756e-01
9.577970951795578003e-02
1.064402330666780472e-02
2.019392326474189758e-02
1.521770358085632324e-01
4.738800525665283203e-01
1.366776943206787109e+00
7.651974558830261230e-01
2.877304516732692719e-02
4.148223996162414551e-01
8.159476518630981445e-02
4.129988607019186020e-03
5.009767413139343262e-01
2.492000348865985870e-02
5.451699718832969666e-02
6.146970987319946289e-01
8.048298209905624390e-02
2.154380679130554199e-01
1.180310174822807312e-01
3.241574168205261230e-01
3.231647014617919922e-01
2.826330661773681641e-01
3.140021562576293945e+00
2.762257099151611328e+00
1.145629882812500000e-01
1.426064670085906982e-01
1.129292488098144531e+00
1.066524386405944824e+00
0.000000000000000000e+00
9.938092827796936035e-01
1.723890304565429688e-01
4.189042150974273682e-01
1.367617994546890259e-01
6.776476651430130005e-02
0.000000000000000000e+00
0.000000000000000000e+00
0.000000000000000000e+00
3.909754455089569092e-01
4.746557399630546570e-02
4.095082357525825500e-02
4.778362214565277100e-01
1.351504921913146973e-01
1.317887455224990845e-01
0.000000000000000000e+00
1.901992797851562500e+00
7.622680068016052246e-02
1.774856150150299072e-01
3.534450829029083252e-01
6.509059667587280273e-02
1.822804659605026245e-01
2.541316151618957520e-01
3.605023622512817383e-01
3.637174144387245178e-02
1.964842081069946289e-01
9.784844517707824707e-02
3.147576153278350830e-01
2.142753452062606812e-01
1.270390391349792480e+00
3.329012691974639893e-01
1.176810264587402344e-01
2.134998142719268799e-01
0.000000000000000000e+00
2.355207949876785278e-01
3.359929621219635010e-01
5.474504232406616211e-01
8.123759627342224121e-01
2.062684774398803711e+00
5.259510278701782227e-01
2.139601409435272217e-01
3.928686678409576416e-01
0.000000000000000000e+00
5.330921709537506104e-02
3.846146583557128906e+00
1.709274947643280029e-01
1.753502152860164642e-02
8.244443535804748535e-01
2.298607379198074341e-01
4.444850087165832520e-01
2.758193314075469971e-01
4.979009553790092468e-02
5.947062969207763672e-01
1.482301652431488037e-01
1.708054840564727783e-01
1.205977439880371094e+00
3.409123420715332031e-01
3.012655496597290039e+00
0.000000000000000000e+00
0.000000000000000000e+00
1.145689412951469421e-01
7.382918596267700195e-01
0.000000000000000000e+00
8.989754319190979004e-02
0.000000000000000000e+00
6.862401962280273438e-03
0.000000000000000000e+00
0.000000000000000000e+00
2.282951772212982178e-02
4.618344828486442566e-02
7.907898426055908203e-01
8.064423203468322754e-01
0.000000000000000000e+00
5.343163013458251953e-01
6.576738953590393066e-01
2.556174993515014648e-01
2.705035917460918427e-02
1.799372881650924683e-01
1.034539472311735153e-02
0.000000000000000000e+00
2.732839882373809814e-01
6.710861921310424805e-01
4.718762874603271484e+00
0.000000000000000000e+00
2.289526015520095825e-01
2.579968236386775970e-02
2.057154178619384766e+00
4.098724842071533203e+00
4.454650357365608215e-02
1.274177283048629761e-01
1.621127873659133911e-02
1.211242556571960449e+00
4.716019034385681152e-01
0.000000000000000000e+00
1.414286971092224121e+00
4.304734230041503906e+00
2.133275270462036133e-01
2.464336343109607697e-02
1.877170205116271973e+00
1.556558348238468170e-02
2.156993001699447632e-01
1.508825123310089111e-01
5.600053817033767700e-02
1.191807165741920471e-01
5.573922768235206604e-02
8.098488301038742065e-02
1.666794300079345703e+00
1.063093468546867371e-01
1.768930852413177490e-01
2.179037034511566162e-02
9.366269707679748535e-01
1.656217128038406372e-01
0.000000000000000000e+00
8.067548274993896484e-03
2.516730129718780518e-01
3.567744195461273193e-01
2.297447770833969116e-01
4.966485798358917236e-01
2.496659010648727417e-01
1.259704530239105225e-01
1.505661457777023315e-01
9.883295744657516479e-02
4.174650013446807861e-01
8.384983539581298828e-01
2.082465589046478271e-01
5.966082096099853516e+00
0.000000000000000000e+00
1.817946881055831909e-01
0.000000000000000000e+00
3.878465294837951660e-02
1.842936635017395020e+00
1.217917799949645996e+00
0.000000000000000000e+00
3.540219739079475403e-02
1.003204137086868286e-01
7.414791733026504517e-02
4.684419929981231689e-02
0.000000000000000000e+00
4.846345633268356323e-02
2.590895593166351318e-01
0.000000000000000000e+00
8.616955876350402832e-01
7.288798093795776367e-01
1.104932725429534912e-01
5.479716062545776367e-01
2.914337158203125000e+00
3.893481567502021790e-02
8.875042200088500977e-02
2.385935336351394653e-01
0.000000000000000000e+00
3.270955085754394531e-01
5.387334823608398438e-01
0.000000000000000000e+00
9.901437908411026001e-02
1.329198598861694336e+00
2.485010623931884766e+00
1.570927202701568604e-01
2.819320559501647949e-01
8.444017171859741211e-02
3.946685418486595154e-02
1.777398109436035156e+00
1.122100234031677246e+00
1.104799628257751465e+00
6.894685328006744385e-02
2.362730503082275391e-01
1.654883861541748047e+00
4.944903254508972168e-01
8.676256537437438965e-01
1.178143452852964401e-02
5.025047063827514648e-01
1.638747006654739380e-02
5.786658525466918945e-01
0.000000000000000000e+00
7.835233807563781738e-01
2.310407161712646484e-01
1.735329329967498779e-01
2.214037068188190460e-02
2.449615299701690674e-01
4.033499658107757568e-01
0.000000000000000000e+00
1.518896102905273438e+00
2.455154210329055786e-01
2.681258320808410645e-02
1.655932426452636719e+00
1.373813033103942871e+00
1.006490290164947510e-01
5.308792591094970703e-01
4.149162173271179199e-01
2.484933137893676758e+00
2.470002919435501099e-01
3.233495354652404785e-01
1.282226085662841797e+00
2.232002317905426025e-01
3.241921365261077881e-01
0.000000000000000000e+00
2.662360668182373047e-01
2.793717384338378906e-01
3.640372678637504578e-02
5.652060508728027344e-01
0.000000000000000000e+00
8.219352960586547852e-01
4.560903906822204590e-01
5.761183500289916992e-01
6.274085491895675659e-02
0.000000000000000000e+00
8.104410767555236816e-02
8.562572002410888672e-01
0.000000000000000000e+00
1.013275831937789917e-01
1.056979894638061523e-01
3.711223602294921875e-02
2.198074907064437866e-01
0.000000000000000000e+00
3.368178904056549072e-01
0.000000000000000000e+00
4.196562618017196655e-02
0.000000000000000000e+00
1.623066782951354980e+00
2.840257287025451660e-01
2.936681509017944336e-01
0.000000000000000000e+00
3.309683203697204590e-01
0.000000000000000000e+00
0.000000000000000000e+00
0.000000000000000000e+00
3.054968640208244324e-02
3.553019091486930847e-02
1.411062926054000854e-01
5.078896880149841309e-01
8.194581866264343262e-01
5.265126004815101624e-02
1.525513827800750732e-01
2.244698815047740936e-03
1.564807742834091187e-01
8.401244878768920898e-01
0.000000000000000000e+00
4.735232517123222351e-02
8.357589244842529297e-01
1.280524432659149170e-01
2.866042545065283775e-03
4.015527293086051941e-02
2.207101345062255859e+00
1.967007398605346680e+00
7.633451223373413086e-01
6.478541493415832520e-01
9.086787700653076172e-01
1.110781356692314148e-02
9.711562097072601318e-02
0.000000000000000000e+00
0.000000000000000000e+00
4.406649470329284668e-01
1.805879354476928711e+00
6.538479328155517578e-01
2.031979858875274658e-01
0.000000000000000000e+00
1.208902150392532349e-01
1.579827070236206055e-01
1.135016918182373047e+00
6.399917006492614746e-01
4.323537647724151611e-02
1.445696800947189331e-01
1.897468045353889465e-02
1.408851504325866699e+00
6.282849609851837158e-02
3.760140389204025269e-02
8.300861716270446777e-02
4.005927145481109619e-01
7.241326570510864258e-02
6.526355445384979248e-02
2.023993730545043945e+00
1.296821534633636475e-01
2.740105614066123962e-02
3.358428180217742920e-02
2.132021903991699219e+00
0.000000000000000000e+00
2.213633060455322266e-01
5.904313921928405762e-01
5.485230088233947754e-01
0.000000000000000000e+00
4.637114703655242920e-02
2.163111567497253418e-01
5.851815342903137207e-01
5.041214451193809509e-02
3.000052571296691895e-01
6.520833969116210938e-01
1.032182455062866211e+00
1.375798732042312622e-01
3.983174636960029602e-02
8.079269900918006897e-04
1.807775378227233887e+00
1.116102933883666992e-01
1.093634605407714844e+00
0.000000000000000000e+00
4.611394107341766357e-01
2.036656290292739868e-01
4.436599612236022949e-01
2.182714641094207764e-01
1.571991741657257080e-01
0.000000000000000000e+00
1.290333986282348633e+00
1.051429986953735352e+00
3.165840506553649902e-01
1.166894882917404175e-01
5.195022225379943848e-01
3.756534755229949951e-01
4.658371210098266602e-01
2.915684938430786133e+00
9.941595196723937988e-01
3.509638905525207520e-01
0.000000000000000000e+00
3.095631837844848633e+00
1.526792526245117188e+00
1.672429919242858887e+00
4.264200031757354736e-01
4.497020721435546875e+00
6.013532727956771851e-02
0.000000000000000000e+00
9.258782491087913513e-03
0.000000000000000000e+00
0.000000000000000000e+00
5.541056990623474121e-01
7.558756507933139801e-03
2.995787858963012695e+00
6.531227231025695801e-01
3.054995834827423096e-02
1.818577349185943604e-01
4.313192889094352722e-02
7.007230073213577271e-03
9.231079816818237305e-01
4.466296136379241943e-01
1.631214097142219543e-02
1.095558285713195801e+00
1.338300466537475586e+00
4.063898324966430664e-01
3.557069003582000732e-01
2.765314467251300812e-02
2.340688228607177734e+00
3.311038613319396973e-01
4.728309810161590576e-01
5.282134413719177246e-01
1.401612460613250732e-01
5.795233845710754395e-01
0.000000000000000000e+00
4.299761354923248291e-02
2.521300017833709717e-01
2.764769596979022026e-03
9.442261457443237305e-01
1.102078780531883240e-01
9.469760209321975708e-02
0.000000000000000000e+00
1.534604281187057495e-01
4.439354836940765381e-01
6.359499692916870117e-01
7.513752579689025879e-02
7.281443476676940918e-02
0.000000000000000000e+00
7.562922686338424683e-02
1.433901339769363403e-01
4.527818039059638977e-02
4.973926544189453125e-01
3.378073126077651978e-02
0.000000000000000000e+00
1.469160765409469604e-01
5.746579729020595551e-03
2.811906039714813232e-01
1.806319355964660645e-01
7.465381175279617310e-02
7.142595052719116211e-01
0.000000000000000000e+00
6.186208724975585938e-01
1.061662673950195312e+00
4.098821058869361877e-02
1.322313308715820312e+00
0.000000000000000000e+00
1.267401576042175293e+00
1.661446392536163330e-01
0.000000000000000000e+00
1.337427139282226562e+00
2.565440833568572998e-01
2.366143465042114258e-01
1.004468053579330444e-01
1.620006412267684937e-01
1.903094291687011719e+00
3.102525174617767334e-01
1.216228902339935303e-01
2.960047721862792969e-01
3.151693940162658691e-02
2.649960666894912720e-02
0.000000000000000000e+00
2.036817073822021484e-01
6.536118686199188232e-02
1.806339919567108154e-01
2.116111963987350464e-01
9.894611686468124390e-02
8.733199536800384521e-02
3.374731242656707764e-01
7.980962991714477539e-01
9.351644665002822876e-02
1.546281456947326660e+00
8.440369367599487305e-02
1.150848507881164551e+00
1.915413327515125275e-02
1.419814974069595337e-01
9.601762890815734863e-01
6.800941228866577148e-01
4.889009892940521240e-01
1.862204909324645996e+00
2.381886243820190430e-01
1.138788834214210510e-01
3.118948638439178467e-01
1.145427376031875610e-01
1.048758387565612793e+00
3.132041394710540771e-01
1.161386072635650635e-01
0.000000000000000000e+00
8.877222985029220581e-02
2.161578178405761719e+00
8.435612544417381287e-04
1.565520763397216797e+00
2.442362606525421143e-01
7.917822003364562988e-01
1.351448655128479004e+00
2.033751308917999268e-01
3.614538162946701050e-02
3.747466206550598145e-02
5.619446747004985809e-03
0.000000000000000000e+00
0.000000000000000000e+00
2.100621700286865234e+00
4.075501561164855957e-01
1.583837270736694336e-01
9.927763603627681732e-03
0.000000000000000000e+00
2.088935613632202148e+00
1.998695850372314453e+00
9.710469245910644531e-01
0.000000000000000000e+00
4.540269076824188232e-02
1.769631505012512207e+00
2.022273540496826172e+00
9.505541324615478516e-01
4.856255277991294861e-02
2.996008694171905518e-01
1.832185536623001099e-01
1.744303464889526367e+00
0.000000000000000000e+00
1.505217105150222778e-01
9.759487584233283997e-04
0.000000000000000000e+00
2.831871509552001953e-01
9.197048097848892212e-02
7.859641909599304199e-01
0.000000000000000000e+00
3.557777404785156250e-01
4.445840604603290558e-03
1.434753090143203735e-01
2.173810005187988281e+00
1.201719999313354492e+00
2.868426404893398285e-02
1.165724992752075195e-01
1.808482885360717773e+00
5.942203998565673828e-01
0.000000000000000000e+00
0.000000000000000000e+00
1.519175052642822266e+00
9.158854484558105469e-01
5.530795454978942871e-01
3.133949041366577148e-01
3.408890217542648315e-02
8.776742219924926758e-02
6.471676826477050781e-01
7.198928594589233398e-01
1.324868083000183105e+00
3.313797116279602051e-01
2.190613187849521637e-02
9.373397566378116608e-03
5.654078125953674316e-01
1.702301390469074249e-02
4.008145630359649658e-02
8.120722770690917969e-01
2.013199031352996826e-01
3.314061462879180908e-01
2.104800892993807793e-03
8.875104039907455444e-02
6.630744040012359619e-02
9.365462511777877808e-02
2.962991222739219666e-02
7.494145035743713379e-01
5.032248497009277344e+00
0.000000000000000000e+00
1.000554487109184265e-01
1.370096802711486816e-01
1.647188812494277954e-01
1.203252226114273071e-01
7.892186939716339111e-02
5.927287340164184570e-01
5.688896775245666504e-01
4.871330261230468750e-01
1.646042019128799438e-01
3.098864294588565826e-02
1.808289089240133762e-03
5.590521812438964844e+00
1.553272157907485962e-01
0.000000000000000000e+00
9.071838855743408203e-02
1.760939359664916992e-01
2.782132104039192200e-02
1.481918841600418091e-01
1.458754837512969971e-01
1.579615175724029541e-01
2.056961506605148315e-01
3.608466126024723053e-03
1.609081864356994629e+00
1.533001184463500977e+00
1.011579260230064392e-01
1.532827317714691162e-02
1.308383584022521973e+00
3.744631111621856689e-01
1.898390173912048340e+00
6.539552807807922363e-01
5.578384995460510254e-01
4.786712527275085449e-01
9.146590232849121094e-01
2.829658091068267822e-01
1.786672592163085938e+00
1.359376776963472366e-02
2.082429453730583191e-02
3.591759204864501953e-01
3.105575777590274811e-02
5.070576667785644531e-01
1.599581912159919739e-03
1.112404346466064453e+00
7.870440604165196419e-04
9.912928342819213867e-01
8.878596127033233643e-03
9.335606545209884644e-02
4.694037139415740967e-02
5.140703320503234863e-01
0.000000000000000000e+00
1.922937512397766113e+00
2.467511594295501709e-02
8.024845719337463379e-01
1.117119312286376953e+00
3.340535461902618408e-01
4.602979123592376709e-01
2.501052618026733398e+00
5.786325931549072266e-01
1.747012585401535034e-01
4.884900450706481934e-01
2.408579587936401367e-01
7.305642589926719666e-03
4.460125267505645752e-01
1.699361652135848999e-01
7.745617069303989410e-03
5.651304125785827637e-01
0.000000000000000000e+00
1.141623556613922119e-01
7.063721418380737305e-01
3.336837887763977051e-02
6.369287967681884766e-01
1.258930802345275879e+00
1.209021568298339844e+00
2.878259634599089622e-03
1.670305803418159485e-02
7.311019897460937500e-01
9.638827443122863770e-01
1.406246572732925415e-01
2.023902088403701782e-01
8.331868797540664673e-02
1.217780113220214844e+00
3.161529004573822021e-01
1.866260647773742676e+00
1.151018366217613220e-01
0.000000000000000000e+00
1.507897744886577129e-03
3.445781469345092773e-01
1.726798892021179199e+00
6.570643186569213867e-02
1.365590374916791916e-02
1.293836534023284912e-01
2.497124858200550079e-02
4.145009219646453857e-01
4.609351605176925659e-02
2.954868316650390625e+00
4.849017038941383362e-02
6.428333520889282227e-01
8.596827983856201172e-01
2.833882868289947510e-01
1.153883058577775955e-02
6.104823667556047440e-03
1.585948765277862549e-01
3.347431421279907227e+00
1.628878265619277954e-01
4.785273075103759766e-01
1.885914504528045654e-01
1.207915544509887695e-01
7.029777169227600098e-01
9.956970810890197754e-02
0.000000000000000000e+00
9.480537474155426025e-02
1.431088894605636597e-01
2.698934404179453850e-03
1.382894814014434814e-02
1.285143643617630005e-01
2.952891886234283447e-01
6.752277165651321411e-02
3.360103368759155273e-01
1.092248916625976562e+00
0.000000000000000000e+00
3.345849812030792236e-01
5.533719062805175781e-02
4.031182080507278442e-02
2.872862219810485840e-01
6.156587228178977966e-02
4.624329879879951477e-02
4.090084433555603027e-01
0.000000000000000000e+00
3.144340515136718750e-01
7.494733333587646484e+00
9.420639276504516602e-01
9.919261932373046875e-02
0.000000000000000000e+00
3.341323137283325195e-02
2.303735494613647461e+00
3.731255829334259033e-01
2.270112782716751099e-01
7.494318485260009766e-02
8.187729716300964355e-01
5.990402102470397949e-01
3.849413990974426270e-01
2.600586973130702972e-02
1.035796701908111572e-01
1.141075015068054199e+00
3.046079158782958984e+00
6.133247911930084229e-02
4.033758640289306641e+00
8.885072469711303711e-01
0.000000000000000000e+00
1.887916445732116699e+00
2.279826253652572632e-01
2.006787300109863281e+00
0.000000000000000000e+00
1.533628463745117188e+00
0.000000000000000000e+00
1.978813856840133667e-02
1.324094533920288086e+00
1.238331198692321777e+00
1.101493716239929199e+00
0.000000000000000000e+00
1.405610591173171997e-01
4.023917913436889648e-01
1.460181117057800293e+00
3.310218751430511475e-01
2.759630978107452393e-01
1.623480697162449360e-03
1.018921937793493271e-02
3.146808221936225891e-02
3.642613589763641357e-01
5.671724677085876465e-02
2.302965641021728516e+00
4.062191117554903030e-03
1.086390018463134766e-02
1.458783745765686035e-01
2.289148122072219849e-01
4.594244435429573059e-02
1.727175526320934296e-02
4.710473492741584778e-02
0.000000000000000000e+00
4.368780851364135742e-01
1.566278487443923950e-01
7.749161124229431152e-01
2.768643796443939209e-01
4.454774260520935059e-01
0.000000000000000000e+00
5.510741472244262695e-01
1.013639792799949646e-01
0.000000000000000000e+00
2.079720050096511841e-01
1.985575914382934570e+00
1.743473291397094727e+00
0.000000000000000000e+00
1.607659578323364258e+00
0.000000000000000000e+00
7.304161787033081055e-01
2.436609119176864624e-01
4.628295451402664185e-02
2.040162801742553711e+00
5.592218637466430664e-01
2.567538022994995117e+00
1.628245562314987183e-01
6.012991070747375488e-01
1.028198674321174622e-01
2.016505002975463867e-01
9.004132151603698730e-01
0.000000000000000000e+00
4.003382325172424316e-01
3.427158594131469727e-01
4.183793663978576660e-01
5.962926745414733887e-01
1.770056970417499542e-02
2.029566094279289246e-03
6.859986484050750732e-02
8.089372515678405762e-01
1.243242025375366211e-01
1.085224270820617676e+00
0.000000000000000000e+00
1.060339927673339844e+00
4.697283804416656494e-01
1.096527218818664551e+00
2.367830425500869751e-01
3.559080660343170166e-01
1.754875302314758301e+00
0.000000000000000000e+00
0.000000000000000000e+00
3.743077442049980164e-02
6.811348795890808105e-01
7.309622317552566528e-02
7.423059642314910889e-02
5.828242301940917969e-01
9.662920236587524414e-02
3.315254300832748413e-02
0.000000000000000000e+00
5.336540937423706055e-01
2.294096201658248901e-01
4.077441990375518799e-01
4.030433017760515213e-03
1.367521286010742188e+00
5.233688279986381531e-02
1.199553385376930237e-01
1.271532177925109863e+00
1.846705190837383270e-02
1.367184817790985107e-01
9.676594734191894531e-01
5.748727545142173767e-02
3.817121684551239014e-01
9.252205491065979004e-01
1.144431978464126587e-01
2.088718861341476440e-01
6.861975044012069702e-02
3.547299802303314209e-01
2.004480510950088501e-01
0.000000000000000000e+00
7.485049217939376831e-02
1.802477121353149414e+00
4.109149053692817688e-02
1.191951781511306763e-01
1.755626173689961433e-03
1.111071705818176270e-01
5.628382563591003418e-01
0.000000000000000000e+00
1.615565419197082520e+00
1.093830689787864685e-01
1.233628168702125549e-01
0.000000000000000000e+00
2.306613177061080933e-01
3.126399815082550049e-01
1.949751377105712891e-01
3.743815124034881592e-01
2.510128021240234375e-01
1.230617463588714600e-01
1.176399350166320801e+00
1.881718486547470093e-01
9.039392471313476562e-01
9.060864895582199097e-02
2.992245554924011230e-01
3.396310508251190186e-01
2.470976114273071289e+00
1.430114656686782837e-01
4.285414814949035645e-01
2.919218316674232483e-02
3.329475879669189453e+00
1.466515421867370605e+00
5.542952567338943481e-02
6.158330440521240234e-01
7.110826373100280762e-01
1.029330849647521973e+00
0.000000000000000000e+00
5.108191967010498047e-01
6.996935606002807617e-02
6.002828106284141541e-02
5.842643380165100098e-01
6.215687096118927002e-02
0.000000000000000000e+00
2.079928666353225708e-01
4.385475218296051025e-01
1.613638997077941895e-01
5.928807258605957031e-01
9.033684134483337402e-01
8.798426389694213867e-02
2.870748639106750488e-01
2.023889541625976562e+00
5.687700584530830383e-02
7.939486950635910034e-02
1.115374639630317688e-01
6.890591233968734741e-02
3.136086761951446533e-01
1.870180293917655945e-02
8.225319534540176392e-02
5.792155861854553223e-01
0.000000000000000000e+00
2.659852206707000732e-01
4.477354586124420166e-01
8.317724466323852539e-01
4.194348305463790894e-02
8.199139684438705444e-02
5.939259529113769531e-01
0.000000000000000000e+00
4.202293157577514648e-01
1.283472478389739990e-01
4.209980070590972900e-01
1.387143969535827637e+00
1.050917953252792358e-01
0.000000000000000000e+00
3.307139500975608826e-02
5.438560247421264648e-01
9.039013981819152832e-01
9.951671957969665527e-02
4.889356791973114014e-01
8.634628355503082275e-02
2.544681355357170105e-02
3.917176127433776855e-01
3.593761846423149109e-02
0.000000000000000000e+00
7.783139944076538086e-01
0.000000000000000000e+00
4.502606868743896484e+00
9.366660714149475098e-01
0.000000000000000000e+00
2.695537917315959930e-02
3.477244377136230469e-01
0.000000000000000000e+00
1.696989893913269043e+00
8.178209662437438965e-01
7.217437028884887695e-02
3.237716257572174072e-01
3.084668889641761780e-02
2.623508870601654053e-01
3.138866648077964783e-02
2.046593427658081055e-01
0.000000000000000000e+00
7.195258736610412598e-01
4.608581960201263428e-01
4.860945791006088257e-02
1.220486640930175781e+00
5.601972341537475586e-02
1.839008212089538574e+00
9.430043399333953857e-03
6.439300775527954102e-01
8.737350255250930786e-02
0.000000000000000000e+00
0.000000000000000000e+00
1.199394345283508301e+00
6.021649241447448730e-01
6.906226277351379395e-01
7.447323948144912720e-02
2.017987370491027832e-01
9.963013529777526855e-01
1.502785533666610718e-01
2.071707397699356079e-01
5.255041122436523438e-01
0.000000000000000000e+00
4.672676697373390198e-02
0.000000000000000000e+00
3.168004751205444336e-02
2.684519588947296143e-01
6.800812482833862305e-01
1.911200404167175293e+00
7.481014728546142578e-02
3.382425755262374878e-02
5.977969169616699219e-01
3.570692846551537514e-03
5.501609444618225098e-01
1.627535820007324219e-01
3.723814189434051514e-01
3.936283290386199951e-01
3.381881952285766602e+00
1.750217005610466003e-02
7.297137379646301270e-02
2.463132515549659729e-02
1.273281127214431763e-01
1.067362166941165924e-02
1.397906064987182617e+00
4.090906120836734772e-03
0.000000000000000000e+00
2.441707134246826172e+00
5.492436140775680542e-02
5.678556561470031738e-01
7.068009376525878906e-01
7.287986576557159424e-02
2.418683608993887901e-03
1.809335197322070599e-03
1.716677332296967506e-03
7.944087386131286621e-01
1.830565333366394043e-01
6.794321537017822266e-01
0.000000000000000000e+00
3.943378686904907227e+00
6.522744428366422653e-03
1.715496927499771118e-01
3.486142456531524658e-01
1.837397664785385132e-01
5.426328778266906738e-01
5.456493422389030457e-02
1.224767923355102539e+00
1.172477483749389648e+00
9.935901165008544922e-01
1.056246235966682434e-01
8.280868828296661377e-02
4.755910113453865051e-02
0.000000000000000000e+00
3.087557256221771240e-01
0.000000000000000000e+00
3.174375295639038086e-01
5.739516615867614746e-01
4.399737119674682617e-01
2.000752836465835571e-01
1.453684717416763306e-01
1.995252519845962524e-01
3.228022754192352295e-01
1.748833805322647095e-02
1.966182827949523926e+00
1.930831815116107464e-03
1.501856297254562378e-01
8.347030282020568848e-01
1.194551363587379456e-01
4.643332064151763916e-01
8.566169440746307373e-02
1.389500617980957031e+00
2.102635860443115234e+00
1.192443847656250000e+00
1.441812608391046524e-02
6.667266488075256348e-01
5.711024403572082520e-01
2.118930965662002563e-02
5.773504376411437988e-01
1.428893446922302246e+00
0.000000000000000000e+00
1.684255480766296387e+00
2.544302701950073242e+00
2.131952196359634399e-01
2.603939056396484375e+00
1.085198283195495605e+00
4.690629616379737854e-02
0.000000000000000000e+00
2.203066647052764893e-01
4.975335896015167236e-01
1.386887133121490479e-01
3.132496476173400879e-01
2.390368282794952393e-02
6.805978715419769287e-02
5.919076800346374512e-01
6.141076683998107910e-01
2.774010300636291504e-01
1.362068057060241699e-01
3.717395305633544922e+00
0.000000000000000000e+00
6.963208913803100586e-01
1.147420167922973633e+00
1.271029654890298843e-02
1.828982234001159668e-01
2.392188549041748047e+00
2.246297709643840790e-02
5.007510781288146973e-01
5.480653420090675354e-02
1.891813427209854126e-01
7.378094196319580078e-01
1.785544157028198242e+00
4.878888428211212158e-01
3.208949929103255272e-03
2.732903003692626953e+00
4.733014479279518127e-02
5.825096964836120605e-01
0.000000000000000000e+00
1.145200014114379883e+00
0.000000000000000000e+00
2.983341924846172333e-02
8.146142214536666870e-02
8.510144352912902832e-01
6.301590800285339355e-02
2.800886332988739014e-01
3.769572377204895020e-01
1.349609997123479843e-02
1.088143698871135712e-02
3.338334858417510986e-01
7.764579772949218750e+00
6.537082195281982422e+00
1.500424891710281372e-01
1.062449574470520020e+00
1.219603195786476135e-01
1.388373374938964844e+00
2.482880592346191406e+00
6.982923299074172974e-02
1.930783619172871113e-03
6.779049336910247803e-02
1.999414563179016113e+00
3.274250328540802002e-01
8.567766100168228149e-02
7.151023745536804199e-01
3.481164276599884033e-01
6.888082623481750488e-01
6.084334850311279297e-01
2.162898182868957520e-01
7.890626788139343262e-01
2.338022738695144653e-01
5.127429962158203125e-01
1.924532093107700348e-02
4.983642399311065674e-01
5.601174011826515198e-02
2.660011529922485352e+00
4.775643348693847656e-03
6.110122799873352051e-01
6.674263477325439453e-01
3.121413946151733398e+00
1.834122538566589355e+00
0.000000000000000000e+00
5.146578699350357056e-02
1.580675691366195679e-01
9.759175777435302734e-01
9.664434194564819336e-01
7.459235787391662598e-01
7.332956045866012573e-02
8.664973378181457520e-01
1.108783334493637085e-01
6.645840406417846680e-02
9.310290217399597168e-02
2.163417041301727295e-01
9.691563844680786133e-01
3.599627315998077393e-02
1.301929354667663574e-01
2.591782569885253906e+00
6.495128273963928223e-01
1.892027556896209717e-01
8.683620095252990723e-01
0.000000000000000000e+00
4.937970638275146484e-01
6.042145565152168274e-02
0.000000000000000000e+00
6.183734163641929626e-03
1.861746981739997864e-02
1.776541955769062042e-02
7.788804173469543457e-02
6.110921502113342285e-01
9.750371426343917847e-02
5.068545341491699219e-01
5.095833539962768555e-01
7.157320380210876465e-01
1.761184096336364746e+00
5.946173667907714844e-01
1.726992249488830566e+00
4.418083429336547852e-01
8.474287986755371094e-01
0.000000000000000000e+00
1.841855049133300781e+00
2.104129344224929810e-01
4.386111199855804443e-01
1.645002812147140503e-01
4.770639166235923767e-02
2.495493590831756592e-01
4.250011444091796875e-01
1.020066216588020325e-01
7.969113588333129883e-01
0.000000000000000000e+00
1.103368848562240601e-01
4.391577839851379395e-01
2.839190959930419922e-01
2.164997160434722900e-01
5.238844752311706543e-01
3.748779296875000000e-01
8.019652366638183594e-01
0.000000000000000000e+00
9.964263439178466797e-02
1.079873368144035339e-01
3.724132478237152100e-02
7.261318620294332504e-03
8.402109891176223755e-02
1.850633770227432251e-01
1.886294960975646973e+00
4.880825877189636230e-01
4.855269193649291992e-02
7.261214733123779297e+00
8.248230814933776855e-01
0.000000000000000000e+00
1.201088190078735352e+00
2.064774185419082642e-02
8.345220088958740234e-01
2.243400812149047852e-01
3.263318166136741638e-02
6.107031106948852539e-01
0.000000000000000000e+00
7.339540403336286545e-03
1.780353426933288574e+00
0.000000000000000000e+00
1.276456415653228760e-01
1.740978658199310303e-02
1.749045699834823608e-01
1.821326255798339844e+00
1.299705982208251953e+00
6.063899397850036621e-01
9.206138253211975098e-01
7.062314748764038086e-01
2.306038141250610352e-01
0.000000000000000000e+00
0.000000000000000000e+00
7.145326733589172363e-01
0.000000000000000000e+00
1.479002879932522774e-03
7.471691966056823730e-01
1.554476767778396606e-01
4.197304844856262207e-01
1.509140878915786743e-01
1.510540097951889038e-01
