8.697136344437694788e-09
2.411226218690387668e-10
4.221516913816003580e-09
3.072916270399628225e-12
2.189372381306009530e-12
8.356594582981102803e-11
2.595439922009612488e-12
3.945020005113875072e-11
1.476664301947039348e-08
3.704254680769736296e-09
5.879647233086870983e-06
1.179320946453898955e-10
8.420784070040099323e-08
3.735698694828926136e-10
1.527592635719443592e-11
1.725123932594385678e-09
1.321956460742512718e-06
5.978192518796277000e-08
7.092856857404683524e-10
4.612186674246565588e-11
2.558860762169601344e-11
1.905962150258733168e-12
3.313967766871428466e-09
1.978999534912873060e-06
8.449485733308392810e-08
7.703039591433480382e-05
9.863703631651787873e-09
1.675755001429024560e-08
8.269757017842493951e-06
4.154225574648506836e-11
5.917756062956414098e-09
1.154033634520601481e-05
9.726369931684075709e-09
4.527141328480865923e-08
1.633292723290935555e-09
1.142448427526865373e-10
8.414661856193106360e-09
1.206858435409685626e-08
9.740539042013551807e-08
2.539671806189858216e-09
1.430506841870737844e-07
7.785092015488714878e-10
5.973809780179806239e-10
3.474446508278106194e-09
1.310224151396255365e-09
4.999956715323605749e-08
1.240502314203695278e-07
1.430784468681167709e-08
1.482973882582783176e-10
3.999275577371008694e-06
2.586080336186569184e-05
5.722797027374326717e-07
1.435701668661693020e-09
1.113390482032627915e-07
1.048157969307794701e-06
9.505354725547476846e-09
5.292807525592024831e-09
3.915368473883518163e-09
1.678577971064854069e-10
6.491387125606706832e-07
1.138049432469756539e-09
1.630297112586998054e-11
2.410675437047871128e-09
7.110909777674478960e-11
1.131714100210956531e-08
7.905759380477661580e-10
4.508898254762527813e-10
3.620095594669692218e-05
1.888351874868021696e-07
1.505554081404625322e-07
1.085394252774152246e-12
5.978634726488962770e-05
2.124474858186675696e-12
1.220244565114381174e-11
7.697313652351572832e-14
2.457648529130551651e-10
3.189409270021315024e-08
4.620209770322958320e-10
2.450641467532932438e-08
6.100825266912579536e-04
6.974134691972722067e-08
1.670809601783673770e-10
9.947922308128909208e-07
4.749643665036273887e-07
1.382030601071448928e-10
5.589812985817843582e-07
5.739283537309347594e-08
1.562189266834934642e-09
1.582817488188226207e-10
4.298346123476903813e-09
3.805809356549616496e-08
1.690402373633048683e-09
1.261535542695924050e-09
2.136464338775567740e-08
4.632543307292458223e-11
7.019379869022124296e-12
3.586554386814100326e-10
1.381541214762194159e-09
5.072024467089875088e-10
7.430291049104198464e-09
3.455108199545975367e-08
7.052641803895198791e-10
1.281439267586392816e-06
4.881574113824171945e-07
2.673774757155911175e-09
1.837068908452921256e-12
1.466012727879828503e-10
5.506693191714706614e-13
3.074934751268187938e-11
6.550405218241905914e-10
3.461050612774130286e-10
2.700986442505382001e-06
1.136469381890492514e-05
1.920287262535680384e-09
9.520891097736239317e-08
7.596940854170952662e-09
5.380973097657282267e-11
6.780982744203356560e-07
6.171447603264823556e-05
1.058617016269636224e-07
7.767071963371563470e-08
3.796923664367568563e-08
4.895847061092695185e-10
1.042597887135343626e-06
1.586784748042191495e-08
1.970631835490621597e-08
3.807018345014512306e-08
2.025637009473932326e-13
5.501880201430608963e-11
3.716542096299235709e-08
3.801247511203698082e-11
9.569230824402197300e-11
1.823914283494154631e-11
1.481578919992898591e-06
9.374345744106449274e-10
1.917843945875574718e-07
1.973903485108507994e-09
3.474749377119223936e-10
8.676694562836928526e-08
4.848047410632716492e-06
3.671959348139353096e-05
3.164892768836580217e-05
1.014448969272052636e-07
5.731828522925752623e-08
5.751853038304943766e-08
1.068967914186202961e-09
1.612839306552871221e-09
8.635678838686544623e-09
1.206171412748702210e-10
2.533129817017254481e-10
6.273741064433124848e-07
2.821477210090961307e-05
3.668449988225574998e-10
5.154373360961340966e-14
2.021186412681785782e-10
7.745032371518634218e-13
1.571230923147481917e-10
1.462343690583622902e-09
1.896954954228036172e-10
3.030868174391798675e-05
6.081222192477753197e-09
7.676239022202935303e-08
5.571953352045966312e-06
1.393737836252739726e-08
1.285863326927483286e-08
2.935700926798290311e-08
4.018166350761021022e-07
1.017453541862778366e-05
1.021246143206866464e-10
1.053265903449640897e-14
1.899031279450902332e-12
1.632308794796699658e-07
1.863796939005624154e-08
1.065275756495509540e-09
2.760276229807345771e-09
3.813536708641152018e-10
4.234330663877017287e-09
1.884107453387073861e-10
1.008829642046293884e-08
1.474884902563644573e-05
1.069102654582820833e-05
5.991485640954863356e-10
5.476726627762218413e-09
8.207665103121541961e-11
2.805761916205296025e-12
7.708472749001771263e-12
4.542665202333928676e-11
6.824933396210042247e-10
8.290108183262034913e-11
1.531404194565766375e-07
1.016970285760976367e-09
4.485945392929124864e-09
8.858375187895117797e-13
8.230077210014119515e-12
9.295507141793279970e-10
1.436869178327027097e-12
1.220031094817386474e-06
1.717908588716454688e-07
4.891497762393726134e-10
9.161701619575524091e-09
4.883850615589047095e-11
1.842997282563985095e-11
9.327816297144408964e-13
3.635721064487729137e-12
8.845172858040761810e-13
1.740666704108662088e-07
1.675545936450362206e-04
3.598574993546321821e-09
1.241747196763753891e-02
8.349656965833673894e-09
5.518101531265529047e-09
5.607747599611911937e-09
4.871391050959017477e-12
3.461794739756385297e-11
2.048334390991612963e-09
4.418139187833958204e-10
1.922473416016146075e-07
6.568329694977680794e-15
1.450803886748897042e-12
7.945062385772416746e-10
2.801991494730260435e-12
2.637979834574366578e-10
3.867019204850663527e-11
1.081800249380648893e-08
6.390941962308716029e-07
5.517073375926884182e-08
1.211547218105124557e-08
3.465761437837500125e-06
5.309605701072847572e-15
6.919018851782310353e-13
1.615681255451306697e-09
4.386516705423559870e-10
3.163647295523208669e-12
1.218536160862981887e-09
3.325585362645711029e-10
7.980188820511102676e-05
6.016199982639136579e-09
6.810191521822162031e-09
3.073348908699813364e-09
3.884741417436998745e-10
4.707647899976352690e-12
5.090404226609779315e-12
1.069259914984743709e-12
1.381966825420022360e-07
3.728685069037673827e-11
8.273072893416610896e-09
2.763371230685152113e-05
5.091972104923937759e-14
2.300944018651662759e-10
1.435971483942921623e-07
4.920235774363845849e-09
1.026541121973423287e-05
1.033306551434520770e-09
1.182770895113982590e-12
1.555006262643487958e-10
2.556925227104045462e-10
7.668402024485487800e-10
7.963670611843554070e-08
1.300200780374183296e-10
1.276147213502554223e-05
2.022157996606210872e-10
6.122361519373953342e-04
7.384599117095380638e-13
7.229485898818666101e-09
1.255016144341425388e-07
4.268401743168226403e-10
2.952148595025683164e-11
4.284034932355851311e-11
2.390722784184617922e-07
9.388134003529557958e-08
2.195901793733412433e-11
9.167449022129403602e-10
2.254060120776557596e-07
2.472648024559020996e-02
1.677196270755132446e-09
1.216123337144381367e-06
9.252964616734971059e-08
1.504725788414873477e-09
7.941963531266083010e-08
1.616437886320376549e-11
2.176799573927468145e-10
2.860384817893191212e-09
6.815538411419908016e-11
2.076625449376479082e-08
1.304481154172643098e-13
1.856972353664332331e-09
1.190403609019341502e-10
1.184375375551383058e-09
1.847285879819082766e-09
1.992896819791312168e-10
1.135679328356786755e-09
3.946820925637695154e-10
7.001823831842557411e-08
5.236123797658365220e-06
5.604833264172270901e-11
1.273031569049010159e-09
3.652555688460346062e-12
3.654009039788519431e-10
2.126317455442006121e-10
1.973733121385379263e-10
1.403938512112290482e-07
2.287623562802210131e-10
7.282280421350151300e-06
9.914181475778605090e-08
5.106990941250444394e-10
7.177403205105292727e-08
3.067432771786116064e-06
6.554487299581523985e-06
1.146731737344808266e-10
4.679879400670827749e-11
4.487519689178043336e-09
4.388335028693290951e-09
2.719178837651270442e-08
1.046430941897824596e-08
1.138412564216650935e-08
3.238795187598952907e-08
2.684158006971415489e-09
8.733024069521033717e-13
4.728167510292813347e-11
1.198325065843164339e-07
9.350699201604584232e-07
3.679334614759000033e-09
4.200551373401140154e-08
3.283756253025238436e-11
2.643239088977872298e-13
1.856907544395269838e-10
6.595592072500267022e-09
3.721702390713232944e-10
3.752058108652533974e-10
1.938156657388390158e-08
2.204683732998091727e-05
8.250337657500494970e-08
8.770855686179857003e-08
2.451132075087514295e-10
1.049245412776400599e-11
2.342267005350784359e-13
5.017711940391578196e-12
1.174121777580694470e-08
1.045556002887693126e-10
6.885707011083236351e-14
6.384984203577914741e-07
6.185491201904369518e-06
4.664535424581117695e-10
2.993428005471088227e-10
2.081717639157432131e-06
4.420537536020674452e-08
1.032450569482534775e-07
3.038282125888969176e-11
2.480036300767096691e-07
6.613706915459260927e-09
1.882380473716693814e-09
4.272230214041883301e-08
2.801928928874986013e-07
3.695319264807039872e-06
5.711324815860230331e-11
5.029715251063382464e-13
6.957486253789113562e-10
1.267830840312456075e-10
9.113017540585133247e-07
3.201963805210539249e-09
4.005891798830596429e-11
2.813878574592365567e-10
1.947882966035763275e-10
4.479137338808669710e-10
2.726493475435631808e-10
4.622673337867366783e-12
4.966518862836721837e-10
2.780585484085662529e-11
3.861405417637797655e-08
9.129540501362498617e-08
3.276448903855033734e-11
1.600975885196476156e-08
1.293416068692820886e-10
3.173672435963226235e-09
3.005785842447039613e-08
1.368560681447306138e-10
4.012822019117123773e-10
2.101298605339252390e-06
5.556474391710253258e-08
7.011984048954644777e-11
2.027435294302271096e-12
5.839903005622204546e-10
1.741267720289929599e-11
1.979704506993584801e-07
2.731731285621208372e-09
1.481322182972366619e-11
2.239104368584321492e-08
2.985505176411606953e-08
2.403888199609127696e-10
2.163950441058659635e-08
2.877402316414645611e-09
1.352360584627732010e-11
1.444949493389913187e-08
4.171691969645507925e-08
2.608063542908212185e-09
7.046292715973123677e-11
3.220525582325883818e-11
8.919244683103233484e-12
1.954834908246994019e-03
1.261961151612922549e-04
1.817980987105227708e-12
1.342418121108579498e-10
1.111935630376814643e-11
4.353377391907997662e-08
1.288516737751876917e-09
7.093796470375446361e-12
1.802513867332766750e-11
6.513158155030396301e-07
4.022654593427432701e-06
1.077144560213127988e-07
4.440001977190632942e-10
6.557002620866114739e-07
3.594818887009409991e-11
3.203680432051214666e-09
1.935386471450328827e-02
1.344866450381232426e-05
3.149599692164883891e-09
7.666309535976634226e-14
4.252160579198971391e-07
4.071942782957194140e-10
2.695326058697877780e-13
1.788144743386510527e-08
5.899329419065124647e-13
4.411497389611440667e-09
3.408560758089151932e-07
6.388315210159589697e-09
7.882488065047432713e-12
8.292463937742411417e-11
5.413268722165298641e-10
6.514270012303313706e-07
1.665855767132157217e-13
3.365646113586209798e-14
4.011825593952522695e-11
1.988997855306706697e-09
1.095999701584970953e-12
7.214082664575016679e-10
4.728249223262537271e-07
1.930100523850342142e-11
3.553485197066441614e-12
5.966882543617657575e-11
7.661060408281628042e-07
1.068292156125583148e-11
1.607313180329583702e-07
2.536917570978403091e-03
2.354635583734498994e-12
1.220412659819203327e-10
1.312345787596314040e-08
3.204429503966821358e-07
1.277535022214948413e-11
2.423071521207020851e-07
8.942658835664474282e-10
1.405140537258375844e-08
5.513535406009850703e-09
2.402610174614266958e-13
1.347452965178019824e-11
4.197400703560560942e-04
7.769978779305353189e-13
3.088536573159217369e-07
1.492222345689242502e-08
1.132203735210168816e-07
3.453281749443704030e-07
3.804713055027830748e-12
7.093546305902975746e-10
1.441259424631545494e-14
6.671980954706668854e-04
4.350304436684382381e-07
1.404676264193938096e-09
4.022130610792373773e-07
4.843724309466779232e-05
3.234180423472565735e-10
1.911973690482682287e-08
3.134165922347165179e-07
3.605581468946184032e-06
4.508651230139548716e-09
6.268400021269826539e-09
2.567166444700230699e-11
9.515512822133587179e-09
6.383132217235854000e-11
5.295437972563377116e-07
7.089268755366973096e-11
4.947484626427467447e-07
2.642061502911019488e-08
2.215760771205870644e-14
1.984723014191933088e-13
7.558639047999804461e-09
2.185166270152194556e-09
1.496168392347331657e-17
2.114411245202063583e-06
3.130800678263767622e-06
9.887431673405444599e-08
1.231705959447992882e-09
5.614722575764119483e-10
3.364909684222538999e-09
9.898228070515102672e-13
4.887562021771429954e-10
2.880712557384867978e-08
8.881670897874227588e-13
2.628606533827682057e-11
9.746116120368242264e-04
6.773323679709619682e-09
9.434298675614627427e-09
3.702470621758102709e-11
2.982044515834059162e-12
5.478436593264746080e-10
3.974911066961794859e-09
1.693766193966439459e-08
1.019117007672321051e-05
8.880227664320727854e-10
5.427681082359470111e-10
6.205032487827111254e-09
3.160659289846989850e-08
3.477260577255947283e-07
1.609913670108653605e-05
4.173609808449940672e-12
2.438173396512866020e-07
5.876689783690380864e-07
3.346677449056478792e-11
1.578448234340612544e-07
1.583457531761922610e-10
2.390209807856535917e-09
1.222685028778869309e-07
4.922204865920321026e-10
1.925856096818279184e-08
9.399317435487830608e-11
3.027366551888732715e-11
1.070294296368956566e-03
2.035798613020389780e-11
6.105468127598490113e-12
9.455830962679101503e-08
1.262150561842645402e-07
9.768847775148969959e-08
1.087673595634441881e-07
3.122531921917470754e-08
1.957279338604678287e-10
1.342012456717611713e-08
9.171514242511946691e-12
1.039790684109753727e-10
3.180350205411741626e-09
6.148744091660773847e-08
3.436682050050876569e-08
1.098523853215738200e-06
4.142380323712792009e-15
4.053312893659288818e-11
5.372228883970819879e-08
8.195094414986670017e-04
2.332758335457651988e-12
3.079196850296929411e-14
1.542421301792273880e-08
2.288258341490156944e-12
1.520811110822251067e-06
1.324535787716740742e-06
9.428064799976709764e-07
1.425998902293557080e-10
1.898826283925139635e-14
3.004076501444963299e-11
1.736658625304698944e-02
1.104784587369067594e-06
3.742557652675060353e-11
5.379567624697045858e-11
5.023756757815966978e-11
4.932988913186608926e-12
6.880113119223096874e-07
1.397740256869894893e-10
1.515006988483946770e-05
6.468089258637732542e-11
2.161218252971774945e-11
5.147675363227632861e-13
2.111654318071032321e-08
4.060197057037528978e-12
5.956325912848114967e-05
2.224513053761256742e-07
3.375072221700747832e-09
1.018372625810615162e-11
7.073287702080710559e-12
2.248373903057654388e-06
5.077221067040227354e-05
5.853184575244085863e-06
8.459804905214252102e-12
8.749897695281561028e-09
3.706805751235719981e-09
1.387644110728558644e-09
1.599089927140084910e-08
1.840264758357079700e-07
9.845313990062762310e-14
6.039972140570171177e-05
1.187321529982909851e-07
1.704133438806820777e-07
6.626598825221208244e-09
1.301525831554073420e-10
4.222220378771561478e-15
3.946532683984926848e-11
6.365143690345576033e-06
7.413433582292849877e-12
1.730173453688621521e-02
1.360497014220687136e-15
1.149831589941641141e-07
1.109140140842512778e-10
4.197915615383046584e-14
1.827708729251753539e-05
4.423833388500497676e-07
1.122666626329760220e-09
1.469541643928096164e-08
1.175604481384179278e-13
1.693310025530081475e-07
7.241878652308741948e-09
2.016655145098411595e-07
4.660505794618075015e-07
1.271503435873455601e-08
5.081386188976466656e-05
1.213714182376861572e-01
3.528590397650077648e-08
5.321547456166308976e-12
1.295151150770834647e-07
2.092598316849603179e-09
2.526125308932591906e-09
4.028218825169460615e-07
8.572111076521338191e-11
9.528233757549742222e-11
1.197353466375616904e-10
2.734507238699723786e-11
3.334275522348661980e-09
1.002566207830568601e-07
7.808765396475791931e-03
7.320008990063797683e-07
2.927497437174575445e-12
1.825719841974660085e-08
1.120757175954167906e-07
8.021566522131706733e-09
1.188241727234640166e-10
2.902166161220520735e-04
2.643174354943766957e-07
1.630421593290520832e-07
2.372224053477645089e-13
8.293699647765606642e-05
1.117478021228635043e-08
2.236980013549327850e-03
5.764299260135885561e-09
8.054954481195863991e-10
6.562528732240169305e-12
3.041737695053114976e-11
7.505401682095236282e-12
5.583929846286750376e-11
4.077365462813340932e-15
4.701238855674139128e-13
7.077022967649782004e-09
1.006032236683385150e-11
6.711031730333161249e-09
1.018093598759151064e-06
8.209328128307852301e-14
1.376155722709881957e-08
3.701228195041039726e-07
8.510644272652356790e-11
1.592815667390823364e-01
3.406539286765486452e-11
1.000269985524937510e-04
6.949180814119770844e-11
1.002564697927255111e-08
4.410503152030287310e-06
6.253997764105179158e-09
6.729855499543191399e-07
2.818822395056486130e-05
3.347293784372595837e-07
1.403503100414274507e-13
1.716764100670453708e-12
1.303430074983680242e-08
5.089557247872633639e-13
3.078477917028976663e-08
1.686865092054290471e-10
1.772834656854627156e-09
1.333434231087782251e-12
1.174690744676354370e-08
1.052270588914640259e-13
1.126274629115187054e-08
5.723416407477088796e-08
1.675809471635147929e-06
8.406272122840618977e-09
4.926065111376942696e-10
1.372574165436901694e-09
8.152564994617916838e-13
1.405285000801086426e-01
1.566038131713867188e-01
4.473376421891550603e-13
2.164690204864427869e-09
1.039341057662568346e-09
1.794477498151536565e-06
1.489417922329039357e-09
2.540370758197241230e-08
2.498023760500595047e-13
4.341908776961389549e-10
5.910285594268316345e-10
6.188810948515310884e-05
8.704695915184856858e-07
2.394890674661809271e-10
1.011907269088396788e-08
1.065629473551155115e-09
7.665663243061615617e-11
9.777015351833395762e-13
2.010304480791091919e-02
1.949640275611397300e-11
3.856902353049918020e-09
2.188629269136987965e-12
1.811436937948496251e-11
1.880779418479785233e-17
6.908846330588858109e-07
2.286469624745990359e-12
4.266733077962214793e-10
5.516287160389765631e-07
4.231107595842331648e-06
1.878170063918105370e-09
1.818472373997792602e-04
2.850008840038498192e-10
2.392299052189628128e-07
1.654067854905960644e-10
4.997312276716712326e-15
6.519835693552522571e-08
2.967109058449324266e-10
3.422524930130066423e-09
3.292829569545574486e-05
3.155680516897518828e-08
1.623450589249841869e-05
2.634625104747101432e-07
6.196387577801942825e-03
1.801072657108306885e-01
4.039723000559547472e-10
1.331622572625645873e-11
8.135122797625626845e-09
1.126269355555820084e-10
1.083859491046723633e-08
7.767078646914171713e-12
1.944698169609182514e-06
1.019793227641230260e-08
2.269714798053268368e-12
4.530037234218298181e-09
1.471458520893413613e-14
2.278607347250272142e-08
2.330712662798606338e-12
2.264972494003814063e-07
4.796332679688930511e-03
3.920304358917547916e-11
1.163221785560608623e-08
2.322901870854821027e-08
7.305515242229942974e-13
1.868354917392706094e-13
5.178745886985636204e-13
3.623131895437836647e-03
9.591409264042560778e-12
2.688568429221049882e-06
4.303809641569705802e-13
1.214075819007121027e-04
5.750467463316866201e-11
1.369973148257486173e-07
5.907411781969074127e-10
3.807670934737224233e-14
7.071328855801084501e-09
1.943081251454259473e-10
3.463509035128709002e-09
1.366403795666215615e-10
1.114105359079076152e-07
6.390082685214792946e-09
1.994835038203746080e-04
5.734590104111703113e-06
3.657940396806225181e-05
2.555052693129378910e-14
2.849781771240705863e-13
9.173041917165392078e-07
8.207450274966276993e-10
5.963365310890367255e-06
2.114821597842819756e-07
1.780052342505167307e-12
6.362378179858296789e-09
2.966433321205386164e-08
3.146445167671700627e-14
7.129043297027237713e-06
6.726625542796682566e-06
1.272164467991387937e-06
1.628787843531778745e-13
6.344733627372534102e-09
4.905816204658908219e-12
2.119384355514508655e-11
6.211649150600351277e-08
2.507519880623476638e-08
3.015979473275365308e-06
1.797838988792932469e-09
2.678147051483392715e-03
1.102899105376309308e-08
8.378432539757341146e-06
1.192115633638635153e-12
8.324966760332903892e-15
1.173101645690621808e-05
3.312425667090224124e-09
2.817231337104431077e-09
2.306821755837518140e-08
1.242210156959799860e-08
6.338628111279831501e-08
4.787928612067469947e-14
8.266459183836616376e-10
9.320721972017054213e-09
3.831430603895569220e-07
2.493147355231428719e-11
1.278461496667659958e-07
5.577476969165218179e-08
1.246905356744321125e-12
3.582741555874235928e-05
6.654269912864663183e-10
5.319371609857626026e-08
1.351004377814213342e-11
1.381540437606076921e-10
2.778740432196613597e-11
1.375365155098506875e-09
1.385846459811546083e-08
4.728892516285554404e-13
7.942136667294166785e-14
3.678612119983881712e-05
4.850680852541700006e-07
3.286659000512059947e-10
2.765602469256833729e-10
6.271442105866206762e-15
3.701575712611315794e-10
5.392616908572733792e-10
5.932693225574325879e-10
1.455281312123801740e-10
1.481364009237040591e-08
7.028839316136625825e-12
5.335172318154945970e-06
1.658376630464530876e-10
7.722737223048170563e-07
5.518065518117509782e-05
1.524085718740408879e-11
1.120835264600827941e-07
7.131908952295873405e-11
1.262997193407500163e-05
3.617588163251639344e-06
2.963130896205257159e-08
1.312982916834570801e-10
3.941594162171213611e-09
5.291780524885325576e-08
1.268510061436245451e-07
6.327063147182343528e-06
5.198108965487335809e-07
5.140104519796295790e-08
3.903793122095322587e-10
2.389054405693702421e-11
6.531684481475563686e-12
5.393678125659162603e-13
1.018646989268999839e-14
4.339201353786847903e-08
1.279353682548389770e-06
4.580023596645332873e-05
2.606976405719130599e-15
1.238328195540816523e-08
5.087458632146990567e-08
2.222121098238716286e-11
1.457725318232405698e-07
3.553848049175911683e-10
3.241951374022278287e-09
2.446000735289999284e-09
3.985111685089748335e-10
2.266141194695592276e-07
6.273193076111738264e-10
1.582707298553032160e-08
2.952676297907075309e-12
5.421762483415193401e-10
6.372545720279010339e-12
2.788677511134096676e-09
8.890470489859580994e-03
7.158099180060162325e-08
1.221082612801183132e-07
4.124237690120935440e-03
4.301731748590498228e-10
8.430711240237087623e-09
1.264130293499032831e-12
9.300774039822101713e-10
1.328734379058005288e-05
1.414120731624279870e-08
3.987440155839294675e-09
2.322340236782238776e-11
2.003778809545053718e-10
6.350024062129477898e-09
3.537740553838375490e-07
5.318437912293916270e-10
3.717074492984567130e-15
6.426073052585162815e-14
1.018875472880154121e-08
5.798983255395073755e-12
9.172960785050476851e-13
1.964855655955943803e-08
1.029070428870682008e-08
5.367306859377363182e-12
1.090152690341739117e-10
8.660464652279070696e-14
1.265827551013686686e-14
1.000354732383357259e-08
3.587226515833208396e-09
6.422888873203191906e-06
3.628904034908009280e-12
1.188911191718489135e-09
4.539686244697804796e-07
3.500123801902788045e-11
2.097527698197154677e-07
1.255361553376133088e-06
1.626932963350036232e-11
6.138841171510200923e-12
1.926296274177730083e-03
2.346879982018101884e-11
5.276848402679945593e-10
2.304472168646043428e-09
4.742909953669993683e-10
1.887319513116381131e-06
2.039479175819369772e-11
5.325373475528749623e-09
1.225493595491400356e-09
2.350676619501668174e-13
1.480102845841102521e-10
2.507179353017363610e-09
1.548426803443803124e-10
3.437778843817795860e-07
7.540752738714218140e-02
8.593880806984088849e-08
2.039612567727999703e-08
6.140820829614312970e-08
5.657192075902983674e-11
2.431007999070811110e-11
2.711987181100994349e-04
5.346295893104979768e-06
2.607542803900742001e-08
3.903778411640246304e-10
5.900126254232418432e-08
1.279188126951380511e-11
1.844027792685665190e-07
6.636392413383873645e-08
9.385336952050238324e-09
4.162954869713075823e-09
8.712385674014555548e-11
1.692304907319197582e-10
3.849068619388162915e-09
9.714661020066017727e-11
6.926687556862987094e-10
4.778366360369545873e-07
8.395712569608804188e-09
1.251828085635509069e-09
7.204982832575979046e-09
4.012726506630315271e-08
1.052688367053633556e-05
6.760526503057917580e-07
1.192167502495067311e-07
8.149694252779227099e-08
3.120243993737226162e-11
2.526755852159112692e-04
3.351586883582058363e-07
3.107699861337742675e-11
2.251135356345912442e-06
6.646060910497908480e-07
8.628912473795935512e-05
1.462891319192749506e-08
5.524754542740595298e-10
6.103172189853012242e-09
5.199020733925863169e-07
1.240236802146910122e-10
1.788637432609263556e-10
1.446571421676035030e-11
2.518126329675851593e-08
2.677686544716451067e-11
1.653840675519546721e-10
1.314157289933337580e-11
4.098433051269445571e-11
4.482584081699769740e-09
8.748479274345299928e-09
2.711242064190599876e-10
2.950612270069541410e-07
4.753615101549257815e-08
3.865358554067110930e-12
3.309549162500147190e-11
2.400190601825613612e-10
1.571998975435917600e-09
3.549165475402737968e-11
5.133441415006156916e-12
5.001613706534513426e-11
9.642187048797268289e-11
1.287535182636911912e-11
1.370514673970646413e-10
4.150873422759104869e-08
3.117693048171332748e-10
5.138134540061400912e-08
2.437373219921212808e-11
5.673451725779488086e-12
1.818731276692631127e-11
1.062720897948565835e-07
4.544141120277345181e-06
6.029857104294933379e-06
5.996375618266824858e-11
7.426703141355517346e-10
5.122712565253095818e-08
8.006540319627220015e-09
2.508905083686840953e-08
1.940223484098169138e-07
1.635817397982464172e-06
2.109806700900662690e-06
4.050826518664507603e-08
3.120385372312739491e-08
2.486726449757448165e-11
