3.693535077786691545e-08
1.323862306890077889e-06
1.899460926324536558e-07
1.295379092880466487e-07
2.487086305791308405e-07
3.222172750838581123e-08
2.315164920219103806e-06
9.855386906565399840e-07
1.789545365227240836e-07
1.459222076505284349e-08
1.688802520050103340e-08
7.415991376547026448e-08
2.462640580347397190e-08
6.756450510181366553e-09
6.030633699083409738e-07
5.401045655162306502e-08
7.150126890564934001e-08
1.737741150975580240e-08
1.296621832125310902e-08
2.853313363360143740e-09
6.476564839985599065e-10
5.637308930772633175e-08
1.223119454607513035e-07
3.256320013633740018e-08
7.865343576440864126e-08
3.887386412770865718e-08
1.034220442619471214e-08
1.196697763106158163e-08
2.547563404675656784e-08
1.407029426303552100e-08
1.127270454759354834e-08
7.796732859333133092e-08
2.891324690779129014e-08
6.944130177544138860e-07
8.692009032529313117e-07
3.166826729739113944e-07
3.530349701463819656e-08
2.254689093206252437e-07
3.097947498531539168e-08
5.296546756738962358e-09
6.091836368682379543e-09
8.865700173998902756e-09
7.111894007039154531e-08
1.911227265338766301e-08
2.481811867127703408e-09
4.658548675706697395e-07
3.199585041357977389e-09
1.023246198883498437e-08
1.280645900436638840e-08
1.251642567368094205e-09
1.374201872295088833e-07
6.407529440366488416e-08
1.549141437351408968e-08
1.964084894723328034e-08
6.263428531383397058e-08
1.017503059586033487e-08
1.493438475108632701e-07
1.313752717724270269e-10
3.717712218076485442e-07
1.508954516893368236e-09
2.593546533091739548e-08
4.800913444569232524e-08
7.907106436277899775e-08
3.989237384871557879e-09
3.525383363012224436e-08
3.381232545507373288e-06
4.227903360742857330e-08
7.900413123707039631e-08
1.575425478961278714e-08
2.218114758534284192e-07
1.904493692563846707e-04
1.106203853851184249e-05
2.575916238129138947e-03
4.423128068447113037e-01
4.802927076816558838e-01
6.018118583597242832e-04
1.304920413531363010e-03
1.974790915846824646e-02
9.454358369112014771e-04
7.301603091036668047e-06
6.241447181309922598e-07
2.431357586374360835e-07
4.268271993623784510e-07
1.114085307563073002e-06
2.176543830501032062e-06
2.464203729957148425e-09
1.008685472925208160e-07
4.961080435350595508e-09
1.236203246435252368e-07
5.812228032198163419e-09
2.994367775954742683e-07
6.489320014679833548e-08
8.765362622398242820e-07
7.470810601262201089e-07
3.737374072443344630e-07
1.154623774368701561e-08
1.505036806292991969e-07
1.414567378787978669e-07
1.062780619065506471e-08
3.072483156785210667e-09
3.996360575797552883e-08
1.026779106183539625e-08
9.302716819092893275e-09
2.057024772739168839e-08
3.441746443400006683e-09
1.093958881814849349e-10
5.175471162743860987e-09
2.057920442894101143e-03
5.180155767448013648e-06
2.165496880479622632e-05
3.187426989015307299e-09
3.952893621317343786e-07
6.309890636657655705e-07
1.177749368252989370e-06
6.131376739659799568e-09
5.958851829745981377e-07
3.309827789621522243e-08
2.552080331952311099e-05
2.700363381791248685e-07
1.660062935116002336e-06
1.362646457891969476e-06
2.256331754324492067e-06
1.334215511406000587e-07
3.334856444325851044e-07
1.349261424365977291e-06
5.222253384999930859e-04
8.142074511852115393e-05
1.038096009153832711e-08
5.276270087506418349e-09
2.291489636929711082e-10
4.537885800459662278e-08
1.117602188571709121e-08
5.303575534298943239e-08
6.914102623767348632e-09
2.407194221731856487e-09
8.630023273781262105e-08
1.183645004232403153e-08
1.939929283878427668e-08
4.793419350335170748e-08
5.414905857037410897e-09
1.119924490922130644e-07
1.293432361215707260e-09
4.236484230091264180e-08
4.588949664707797638e-09
2.849628799594938755e-07
6.721168066547988929e-09
5.457508334139049566e-10
3.162943684742458572e-08
6.311668698799621779e-08
1.699850855629847501e-07
1.845175120251951739e-06
3.384048596899447148e-08
5.577573070070229733e-09
8.975648668752000958e-09
5.970512528818971987e-09
2.002104793064063415e-08
7.884906949584546965e-08
1.222688013058359502e-07
7.351363962015966536e-08
5.095342814342984639e-08
4.713396895006383147e-10
6.229461746443121228e-08
9.046762556863541249e-07
9.186823035634006374e-08
5.453489393403287977e-07
6.931257701126014581e-08
6.759782422705029603e-07
1.540857574866549839e-08
1.190242187476542313e-06
1.423131168465374685e-09
1.242449627625319408e-07
1.475266770967209595e-07
1.771584878795806617e-09
4.387400220906556569e-09
1.938612470553380263e-08
2.050228609107307420e-08
3.252687230670403551e-09
1.957878748015673409e-09
4.084075655441665731e-08
7.376386434998494224e-08
1.383264347509793879e-08
7.134818513776508553e-09
6.951253794795775320e-07
7.336840912586239938e-09
7.777275357057078509e-08
8.996134965855162591e-06
3.101842116493003232e-09
3.564789210486196680e-07
8.468541423667375057e-09
2.220350658888037287e-08
2.915589769614257420e-09
1.332240771034776117e-07
1.040488228909453028e-07
4.839797043132421095e-07
7.325413609038378127e-10
9.634246822542991140e-08
5.059877139501622878e-08
9.700794123546074843e-08
1.857855664866292500e-07
5.646124918712303042e-07
2.964482348488672869e-07
2.190935219914535992e-07
3.345255095155152958e-08
2.516758286219555885e-07
4.419300836389083997e-08
1.054595060168139753e-07
9.732178796184598468e-08
2.302907091689121444e-07
1.618763860733452020e-07
1.633567308090277947e-06
1.166057543855458789e-07
9.068940443057726952e-08
3.028602435506400070e-08
2.434522343719436321e-07
1.237620068650358007e-07
5.264692148898575397e-08
1.063968682046834147e-07
2.556872118475439493e-07
3.940478165986860404e-08
7.748817409947150736e-08
1.604238342167718656e-08
1.840208874170912168e-08
3.351149047148282989e-08
2.698962475733424071e-07
5.899088861838208686e-08
7.417017400257464033e-08
2.300999568660699879e-07
1.432623086827788939e-08
4.338709391760176004e-09
1.004324268194523029e-08
5.031487049222960195e-08
1.917580760846249177e-08
1.522178081359015778e-07
4.545593235150136024e-09
5.264885771794070024e-07
1.298520135861735980e-08
5.222157994921872159e-08
5.181934170650492888e-08
7.898673004547163146e-08
5.953867088237529970e-08
9.231851436197757721e-06
1.027353562221833272e-07
8.943261065041951952e-08
3.312983949399495032e-07
2.262196474589472928e-08
5.260877600221647299e-08
3.784203173040623369e-09
2.422059651507879607e-06
1.263013018615311012e-06
5.049496394349262118e-07
5.923484813763479906e-09
8.894214147403545212e-07
7.545348346127411787e-09
1.321572113965885364e-07
3.445428262693894794e-07
1.184852408186998218e-06
2.220299855082430440e-08
3.226502442998935294e-08
6.866610391398353386e-08
1.187448450679084999e-08
5.143196801782323746e-08
4.301096367953505251e-09
7.886366404363798210e-08
1.808616545417862653e-08
4.011889132016221993e-07
3.623974720312617137e-08
1.051405185137355147e-08
3.268429082936563645e-08
1.092058798946027309e-08
2.036688506734662951e-08
4.325791946868662308e-10
2.751490413288593118e-08
3.534210080147204280e-08
5.103860445387908840e-09
1.843610419882679707e-07
3.173397544742329046e-08
5.330691443816704123e-09
1.436779140107091735e-09
1.723578224588351304e-10
1.247747793975406694e-09
2.592155601277568167e-09
3.039225759948749328e-07
2.050104512818506919e-07
5.893502930121030658e-07
3.462264430709183216e-08
4.891523985861567780e-08
1.939059934841225186e-08
4.683223808754632955e-10
9.493021480011520907e-09
9.486409435766063325e-10
9.733803096878546057e-08
4.907800832398834245e-09
5.806959961773827672e-07
1.078253486497260383e-08
7.575851412866541068e-08
3.530908188054127095e-08
8.914296856232795108e-09
3.512184987286559590e-10
2.625417383494976775e-10
2.099459939230996497e-09
1.345918008155422285e-05
2.411783316347282380e-05
5.129427790961926803e-06
1.123017136706039310e-04
1.543248436064459383e-05
8.421696293225977570e-06
9.638607707529445179e-07
2.079973637592047453e-05
3.298290539532899857e-05
4.964908002875745296e-04
3.342785566928796470e-05
7.771026503178291023e-06
1.423366825292760041e-06
5.067487762744349311e-08
1.212983843288384378e-04
3.461175168695262983e-08
3.457033415088517359e-07
4.427875239798595430e-07
5.578257514571305364e-06
3.628739432315342128e-05
4.304830838464113185e-07
3.823377483058720827e-05
6.108329557719116565e-07
9.633319677959661931e-06
4.559760498068499146e-07
6.439032063099148218e-07
1.005394665298808832e-06
2.002358030495088315e-07
8.619963409728370607e-06
1.782305361075486871e-07
1.039721411189020728e-07
1.441193209217317417e-08
3.055103725557728467e-09
2.468510729158879258e-07
6.078396452835477248e-09
8.973723153449242318e-11
5.192460861280778772e-08
9.607519046994639211e-08
1.726893650300098670e-08
2.964332281862880336e-07
1.048870998943129962e-07
2.237662499737780308e-08
8.046774269132583868e-08
3.023437145088792022e-08
1.634559865237861231e-08
1.314554225473330007e-07
1.897605130807278329e-07
6.736961495334981009e-07
3.604204934504195990e-08
1.021760187569498157e-08
4.631045271707989741e-07
2.850111258112519863e-08
7.495777509802792338e-08
1.783526748511121696e-08
5.409914933807158377e-07
7.389771639054742991e-08
1.449285802479494123e-09
2.286724232192227646e-08
1.202341959327668519e-08
2.116048314348972781e-08
1.308901147467622650e-07
9.928559085992105793e-10
2.095626172593512138e-10
2.663699483207437879e-08
6.062641233484100667e-08
1.382096126434362304e-08
6.735807467350696243e-10
1.880049449454190835e-09
3.292006667265923170e-10
8.691232178392738206e-10
8.351611763268707023e-11
4.741612880110324113e-09
3.803637682597837966e-10
1.023612750117308678e-09
2.212076966046083726e-09
1.635346996708975098e-10
1.265619697932152121e-08
3.212051180589980959e-10
6.698230858859233194e-10
4.692590493959869491e-08
1.088682810568286641e-09
5.656078716498313952e-09
1.837541230287342842e-10
1.032535301703774167e-08
2.855829128733944344e-09
3.258046206155995606e-07
1.934933102631930524e-08
2.898977946586001053e-08
1.084577583299051184e-08
3.912071555589591298e-09
9.569296821609896142e-08
4.099169004234681779e-08
8.150531357387080789e-06
2.328488108105375431e-06
3.113128599352421588e-08
3.367711371993209468e-07
5.556645803153514862e-03
5.844344173056015279e-07
2.662543920450843871e-06
8.481311652985823457e-09
6.099018889926810516e-08
1.027613816262373803e-08
7.881479291427240241e-08
1.414251187270565424e-06
2.168342376762666390e-07
2.401892743364442140e-05
2.672849852558556449e-08
2.933206211253036599e-08
2.425296630192974590e-09
4.431544311955804005e-06
1.589878229424357414e-05
5.304797809912997764e-07
1.890251155600708444e-08
6.104296090825300780e-08
4.576435230774222873e-08
1.473929200912493798e-09
6.389394258121683379e-08
3.242614038754254580e-04
9.110910355047963094e-07
6.568751359736779705e-06
1.833988534372110735e-07
3.434480788655491779e-07
2.784136476918774861e-08
1.018298445565335442e-09
3.655150848658195173e-08
1.222498553943296429e-06
8.277943663870246382e-08
1.065307401404425036e-06
2.322540026966635196e-08
8.393349162361118942e-07
1.825547087719314732e-06
1.511987340885312392e-10
7.641650512368869386e-08
1.260617773368721828e-05
1.487118197474046610e-07
1.478420159628512920e-07
1.350775225006373148e-08
2.382806769674061798e-06
7.744783148133649320e-10
2.010436475075039198e-07
2.642870811087050242e-07
2.129274321305274498e-07
1.713249098145297467e-08
7.747399166646573576e-08
1.025328888459853260e-08
7.984306193975498900e-08
1.859507676726934733e-07
3.926432157186354743e-07
1.886153597752127098e-07
1.339548418854974443e-07
8.596377654157549841e-08
5.428753411251818761e-07
6.933205440873280168e-07
4.664843622492753639e-09
2.714511460055746284e-08
1.461545107162010027e-08
7.643761819053906947e-07
1.619284944354149047e-06
2.258741638172523380e-09
1.714426645094135893e-07
1.733813945747897378e-07
9.570464420960433927e-10
6.418790235329652205e-06
4.157732007570302812e-07
3.480666919131181203e-07
4.323952584872614580e-10
6.406178920670413390e-10
5.250339274454063343e-09
6.399157825853762915e-08
5.853123319354835985e-09
9.765555830654193414e-08
5.803163460882387881e-08
2.790182236367400037e-07
7.908954557933611795e-08
4.385996632549904461e-08
1.295805276413375395e-07
1.633437740622412093e-08
6.078604730674896928e-09
8.798875938964556553e-08
4.848702062076881703e-08
1.423549900181342309e-08
1.351221158074622508e-06
4.507590034563691006e-08
2.121763145623845048e-06
7.427142918459139764e-07
8.383232596997913788e-08
3.468810234608099563e-07
4.258392038991587469e-07
4.721024708942422876e-07
2.755091657036246033e-07
9.752567642351550603e-09
4.671485864804481025e-09
1.241936065099480402e-08
1.381919467746683949e-08
1.653429393400074332e-07
5.375111467031956636e-10
6.451072120938761145e-09
1.912695324790547602e-06
2.004744459327412187e-07
2.646163110853194667e-08
1.112410501491467585e-07
3.499488911984371953e-07
3.734593079229853174e-08
4.098567529808860854e-08
8.779597493457913515e-08
2.881070315652323188e-07
3.126003502984531224e-05
8.504325421654357342e-08
4.542013876118744520e-09
4.518201137670985190e-07
4.509320774559455458e-07
1.522115544716484692e-09
7.328803519612847595e-08
3.884757120431459043e-07
7.578105964967107866e-08
3.784575142162793782e-07
2.051091962940176927e-09
7.357182312262011692e-07
3.144532456644810736e-07
2.859558811962870095e-08
3.759801359137782129e-08
8.439870136101035314e-09
3.506203540837304899e-07
3.586060870475193951e-08
5.566093141951000689e-10
1.578721651185333030e-07
3.092569045293203089e-08
7.658032430413186376e-09
1.657376014208011838e-09
5.003733249964170682e-08
2.549361624915036373e-06
1.596852854390817811e-07
3.301341422456971486e-08
3.861661923565407051e-08
1.446226138845929654e-09
3.541442028520691565e-09
7.600941387408965966e-08
1.392009153278195299e-06
4.212075509713031352e-06
2.481748424543184228e-07
6.464618763857288286e-06
1.845197971306333784e-06
4.716319836006732658e-06
2.385407604776901280e-08
4.364355987718226970e-09
4.958826593792764470e-06
6.225096171874611173e-08
1.665851634413684224e-08
4.925196250837871048e-09
4.354360044089844450e-06
1.034840962921279583e-10
4.081576321368629579e-08
3.248555060508806491e-07
2.261376685908089712e-08
4.299382396766304737e-07
5.704572814124730940e-09
1.111146684706909582e-05
3.774266588152386248e-07
2.416123834336758591e-06
5.546085191099336953e-08
5.302101158122241031e-07
2.215985546172305476e-07
1.606184232514351606e-04
4.948775540469796397e-07
4.614032711458548874e-09
4.400484954203420784e-08
2.371023732905541692e-08
2.557835054872725777e-09
1.303595524859701982e-07
6.230756355307676131e-08
7.872066731806626194e-08
4.379244189500752782e-11
1.535289698040287476e-06
3.090266098570992881e-10
1.997562115718665154e-08
1.390271009427124227e-08
2.106581860061851330e-07
1.120586858860406210e-07
1.956627329491311684e-06
1.343212261417647824e-07
9.011186818952410249e-08
6.845944700017980722e-09
1.653001291401778872e-08
2.589969905208988621e-10
1.122997309721540660e-05
1.418614772319415351e-07
1.592600717970071855e-09
1.326684451186110891e-08
3.015539959960733540e-07
3.532887093982139959e-09
2.152255085263732326e-08
1.470536631131835748e-06
2.478033955810587941e-08
9.063415973287192173e-08
3.067216312047094107e-07
2.027373056989745237e-06
1.024085491962978267e-07
4.060523028925899780e-09
4.186265201155947580e-08
2.396392301307059824e-05
3.835202164736983832e-07
2.618532732867606683e-07
8.996821065920812543e-08
2.374282104256053572e-08
9.044170212746394100e-08
6.640356673415226396e-07
9.882262475002789870e-08
1.078113243124789733e-07
3.298296746834239457e-07
1.719035358505038857e-09
7.297554702745401300e-07
9.325249266112223268e-06
5.940640335211355705e-08
9.930832334248407278e-08
4.907417974209238309e-07
1.515731007373233297e-08
7.246019085869193077e-04
2.656650508470193017e-07
3.890739662892883644e-06
3.218521214876091108e-06
6.416962605726439506e-07
3.342077281587307880e-09
5.739951802752329968e-07
1.157659710315783741e-07
1.069905408712656936e-08
2.761959194685914554e-06
7.538727686551283114e-08
1.847966085710694983e-10
8.471874934912193567e-06
1.246239946794958087e-07
4.479571558135830855e-08
1.457336296084577043e-08
9.590904426204360789e-08
3.643709192147071008e-07
6.714707012633880368e-08
1.972941134908978711e-07
2.103433338618287962e-08
2.643420202730339952e-07
5.896268362448608968e-07
3.624623059295117855e-05
2.345478478105178510e-09
1.666968091740272939e-05
1.632544837093519163e-07
8.975721499382416368e-08
2.372330163780134171e-05
4.124556435272097588e-04
5.894449714105576277e-06
1.712556496613615309e-08
8.733807566052576021e-10
9.587935778654355090e-09
4.526153816186706536e-07
8.925538708126623533e-08
1.299453433745156872e-09
5.025777127798392030e-09
1.338651323123940529e-08
1.232146047414062195e-07
1.052456521932754185e-08
1.102168994293606374e-06
4.592857749230461195e-06
5.293812677109599463e-08
7.634137659806583542e-07
3.739181408946024021e-09
1.252274159924127162e-07
1.420977014277013950e-06
1.444843604758716538e-07
7.983670613498361490e-09
1.040327433088350517e-07
3.309377802906965371e-07
5.104598585603525862e-06
3.268339241913054138e-06
1.148151440588662808e-07
1.582169716130010784e-06
5.453804078570101410e-06
4.047061796796924682e-09
1.059251264479144083e-08
3.344313714848112795e-10
1.109029845736131392e-08
1.894765944143728120e-07
1.243137592865650731e-08
2.224207128165289760e-05
9.679595081024672254e-08
8.564737363769836520e-09
7.639749100007975358e-08
2.859335381799610332e-06
2.099621276840935025e-08
1.492966461569267267e-08
1.202166560743123114e-10
3.292821872946660733e-07
5.431166982816648670e-07
2.531124820848162926e-08
8.200508005984374904e-08
6.198173196025891230e-06
2.106108922816929407e-06
1.966301113043300575e-07
1.585720951879920904e-06
1.711177105789829511e-06
6.040502739779185504e-06
4.886367221956788853e-08
1.987678842851892114e-06
2.244388497274485417e-06
3.320246264593151864e-07
8.037875406444072723e-03
2.094721196499449434e-08
5.591012453010080208e-08
1.074500133313449624e-07
3.628401046285034681e-08
4.237500128567717184e-09
1.329448018339007831e-08
1.116096282061107559e-08
3.121353131518844748e-07
3.339014483572100289e-06
8.484624203219937044e-08
3.308426244075235445e-08
9.561164304727753915e-09
2.679618305023723224e-08
2.379771268934405271e-09
8.937288953347888310e-07
2.696092515908077303e-10
1.074585725291399285e-06
3.144001503585514001e-09
1.914018099569148035e-08
3.911402018275111914e-06
4.593269053998483287e-08
1.117230021918658167e-05
8.096992019090976100e-07
1.267695015627623434e-08
3.229916334390736665e-10
3.672782895591808483e-06
3.213618526842765277e-07
7.805753376999291504e-09
4.019437369606748689e-07
9.299107546212326270e-07
8.860831179902106669e-09
1.657842585700564086e-05
2.000206889007927202e-09
7.356526566582033411e-06
3.647341983992191672e-09
1.933424442768227891e-08
7.914828756838687696e-07
8.584052579863055144e-09
1.120203751980852758e-08
7.564095767520484515e-07
5.758972854152943910e-09
3.665826397991622798e-08
1.211507651532883756e-06
4.345303850072923524e-08
5.216192562329524662e-07
1.035854637621014263e-07
4.142697562770081277e-08
2.912524905696045607e-05
1.341881443295278586e-06
3.532019832164223772e-08
1.400200773105098051e-07
1.775136593273884955e-09
9.488568153415144479e-09
5.797217283998179482e-08
1.586638376238624915e-07
2.840845558793603232e-09
2.543327127568772994e-06
1.255257444654489518e-07
1.071714494926823136e-09
3.246297239911655197e-07
2.317140683771867771e-07
1.987691788940537663e-08
5.214779719153739279e-09
6.809181662958962988e-09
1.002178677822485042e-07
3.666345094188727671e-07
2.375951453359448351e-06
3.679705287140677683e-07
3.942891524388869584e-08
1.593832088531144109e-08
6.996658339630812407e-05
8.828290098961133481e-09
2.185440735047450289e-07
8.290054211101960391e-06
1.528024853314491338e-07
3.403479054142621862e-09
8.696361852855716279e-09
3.300445428067178000e-07
4.752126869789208286e-08
2.343351290789996710e-08
3.287937744289592956e-08
3.645328661150415428e-07
3.646302388915501069e-07
3.602788822831826110e-08
2.784428332347488322e-08
2.289464973159738292e-08
3.317095220722876547e-08
2.298973633685363893e-08
7.690135817028931342e-08
3.759263563551940024e-06
3.064669726882129908e-07
2.511978181019003387e-08
8.813182716949086171e-07
1.147698712884448469e-04
6.639919547524186783e-07
1.391947335172005751e-09
3.089313249660108340e-09
6.034177157943076963e-09
4.373722717332384491e-09
2.764798955467995256e-05
1.876234421160916099e-07
8.263241113581898389e-08
7.677455116095188714e-09
5.711462563340319321e-06
2.313375034646014683e-06
6.673597567896649707e-07
2.132720055669778958e-06
2.357882294745650142e-06
6.831019638831037355e-10
4.770216932570292556e-08
9.653211208160428214e-08
3.112944568783859722e-08
2.556345464199694106e-07
2.958869189023971558e-02
3.795116299443179742e-06
5.351810550280333700e-09
6.889641099405707791e-06
1.693529839030816220e-06
7.379196809154109360e-09
3.093158795763883973e-08
1.145753714126840350e-07
1.679797811959815590e-08
5.505030458152759820e-06
1.683668648944092183e-09
6.254043114495289046e-07
8.348609803476847446e-09
4.257588273048895644e-07
5.760137469223991502e-07
5.423423043993125248e-09
3.432845119277772028e-08
3.128771277260966599e-05
6.150897320367221255e-07
1.062143937247128633e-07
3.518692537340939452e-08
2.520051225474162493e-07
6.155427740850427654e-07
2.521046553738415241e-07
1.080104084394406527e-06
5.018785032007144764e-07
2.171862689692716231e-07
1.152504501078510657e-05
1.414085204487491865e-06
9.850393212218477856e-08
1.261100987903773785e-05
7.943771862528592465e-08
2.476061022882447560e-10
1.296290452756920786e-08
1.762021213380648987e-07
4.708430765276716556e-07
2.406733017323858803e-07
4.469550276553491130e-07
5.805970815231376037e-08
1.692690148047404364e-06
9.492275410138972802e-08
1.277990406833851011e-07
3.382602997703543224e-08
3.241764829908788670e-07
1.548975880893976864e-08
5.663624680352086216e-09
4.480184667698949852e-09
2.860639938262465876e-07
1.292729479018817074e-07
7.122434908524155617e-08
5.637169309125056316e-08
2.296528300860245508e-08
2.572043733550799516e-08
1.175064028302585939e-07
1.373428801798581844e-07
1.397591233853745507e-07
1.164247919405170251e-06
4.950168204231886193e-07
1.863339349483794649e-08
8.045591970429200046e-10
9.185338285533362068e-07
8.381253024936086149e-09
8.834605935703621071e-09
2.850865765680055119e-09
1.529095898149535060e-04
3.940127157875394914e-07
5.916732437327709704e-09
1.136565259685085039e-07
7.208183205875684507e-07
6.148765407942846650e-08
7.722837267465365585e-07
2.862663883718141733e-08
3.445490559528252561e-09
4.122251695548584394e-08
6.175183671075501479e-07
8.459286618744954467e-06
3.819466520837977441e-09
6.372301413648528978e-06
3.908441215116909007e-08
5.650646883736953896e-08
1.145652618106396403e-06
9.768466924242602545e-09
7.114607569747022353e-08
5.613767939394165296e-08
6.099920568658490083e-08
3.470089041002211161e-06
5.363161026394891451e-10
2.622160081955371425e-06
1.893108780848251627e-08
8.836052074912004173e-06
6.043694611435057595e-08
2.875512983280259505e-08
5.999923047284028144e-08
1.695241053312201984e-06
7.181556327395810513e-08
3.223491376047604717e-06
2.341160097785177641e-06
3.485845638806495117e-07
4.952968447469174862e-05
1.361384533993259538e-07
8.765346137806773186e-07
2.065001751816453179e-07
2.058957988992915489e-06
2.622312322841935384e-08
1.936716564898688375e-08
6.162996214698068798e-06
8.371301305487577338e-07
1.369263458173008985e-07
1.569744085827551316e-07
3.779860424657499607e-09
8.638200199584389338e-08
1.383678061017690197e-09
1.016270956277764981e-09
1.702519654145362438e-07
9.139969847637985367e-07
1.383860848136464483e-08
1.640871993835446574e-09
5.829392080158868339e-07
1.641833868859521317e-08
1.003190774895301729e-08
1.808001637293443764e-09
3.183739050172107454e-09
1.401530624889346655e-08
9.265757228149595903e-08
1.235954449896325968e-09
1.660341730769232527e-08
1.709651797909828019e-08
2.619121808322688594e-09
1.598776000477641901e-09
4.751465709773583512e-08
8.814980745341927104e-09
8.940345651353709400e-06
2.124292706184860435e-07
1.735323351681472559e-08
6.258733264985494316e-07
6.223500804480863735e-06
3.040062424020106846e-08
5.723419604919399717e-08
6.329842250352157862e-08
1.964984221558552235e-06
1.760902423875165823e-09
1.366665891566753999e-09
2.002238552734070254e-08
5.506705292646074668e-06
3.535779455887677614e-07
9.067759876302261546e-09
7.656538736355855690e-10
5.675723224740636397e-10
1.459391052449632298e-09
4.792162222599927190e-10
4.325793945270106633e-09
3.167103159285034053e-06
1.003650140773970634e-08
8.860735078997095115e-08
8.436583698312460911e-08
6.226480309123871848e-06
1.088322242139838636e-04
1.186819602594368916e-07
2.261315421492327005e-05
2.934812215471538366e-08
1.039238850353285670e-05
7.888386903687205631e-07
1.114344627239916008e-06
1.534797047497704625e-05
6.550181979037006386e-07
1.888373844849411398e-06
1.765784389817781630e-07
2.464111503286403604e-06
2.063891617581248283e-03
1.769631489878520370e-05
1.693964350124588236e-06
1.897337398304443923e-07
5.422262105980735214e-08
7.179187377914786339e-08
7.902433026174549013e-06
2.584426184171206842e-08
1.465571273229215876e-07
1.758085232950179488e-07
1.614385292114661752e-09
3.079103976233454887e-07
2.447638109970284859e-07
5.113741430307072733e-09
3.052647556955889740e-08
1.294814774155383930e-05
2.006749184602085734e-07
