1.359804264211561531e-05
5.147093906998634338e-03
5.008932475902838632e-06
1.057759072864428163e-05
2.318184488103725016e-05
1.060742124536773190e-05
2.814690378727391362e-05
1.038917389450944029e-06
5.559863325288461056e-07
4.914520559395896271e-06
5.547660180127422791e-07
9.568870154907926917e-06
7.035648081910039764e-07
1.352558882672383334e-07
3.613868466345593333e-05
8.758269132158602588e-07
1.016292912936478388e-06
9.076305104827042669e-06
2.272941310366149992e-05
1.334554781351471320e-06
1.452721143380131252e-08
4.454841928236419335e-06
2.383025048402487300e-06
1.552807589177973568e-07
1.475147996643499937e-06
7.921916221675928682e-06
8.775137757766060531e-06
8.851044981383893173e-07
3.281400495325215161e-06
4.350269955466501415e-05
7.695081876590847969e-06
8.260729373432695866e-06
1.891293777589453384e-06
1.031268493534298614e-05
5.300512384565081447e-06
7.508668318223499227e-07
9.281925485993269831e-06
2.894158114941092208e-06
6.229427071957616135e-06
1.238731329067377374e-05
6.236610943233245052e-07
1.662742306507425383e-06
1.866574166342616081e-05
8.230697858380153775e-06
7.751501470920629799e-06
1.407421659678220749e-04
2.381232661718968302e-06
3.127005766145884991e-05
1.800294739950913936e-06
4.429662396887579234e-07
2.392492206126917154e-05
7.378571922345145140e-07
4.769517545355483890e-06
4.008015821455046535e-05
1.198637401103042066e-04
5.149880889803171158e-04
1.980090280994772911e-03
1.839569421235864866e-07
1.088462071493268013e-03
6.703256076434627175e-06
1.631183433346450329e-03
3.002316225320100784e-04
1.656135427765548229e-03
1.729545942907861900e-06
2.139136922778561711e-04
7.730731158517301083e-05
2.436985960230231285e-04
2.117107578669674695e-05
1.940083311637863517e-04
2.224851840537667158e-07
5.471700205816887319e-06
8.629489457234740257e-06
4.932850060868076980e-05
9.915668488247320056e-05
5.205931374803185463e-04
1.062695355358300731e-05
7.216837257146835327e-04
2.647880173753947020e-04
1.531270186205802020e-06
1.463111516386561561e-06
1.025759956974070519e-05
4.636494281839986797e-07
1.797544541659590323e-06
1.375549231852346566e-06
7.853694260120391846e-03
9.542031165210573818e-08
9.310707582699251361e-07
3.644668709057441447e-07
1.005731464829295874e-04
7.906557584647089243e-06
6.670824222965165973e-05
1.983184847631491721e-05
8.333899131685029715e-06
1.689096097834408283e-04
4.584847192745655775e-05
1.118275235967303161e-06
7.117415661923587322e-04
1.313734173891134560e-06
5.812245831293694209e-07
3.794046961047570221e-07
1.284617837882251479e-06
1.008841081784339622e-06
3.123157910067675402e-07
7.996427484613377601e-07
2.585205294280967792e-08
1.619824843146489002e-07
1.598077233211370185e-06
3.711349144577980042e-02
2.027078764513134956e-03
6.267956923693418503e-04
3.215732704120455310e-06
2.024831519520375878e-05
4.650158189178910106e-06
1.480120317864930257e-05
1.088331060827840702e-07
1.097770109481643885e-05
8.703597700332466047e-07
1.888114784378558397e-04
5.610910648101707920e-06
5.678251909557729959e-06
2.794724423438310623e-06
7.626785190950613469e-06
1.191658611787715927e-06
6.515725999634014443e-06
4.038401584693929181e-06
2.298007530043832958e-06
1.359557882096851245e-05
1.353784227831056342e-06
2.234253315691603348e-06
2.332910469249327434e-07
3.206409746780991554e-05
7.427919626934453845e-06
8.755526323511730880e-06
1.659996655689610634e-06
8.416016612500243355e-07
5.887551651539979503e-06
3.343824914736615028e-07
3.121645306691789301e-07
3.504333790260716341e-06
2.534052256919494539e-08
2.932023335233679973e-06
6.453873879763705190e-07
1.231675810231536161e-06
2.228682944860338466e-07
1.353526749880984426e-05
1.720548652883735485e-06
2.491712258745337749e-08
1.620840976102044806e-06
9.237581980414688587e-05
5.679665719071635976e-06
5.317211980582214892e-05
5.438778771349461749e-06
1.619707603595088585e-07
4.169865405856398866e-06
1.542281751198970596e-07
8.552505050829495303e-07
7.476228347513824701e-07
1.252401125384494662e-05
7.697078217461239547e-06
2.308966173814042122e-07
2.650554336014465662e-07
1.563807643378822831e-07
2.776873770926613361e-06
6.098664329101666226e-08
9.859872989181894809e-07
6.697188155158073641e-07
6.672882591374218464e-06
9.842361805567634292e-07
4.450813548828591593e-07
8.648413540868205018e-08
1.282988250750349835e-06
4.545272815903445007e-07
1.084831637854222208e-07
4.797369115294713993e-07
7.305677485192063614e-08
3.590758126392756822e-07
1.471668156227678992e-07
5.928489699158490112e-08
1.388118448630848434e-06
4.835567892769176979e-07
2.498894446034682915e-06
6.071647931094048545e-07
1.366855713058612309e-06
2.223797679334893473e-07
1.284627018094397499e-07
4.368421286926604807e-05
6.310787625807279255e-07
9.775901162356603891e-06
4.219728566567937378e-07
9.403073022440366913e-07
4.943917701893951744e-07
1.106129502659314312e-06
2.821232556016184390e-06
4.744208126794546843e-06
7.180276639928706572e-08
2.086071617668494582e-06
1.681017693044850603e-06
1.225992018589749932e-04
2.884512468881439418e-07
2.142091761925257742e-05
4.225586053507868201e-06
2.530344147544383304e-07
1.315505642196512781e-06
8.132130460580810905e-06
1.303532940255536232e-06
3.667430064524523914e-05
2.565194790804525837e-06
3.522106339914898854e-07
5.736113962484523654e-06
2.598615083115873858e-06
4.933141894980508368e-07
4.266009625553124351e-07
5.930138513576821424e-07
1.013954033624031581e-06
5.886616349926043767e-07
6.391233000613283366e-07
1.152229174294916447e-06
7.088987786119105294e-06
8.629777425994689111e-08
5.151358095645264257e-07
3.241270576381793944e-07
7.668199373256356921e-07
1.397652113155345432e-06
1.055311622621957213e-05
2.310431909791077487e-06
8.049597113313211594e-07
1.312836775468895212e-05
1.754510094542638399e-06
5.284839232899685157e-08
2.064106229227036238e-05
2.932950451395299751e-07
8.020198947633616626e-06
2.172198765038046986e-05
1.368627181363990530e-06
3.716720311786048114e-05
7.962055406096624210e-07
5.401296903073671274e-07
6.258491794142173603e-06
1.769250411598477513e-05
4.580618679028702900e-06
3.434252357692457736e-05
3.334054099468630739e-06
3.942046532756648958e-06
3.746763468370772898e-07
1.205652552016545087e-06
4.498125690588494763e-06
1.633686537161338492e-07
3.380396447028033435e-05
2.313958793820347637e-05
1.275444719794904813e-05
2.305138650626759045e-06
4.266626547178020701e-06
1.997924300667364150e-06
1.011614699564233888e-06
2.663989107531961054e-06
1.078377181329415180e-06
1.623605612621759064e-06
8.346916047230479307e-07
3.423813552672072547e-07
3.881272903072385816e-07
1.588361300264296005e-07
1.054878850936802337e-07
2.567430215094645973e-07
1.587286874382698443e-06
1.434688601875677705e-05
4.930799377689254470e-07
1.192479317069228273e-06
9.876041531242663041e-07
5.893042498428258114e-07
1.261012130271410570e-07
1.317403217626633705e-07
1.473375868954462931e-05
6.881272724967857357e-07
1.492346655140863732e-07
1.313090365329117049e-06
3.406132691452512518e-07
2.614561545044580271e-08
6.266437821977888234e-07
4.118112428841413930e-07
1.601826170372078195e-06
1.160376200459722895e-06
5.152653102413751185e-06
7.818621270416770130e-07
2.012107506743632257e-05
3.762922460737172514e-06
8.741488386476703454e-07
5.294543257150507998e-07
1.757172540806095640e-08
2.435531541777891107e-06
5.157094733476697002e-07
2.800863967422628775e-06
2.364100311069705640e-07
1.966809759323950857e-05
1.975839296619597008e-07
7.380767215181549545e-07
6.999930337769910693e-05
2.549795965478551807e-07
5.861905447090975940e-05
2.792054942801769357e-08
9.837486203423395636e-08
3.250306690461002290e-05
1.893761009341687895e-06
7.668930948057095520e-07
6.460071290348423645e-06
3.773209016344480915e-07
5.355594225875393022e-07
2.100188339682063088e-06
1.164455352409277111e-05
4.436699964571744204e-04
1.852664980106055737e-03
3.800053382292389870e-04
4.234745574649423361e-05
3.019278301508165896e-05
4.039789928356185555e-05
8.871318277670070529e-05
3.408155462238937616e-04
1.065455990101327188e-06
1.406986825713829603e-06
4.494128006626851857e-05
1.650783669902011752e-04
2.836128714989172295e-06
4.075276083312928677e-04
1.820392412810178939e-06
3.547392043401487172e-05
2.394111788817099296e-06
1.340417838946450502e-05
1.294324079026409891e-06
2.699910510273184627e-05
1.852159584814216942e-05
2.001226312131620944e-05
2.891069925681222230e-05
6.933886425031232648e-07
2.034887074842117727e-06
2.506275268387980759e-05
1.072416034730849788e-05
8.946913254703758867e-08
8.827201014582897187e-08
1.098034545066184364e-06
7.610480679431930184e-06
6.071086318115703762e-07
7.282111710082972422e-06
1.142853216151706874e-05
3.813565399468643591e-06
3.509693158321169904e-07
3.477110226413060445e-07
9.857776603894308209e-07
1.077758861356414855e-05
4.183539658697554842e-06
4.557254840165114729e-08
3.649306634656568349e-08
1.770500972497757175e-07
1.414495386597991455e-06
8.819719710118079092e-08
2.238548631794401444e-06
2.828317519742995501e-06
3.430628510159294819e-07
2.547973963373806328e-06
1.140980111813405529e-05
1.927343146235216409e-05
1.180956678581424057e-05
4.977193839295068756e-07
3.028541323146782815e-05
3.965384109960723436e-07
2.044698135250655469e-07
1.387225984217366204e-05
8.302446076413616538e-06
2.237240323665901087e-06
9.785577503862441517e-07
7.035558610368752852e-06
6.155915616545826197e-05
1.801827522740495624e-07
1.007956669241139025e-07
3.038769591512391344e-08
5.111643019972689217e-08
2.027077471211669035e-06
8.144222192640881985e-06
7.994117368070874363e-07
3.856643786548374919e-07
1.438198864889272954e-06
6.846164978924207389e-06
2.406741259619593620e-06
4.144743434153497219e-05
5.863638534719939344e-07
1.464463457523379475e-05
1.859114308899734169e-05
8.337326107721310109e-06
1.779200147211668082e-06
4.751018132083117962e-04
1.354348059976473451e-04
4.628290355412900681e-07
2.968222543131560087e-05
1.198024347104365006e-05
3.806979511864483356e-04
5.358111229725182056e-04
2.567483306847861968e-06
1.995707862079143524e-04
1.433441601693630219e-02
5.189696821616962552e-05
1.326723286183550954e-04
5.531837086891755462e-05
3.373979097887058742e-06
8.546539902454242110e-06
2.631900997585034929e-06
1.999139271902095061e-07
5.442795099952491000e-06
1.127260038629174232e-04
1.006795173452701420e-05
6.723422757204389200e-06
5.564199057062069187e-08
7.996397325769066811e-04
2.758839855232508853e-06
5.057854286860674620e-05
1.937917886607465334e-06
2.394812781858490780e-06
3.057235444430261850e-04
8.525903467671014369e-06
1.921952389238867909e-05
7.829933892935514450e-04
5.831973248859867454e-05
3.415148967178538442e-05
1.589052408235147595e-05
1.307428647123742849e-06
1.593529873389343265e-06
8.795785788606735878e-07
3.170947893522679806e-04
6.989553639868972823e-06
5.127625968270876911e-07
1.534477405584766530e-06
6.508490969281410798e-06
1.598416565684601665e-04
7.414232641167473048e-06
1.698129494798195083e-06
7.233332439682271797e-07
4.095951589988544583e-05
5.059530394646571949e-06
3.607622056733816862e-05
2.200342350988648832e-06
1.351104674540692940e-05
5.504660975930164568e-07
5.488895567395957187e-06
1.635704620639444329e-06
4.154193084104917943e-05
2.757646768714039354e-07
2.438093724776990712e-05
2.372882335066606174e-07
1.437738205822824966e-06
1.835038347053341568e-05
9.286733984481543303e-06
5.386209522839635611e-05
2.297417950103408657e-06
3.865595863317139447e-05
3.610406338339089416e-07
3.055439776744606206e-07
1.025888536787533667e-06
7.824588692528777756e-07
2.310217013246074202e-07
3.262606242060428485e-06
1.392743579344823956e-04
1.593212886064065970e-07
4.231556886225007474e-05
1.943455345099209808e-06
4.621220739409181988e-07
7.589006145281018689e-06
2.361069709877483547e-05
5.513618816621601582e-05
7.654701221326831728e-06
1.025190670134179527e-07
3.270235083618899807e-06
2.480355988154769875e-06
1.930758571688784286e-06
2.582384013294358738e-06
5.457327034719128278e-08
7.024003707556403242e-07
1.252905803994508460e-06
2.652858347573783249e-05
2.608637805678881705e-05
9.844511077972128987e-05
4.321203959989361465e-06
1.853573121479712427e-05
3.015207994394586422e-08
5.129558121552690864e-05
1.201521517941728234e-04
2.326819185327622108e-06
1.192818331219314132e-06
1.288703259660906042e-07
1.074309693649411201e-05
4.166466624155873433e-06
4.851429548580199480e-05
5.439448159449966624e-06
4.181647454970516264e-05
2.081179445667658001e-06
9.145472290583711583e-07
1.129143811340327375e-06
1.319467810390051454e-05
4.687092030053463532e-07
6.948632744752103463e-06
2.245223640784388408e-06
1.235548697877675295e-04
2.603770408313721418e-04
2.009687278814453748e-07
6.126327889433014207e-07
1.362901912216329947e-05
5.472399607242550701e-06
1.462464183532574680e-06
4.705022147390991449e-04
1.996854916797019541e-05
2.486892299202736467e-05
5.849974058946827427e-06
1.489918531660805456e-06
2.483938988007139415e-05
4.079424797964747995e-06
6.114461825745820533e-07
8.056904476916315616e-08
3.437423947616480291e-05
7.825047759979497641e-06
3.303511448393692262e-06
3.657721208583097905e-06
8.868007171258796006e-06
3.470132651273161173e-04
1.354775577055988833e-05
2.401040910626761615e-05
5.388308181863976642e-06
1.135929414886049926e-05
1.807216904126107693e-06
4.788828178448056860e-08
6.439163513505263836e-08
6.995058470238291193e-07
6.339443643810227513e-06
1.498869650617962179e-08
4.905862169835017994e-06
2.233601734042167664e-02
1.435017566109308973e-06
1.156108055511140265e-06
2.986786284964182414e-06
5.764749175796168856e-07
1.804172100605683227e-08
7.603052836202550679e-06
1.060626709659118205e-05
2.944974824004020775e-07
2.196672539866995066e-05
7.103391794771596324e-07
1.860242446127813309e-05
2.733099099714308977e-04
1.057795361703028902e-05
5.152292033017147332e-07
2.377308555878698826e-05
4.099618763575563207e-06
6.524947821162641048e-06
6.110929007263621315e-07
3.311668988317251205e-04
4.026253108690980298e-08
3.974010269303107634e-06
5.968176992610096931e-04
9.911986126098781824e-06
6.716331881762016565e-07
1.194521246361546218e-06
1.370227709412574768e-02
1.142430992331355810e-04
3.434039172134362161e-05
6.427721928048413247e-06
3.090645623160526156e-05
1.088585577235789970e-05
7.137413485907018185e-04
1.558563963044434786e-05
1.009738571156049147e-05
8.615958358859643340e-05
1.152994286712782923e-06
2.842761830379458843e-07
2.673028802746557631e-06
1.076909120456548408e-05
6.120312900748103857e-05
1.711447197294546640e-07
3.410950012039393187e-04
2.008462871572191943e-07
3.867295390591607429e-07
8.355546015081927180e-06
3.973898401454789564e-07
6.657144240307388827e-06
8.963491382019128650e-06
5.642682936013443395e-06
1.561844983370974660e-04
1.460163275623926893e-06
2.358883193664951250e-06
1.342259707826087833e-07
1.067803750629536808e-04
3.828000626526772976e-05
2.811548540648800554e-07
6.030093686604232062e-07
3.800624399445950985e-04
6.674865176137245726e-07
4.957503279001684859e-06
2.549526398070156574e-04
8.418689958489267156e-07
2.910069497374934144e-06
2.682483682292513549e-05
7.101833148226432968e-07
2.770836772469920106e-06
2.575976395746693015e-06
3.254170951549895108e-05
2.080783269775565714e-05
2.712638206503470428e-06
7.716150321357417852e-06
8.330787863997102249e-07
1.474881372587333317e-07
1.107321622839663178e-05
1.307361890212632716e-05
3.818201548710931093e-06
8.819914000923745334e-06
7.212020864244550467e-05
3.634575023170327768e-07
3.570616536308079958e-04
9.365999139845371246e-04
7.663520591449923813e-07
1.003962438517191913e-06
1.612409576773643494e-02
3.890289121954992879e-07
8.218336151912808418e-04
2.427370418445207179e-05
1.038340883496857714e-06
8.845037082210183144e-04
5.342660588212311268e-04
4.348123184172436595e-06
2.570835022197570652e-06
1.451019670639652759e-06
2.059343984228689806e-07
3.844003458652878180e-06
4.319213530834531412e-06
5.293300660014210735e-07
2.801404843921773136e-05
1.046395300363656133e-05
2.813811306623392738e-06
2.213623474744963460e-06
3.705889685079455376e-05
1.356017764919670299e-05
3.674174195111845620e-06
2.011550350289326161e-06
1.307272759731858969e-04
2.954285810119472444e-05
2.997861201947671361e-06
6.016520637786015868e-05
1.616197238263339386e-07
1.810808753361925483e-04
1.878898046925314702e-06
2.708241518121212721e-04
5.443176269182004035e-05
9.645174723118543625e-04
5.750382115365937352e-06
2.208945716120069847e-06
2.780574561711546266e-07
2.486121388756146189e-07
3.304445999674499035e-05
1.631835220905486494e-05
3.555481271177995950e-06
6.644601171501562931e-07
3.734581696335226297e-05
1.250747936865082011e-05
2.919656935773673467e-06
7.502597441089164931e-07
1.556877941766288131e-05
6.567148830072255805e-06
1.917818881338462234e-04
3.878686243297124747e-07
1.186951635645527858e-06
1.650128638175374363e-06
7.025819504633545876e-04
6.058653980289818719e-06
7.958426522236550227e-07
8.802478077996056527e-06
6.321678665699437261e-05
9.812820702791213989e-03
1.217147018905961886e-05
7.348828148678876460e-06
6.832382950960891321e-06
2.087865738076288835e-07
2.211138792063138681e-07
4.806707352145167533e-07
1.585349878041597549e-07
2.843091806425945833e-06
1.546983071420982014e-06
3.003120582434348762e-06
2.300400810781866312e-04
5.653947027894901112e-06
3.974643277615541592e-06
1.442035500076599419e-05
2.486466428308631293e-06
7.845110303605906665e-06
3.030515927093802020e-08
9.959690942196175456e-05
2.377444412559270859e-03
4.258159151504514739e-06
4.803375759365735576e-07
3.626554389484226704e-04
4.506930999923497438e-04
1.492338128628034610e-07
6.773922791580844205e-07
5.679746664100093767e-06
1.063827425241470337e-03
2.441031938360538334e-05
3.435030066611943766e-06
9.374747605761513114e-06
1.163791821454651654e-04
1.454268931411206722e-03
4.833487992073060013e-07
1.948620365510578267e-06
4.140484452364034951e-05
4.002097739430610090e-06
9.796362974157091230e-07
1.299761720474634785e-06
1.519381953585252631e-07
6.144833168946206570e-04
9.870386747934389859e-06
5.512435745913535357e-05
7.344905043282778934e-06
7.473373898392310366e-06
8.192266136575199198e-07
1.144936732089263387e-07
1.660906564211472869e-04
4.560343711546011036e-07
2.397153730271384120e-05
7.059588824631646276e-07
3.972674278429622063e-07
1.043854746967554092e-03
8.880959398993581999e-07
7.554306648671627045e-05
4.564422852126881480e-06
5.338595656212419271e-06
6.609713665284289164e-09
5.467566370498389006e-05
1.478851936553837731e-05
6.800363507863949053e-07
8.763687731061509112e-08
1.925681426655501127e-04
4.491164872888475657e-06
4.682839062297716737e-05
7.902598753162237699e-08
3.594225563574582338e-05
3.966764552387758158e-07
1.222868922923225909e-05
3.627066616900265217e-04
9.164947186945937574e-06
1.437897253708797507e-06
7.444540387950837612e-04
5.004817012377316132e-06
9.751310244610067457e-06
7.229676839415333234e-07
8.273378284684440587e-07
1.909008096845354885e-05
7.193430210463702679e-04
1.195572713186265901e-05
4.350411472842097282e-05
9.519096784060820937e-05
9.509422511655429844e-07
4.649426045943982899e-06
1.375934971292736009e-06
1.605231005896712304e-07
2.714328047659364529e-06
4.252824874129146338e-05
1.854475726759119425e-06
4.235297183186048642e-06
6.736860086675733328e-05
3.193892084141225496e-08
2.561651308496948332e-05
5.125994903210084885e-06
2.360687147984208423e-07
7.849956205063790549e-07
1.388728833262575790e-06
4.883035558123083320e-07
2.162770761060528457e-05
1.528123539173975587e-04
2.884738205466419458e-05
5.661451723426580429e-06
2.344847189306165092e-06
2.406468265689909458e-04
1.664364646103422274e-07
3.086729293499956839e-06
1.780634484020993114e-04
5.274261184240458533e-06
2.694225997856847243e-07
4.170002512182691135e-07
1.474661303291213699e-06
9.297792047391340020e-08
1.137902654591016471e-05
1.796298020053654909e-04
2.502698407624848187e-06
3.035114787053316832e-06
1.612601408851332963e-06
2.715073378567467444e-06
2.920569204434286803e-05
3.221205361114698462e-06
1.167342725238995627e-05
3.721864686667686328e-06
6.667668799309467431e-07
9.000319550978019834e-05
2.013563744185375981e-06
3.550580739974975586e-01
3.395501698832958937e-05
4.041470310767181218e-05
8.539012924302369356e-06
6.702967425553651992e-08
1.458905808249255642e-05
6.043185931048355997e-05
4.159844829700887203e-04
6.557092547154752538e-06
1.754341269588621799e-06
2.297512082805042155e-06
1.422138302586972713e-05
1.170692939922446385e-05
5.190094725548988208e-06
7.734529208391904831e-04
2.612109256006078795e-06
1.753537617332767695e-07
1.583550215400464367e-07
2.426978198855067603e-06
9.147665736009003012e-08
3.595636144382297061e-08
8.376021869480609894e-04
2.722698081925045699e-05
9.732658554639783688e-07
1.280307333217933774e-04
7.353627006523311138e-05
3.544834896729298634e-07
1.228769633598858491e-06
2.105230669258162379e-05
2.497007699275854975e-06
1.342893665423616767e-04
1.453839672649337444e-06
1.551096647744998336e-05
1.813376684367540292e-06
1.836197407101280987e-05
1.832843372540082783e-05
1.278007061955577228e-06
1.427030474587809294e-05
8.200564479921013117e-06
6.096963716117898002e-07
1.298126062465598807e-05
1.463699703663223772e-07
2.272928031743504107e-05
3.319344614283181727e-05
9.170878456643549725e-07
8.185690967366099358e-05
2.397304399437416578e-07
1.942737435456365347e-05
2.653369301697239280e-05
3.477223799563944340e-05
1.649069872655672953e-06
5.855639301444170997e-06
2.151048875020933338e-06
4.709591649998401408e-08
8.018753760552499443e-06
4.189175160718150437e-05
2.505589509382843971e-05
3.452245437074452639e-04
1.159788780569215305e-06
1.369378423987654969e-07
7.936465553939342499e-04
1.225897335643821862e-06
1.971636010011934559e-07
1.811688889574725181e-05
3.887223556375829503e-06
4.938872734783217311e-06
3.001987920470128302e-07
1.124493519455427304e-05
1.331814291916089132e-05
5.774163582827895880e-05
5.266970788397884462e-07
7.599359960295259953e-04
1.244509633124835091e-07
3.127937588942586444e-06
5.563178565353155136e-04
5.210448307479964569e-06
1.396546281284827273e-06
1.132289412453246769e-06
2.162426244467496872e-05
6.787797701690578833e-08
3.597119473397469847e-07
1.846843370003625751e-04
2.065971239062491804e-05
3.680189877286466071e-07
9.450067040006615571e-08
4.512748273555189371e-04
1.238085224031237885e-05
1.645740667299833149e-06
1.297764629271114245e-05
2.339062630198895931e-04
1.888929688220741809e-07
1.294151297770440578e-04
5.210502877162070945e-06
1.709969978946901392e-06
3.587556193451746367e-06
2.719729309319518507e-05
7.660737173864617944e-05
2.881986915781453717e-08
1.241928111994639039e-04
1.045790850184857845e-03
1.751904528646264225e-05
3.672951606858987361e-06
2.201231473009102046e-05
9.731401405588258058e-06
4.317857019486837089e-05
1.152778349933214486e-05
2.037707963609136641e-05
1.108120617487884374e-08
9.430554928258061409e-05
7.962204108480364084e-06
7.738270331174135208e-03
2.050337570835836232e-05
4.555803898256272078e-04
1.713504275357990991e-06
2.358508623956367956e-07
1.731102088342595380e-06
1.917665258588385768e-06
1.729113864712417126e-04
7.373047537839738652e-06
5.919205796089954674e-05
1.403007331646222156e-06
7.112186722224578261e-06
2.462299380567856133e-05
7.573397597298026085e-04
4.728818112198496237e-06
3.505928325466811657e-04
1.174976350739598274e-04
5.425162817118689418e-05
1.925366450450383127e-05
4.234267180436290801e-06
1.048153066562917957e-07
4.795564564119558781e-06
4.299179323652424500e-08
6.458500223516239203e-08
5.182566908956687257e-08
4.085272394149797037e-06
1.954201422904588981e-08
9.256215207642526366e-07
6.602796929655596614e-05
2.223194428552233148e-08
4.789823648820856761e-08
4.111980445031804265e-08
1.028971155392355286e-06
8.097684656149795046e-08
1.794062882254365832e-06
4.817284775526786689e-07
5.527378377223612915e-08
1.049971913857916661e-07
6.632508871007303242e-07
1.379244878307872568e-07
1.934131978487130255e-05
1.888522405124604120e-07
4.535593616310507059e-04
4.708772030426189303e-05
8.022886959224706516e-07
1.312963831878732890e-06
1.000786323857028037e-05
4.331758191256085411e-06
2.985350874951109290e-06
2.331637233510264196e-06
3.140800117762410082e-06
2.257586629639263265e-06
1.538943621426369646e-07
2.930789264610211831e-07
1.324401637248229235e-06
8.498218448949046433e-07
2.297243639759471989e-07
3.592400332763645565e-08
4.694817867800793465e-09
4.844870460374295362e-08
2.865344850278006561e-09
3.952213489810674218e-08
1.691110082902014256e-05
4.342390127476392081e-07
1.997828221647068858e-04
1.220180934069503564e-06
8.009162229427602142e-06
3.190788556821644306e-04
4.473648687053355388e-07
8.957750350236892700e-02
3.320302084830473177e-06
1.032756608765339479e-05
9.318595743934565689e-07
8.927357271204527933e-07
2.100349593092687428e-05
6.510647949653503019e-07
7.960886432556435466e-05
1.460056864743819460e-05
3.924321572412736714e-05
3.585177958011627197e-01
4.074032403877936304e-06
3.443526802584528923e-04
1.997742583625949919e-05
1.029060967994155362e-05
1.854113293120462913e-06
6.969538389967055991e-06
2.008842159284540685e-07
6.875480175949633121e-05
4.194452412775717676e-05
3.055576769384060754e-07
1.578553252556957887e-07
3.292379551567137241e-05
8.939826329878997058e-06
8.209174211515346542e-07
2.302543143741786480e-04
8.013807819224894047e-04
