5.815911572426557541e-04
2.322096563875675201e-02
1.241154222952900454e-05
7.774259756843093783e-06
4.254704890627181157e-06
1.437926111975684762e-04
1.649973855819553137e-04
5.662658963956346270e-07
7.782608122397505213e-07
4.806365723197814077e-06
9.097814654523972422e-06
1.427885581506416202e-04
1.068412871063628700e-06
1.150265120486437809e-06
3.634290987974964082e-05
4.311818429414415732e-06
3.637097734099370427e-06
8.629852345620747656e-06
8.795735766398138367e-07
8.453357054349908140e-07
3.953271061618579552e-07
7.060542429826455191e-06
7.752402780170086771e-06
4.498878922731819330e-07
6.201989890541881323e-07
6.241897608560975641e-06
6.725340426783077419e-06
1.912750349220004864e-06
4.466830432647839189e-06
2.565086288086604327e-05
1.241747486346866935e-05
1.297712587984278798e-04
1.047375235430081375e-06
2.077535493299365044e-03
5.860489327460527420e-04
6.295003549894317985e-05
9.460739966016262770e-05
3.047817881451919675e-05
1.157631850219331682e-04
1.807739181458600797e-06
3.865092821797588840e-06
1.287963073082210030e-06
2.643616198838572018e-06
5.604319426311121788e-07
2.782208525786700193e-07
4.094803443877026439e-05
1.131663225351076107e-06
2.554111233621370047e-05
3.275891003795550205e-06
1.375210899823287036e-06
1.416779014107305557e-05
8.502843229507561773e-06
2.606046837172470987e-05
1.427022471034433693e-05
1.702009399195958395e-06
2.553254016675055027e-04
2.779809874482452869e-04
1.133723728230506822e-07
4.818647867068648338e-04
2.531950940465321764e-06
1.334033731836825609e-04
1.519173500128090382e-03
3.038831055164337158e-04
1.302650503021141049e-06
7.657691458007320762e-05
1.803449849830940366e-04
3.482025203993543983e-05
6.309875971055589616e-06
4.663119034375995398e-05
1.106023501051822677e-05
2.878607119782827795e-05
1.800196150725241750e-05
5.248666857369244099e-04
8.455667411908507347e-04
8.901968598365783691e-03
2.378098724875599146e-04
1.807541120797395706e-03
3.211052156984806061e-03
1.344853953924030066e-04
9.031652439261961263e-07
8.239619091909844428e-06
5.093079835205571726e-06
5.574578153755282983e-06
9.687371857580728829e-06
3.075449494644999504e-04
2.685204378849448403e-07
4.331361651566112414e-06
2.204662087024189532e-05
1.949402212630957365e-04
2.972590664285235107e-05
8.940150291891768575e-05
2.940997489986330038e-07
8.954942313721403480e-05
5.673967825714498758e-05
1.555678027216345072e-04
4.820564299734542146e-06
1.504879212006926537e-03
1.087382479454390705e-04
2.411066270724404603e-05
1.087311829905956984e-06
2.542871698096860200e-06
5.017347120883641765e-06
1.811937551110531786e-07
3.771247284021228552e-04
4.828095370612572879e-06
6.712256436003372073e-06
9.781898370420094579e-06
2.315226383507251740e-02
6.256159394979476929e-04
5.029806867241859436e-03
1.456746758776716888e-05
3.323744385852478445e-05
1.387083902955055237e-04
5.497431993717327714e-05
1.999146803655094118e-07
3.606380050769075751e-05
2.661585858731996268e-05
2.892908640205860138e-03
2.367230918025597930e-04
5.346155012375675142e-05
4.376406650408171117e-05
1.375671945424983278e-05
7.141174592106835917e-06
1.080261336028343067e-05
3.297080183983780444e-05
9.822848951444029808e-04
6.480938463937491179e-05
9.759315844348748215e-07
1.924475100167910568e-06
2.636695717228576541e-05
8.046319999266415834e-05
3.437104169279336929e-06
2.606854832265526056e-05
6.661813131358940154e-06
1.373175564367556944e-06
2.899834328218275914e-07
5.090202535029675346e-07
3.108107193838804960e-06
7.638606803084257990e-06
3.798230181928374805e-06
2.836914973158854991e-05
1.999125288421055302e-06
1.506141325080534443e-05
1.423188393800955964e-07
5.287638032314134762e-06
2.324017259525135159e-05
1.981577781862142729e-07
1.870079699983762112e-06
5.955795859335921705e-05
2.489826583769172430e-04
7.133193867048248649e-05
8.126918226480484009e-03
2.264196518808603287e-05
6.410682544810697436e-05
5.552900256589055061e-05
3.101570837316103280e-05
4.374835698399692774e-04
5.903561395825818181e-05
1.121999157476238906e-04
1.490430804551579058e-05
3.604913672461407259e-06
8.704162610229104757e-05
2.014277270063757896e-03
6.766866135876625776e-05
5.239229649305343628e-04
1.040491315507097170e-05
5.832591559737920761e-04
2.460768882883712649e-05
1.772460964275524020e-04
3.003057827299926430e-06
1.777706056600436568e-04
4.507548292167484760e-04
3.435007529333233833e-04
1.139259038609452546e-04
3.601809294195845723e-05
7.326093509618658572e-06
1.001388227450661361e-06
9.054842280420416500e-07
4.568262374959886074e-04
5.644564953399822116e-05
1.611308107385411859e-05
7.788288348820060492e-05
2.263723872601985931e-03
1.489600981585681438e-05
1.785457970981951803e-05
2.044878900051116943e-03
4.424140570336021483e-05
7.287746411748230457e-04
7.084845037752529606e-06
1.791711110854521394e-04
2.976081304950639606e-06
1.003911820589564741e-04
8.389904978685081005e-04
2.175690133299212903e-05
6.069827577448450029e-06
1.541012432426214218e-03
8.239917951868847013e-05
7.682312570977956057e-05
4.152125620748847723e-05
3.429485659580677748e-04
1.887962571345269680e-05
1.427726965630427003e-04
1.769684895407408476e-04
2.555091923568397760e-04
6.451480439864099026e-04
2.016393227677326649e-05
3.985535295214504004e-05
8.130945498123764992e-04
6.757894880138337612e-05
6.554001010954380035e-04
6.628064147662371397e-05
1.371877151541411877e-04
1.933363091666251421e-04
3.262424434069544077e-05
3.845509127131663263e-05
4.925082321278750896e-04
2.566659823060035706e-04
2.582501387223601341e-03
3.392143698874861002e-04
3.796673554461449385e-04
2.183418291679117829e-05
3.270121305831708014e-05
1.419052860001102090e-04
3.509706948534585536e-05
9.472544661548454314e-06
6.768363527953624725e-05
5.781089421361684799e-04
1.108099822886288166e-04
7.193951660156017169e-06
2.251061960123479366e-04
6.026964401826262474e-04
2.661031321622431278e-04
2.825927804224193096e-04
5.531554961635265499e-06
9.569308022037148476e-04
1.394208229612559080e-04
1.027310645440593362e-05
2.513916406314820051e-04
7.954568718560039997e-04
1.214933581650257111e-04
1.655349769862368703e-04
1.263469894183799624e-04
1.381211099214851856e-03
5.038217204855754972e-05
3.016003756783902645e-05
9.184652008116245270e-04
8.078109203779604286e-06
1.902423985302448273e-02
1.880564610473811626e-03
5.606634076684713364e-04
1.972215482965111732e-03
7.056299131363630295e-03
1.936760418175254017e-05
5.159429856576025486e-04
6.776291993446648121e-04
5.217057187110185623e-04
1.053227897500619292e-04
6.519567687064409256e-04
7.229595212265849113e-05
1.135182828875258565e-04
2.821309681166894734e-05
2.846090683306101710e-05
1.616280678717885166e-05
8.964076987467706203e-04
2.503770869225263596e-03
7.108820864232257009e-05
5.854559276485815644e-05
4.254707164363935590e-05
1.409092305948433932e-06
2.314582816325128078e-04
1.324096083408221602e-04
4.983613034710288048e-04
1.059157584677450359e-04
6.968119123484939337e-05
8.964285370893776417e-06
7.701887625444214791e-06
1.821602836571400985e-06
5.168540155864320695e-06
3.727939429154503159e-06
4.668298424803651869e-05
1.879714545793831348e-05
4.425600491231307387e-05
2.497795212548226118e-04
3.107405034825205803e-03
3.455526602920144796e-04
2.196553032263182104e-05
3.390217898413538933e-04
3.554578142939135432e-05
1.938895002240315080e-05
1.277513001696206629e-05
1.536776107968762517e-05
6.589112217625370249e-06
5.786883994005620480e-04
9.247529305866919458e-06
1.318764680036110803e-05
2.752801810856908560e-05
6.425436586141586304e-04
3.041251829927205108e-06
3.781409674274982535e-08
3.330407594148709904e-07
9.323610720457509160e-05
8.337997860508039594e-05
2.805105032166466117e-05
2.088801738864276558e-05
7.683539479330647737e-06
5.537804554478498176e-06
9.534573109704069793e-06
8.719995093997567892e-05
3.899443836417049170e-04
2.242880582343786955e-04
7.355514389928430319e-05
2.176346697524422780e-06
1.972353857127018273e-06
2.604239562060683966e-04
3.246514461352489889e-05
4.969107612851075828e-05
9.298955410486087203e-05
6.896576906001428142e-06
1.835875300457701087e-04
9.561025071889162064e-04
3.949651727452874184e-06
7.478553743567317724e-05
1.945555595739278942e-05
4.095569238415919244e-05
1.815699943108484149e-05
2.287984534632414579e-05
7.441501566063379869e-07
3.363269934197887778e-05
6.255937933019595221e-06
1.938011337188072503e-05
1.924613956362009048e-03
4.564813207252882421e-05
4.166048020124435425e-04
1.870568655431270599e-02
1.950747673618025146e-06
1.272580334443773609e-06
5.243532996246358380e-06
1.407015679433243349e-05
3.489215741865336895e-04
2.598912979010492563e-04
1.462207728764042258e-04
7.142748218029737473e-04
7.888090294727589935e-06
5.205210982239805162e-07
2.833435246429871768e-05
6.087752408348023891e-04
1.758540893206372857e-04
4.236939275870099664e-05
1.345750024484004825e-05
1.571155189594719559e-05
4.297433861211175099e-06
1.748069371387828141e-05
2.985888841067207977e-06
1.415506903867935762e-05
1.586084981681779027e-04
5.141351357451640069e-05
2.394907642155885696e-05
9.421442882739938796e-06
5.253947165329009295e-05
8.429637091467157006e-05
5.446282011689618230e-05
2.285949631186667830e-05
6.851690613984828815e-06
8.310653356602415442e-06
1.286994520341977477e-04
3.282117177150212228e-06
5.064548531663604081e-07
6.990880052626380348e-08
1.602676638867706060e-05
1.049027673616365064e-06
3.135511860818951391e-06
5.640864856104599312e-06
3.320284633900882909e-07
7.595015460992726730e-08
1.302959481108700857e-05
4.209586222714278847e-06
2.306846545252483338e-05
2.976377800223417580e-05
4.321177766541950405e-05
5.308460004016524181e-06
7.125187948986422271e-06
1.088305798475630581e-04
8.890222670743241906e-05
1.118711079470813274e-04
2.190793566114734858e-05
2.309359406353905797e-04
5.614521433017216623e-05
5.782167427241802216e-04
7.229526527225971222e-04
1.059475721376657020e-06
2.260637529616360553e-06
1.464734486944507807e-05
2.418982423841953278e-02
2.520011039450764656e-03
7.865712177590467036e-06
9.187157047563232481e-06
9.361490607261657715e-03
5.703222705051302910e-04
2.809763645927887410e-05
8.758537296671420336e-05
1.498752135375980288e-05
6.946214398340089247e-06
3.262446261942386627e-05
7.140721436371677555e-07
3.282192210463108495e-06
1.509737921878695488e-03
1.097306039810064249e-06
6.763830697309458628e-06
1.215732936543645337e-05
1.438454910385189578e-05
5.617415808956138790e-06
1.707290532067418098e-03
9.808871936911600642e-07
8.201428863685578108e-05
3.998383908765390515e-05
5.784453969681635499e-05
4.108653229195624590e-04
3.808604925870895386e-02
1.638709545659366995e-05
1.042893156409263611e-03
5.361454441299429163e-06
5.721259640267817304e-06
1.867289756773971021e-05
1.992832267205812968e-06
4.927159170620143414e-04
5.201618841965682805e-05
4.497175905271433294e-05
1.531806992716155946e-05
2.278126885357778519e-06
3.716417413670569658e-04
7.393350097117945552e-05
1.830909604905173182e-05
1.062888372871384490e-06
2.974410308524966240e-03
1.832285852287895977e-05
4.312850942369550467e-04
6.759864627383649349e-04
1.329565657215425745e-05
2.212405661339289509e-06
2.044188249783474021e-06
5.024218808102887124e-06
4.396037547849118710e-05
2.657983770859573269e-07
2.739453688263893127e-03
5.172162127564661205e-05
4.223100841045379639e-04
2.983949379995465279e-04
3.772709460463374853e-04
4.285297472961246967e-05
7.591901976411463693e-06
1.068867975845932961e-03
1.613283093320205808e-04
5.572072404902428389e-05
1.205065132126037497e-06
2.964511054415197577e-07
2.630143353599123657e-05
7.339278818108141422e-05
9.432574152015149593e-04
5.655804784510110039e-07
1.230684720212593675e-04
4.513647127168951556e-06
5.631593012367375195e-06
3.940945607610046864e-04
5.284220678731799126e-04
1.690486824372783303e-04
2.725581871345639229e-04
3.730512617039494216e-05
1.452782998967450112e-05
4.278732831153320149e-06
2.717309143918100744e-06
4.411353802424855530e-05
5.313354449754115194e-07
6.231875431694788858e-06
3.230688889743760228e-05
9.260140359401702881e-04
2.604214823804795742e-04
4.967198707163333893e-03
1.547725332784466445e-06
2.369162939430680126e-05
6.547340376528154593e-07
7.654067303519695997e-06
1.756035344442352653e-04
1.076479384209960699e-04
1.253048685612156987e-05
1.732635791995562613e-05
1.660635898588225245e-04
6.217157351784408092e-05
6.462277378886938095e-04
3.415160563235986046e-06
3.504079359117895365e-06
4.238751898810733110e-06
4.063679625687655061e-06
1.029349550663027912e-05
1.354681353404885158e-05
6.649448550888337195e-06
1.887830439954996109e-04
4.457861650735139847e-04
1.198182144435122609e-05
4.484094915824243799e-06
1.123543734138365835e-05
7.190206360974116251e-06
5.541944119613617659e-05
4.871427954640239477e-04
4.264611197868362069e-05
2.447127371851820499e-05
2.729059269768185914e-05
3.585940066841430962e-05
1.893843364086933434e-05
2.598356513772159815e-05
2.257017513329628855e-05
6.481083346443483606e-06
4.790881939698010683e-05
4.000866908882017015e-07
6.263320392463356256e-05
2.011436299653723836e-05
8.895471546566113830e-05
1.623288312657678034e-06
2.781764123938046396e-06
1.585504971444606781e-02
4.981239544576965272e-05
3.326110017951577902e-04
3.537005795806180686e-06
2.149928332073614001e-05
8.049516509345266968e-06
9.024032010529481340e-07
5.746616352553246543e-06
1.372227852698415518e-04
1.685036113485693932e-05
3.298987621747073717e-06
3.736276994459331036e-05
2.992701251059770584e-03
5.054934717918513343e-06
4.510093713179230690e-04
5.485763540491461754e-05
5.113803581480169669e-06
9.955256246030330658e-07
2.508581701476941817e-06
1.172858756035566330e-02
1.351194368908181787e-04
9.193643927574157715e-05
3.330028221171232872e-06
3.542488266248255968e-04
2.062175422906875610e-03
5.104156116431113333e-06
6.064938133931718767e-06
1.131096360040828586e-04
4.524432370089925826e-05
5.360733212000923231e-06
1.938289415193139575e-06
1.429014932364225388e-02
1.068217798660953122e-07
4.981971142115071416e-05
4.664002044592052698e-04
5.618793238681973889e-06
8.639272891741711646e-06
2.526548996684141457e-05
3.549244953319430351e-03
1.981341665668878704e-05
4.899751274933805689e-06
6.281249625317286700e-06
6.007253192365169525e-03
1.072006034519290552e-05
1.226061722263693810e-03
1.563896489642502274e-06
6.616766040679067373e-05
2.842802678060252219e-05
5.222405889071524143e-05
5.068092832516413182e-06
7.355675188591703773e-05
3.820190613623708487e-04
4.424718645168468356e-05
7.574480065386524075e-08
1.306716236285865307e-03
1.316046018473571166e-05
6.532955467264400795e-06
2.214296000602189451e-05
1.558483745611738414e-05
5.085932934889569879e-05
5.470440373755991459e-05
2.647540532052516937e-05
4.199960312689654529e-05
1.191465489682741463e-04
6.127464985183905810e-06
2.728879735514055938e-07
1.154883415438234806e-03
9.168304677587002516e-05
1.222352511831559241e-05
1.751292188600928057e-06
2.899210958275943995e-04
2.103314182022586465e-05
1.567309709571418352e-06
2.761751879006624222e-03
1.459804188925772905e-04
5.664333366439677775e-05
1.461997044316376559e-06
5.898381004953989759e-06
7.746128176222555339e-06
7.364660268649458885e-05
4.804516720469109714e-05
1.672941434662789106e-04
5.608944775303825736e-05
8.534987136954441667e-05
4.724702648672973737e-06
3.037073292944114655e-05
4.641773193725384772e-05
9.460609871894121170e-04
1.018309150822460651e-03
1.523920445833937265e-06
6.244520773179829121e-05
2.030677387665491551e-05
3.198089543730020523e-04
2.938524074852466583e-02
4.024345344078028575e-06
8.369446732103824615e-05
7.416410371661186218e-04
2.254843711853027344e-04
2.877773949876427650e-04
5.584770406130701303e-05
3.157255996484309435e-04
1.108423748519271612e-04
8.686337969265878201e-04
7.767796887492295355e-06
1.863493671407923102e-04
7.737734449619892985e-06
1.227251914315274917e-06
5.411876918515190482e-05
3.690457788252388127e-06
4.887589057034347206e-06
5.408387096395017579e-06
4.793514381162822247e-05
1.776913632056675851e-05
1.220573787577450275e-03
4.617613012669607997e-05
1.074326210073195398e-04
1.886850259325001389e-05
1.627933670533820987e-05
2.940263075288385153e-04
4.275940591469407082e-05
1.089636585675179958e-03
1.617255248129367828e-02
3.240451746933104005e-07
7.982728420756757259e-04
5.134214916324708611e-06
6.217707414180040359e-05
7.745264156255871058e-06
2.968365733977407217e-04
1.569272833876311779e-03
2.578843850642442703e-04
1.182525465992512181e-05
3.335323071951279417e-06
7.781698514008894563e-06
7.749920245260000229e-03
2.321744250366464257e-05
5.530911494133761153e-06
2.656761207617819309e-04
1.416084123775362968e-04
1.533526083221659064e-04
9.112024486057634931e-07
2.452971180900931358e-03
6.022327579557895660e-04
3.116401494480669498e-04
7.060024017846444622e-06
2.234420753666199744e-05
7.953987619657709729e-07
8.676452853251248598e-05
5.519969636225141585e-05
5.218484602664830163e-06
4.309374708100222051e-05
3.798406396526843309e-05
1.470730546861886978e-02
2.317717917321715504e-05
2.204694756073877215e-04
9.116671280935406685e-04
5.899109964957460761e-05
5.259900262899463996e-06
1.905917451949790120e-05
3.557625459507107735e-04
2.626868536026449874e-06
1.494316384196281433e-04
5.228674854151904583e-04
2.737491158768534660e-03
3.347015808685682714e-05
5.712983693229034543e-06
6.200866482686251402e-05
1.097852873499505222e-05
3.840313638647785410e-06
3.671461286103294697e-07
8.145267429426894523e-07
4.105321568204089999e-05
2.226017386419698596e-05
4.719276148534845561e-06
8.463057689368724823e-03
7.550604641437530518e-04
4.694357266998849809e-05
2.038879074461874552e-06
2.020304600591771305e-05
4.031198623124510050e-04
2.371803420828655362e-04
1.503959447290981188e-05
2.193095133407041430e-05
5.022922996431589127e-04
1.180342677980661392e-02
1.203814349537424278e-06
1.918952250434813322e-07
1.241858808498363942e-05
1.872768370958510786e-05
3.956211003242060542e-06
1.271323162654880434e-05
8.105129154500900768e-07
1.471610972657799721e-03
1.667733158683404326e-05
2.298016479471698403e-04
7.160832319641485810e-05
3.865813778247684240e-05
3.850960929412394762e-04
6.777364433219190687e-06
3.413802769500762224e-04
6.652578008470300119e-07
2.649319867487065494e-06
2.300781634403392673e-04
2.343347205169266090e-06
7.283884286880493164e-02
7.176054059527814388e-04
3.609706182032823563e-04
3.126690899080131203e-06
3.099734021816402674e-05
4.985897135156847071e-07
5.415476043708622456e-04
1.680982386460527778e-04
7.856858246668707579e-06
6.330369615170639008e-06
3.321499680168926716e-04
6.473180110333487391e-05
3.218678466510027647e-04
1.487017016188474372e-06
5.934826564043760300e-03
1.932491068146191537e-05
1.923432137118652463e-05
2.962580583698581904e-05
3.447200288064777851e-05
4.803973752132151276e-06
5.937716559856198728e-05
4.488640843192115426e-05
8.074719517026096582e-06
2.283283720316831023e-06
4.299905867810593918e-06
1.661448390223085880e-03
2.603754110168665648e-04
6.709763547405600548e-04
1.688829615886788815e-05
2.013785578310489655e-02
7.652866188436746597e-04
2.135994691343512386e-05
1.470502411393681541e-05
8.988477929960936308e-06
1.001111832010792568e-05
1.589341809449251741e-05
6.988777022343128920e-05
7.211292540887370706e-05
1.779168960638344288e-03
2.587553581179236062e-06
3.729298186954110861e-04
9.421457070857286453e-05
6.834723080828553066e-06
1.218772013089619577e-05
1.339931486654677428e-06
8.112560863082762808e-07
2.159785026378813200e-06
1.575963338837027550e-03
1.252888614544644952e-04
7.322632882278412580e-05
1.868201979959849268e-05
5.631485837511718273e-04
3.516424476401880383e-05
1.114377228077501059e-04
2.705165752558968961e-05
4.494864697335287929e-05
4.470013209356693551e-06
2.037256081166560762e-06
2.150735381292179227e-04
2.754789818482095143e-07
5.465541107696481049e-06
1.374282728647813201e-04
2.935753173005650751e-06
9.143331226368900388e-06
6.589812983293086290e-05
8.678907033754512668e-05
4.459813353605568409e-04
2.231067082902882248e-05
1.019904375425539911e-04
6.380104423442389816e-06
9.577232958690728992e-06
1.638875226490199566e-03
6.894857506267726421e-05
1.244633365422487259e-02
2.160921692848205566e-03
8.992465445771813393e-04
2.352278970647603273e-04
2.111544148419852718e-07
1.108355572796426713e-04
1.149772197095444426e-05
2.826729789376258850e-03
6.164096412248909473e-04
1.896395260700955987e-04
2.867578768928069621e-05
2.888003364205360413e-03
3.154281293973326683e-03
3.498298246995545924e-05
1.420542394043877721e-04
4.836999578401446342e-04
3.920322626527195098e-07
3.752959628400276415e-06
3.330795152578502893e-05
2.381934564255061559e-06
1.954741946974536404e-06
2.882689610123634338e-02
6.927199137862771749e-05
8.176040864782407880e-05
2.387363201705738902e-04
2.256866719108074903e-05
4.512824943958548829e-06
2.525775641970540164e-07
2.974902163259685040e-04
1.495484757469967008e-04
5.634126137010753155e-04
2.498190406186040491e-05
5.227752626524306834e-05
4.627820999303366989e-06
4.554029510472901165e-05
8.460760727757588029e-05
5.102046634419821203e-05
3.691936726681888103e-04
8.450476161669939756e-05
3.542673766787629575e-06
3.572578425519168377e-04
3.822484302418160951e-07
1.306691439822316170e-03
2.141539473086595535e-03
7.210308685898780823e-04
1.535894739390641917e-06
2.487524398020468652e-06
1.340665185125544667e-04
1.935154316015541553e-03
4.139158045290969312e-05
3.509154339553788304e-05
6.362444401020184159e-05
6.607360319321742281e-06
2.320718294868129306e-06
5.471575150295393541e-06
2.845512426574714482e-05
9.150013793259859085e-04
4.870510660111904144e-03
3.103146445937454700e-04
9.132782565757224802e-07
2.844367554644122720e-05
7.123738032532855868e-05
2.422357965770061128e-06
5.694575520465150476e-06
2.076070813927799463e-06
1.557465438963845372e-04
2.443159701215336099e-06
2.567348710726946592e-04
2.160179974453058094e-05
2.184132790716830641e-05
2.372002563788555562e-05
2.080955018755048513e-04
4.373158390080789104e-06
1.630893893889151514e-05
3.958845976740121841e-03
2.260681685584131628e-05
5.399205474532209337e-05
8.521062682120827958e-07
3.038478462258353829e-05
7.933109600344323553e-07
3.065636519750114530e-06
7.913999725133180618e-04
2.649337693583220243e-04
4.446420916792703792e-06
5.999096970299433451e-07
2.417923416942358017e-03
2.751442661974579096e-04
3.314420837341458537e-06
4.423431892064400017e-05
3.408580273389816284e-02
2.409966100458404981e-06
7.101476076059043407e-04
7.712910155532881618e-05
8.639655675324320327e-07
9.259794751415029168e-06
5.837148273712955415e-05
3.944816533476114273e-03
1.568099150972557254e-06
7.266094908118247986e-04
4.308030765969306231e-04
1.634954678593203425e-04
6.771394964744104072e-06
7.239403203129768372e-04
5.958085603197105229e-05
2.107957989210262895e-04
1.225335145136341453e-04
6.790937732148449868e-06
7.700305673097318504e-07
2.505531010683625937e-04
2.831069105013739318e-05
2.454005628824234009e-01
3.257215430494397879e-04
1.604828750714659691e-03
2.847814721462782472e-05
8.551815881219226867e-06
6.104740350565407425e-06
3.255963674746453762e-04
3.250623121857643127e-03
3.065893452003365383e-06
5.850719753652811050e-04
6.479563126049470156e-06
7.534046017099171877e-05
1.999657251872122288e-04
2.131841145455837250e-03
4.437649840838275850e-05
1.810749199648853391e-05
4.226517376082483679e-06
1.433638273738324642e-03
1.183284679427742958e-03
1.128326402977108955e-03
6.340157142403768376e-06
5.572495050728321075e-03
1.158949180535273626e-05
1.150704611063702032e-05
4.174670175416395068e-05
7.286547770490869880e-05
3.117090727755567059e-07
1.081638174582622014e-06
7.300162451429059729e-06
1.092506863642483950e-06
1.755794073687866330e-06
2.912623813244863413e-06
1.242387043021153659e-05
7.116710185073316097e-05
6.762744305888190866e-05
2.455720050420495681e-06
2.703371819734456949e-06
1.604725298420817126e-06
1.207665900437859818e-05
4.538765097095165402e-06
1.155076170107349753e-04
1.629738835617899895e-05
2.381674494245089591e-05
1.871061831479892135e-04
1.008817998808808625e-04
7.651413761777803302e-05
8.545824093744158745e-04
1.753352116793394089e-03
5.798783968202769756e-04
2.475832843629177660e-06
1.702909685263875872e-05
2.818680950440466404e-04
2.759367453109007329e-05
9.459355169383343309e-06
6.291390309343114495e-05
1.051741928677074611e-04
2.414248410786967725e-05
5.752038759965216741e-06
4.038996621602564119e-07
1.874921872513368726e-05
2.313734967174241319e-06
1.295541778745246120e-06
7.110810838639736176e-04
1.924372327266610228e-06
3.992195706814527512e-05
4.827964221476577222e-05
7.704190647928044200e-05
9.327310137450695038e-03
1.291022090299520642e-05
2.315825549885630608e-03
1.957959648279938847e-05
4.277227562852203846e-04
9.631474313209764659e-06
2.686832740437239408e-04
6.864526658318936825e-04
5.827381028211675584e-05
2.832295285770669580e-05
4.964006438967771828e-05
8.733061258681118488e-04
5.339844152331352234e-03
1.137233921326696873e-04
4.318359788157977164e-05
2.733404398895800114e-04
6.229662540135905147e-05
5.107126526127103716e-06
8.575132233090698719e-05
1.608666252650436945e-06
1.178633192466804758e-05
7.591724715894088149e-05
2.241309857708984055e-07
2.064395374645755510e-07
5.450046501209726557e-06
1.618399983271956444e-05
1.148343799286521971e-04
4.127923239138908684e-05
5.686715594492852688e-04
