4.322582390159368515e-05
2.574297832325100899e-05
2.319271006854251027e-04
7.111542508937418461e-04
3.289796222816221416e-05
2.388151624472811818e-04
1.502700499258935452e-03
6.850020145066082478e-05
1.284436439163982868e-04
5.550008791033178568e-05
8.540863927919417620e-05
6.227365811355412006e-04
7.363050258391012903e-07
1.955711240952950902e-06
2.124307444319128990e-03
4.999547672923654318e-05
1.442986686015501618e-04
9.670409781392663717e-05
3.819831181317567825e-05
1.836218871176242828e-06
1.054280915013805497e-06
6.340258987620472908e-04
2.588707320683170110e-05
2.135684553650207818e-05
6.874178325233515352e-06
1.272669396712444723e-05
7.381569275821675546e-07
6.781503998354310170e-07
1.048635454026225489e-06
5.044083991379011422e-06
9.069801194527826738e-07
1.039607013808563352e-04
4.948891273670597002e-06
7.532547414302825928e-02
5.181032465770840645e-04
1.098886059480719268e-04
3.124146955087780952e-03
8.975739474408328533e-04
4.690980131272226572e-04
4.752639597427332774e-06
7.236401415866566822e-07
2.686386324057821184e-06
2.297671926498878747e-06
2.954133378807455301e-05
1.531204361526761204e-06
1.152628101408481598e-03
9.052678251464385539e-06
3.953802297473885119e-05
5.582165840678499080e-07
1.856546150520443916e-04
3.042407042812556028e-04
9.210064604303624947e-07
4.440843426323226595e-08
2.753073999883781653e-07
1.131354451899824198e-06
4.029323577015020419e-07
5.052947471995139495e-06
3.748632071420843204e-09
1.494981734140310436e-05
4.273188096703961492e-07
2.325470177311217412e-06
3.422360350668895990e-07
1.536168497295875568e-06
2.573744950495893136e-07
2.244048118882346898e-06
4.227667886880226433e-05
1.185955170512897894e-05
1.709734078758629039e-07
7.357540425800834782e-07
1.257562253158539534e-04
5.614953693111601751e-07
6.699698860757052898e-05
7.813615375198423862e-04
1.553401537239551544e-02
1.261241920292377472e-02
6.982230388530297205e-06
2.612412907183170319e-03
1.112236524932086468e-03
6.585801020264625549e-04
1.029988652589963749e-05
1.043475858750753105e-04
1.984162518056109548e-04
1.393457641825079918e-03
2.143020246876403689e-04
6.961603066883981228e-04
4.279431959730572999e-05
5.618198192678391933e-04
9.837192919803783298e-06
9.014131501317024231e-03
5.413659964688122272e-04
6.663756212219595909e-04
6.729484302923083305e-04
1.572446199133992195e-03
4.960364312864840031e-04
1.795551157556474209e-03
8.104432345135137439e-05
2.153065361198969185e-05
5.278419484966434538e-05
3.230422153137624264e-04
7.509100669267354533e-06
6.385039341694209725e-06
8.738945211916870903e-07
3.425692739256191999e-06
1.474264718126505613e-04
1.985070184673531912e-06
8.627469014754751697e-07
8.032398909563198686e-06
5.797705054283142090e-02
8.396559860557317734e-04
3.486210014671087265e-03
2.663242185008130036e-06
1.526401661067211535e-06
2.448159037157893181e-03
6.733075133524835110e-05
1.385289033351000398e-05
4.222580755595117807e-04
1.184494249173440039e-04
1.011825865134596825e-03
7.883069338276982307e-05
3.081615432165563107e-05
3.625416638897149824e-06
7.309953798539936543e-05
1.172653719549998641e-05
5.805815817438997328e-06
1.975720260816160589e-05
5.053268279880285263e-03
2.319519640877842903e-03
9.773368947207927704e-05
6.718218210153281689e-04
8.127916225930675864e-05
2.637497527757659554e-05
1.399906468577682972e-04
8.423813414992764592e-05
1.529045403003692627e-05
4.771361273014917970e-05
3.055889683309942484e-04
1.960300323844421655e-05
1.255368260899558663e-06
3.702273825183510780e-03
7.968602585606276989e-05
5.420786692411638796e-05
3.002759285664069466e-06
2.336510624445509166e-05
2.185166522394865751e-06
6.841565482318401337e-05
6.824258161941543221e-05
3.321994199723121710e-07
1.204897853313013911e-05
1.528065695310942829e-05
8.503583376295864582e-05
1.828901440603658557e-04
8.004965493455529213e-04
3.691186066134832799e-06
1.717165105219464749e-06
1.798498630023459555e-07
1.719574129310785793e-06
1.975424493139144033e-05
3.606131940614432096e-05
4.500663635553792119e-05
2.544864400988444686e-05
1.437695573258679360e-06
4.199620889266952872e-06
7.350993200816446915e-06
2.032025440712459385e-05
3.854303486150456592e-06
4.690411515184678137e-06
8.991936510938103311e-07
2.910787998189334758e-06
2.636044155224226415e-05
1.212277311424259096e-06
8.195798000087961555e-05
2.674603092600591481e-05
4.401700061862356961e-05
4.086809349246323109e-05
2.132605004590004683e-05
4.373157935333438218e-06
3.715296543305157684e-06
3.977951053002470871e-07
6.772904725949047133e-06
4.960893420502543449e-06
2.474667599017266184e-05
9.274946819459728431e-07
5.702082853531464934e-05
1.967717253137379885e-05
2.323930311831645668e-05
5.130418576300144196e-04
5.246053333394229412e-04
2.002487017307430506e-04
5.699148914573015645e-06
3.846369872917421162e-05
1.351626542600570247e-05
9.350138498120941222e-06
1.073186867870390415e-04
1.286146434722468257e-04
2.901847722114325734e-07
1.403806800226448104e-05
1.222717310156440362e-05
7.628399089298909530e-06
3.900095543940551579e-05
8.423612453043460846e-04
5.019452601118246093e-06
9.315546776633709669e-05
1.958649136213352904e-06
3.260764351580291986e-04
9.615974931875825860e-07
2.378811586822848767e-05
2.535461362640489824e-06
5.673742634826339781e-06
4.369459929876029491e-06
6.955338176339864731e-05
3.753979171960963868e-06
2.154889261873904616e-05
6.110427057137712836e-05
2.948009205283597112e-05
3.163955989293754101e-05
5.516966339200735092e-04
2.185193734476342797e-04
2.910361763497348875e-05
3.478992730379104614e-04
8.584352144680451602e-06
4.400256511871702969e-05
4.515747605182696134e-06
1.614293978491332382e-06
6.398184923455119133e-04
2.464509816491045058e-05
2.042109263129532337e-04
4.906769390800036490e-06
1.167932350654155016e-04
4.259433808329049498e-06
1.949311354110250250e-06
1.832861744333058596e-04
4.864473303314298391e-04
3.643848322099074721e-05
9.848199624684639275e-07
5.142569534655194730e-06
1.906303282339649741e-06
4.427165913511998951e-05
6.026549381203949451e-04
4.453229121281765401e-05
1.590518991179123987e-06
5.395094831328606233e-06
9.528263035463169217e-06
7.632642336830031127e-06
2.224256832050741650e-06
5.947633212599612307e-07
4.750246716866968200e-06
3.137728072033496574e-06
4.106284541194327176e-05
7.768518116790801287e-05
3.255021292716264725e-04
2.085658525174949318e-05
2.156914677470922470e-03
1.687333679001312703e-05
1.602301344973966479e-04
5.134192178957164288e-05
1.218022407556418329e-05
5.587542545981705189e-06
5.108938239573035389e-06
1.256970608665142208e-05
4.262099082552595064e-06
3.767385578612447716e-06
7.319136329897446558e-06
1.720202249089197721e-06
2.442829645588062704e-05
1.314251567237079144e-04
4.510660346568329260e-06
9.914726433635223657e-06
6.978998499107547104e-07
4.292186531529296190e-06
1.449319679522886872e-04
2.481169758539181203e-06
1.564774356666021049e-05
1.059557962435064837e-05
6.298719381447881460e-05
1.044675173034192994e-05
1.989839802263304591e-05
5.113083147989527788e-07
2.365344613508568727e-07
4.996410396529427089e-09
4.357302998414525064e-07
5.339847575669409707e-06
3.540297257131896913e-05
2.503166324459016323e-04
7.821212639100849628e-04
1.230505677085602656e-05
1.029467148327967152e-05
9.884803375825867988e-07
1.803911254683043808e-05
1.170078321592882276e-04
1.352644085272913799e-05
1.096398846129886806e-04
8.293419568872195669e-07
8.286842145025730133e-03
4.942122814100002870e-06
3.850640041491715237e-06
2.745420897554140538e-05
1.050626906362595037e-05
2.205681630584876984e-05
1.907981186377583072e-07
8.892653795555816032e-07
7.375486893579363823e-04
8.097421377897262573e-04
3.739402745850384235e-04
3.986777737736701965e-03
9.093636763282120228e-04
2.331215364392846823e-05
5.544787200051359832e-05
3.071938874199986458e-03
1.469772588461637497e-02
3.261392703279852867e-04
5.851184250786900520e-04
7.887208994361571968e-06
3.305717427792842500e-06
1.988415988307679072e-06
5.060369614511728287e-03
5.877129751752363518e-07
7.754100370220839977e-04
2.753021726675797254e-05
2.032240627158898860e-05
7.601649122079834342e-05
1.078178047464461997e-05
5.217658472247421741e-04
1.098083521355874836e-04
2.705108840018510818e-03
4.579482265398837626e-06
5.391918966779485345e-05
3.086763172177597880e-05
1.616411464056000113e-05
5.646052613883512095e-06
5.032826447859406471e-04
2.222591137979179621e-05
7.864701387916284148e-07
3.288831067038699985e-06
4.777449357789009809e-04
1.453818754271196667e-06
8.241594287028419785e-07
1.990842974919360131e-06
6.782254786230623722e-05
3.186465473845601082e-04
1.863413344835862517e-04
6.370894698193296790e-05
3.444025787757709622e-05
7.554071089543867856e-06
1.073653606908919755e-06
9.642985241953283548e-05
1.727259514154866338e-04
6.952960575290489942e-06
2.311395837750751525e-05
4.141852514294441789e-06
1.101142004245048156e-07
1.734346551529597491e-05
1.585367863299325109e-05
5.697622327716089785e-06
4.095925760339014232e-06
6.491403473773971200e-05
2.088941982947289944e-06
7.956383569762692787e-07
3.490098379188566469e-06
1.193565276480512694e-05
1.168607923318631947e-05
4.274539151083445176e-06
6.594923434022348374e-07
9.368721975988592021e-08
1.086132324417121708e-04
4.093121788173448294e-06
6.829440053479629569e-07
3.915598956183430346e-09
6.880106440121380729e-08
1.292611102599039441e-07
3.749653387785656378e-06
2.564200087817880558e-07
2.690253495529759675e-07
3.677680808777950006e-07
4.348560196376638487e-07
4.650108166970312595e-06
8.060404184107028414e-07
2.385149491601623595e-05
7.178074883995577693e-05
2.406733983661979437e-06
1.138517404797312338e-06
6.780466264899587259e-06
7.923180760371906217e-07
2.809985346630128333e-07
1.628623067517764866e-05
2.517097982490668073e-06
3.514430545692448504e-06
1.859845497165224515e-06
2.965843577840132639e-06
5.457272345665842295e-05
2.471782863722182810e-05
1.533691101940348744e-05
3.142230343655683100e-05
4.414192226249724627e-04
3.910164232365787029e-04
5.976064585411222652e-06
1.754801996867172420e-05
1.579276099801063538e-02
4.195309709757566452e-03
9.339809366792906076e-06
2.089978892172439373e-07
1.419883801645482890e-06
2.334767714273766614e-06
5.752790002588881180e-06
9.603402577340602875e-05
1.488075724864756921e-07
2.502045535948127508e-04
2.635567675213223993e-08
1.818416967580560595e-05
1.699069002825126518e-06
1.277603674679994583e-03
2.864612361008767039e-05
8.498776151100173593e-05
2.413032405002013547e-07
2.636251447256654501e-04
8.230594685301184654e-04
2.058089376077987254e-05
2.961355676234234124e-06
6.346268928609788418e-04
1.032055388350272551e-05
5.073281354270875454e-04
6.989745543251046911e-06
1.504479740788156050e-07
7.551035423603025265e-07
9.254355148868853576e-08
2.206460339948534966e-05
1.096681298804469407e-04
1.450928812118945643e-05
4.999585871701128781e-05
8.313588750752387568e-07
1.341295428574085236e-04
1.893828448373824358e-05
7.273371920746285468e-06
2.034474528045393527e-05
7.666853343835100532e-05
2.102084545185789466e-04
8.740398698137141764e-06
2.418712711005355231e-06
5.118843400850892067e-04
9.643479792487141822e-09
2.465583929733838886e-05
7.840875696274451911e-06
3.624873897933866829e-06
5.595715265371836722e-05
5.130266799824312329e-05
2.276226041431073099e-06
9.969914390239864588e-05
1.454379176720976830e-03
5.616723683488089591e-06
1.254987088032066822e-03
3.838799239019863307e-05
9.880688972771167755e-03
2.045123892457922921e-06
1.592979679116979241e-04
2.671492609351844294e-07
1.083737060980638489e-06
5.959399913990637287e-06
2.531642712710890919e-05
6.017650594003498554e-05
7.236643000396725256e-07
3.196145116817206144e-04
9.757127554621547461e-05
3.636183464550413191e-05
1.160300889750942588e-04
8.315503691846970469e-06
2.179941293434239924e-05
5.999628774588927627e-05
7.120397782500731410e-08
2.216567963841953315e-06
9.047663240835390752e-08
4.793270704794849735e-07
5.273883289191871881e-06
7.248073643495445140e-07
1.374618150293827057e-03
2.666179852894856595e-06
1.558768963150214404e-05
9.116491241911717225e-07
6.068373295420315117e-06
6.529132861032849178e-07
1.768646143318619579e-05
1.457129883419838734e-07
1.012040083878673613e-04
1.829155189625453204e-05
2.344129143239115365e-06
3.726588329300284386e-04
9.140375368588138372e-06
2.117184749295120127e-06
1.135828460974153131e-05
1.171390322269871831e-04
6.138435765024041757e-06
3.995752922492101789e-05
2.629086084198206663e-04
4.259330671629868448e-05
1.944605719472747296e-05
2.120316594300675206e-06
7.071160780469654128e-06
1.981391278604860418e-06
2.535807434469461441e-04
2.292559838679153472e-05
3.877935523632913828e-05
2.985183891723863780e-05
1.230082716574543156e-06
1.286210681428201497e-05
2.166554440918844193e-05
2.461795247654663399e-06
1.240625579157494940e-06
2.937633689725771546e-05
3.211513615042349556e-07
7.919963422864384484e-07
1.180046297122316901e-06
1.866155372454159078e-07
4.724244718090631068e-05
5.416952149062126409e-07
1.047429449840819871e-07
2.952581417048349977e-05
2.647388441801012959e-07
2.561884466558694839e-04
2.067404921035631560e-06
5.787639565824065357e-06
4.959746365784667432e-05
3.799900241574505344e-06
1.232107820214878302e-06
4.994164370941689413e-08
1.700354914646595716e-05
2.828250217135064304e-06
1.699816857581026852e-05
2.910431430791504681e-05
1.656555241424939595e-06
5.762016144217341207e-07
2.677892734936904162e-05
1.236592470377217978e-05
3.144962829537689686e-04
4.724950031231855974e-06
1.593813863109971862e-06
1.472563690185779706e-05
2.319651137838718569e-08
5.570418579736724496e-07
1.391084224451333284e-04
9.818890132009983063e-03
3.001060395035892725e-04
1.331647763436194509e-05
1.971599267562851310e-04
1.670763026595523115e-06
1.877628892543725669e-05
4.043441137469017121e-08
8.014879995243973099e-07
3.958533852710388601e-05
8.721082849660888314e-06
1.127017276303377002e-05
8.378437144074268872e-08
4.446883103810250759e-04
2.675616883607290220e-08
7.490914981644891668e-07
3.382209979463368654e-04
1.130710097640985623e-05
1.569361629663035274e-04
1.238065124198328704e-05
1.014503286569379270e-04
2.703281643334776163e-04
1.200384140247479081e-04
8.696345048520015553e-07
7.112166258593788370e-06
8.892411642591468990e-06
3.741926548173069023e-06
3.527781927914475091e-06
4.165518703302950598e-07
7.174197889980860054e-06
9.476400919083971530e-06
2.002965402425616048e-07
1.596266702108550817e-05
8.974267075245734304e-06
4.237110715621383861e-06
2.185179965863426332e-07
1.129276142819435336e-06
4.283827337303591776e-08
1.357370251753309276e-06
4.634849233298155013e-07
2.015131940424907953e-05
8.143468221533112228e-06
9.811663403525017202e-06
4.924651761939458083e-07
6.596611456188838929e-06
4.205991501748940209e-07
1.714589302537206095e-06
1.745025883792550303e-07
2.413216498098336160e-05
6.289538760029245168e-06
5.618767886517161969e-07
5.872012479812838137e-06
1.490599097451195121e-04
1.601473923074081540e-05
8.428348337474744767e-06
8.234544075094163418e-04
6.567376544808212202e-07
7.697418914176523685e-05
1.876247893051186111e-06
1.587059159646742046e-05
4.836743391933850944e-05
1.976920975721441209e-05
2.297064838785445318e-06
3.090381505899131298e-04
4.194075415853149025e-07
1.814360075513832271e-05
1.419250850176467793e-07
5.911690459470264614e-05
1.473165525567310397e-06
1.277183946513105184e-05
1.868920662673190236e-04
3.402643642402836122e-06
7.376502617262303829e-05
6.674797077721450478e-06
3.659673267975449562e-03
1.574739289935678244e-04
1.261619399883784354e-05
1.578923303213741747e-07
4.808740632142871618e-04
2.635894634295254946e-04
4.800421447725966573e-05
3.586736784200184047e-05
6.822699560871114954e-06
5.821062131872167811e-06
2.300018786627333611e-05
1.865040030679665506e-05
1.332493775407783687e-05
9.857492841547355056e-05
2.733776227614725940e-07
4.261453868821263313e-04
1.237172727996949106e-05
8.189034872430056566e-08
7.028079835436074063e-06
2.439774959839269286e-07
6.090221518206817564e-07
1.049674483510898426e-05
4.538630037131952122e-06
4.401225339734082809e-07
5.307646642904728651e-05
3.182234877385781147e-06
3.659594804048538208e-04
1.274998248845804483e-05
1.759651058819144964e-04
3.930248203687369823e-04
4.428377735621324973e-07
1.072065151674905792e-05
2.772365951386746019e-05
8.985297426988836378e-06
2.272940946568269283e-05
2.366724656894803047e-04
3.782534577112528495e-06
2.199723439844092354e-06
2.211710068422689801e-07
1.451892899240192492e-06
1.667727360654680524e-06
3.539737008395604789e-05
4.838182576349936426e-05
6.560975634783972055e-06
3.694649706176278414e-07
1.046348279487574473e-05
2.680185616554808803e-06
8.864432311384007335e-05
4.750525986310094595e-04
6.989192570472368971e-06
2.015380741795524955e-04
4.471995040944420907e-08
1.095097377401543781e-05
1.669920602580532432e-04
4.005097707704408094e-06
2.389514156675431877e-05
6.861101837785099633e-07
2.370182919548824430e-04
1.045775716193020344e-03
1.464079377910820767e-05
2.043710537691367790e-06
1.068330675479955971e-05
7.441372872563079000e-05
2.896281102948705666e-06
6.347746239043772221e-05
2.088325317117778468e-07
5.626256461255252361e-04
9.971630788641050458e-06
2.328529262740630656e-05
2.415112685412168503e-04
4.156304930802434683e-05
2.138138057716787443e-07
3.031113919860217720e-06
8.969112241175025702e-05
2.579538559075444937e-04
9.573171837473637424e-07
7.776147725735427230e-08
1.988498661376070231e-05
7.632878009644628037e-07
1.542330865049734712e-04
3.513906267471611500e-05
1.204068539664149284e-03
4.230410195305012167e-05
9.422578295925632119e-05
1.439073366782395169e-05
8.936973472373210825e-07
3.529073865138343535e-06
2.423841651761904359e-04
1.232779031852260232e-04
4.903717781417071819e-04
6.267125136218965054e-04
1.695988234132528305e-03
7.463742690561048221e-08
1.910869258381353575e-07
4.301570243114838377e-06
1.570697008901333902e-06
1.578824821990565397e-06
2.038523780356626958e-05
2.100274059557705186e-06
1.128490781411528587e-03
4.766806378029286861e-04
2.726236743910703808e-05
1.222924083776888438e-06
4.915286240247951355e-07
2.743580864716932410e-07
1.955372135853394866e-04
1.838173375290352851e-05
5.631035637776449221e-09
7.469403954019071534e-06
1.836494811868760735e-05
4.606498793524593793e-10
3.081517294049263000e-03
9.596357813279610127e-06
2.896685873565729707e-05
6.808102480135858059e-04
2.118466363754123449e-05
3.100734602412558161e-08
1.491017028456553817e-04
1.932669692905619740e-04
1.693186823104042560e-05
5.782580501545453444e-06
1.063388572219992056e-05
9.461528804877161747e-08
6.286813732003793120e-05
9.252114097080266220e-08
2.356447977945208549e-03
2.515922233214951120e-06
1.335959751713744481e-07
5.169670475879684091e-05
5.192354706196056213e-07
4.605840331350918859e-06
3.759477112907916307e-05
3.278736073752952507e-07
2.380457044637296349e-05
3.592857319745235145e-05
2.351273664658037887e-08
2.915863888119929470e-06
7.334393740165978670e-05
1.095196057576686144e-04
2.084962325170636177e-04
3.648488782346248627e-04
2.453367187627009116e-06
2.890063296945299953e-05
1.941108166647609323e-06
2.116502400895114988e-06
7.498108089976085466e-08
2.226708020316436887e-04
4.084782858626567759e-07
8.512845852237660438e-06
2.196381728936103173e-06
3.100057483607088216e-06
4.297438920275453711e-07
9.085809142561629415e-05
1.118832460633711889e-05
9.128475539910141379e-06
1.851807667208049679e-07
6.216711199158453383e-07
1.188023361464729533e-05
1.385015548294177279e-05
6.922463217051699758e-05
9.137868914876889903e-07
3.567635360468557337e-07
8.988004083221312612e-06
3.563295194908278063e-06
2.886567926907446235e-05
1.728569739498198032e-03
6.471283313658204861e-07
9.766036964720115066e-05
4.465906897621607641e-07
5.028155669606348965e-07
6.432538066292181611e-05
7.782699867675546557e-06
1.879219598777126521e-05
3.950937355057249079e-07
1.744715518725570291e-06
4.772961347043747082e-06
1.174225019440200413e-07
1.498879957944154739e-02
5.268813652037351858e-07
2.202540144935483113e-06
6.341474090731935576e-06
5.099253758089616895e-05
3.824506165983621031e-06
8.841307862894609571e-05
9.367829770781099796e-04
1.314334222115576267e-04
1.997475628741085529e-04
8.749034896027296782e-05
1.418380719542255974e-07
8.267687007901258767e-06
7.694577561778714880e-07
1.173463766463100910e-03
6.412319635273888707e-05
7.908324187155812979e-05
3.445216179898125120e-06
1.495865290053188801e-04
2.272036072099581361e-04
8.417461003773496486e-07
4.905604782834416255e-06
4.049587005283683538e-05
1.423881371920288075e-06
1.399616030539618805e-05
1.544644874229561538e-06
2.992154122694046237e-06
1.258449447050224990e-05
1.081167647498659790e-04
5.092053925181971863e-06
4.575339218604312919e-08
9.833887588683865033e-07
2.203040139647782780e-06
1.638340472709387541e-05
3.736472251603117911e-07
3.272730737080564722e-06
1.469283859023562400e-07
1.018634211504831910e-04
1.214388447579040076e-07
1.499062782386317849e-04
9.100858022748070653e-08
3.998143074568361044e-05
2.416038569208467379e-06
2.523362869396805763e-03
8.045412869250867516e-07
1.236008829437196255e-03
1.841176272137090564e-04
1.126499410020187497e-05
2.396968170614854898e-07
1.020228137349477038e-05
3.410536373849026859e-05
2.124703314621001482e-06
8.649601113575045019e-06
3.456642851233482361e-03
1.800121244741603732e-04
1.731818541884422302e-03
7.322830242628697306e-06
1.715086568765400443e-06
6.340560958051355556e-06
1.076276475941995159e-05
2.289790245413314551e-06
1.147100192611105740e-06
2.835332452377770096e-05
8.939369581639766693e-05
3.311521431896835566e-04
1.990280361496843398e-05
2.030066298175370321e-06
1.609028117854904849e-06
4.521599748841254041e-06
1.735348341753706336e-04
8.964323114923899993e-07
1.448642069590277970e-05
3.977391315856948495e-06
3.578353926059207879e-06
7.990887752384878695e-06
2.828864808179787360e-06
5.313334258971735835e-05
6.711947975190923898e-08
1.119627631851471961e-05
7.321478915400803089e-05
5.448387696560530458e-08
1.356282155029475689e-04
1.316458656219765544e-05
8.707702363608404994e-06
9.300319106841925532e-06
3.440274895183392800e-06
4.411430836626095697e-06
1.752468961058184505e-07
1.043302199832396582e-05
5.512448296940419823e-06
3.060714846014889190e-07
2.464549595515563851e-07
1.515414624009281397e-04
1.360381429549306631e-05
5.630869281958439387e-07
6.530870450660586357e-05
1.054790300258900970e-05
1.643557084207714070e-06
5.840351605002069846e-06
1.453710046916967258e-05
1.590637225490354467e-06
3.933185155347018735e-07
3.259926234022714198e-05
3.600070704123936594e-05
8.982773920251929667e-07
2.273230627179145813e-02
8.948619324655737728e-06
1.411093853675993159e-05
4.055999306729063392e-05
3.653861313068773597e-06
1.168743438029196113e-06
1.468060418119421229e-06
9.479257641942240298e-06
2.628696383908390999e-04
1.340851667919196188e-06
7.030094275251030922e-05
5.415402847575023770e-05
2.047638874500989914e-03
3.950338577851653099e-05
1.084175455616787076e-04
9.375323770655086264e-07
5.116892793921579141e-07
4.950569518769043498e-07
8.194878319045528769e-06
4.218446847517043352e-04
4.240615453454665840e-06
1.540312170982360840e-02
2.314556695637293160e-05
5.431226327345939353e-06
6.522118928842246532e-05
1.681356479821261019e-05
6.483487140940269455e-06
3.855862360069295391e-06
4.692373067882726900e-07
1.603258133400231600e-04
4.307045855966862291e-06
5.752989818574860692e-05
5.342583335732342675e-06
4.119039294891990721e-05
2.490236816754531901e-08
6.800777896387444343e-07
2.246038275188766420e-05
1.123180300055537373e-05
4.836828182419594668e-08
6.616878067688958254e-07
1.203917349812400062e-06
2.225425760116195306e-06
1.566158857713162433e-06
2.040549588855355978e-06
1.719595388749439735e-06
3.264371844124980271e-05
7.871020352467894554e-05
6.648720045632217079e-07
2.995304748765192926e-05
8.073990329648950137e-07
4.163909750332095427e-07
2.971796391193493037e-07
8.065625297604128718e-05
1.838858111113950144e-06
1.961846137419342995e-04
1.509425146650755778e-05
7.738241947663482279e-06
8.706519147381186485e-04
5.277981836115941405e-05
7.213957142084836960e-04
5.170767963136313483e-06
1.841502817114815116e-04
4.734074696898460388e-03
1.750629962771199644e-05
3.360643677297048271e-05
7.614066707901656628e-04
1.065358810592442751e-05
1.261017459910362959e-04
7.157161235227249563e-06
2.497260084055596963e-06
4.281754399926285259e-07
1.131954491029318888e-06
1.990890268643852323e-06
1.710307401481259149e-06
3.819807716354262084e-06
1.268705460688579478e-07
9.052030236489372328e-08
4.082842792740848381e-07
1.892012369353324175e-05
3.063185431528836489e-04
7.097108027664944530e-05
9.316720534116029739e-04
7.456827461282955483e-06
1.965856878086924553e-03
8.160762808984145522e-05
7.974699838086962700e-05
5.583161691902205348e-05
6.999273978181008715e-07
7.028846766843344085e-07
8.191628694476094097e-06
2.088204018946271390e-05
5.510496497154235840e-01
2.570327296780305915e-06
4.157430521445348859e-05
1.522609964013099670e-04
6.094626223784871399e-05
7.680505405005533248e-06
8.926718728616833687e-04
1.952417551365215331e-05
5.143324415257666260e-06
8.046820767049212009e-06
1.011291374197753612e-06
2.010549724218435585e-05
1.235871459357440472e-04
1.533873046355438419e-06
4.562237791105872020e-06
3.423372691031545401e-04
6.476426642620936036e-05
