1.527692106151334883e-08
7.184613082245050464e-08
3.047842156433944183e-08
4.557663402238176786e-08
9.062733852260862477e-08
7.122663348013702489e-09
6.996938584080680812e-09
3.567026851669652387e-07
2.182506193548761075e-07
7.026964681244862732e-07
5.479990239365406524e-09
6.833580812326545129e-08
9.885594565162136860e-09
1.224896806206743349e-08
2.151101075043015953e-09
4.113508200731530451e-09
3.829708994373959285e-09
2.620742556302957382e-08
3.427977190995079582e-08
1.179563646758197137e-08
3.276854565470443958e-09
2.011335986651374697e-09
1.780308522825180262e-08
1.490462011588533642e-07
2.243654506628445233e-08
1.633587665139657474e-08
1.077542322036606492e-08
8.598046719043850317e-09
4.779251483455482230e-08
3.217648156805807957e-07
1.500005275545390759e-08
3.931590526917716488e-06
2.971017636355099967e-07
9.191060357238711731e-09
6.746703196114367529e-09
6.386781659095674968e-10
5.380759304784987762e-08
2.719206548817965086e-08
3.467737030860007508e-08
5.058545937686176330e-08
1.163891099054126244e-07
6.658023021799408525e-09
2.833293244464130112e-08
6.058801016450843235e-09
1.484504696946942204e-08
9.132327782879201550e-09
1.040492279003046860e-07
8.938116913270732766e-09
2.882932470527066471e-08
3.492067746080351753e-09
3.485621746790457109e-08
3.742223242397813010e-08
3.878092869058491488e-08
3.027729400528755832e-09
6.232044658105451163e-09
9.564416814100695774e-08
5.957272453116502220e-09
7.677426694385758310e-09
3.505922663293858932e-09
4.474030390611005714e-08
6.521270989878757973e-08
8.678322416244554915e-08
2.372141061357524450e-08
1.559757878411005549e-09
1.433927288019276602e-08
2.326227654947388146e-09
5.760602661553093640e-08
2.349333838580491829e-09
9.488437813232053486e-10
1.678321659426273982e-08
2.340756211083316884e-08
1.097931789928452417e-08
8.779866078612030833e-08
1.782956502438537427e-07
2.293329828262358205e-07
6.511883476889579470e-09
1.555622830551328661e-08
5.291458933243120555e-07
1.261016336684406269e-06
2.295509347050028737e-07
7.090548703736487823e-10
2.067556681417670461e-10
2.769121154599929469e-09
8.634859938183581107e-09
2.381154331487778109e-07
1.223820333962066798e-08
7.100418475403103002e-09
1.103419080550338549e-07
5.242567624463845277e-08
1.621546630303782877e-07
2.222930506334819256e-09
1.744441924245165865e-09
1.082290168596955482e-08
2.249911368323864735e-08
1.979252886030735681e-07
1.867502419372613076e-08
2.557114697765427991e-08
5.568825827140244655e-07
1.556482026598970947e-10
4.072887804795755073e-07
1.402016778229153715e-07
4.262047426095705305e-08
7.040286131854145424e-09
3.745613152972282478e-09
9.562743343849433586e-07
2.037025659262781119e-09
2.858966952068442424e-10
2.016419102801592089e-06
4.003188891488207446e-08
8.456517264221474761e-09
7.817882341498716414e-09
1.603987698217679281e-08
3.544033972957549850e-07
4.082796749571571127e-07
1.030336491680827748e-07
1.733030501327448292e-07
1.055880716194224078e-08
1.135331473278711201e-07
5.549540560423338320e-08
2.141771915376011748e-08
1.432666323353259941e-07
4.272041564945538994e-08
3.647184598776220810e-08
1.337173358706422732e-07
8.243596028023603139e-08
1.402254667937086197e-07
3.511423756208387204e-07
2.938084833203902235e-07
1.570313088450348005e-07
3.046640631509944797e-05
1.254311769116611686e-06
7.936684909282121225e-08
2.625892534524609800e-07
2.177073277209728985e-08
2.752930186034063809e-07
1.575819652543941629e-08
1.673597083140521136e-08
6.569030652769924927e-09
1.470080945864538080e-08
7.306775184900970999e-09
6.377253392031434487e-09
2.460526893344194832e-09
9.728486904947430958e-10
4.411679555005321163e-08
1.168166249954083469e-06
3.672152715239462850e-08
5.252899768493080046e-07
1.214701850216215462e-08
1.183425579753816237e-09
4.529731612024079368e-08
5.102712474780446428e-09
2.434900125081185251e-06
1.370883779827636317e-07
5.929315648245392367e-06
1.529214586071248050e-07
1.414062467119947542e-06
1.475722797295020428e-07
7.406019619793369202e-08
4.531680588115705177e-06
1.808750675991177559e-05
7.930365391075611115e-03
1.338813221082091331e-03
8.014117338461801410e-05
2.014173427596688271e-03
1.723550958558917046e-04
1.219299301737919450e-04
9.509437368251383305e-04
9.159525856375694275e-03
6.885517504997551441e-04
4.518014565110206604e-02
2.777192821667995304e-05
1.524715102277696133e-03
6.535162031650543213e-02
8.812024258077144623e-03
1.145000737778900657e-06
1.089501620299415663e-05
8.297923207283020020e-01
1.693827362032607198e-04
6.364395376294851303e-04
1.291939497605198994e-07
8.247618552559288219e-07
6.589178519789129496e-05
1.825178941317062709e-07
4.253692509337270167e-07
8.245864933087432291e-07
1.097828743468198809e-07
9.489546926033654017e-09
2.430546146570122801e-07
3.724984480868442915e-07
1.546449936995486496e-07
2.682030810774449492e-07
6.383630761774838902e-07
8.765806569499545731e-07
6.111251593665656401e-08
8.255149168689968064e-07
1.408267507940763608e-06
6.971023935875564348e-07
1.558130747980612796e-06
4.798506481051845185e-08
1.937119577632984146e-06
1.575498004058317747e-06
2.211731384704762604e-07
3.857206536395096919e-07
1.805495799089840148e-06
3.726609975274186581e-06
4.795823406311683357e-05
2.988204869325272739e-06
3.664114046841859818e-04
4.804164171218872070e-03
3.292801920906640589e-06
2.082501623590360396e-06
3.161790664307773113e-05
1.769608352333307266e-03
6.757469964213669300e-05
2.439614945615176111e-05
9.728668146635754965e-07
2.015246536757331342e-06
8.151662882482924033e-07
3.147696588712278754e-06
2.041134139290079474e-04
3.819128551185713150e-07
4.456900342120206915e-07
1.467398687964305282e-04
7.075208685591860558e-08
4.488608283281791955e-06
3.552195630618371069e-05
3.334287441703054355e-07
1.291477838094579056e-05
8.802733759694092441e-07
8.066691407293546945e-06
1.228773271577665582e-06
2.005823625950142741e-05
9.797106031328439713e-06
1.410234951038091822e-08
6.156058418582688319e-08
5.530655835173092782e-05
2.089239278575405478e-04
2.122958449035650119e-07
1.863911165855824947e-05
6.823100306974083651e-07
7.904827725724317133e-07
7.935530561553605366e-07
6.900182142999256030e-06
1.533721842861268669e-07
7.071178629303176422e-07
4.339887382798224280e-08
1.561616361141204834e-02
4.151794655626872554e-06
2.317459438927471638e-05
1.116893326980061829e-05
1.963971953955478966e-05
6.493717082776129246e-04
6.779596439798751817e-09
1.287709528696723282e-05
4.982878749615338165e-07
1.740118591442296747e-07
9.741851272337953560e-07
1.500073994975537062e-04
7.568606861241278239e-07
1.524601458413599175e-07
1.613930677990538243e-08
2.282066624559320189e-08
5.390196733401353413e-09
1.188938654195226263e-06
2.252291153581609251e-07
8.120378538478689734e-07
8.268327292171306908e-06
7.201461703516542912e-04
1.304428337789431680e-06
2.858604830180411227e-06
2.917559686466120183e-05
8.553691088764026063e-08
2.215146821527014254e-07
6.234303873497992754e-05
2.517053871997632086e-07
4.791809260495938361e-07
3.392605663066206034e-08
5.070724728994946418e-09
3.571908324673245261e-09
7.849289218597732543e-09
5.852531792527315702e-09
3.636334611201164080e-08
1.554528417102574167e-08
2.362265716371325652e-09
6.418392217710788827e-08
1.559832973896391195e-08
7.263266099677423426e-10
6.325039936250220762e-10
5.434949379434783623e-09
1.784118186520800009e-09
2.577557722815981833e-09
8.232529324914139579e-09
3.217781596731583704e-08
1.886134803896766243e-08
9.089805352857638354e-09
1.074316369198413668e-08
2.013938740219600732e-07
2.589719771961540573e-09
1.440840780020380407e-09
2.358390638335094991e-08
5.594954899379445123e-08
1.552064219367821352e-07
1.562334084326266748e-08
1.241375571225944441e-07
5.908644652663497254e-06
3.670133974509326436e-09
1.654404258033537189e-07
6.272461632761405781e-06
3.939862835977692157e-08
4.808953804058546666e-07
1.144428665611485485e-06
5.885364657842728775e-07
7.470458740499452688e-08
2.712414186589739984e-07
1.335560000370605849e-07
1.331692374151316471e-07
7.988946038040012354e-08
1.545623526908457279e-04
1.218276821646213648e-07
3.096777945188478043e-08
1.530804283333964122e-08
4.689948873703997378e-09
3.105235890643598395e-08
5.598744934331989498e-08
1.092279262593365274e-07
5.153252047307432804e-08
7.015945868715789402e-08
1.267414706518366074e-08
2.347968575122649781e-08
7.083347242087256745e-09
2.138022097142311395e-07
1.247059202569289482e-07
2.150557776303685387e-07
1.623620278223825153e-07
3.428873185384873068e-08
2.369960228065792762e-09
1.155191609036876343e-09
4.426123467737852479e-09
6.476868463778373552e-08
5.149398566572926939e-05
1.354346608195555746e-07
2.397121363628684776e-07
8.930430617226647882e-09
4.784733320661871403e-08
4.261646591174894638e-09
5.215974283601099160e-07
1.552972683782627428e-08
6.799099061538527167e-09
9.806767593545373529e-07
5.204459085916823824e-08
7.667421186852152459e-08
4.949400889131538861e-08
1.290161719680327224e-07
2.521227179386187345e-05
7.850023280298046302e-07
3.220572580175939947e-06
6.915725325740140761e-09
4.959008759186644966e-09
2.542761112778180177e-09
3.929683689563034932e-09
7.553581093944217173e-10
5.189194141053121712e-08
1.109713476665774579e-08
1.515528680329225608e-08
1.029571716770760759e-08
1.328958809665437002e-08
1.776401070685551531e-08
1.124752846415333352e-09
5.794697699457174167e-08
1.403276717049095623e-09
5.029652250243543676e-09
7.549686387164911139e-08
1.298329532772868333e-08
1.646199088156663493e-08
1.569990359939765767e-08
9.161236214083601226e-09
3.147231097955227597e-08
7.028023052413345795e-09
2.377194663338855207e-09
1.256089277035243867e-08
1.967583251882842887e-08
9.597959094165275928e-10
5.482896803243875183e-09
9.344277351885921234e-09
6.637368432649282113e-09
2.509334962041975814e-08
1.550007588946300530e-08
4.238608131146293090e-09
1.278761629919245024e-08
2.487878703050228069e-07
2.295564804910554813e-08
2.196442849822233256e-08
2.188270897818256344e-09
2.359825757025646453e-08
1.276569179253783659e-07
2.489983330633549485e-08
5.104056413074431475e-07
1.948469652290896192e-08
6.604764024586984306e-08
3.542979811754776165e-07
3.442505374096072046e-07
3.448643894898850704e-07
2.743984168773749843e-07
7.141218283379657805e-09
2.256347997331431543e-09
1.470128552227834007e-08
1.681692474164719897e-08
2.728296806253638351e-07
6.431562393771628194e-09
1.825090834017828456e-08
1.841447527795025962e-07
3.841047657715535024e-07
2.287950565005303361e-06
4.303954881379468134e-08
2.142112265346440836e-07
6.299654131680654245e-08
2.123144753340966417e-07
1.390346938023867551e-06
2.818313475927425316e-07
1.005009906407394737e-07
8.634305004306952469e-08
3.464038400124991313e-06
4.912683593261135684e-08
1.358166645815117590e-08
5.346474818423985198e-09
1.070192411134485155e-06
5.598026486808294067e-09
6.773283303118660115e-07
3.553467877281946130e-06
1.241601665924463305e-07
6.011194386701390613e-08
3.387580136404721998e-07
1.128598583477469219e-07
2.285234330656749080e-07
3.058486254303716123e-05
2.534503096285334323e-07
5.933382851708302042e-08
2.704794042074354365e-07
1.229282897696748478e-08
4.918588274449575692e-07
2.219744317244476406e-07
3.976500906333058083e-08
9.767988728981435997e-08
2.177014124526976957e-07
9.194869932116489508e-08
8.535747753057876253e-08
2.439965953726641601e-07
4.491995753141964087e-08
1.972359086721553467e-06
5.106375766672499594e-08
1.462635612625717840e-08
1.875117391136882361e-06
8.863605103215377312e-07
1.836453655812420038e-08
1.122249031482169812e-07
3.019530225856215111e-08
1.520332261861767620e-06
3.817810352302331012e-07
2.073968090599009884e-07
7.794113230374932755e-07
5.851764584008378733e-08
5.873847612747340463e-07
8.031124210106099781e-09
3.166123292430711444e-07
1.295010498836290935e-08
2.738841828886506846e-07
1.026401275083799192e-08
5.667672553499869537e-07
2.934833673862158321e-07
3.374529100597101205e-08
2.163994139436908881e-07
3.008997495612675266e-08
5.814554697280982509e-06
6.720182188502121789e-09
2.712477709110316937e-08
6.792699025481852004e-08
9.356485861644614488e-07
7.572399596256218501e-08
2.075796601275214925e-07
1.195996901515172794e-07
1.724875318132035318e-07
1.823330286754298868e-08
1.767138080310814985e-08
2.761613018265052233e-07
2.504925191715301480e-07
1.522690529220938060e-09
4.589847435454430524e-07
1.675172427439974854e-07
1.776268021558280452e-07
3.479015958873787895e-06
5.962674975990012172e-08
4.082495053125967388e-08
9.227987618487532018e-08
3.329608588842347672e-08
1.447889417249825783e-07
1.153081008453682443e-08
4.573392118345509516e-07
3.030326354291901225e-07
9.052899763162258751e-09
3.244680783609510399e-06
1.241623515113587928e-08
1.339376922260271385e-06
1.097778508096780570e-07
5.932910198680474423e-07
2.969400156871415675e-07
6.379860195693254354e-08
2.661185760644002585e-08
1.873782018435576902e-08
2.619803041170598590e-08
6.114166239967744332e-08
1.968217588910192717e-08
2.802998544382262480e-08
2.050196457048514276e-07
4.964621780345623847e-07
1.941254446080620255e-08
1.590179408594849519e-06
1.027204774572965107e-07
6.605806568416028313e-09
4.494626537621115858e-08
9.947530088538769633e-07
1.006502792222363496e-08
2.424165224113039585e-08
4.951219125359784812e-06
4.181095391686540097e-06
2.198179060997063061e-07
1.373341262933536200e-07
5.803676650373290613e-09
9.796250033389242162e-09
3.259942218392097857e-07
1.815985513076157076e-07
1.440203476477108779e-07
2.832866030644254352e-08
3.546832161305246700e-08
3.007603055493746069e-08
1.307500951952533796e-06
1.607813437942695600e-08
3.363027545333352464e-08
2.837392457877285779e-06
8.075489432712856797e-08
6.042353106749942526e-06
6.453411138807041425e-09
1.965043310292458045e-07
7.853127215184940724e-08
2.450078966376167955e-07
6.429542054320336320e-08
2.156619416382454801e-08
1.168713392729614498e-08
4.710083434389389367e-09
8.495414149933822046e-09
2.247222319340380636e-08
1.126234749904142518e-08
2.228455571184895234e-07
1.244071199835161678e-06
6.521035089690485620e-08
2.151352518353633059e-08
1.540064431537757628e-08
4.517462315334341838e-08
1.837699414863891434e-06
3.390841243344766553e-07
2.802382539357495261e-07
1.822751642066577915e-06
8.217656777276260982e-09
1.579817649144388270e-06
4.787005991602200083e-08
7.486387509914038674e-09
7.363338383470363624e-09
7.660901246708817780e-08
8.348233393462578533e-08
1.355112203782482538e-06
2.086439288007113646e-08
9.621503238577133743e-08
3.532232767611276358e-06
1.875440318599430611e-07
1.879376476665584050e-08
1.053753180713101756e-06
8.505146098514160258e-08
1.254628578806205041e-08
3.042249474560776434e-08
1.110362404688203242e-06
6.844186373200500384e-08
2.475523388056899421e-06
2.781866044188063825e-07
2.362883009254801436e-07
4.015661758671740245e-08
8.275071650132304057e-08
6.104643830440181773e-07
1.009979744281963576e-08
1.485688017055508681e-07
2.672413188520295080e-07
5.012022370465274435e-07
1.861485365850512608e-08
5.240275413598283194e-07
2.864723391837742383e-08
3.053412171993841184e-07
1.470045134510655771e-07
7.398367785071968683e-08
8.469955332657264080e-07
1.747467450741169159e-07
1.945647376544457074e-08
1.416311619095722563e-07
4.307453593810350867e-08
2.183663667665314279e-07
7.648403510529533378e-08
4.811283815797651187e-07
7.939117807609363808e-09
1.792175936543571879e-07
1.882749067760869366e-08
5.989107165760287899e-08
6.820075100222311448e-07
2.937138106062775478e-07
4.765817891438928200e-07
2.124589926211228885e-08
3.203291631947990936e-09
9.012223856075252115e-09
2.715295011057605734e-07
4.021847743729267677e-08
1.479719458075123839e-07
1.223193208943484933e-07
3.586781076592160389e-07
7.299563264950847952e-08
6.828851439877325902e-08
1.777851821316289715e-06
5.428745808444546128e-08
9.008240908769948874e-08
1.337275978841034885e-08
1.797138438064393995e-08
7.827928527603944531e-08
1.165903551481051181e-08
6.080611125724999511e-09
2.576505835349962581e-07
1.591848430848585849e-08
4.303521450310654473e-07
1.273894696396382642e-07
4.927529673182107217e-08
6.284445408510919151e-09
1.059835508243622826e-08
3.054186663575819694e-07
4.458656519545911578e-07
6.481740797426027711e-07
1.522377033325028606e-07
3.627078193346733315e-09
4.853708546193047368e-08
1.405717284796992317e-07
5.995304945827228948e-07
1.073754538083449006e-05
4.663189656639588065e-07
8.423901931564614642e-07
3.250778846108914877e-08
4.699261424434553192e-09
1.030804455126599350e-07
7.331306761670930427e-08
8.160152020764144254e-08
5.434322929431800731e-07
3.992268204910942586e-07
1.800764408699251362e-07
1.712232631234655855e-07
4.312714807497286529e-08
8.648892446672107326e-08
2.282875470882572699e-07
2.412835620191344788e-08
4.213527802221506136e-07
1.171351105000439929e-08
2.229194073777307494e-08
9.216905993980617495e-08
1.358943393370282138e-07
5.266159419647920004e-08
4.404423847859106900e-08
2.341031830610518227e-07
2.083790739959567873e-08
2.841260595687344903e-07
4.452977009350433946e-08
2.207989702185386705e-08
4.337175028013007250e-07
1.282366746124807833e-08
8.857520583660516422e-07
1.795169453089329181e-07
1.215851079905405641e-05
5.031487404494328075e-08
1.665911355530624860e-07
5.812874448452021170e-08
2.578474891379300971e-07
1.913521145979757421e-07
2.758304447070258902e-07
1.149186701354665274e-07
3.103281898120258120e-08
8.703349152483497164e-09
7.624813558315679529e-10
1.155850526401991374e-09
2.213095662284558784e-08
2.004132966249017045e-07
4.449910022685799049e-07
8.436158083213740611e-08
1.529741240346993436e-07
2.069062787768416456e-07
2.195680437466762669e-08
3.110551745066914009e-07
3.110127408945118077e-07
4.948061516074631072e-08
6.933219651727995370e-07
2.936916700946312631e-07
4.763330252899322659e-06
3.318771177873713896e-07
8.208195936276752036e-07
7.749384280941740144e-07
4.938696065437397920e-07
1.617156186739521218e-07
4.962805633113021031e-08
1.698714982012461405e-07
2.631347228998492938e-07
2.223368333886810433e-08
6.942173769175497000e-08
2.799145590870466549e-07
6.766949223191431884e-09
3.523213010225845210e-08
2.368696172538875544e-08
1.175870689706925987e-08
1.654499101277906448e-05
2.580977934485417791e-06
1.735935839519697765e-08
7.966665549474782893e-09
3.675502213695835962e-08
2.817047857206489425e-07
7.259423284722288372e-08
4.226992800226980762e-08
1.928864357125803508e-08
8.262773576461768243e-07
7.102815668957873640e-09
1.165634611055565983e-08
2.371976279391674325e-06
2.332385395931169114e-09
9.098186382061612676e-08
1.622786612642812543e-06
9.788764998575061327e-08
3.946663582610199228e-07
2.001020860120661382e-08
3.087003051405190490e-06
1.748951206081983401e-07
1.247943117732575047e-07
6.939420416074426612e-08
3.700838746567569615e-09
2.779186836221470003e-08
7.928726120098872343e-08
2.032939505625108723e-08
8.469672962974073016e-09
7.412266711526172003e-08
1.149357053975563758e-08
2.239148777505306498e-08
4.947497700413805433e-07
1.809297316412994405e-07
7.884464281460168422e-08
1.672007243769257911e-07
5.487262200176701299e-08
2.169504043081360578e-08
1.031952656660450884e-08
2.251872022185352762e-09
1.514187601969751995e-07
3.006681197348370915e-07
3.592450354972243076e-07
7.006140112508774109e-09
3.164500839147876832e-08
1.672239363870176021e-06
1.443345354346092790e-07
1.019241580024754512e-08
9.654500843225832796e-08
1.905784756672801450e-07
2.292743772613903275e-07
5.953356918553254218e-08
6.006962962601392064e-07
1.149747959061642177e-07
2.156826184318560991e-07
3.246596236294863047e-08
5.527557433993024461e-08
6.825645186836482026e-07
4.639647954718384426e-07
4.581457346830575261e-08
1.248580048240910401e-07
1.336298964815796353e-07
9.506884168786200462e-09
1.595732657122539422e-09
4.725824354068208777e-08
1.939156213381920679e-08
5.832920990656020876e-08
8.170992771283636102e-08
2.641710494799553999e-08
6.938189756056090118e-08
1.442251402750116540e-07
7.861909523398935562e-08
7.807842905549478019e-08
7.091881570886471309e-08
2.608977212048557703e-08
4.984073953551160230e-08
4.597312113219231833e-07
1.104300224596954649e-07
3.337887619636603631e-06
3.827138641554483911e-07
2.008090405070106499e-08
1.186979847744851213e-08
6.026978098816471174e-07
2.388102693373639340e-08
3.413162801280122949e-07
7.742192309478923562e-08
4.997410130158641550e-08
2.645413887947256626e-10
6.709999667009469704e-09
2.116695441145566292e-07
4.873239959124475718e-06
2.940247512128735252e-08
6.843468014494646923e-08
7.735686722298851237e-07
2.732694781570899067e-07
1.975728913805596676e-08
3.272494950579130091e-07
6.464424551211322978e-09
3.231283471905044280e-07
1.677620709017446643e-08
6.902653240103973076e-07
1.684860677642063820e-07
7.697411597007430828e-09
5.606516424450092018e-07
1.645371128233819036e-07
6.978000399726624892e-09
6.354899273475211885e-09
1.516465708562009240e-08
5.146042880710410827e-08
9.902429383146227337e-07
3.786999968724558130e-06
7.829167714135110145e-08
4.433053746311088616e-08
1.628837367206870113e-07
3.482207659999403404e-07
5.554305815280713432e-08
9.203748163599811960e-08
2.609121807495284884e-08
1.802799687311562593e-08
6.749701242370065302e-07
1.330665355681048823e-07
4.780831091011350509e-07
1.776602630343404599e-06
4.272047533504519379e-07
1.122226933603087673e-08
2.069076572297490202e-07
2.090995167236542329e-06
3.812338320585695328e-07
1.094193322614955832e-07
3.533085290996496042e-08
2.741591060839709826e-07
1.718912585602083709e-07
2.313313451907106355e-08
1.566430896104975545e-08
1.890568590567909268e-08
1.468660038028701820e-08
9.740244877320947126e-07
2.962396865768823773e-05
1.020047264432832890e-07
3.522937674915738171e-08
1.681069647929689381e-07
2.314438773964866414e-08
6.970657828730963956e-09
3.341882148788499762e-08
1.707731485112162773e-07
5.360985433355835994e-09
4.144492038449243410e-08
4.710025507392856525e-07
1.126902517967209860e-07
1.384313179642049363e-07
3.728728614760257187e-08
1.451288653697702102e-07
1.868831489559852344e-08
6.493663136097893585e-07
4.609042036918253871e-07
3.024860859568434535e-07
5.294308280667792133e-08
4.204629249215940945e-07
1.495637889092904516e-07
8.556705566320488288e-09
1.436777949948009336e-07
8.369374171479648794e-08
3.484822173049906269e-07
1.034559993229322572e-08
4.748741559978952864e-07
8.665669071206139051e-08
1.716912407800919027e-07
3.477415759789437288e-07
2.389879938391459291e-08
3.254948310882355145e-08
8.479436246489058249e-07
4.428262201372490381e-08
5.999549443913565483e-07
3.719542860380897764e-07
9.995376615279383259e-08
8.737695900151720707e-09
3.759522115842628409e-08
5.307218486905185273e-08
2.095061013562826702e-08
3.030423201266785327e-08
1.801634397224916029e-08
5.761481247645861004e-08
5.795902779937023297e-08
1.296489102742270916e-07
8.327972267352379276e-08
1.689671904614442610e-07
5.720375284568035568e-08
2.438560784412402427e-07
1.762879492162028328e-06
3.052853116969345137e-07
2.572176249771018774e-08
1.906854407707214705e-08
2.791963140680309152e-07
1.455052682786117657e-07
1.771647006876264641e-08
5.825419862048875075e-07
9.726404641696717590e-07
8.196521775971632451e-06
3.756432676027543494e-08
2.282017685928394712e-09
4.549171706003107829e-07
7.464377205224081990e-08
3.037430928998219315e-08
1.075965627705954830e-07
2.265317391447752016e-07
6.984662093145743711e-08
1.581176292120289872e-07
6.385104001083163894e-09
5.954730752932846372e-08
5.698932525888267264e-08
1.578195707452323404e-08
5.567646343962451283e-09
1.185081810461952045e-08
1.504710489541594143e-08
4.438373798620887101e-05
4.187319646575815568e-08
9.982218216464389116e-07
1.702528606983833015e-08
1.270355198812467279e-08
3.399616161914309487e-07
8.879074897549799061e-08
1.383697508572367951e-06
1.624429614821565337e-06
3.060813469346612692e-06
1.092497427634953056e-06
4.816698861986878910e-08
4.057924485323383124e-08
2.599163906324974960e-07
8.438274562649894506e-06
2.235243101722517167e-07
3.485440345230017556e-07
3.081333659338270081e-07
2.711325350901461206e-07
7.750133590889163315e-06
6.416804581022006460e-07
2.603805739909148542e-07
6.720944725202571135e-07
1.145056955920153996e-07
6.294445142884796951e-07
2.770611047253623838e-07
3.943522415283950977e-07
1.310529569309437647e-06
6.892565096450198325e-08
2.863277188680513063e-07
8.837696441332809627e-08
2.977488833266761503e-08
8.556596498010549112e-08
5.747804721067950595e-08
6.421821296953567071e-08
5.419029225350868728e-09
2.372990914878414515e-09
4.945957243762677535e-08
7.305817462111008354e-08
4.271937825706118019e-07
1.058833802858316631e-07
1.038760728988563642e-06
1.369067774703580653e-07
1.794483750927611254e-06
3.276862514667300275e-08
1.469896631078881910e-07
1.719760439300443977e-05
3.815311444554936315e-08
3.335422888994798996e-07
5.787797476841660682e-07
2.244564257125603035e-06
4.976911327503330540e-08
2.514585162316507194e-07
4.873642183156334795e-07
3.407137683097971603e-08
2.179684543079929426e-06
3.689139873586100293e-07
5.125745516920687805e-08
9.590402441972400993e-06
1.365747408499373705e-07
3.430960759942536242e-06
1.570815697959915269e-06
3.823924430434999522e-07
3.449337668826046865e-07
2.096619944325084361e-08
1.457580509622857790e-07
4.069556780450511724e-07
7.254063127959398116e-09
5.623067345084109547e-09
9.732644684845581651e-06
7.923185876279603690e-06
