8.825235813856124878e-02
1.978198289871215820e+00
4.107047617435455322e-02
1.473920885473489761e-02
3.845418617129325867e-02
1.050480365753173828e+00
3.653250634670257568e-01
9.316048026084899902e-01
6.451482325792312622e-02
1.139815747737884521e-01
4.056303203105926514e-01
1.386620402336120605e+00
2.555478364229202271e-02
2.437564283609390259e-01
8.026283979415893555e-02
1.276829391717910767e-01
1.906629323959350586e+00
3.277276515960693359e+00
1.416794419288635254e+00
1.116049438714981079e-01
6.117125153541564941e-01
0.000000000000000000e+00
2.571962960064411163e-02
1.643318496644496918e-02
5.496767759323120117e-01
0.000000000000000000e+00
2.167248725891113281e-02
1.277998328208923340e+00
4.021061360836029053e-01
2.016962021589279175e-01
3.639405965805053711e+00
2.726855516433715820e+00
8.284723758697509766e-01
4.285447299480438232e-01
1.280174851417541504e-01
8.721808791160583496e-01
1.032975673675537109e+00
1.634751856327056885e-01
1.080709338188171387e+00
3.024191260337829590e-01
1.071780443191528320e+00
9.019048511981964111e-02
4.254234954714775085e-02
7.897281050682067871e-01
2.333836406469345093e-01
1.174003362655639648e+00
9.202392101287841797e-01
3.529264628887176514e-01
2.601249217987060547e-01
1.299877613782882690e-01
1.328991532325744629e+00
2.102613896131515503e-01
3.189879357814788818e-01
3.879129588603973389e-01
7.876367568969726562e-01
0.000000000000000000e+00
7.653979659080505371e-01
3.787304878234863281e+00
4.489247128367424011e-02
3.778668880462646484e+00
6.331306695938110352e-01
1.430555343627929688e+00
1.221067786216735840e+00
6.977404654026031494e-02
1.048579573631286621e+00
8.715181797742843628e-02
4.665546119213104248e-01
6.872146129608154297e-01
2.510349638760089874e-02
1.505155265331268311e-01
6.916773319244384766e-01
6.747556328773498535e-01
2.113577127456665039e-01
4.065840691328048706e-02
1.377867609262466431e-01
2.871935367584228516e-01
4.047256410121917725e-01
9.048967361450195312e-01
4.258608818054199219e-01
3.349600434303283691e-01
1.305181086063385010e-01
2.601645946502685547e+00
3.548134863376617432e-01
6.919863820075988770e-01
4.068250581622123718e-02
1.697055459022521973e+00
6.064693927764892578e-01
0.000000000000000000e+00
1.700664281845092773e+00
0.000000000000000000e+00
1.416891962289810181e-01
0.000000000000000000e+00
8.167876303195953369e-02
3.355735838413238525e-01
8.777319639921188354e-02
1.296292394399642944e-01
2.629044950008392334e-01
1.674267649650573730e-01
2.833685278892517090e-01
2.958637177944183350e-01
3.724909722805023193e-01
7.667004466056823730e-01
2.492741495370864868e-01
1.245008349418640137e+00
3.014617204666137695e+00
1.749577879905700684e+00
1.959477901458740234e+00
8.126144409179687500e-01
1.441071629524230957e+00
1.200969696044921875e+00
2.632909774780273438e+00
1.500117629766464233e-01
2.805689275264739990e-01
6.099367514252662659e-02
5.544385910034179688e-01
4.551240503787994385e-01
1.302689462900161743e-01
0.000000000000000000e+00
3.828754648566246033e-02
5.889506340026855469e-01
1.425203233957290649e-01
2.229421138763427734e-01
2.235946059226989746e-02
1.778486929833889008e-02
1.254627704620361328e-01
6.473997235298156738e-01
7.574570178985595703e-01
5.397855281829833984e+00
3.961829934269189835e-03
1.291502714157104492e+00
2.044605463743209839e-01
7.659397721290588379e-01
1.115927457809448242e+00
1.334067434072494507e-01
1.393253564834594727e+00
5.049203634262084961e-01
9.612841159105300903e-02
2.819503545761108398e-01
1.141991391777992249e-01
1.777483557816594839e-04
1.194626912474632263e-01
1.276497006416320801e+00
4.756499081850051880e-03
5.734438419342041016e+00
2.353629827499389648e+00
7.757396250963211060e-02
7.424275577068328857e-02
6.898347735404968262e-01
6.938222646713256836e-01
0.000000000000000000e+00
1.800647616386413574e+00
1.748870015144348145e-01
1.443550229072570801e+00
1.044966056942939758e-01
4.470661282539367676e-01
7.397647500038146973e-01
1.545925885438919067e-01
2.154785394668579102e+00
6.758916974067687988e-01
1.227366209030151367e+00
2.520155310630798340e-01
0.000000000000000000e+00
2.727530598640441895e-01
1.041875183582305908e-01
2.916490286588668823e-02
1.126407742500305176e+00
0.000000000000000000e+00
9.996702522039413452e-02
8.177265524864196777e-01
3.758981525897979736e-01
1.554105162620544434e+00
1.362813115119934082e-01
2.509938478469848633e-01
3.245169520378112793e-01
2.139496356248855591e-01
4.020926058292388916e-01
7.455947250127792358e-02
1.504372119903564453e+00
9.578007459640502930e-01
5.985822677612304688e-01
1.127399504184722900e-01
1.053114414215087891e+00
4.430941343307495117e-01
4.704832732677459717e-01
1.302571035921573639e-02
1.194678014144301414e-03
5.433565378189086914e-02
2.133237361907958984e+00
3.343527019023895264e-02
1.029040068387985229e-01
4.977960288524627686e-01
3.103734016418457031e+00
5.993163585662841797e-01
0.000000000000000000e+00
4.673717319965362549e-01
3.561771661043167114e-02
1.829555869102478027e+00
5.610663890838623047e-01
1.080664843320846558e-01
2.960335612297058105e-01
2.926802635192871094e-01
4.075855612754821777e-01
8.631951212882995605e-01
1.003147721290588379e+00
1.166733384132385254e+00
0.000000000000000000e+00
2.594239711761474609e-01
1.571229547262191772e-01
6.865668892860412598e-01
1.423427939414978027e+00
1.551631689071655273e-01
9.347160458564758301e-01
1.020450815558433533e-01
7.243710160255432129e-01
1.396694421768188477e+00
6.726849675178527832e-01
8.946365118026733398e-01
1.185655370354652405e-01
6.422829031944274902e-01
1.310615062713623047e+00
3.612774848937988281e+00
4.123253822326660156e-01
6.551890075206756592e-02
2.190591692924499512e-01
0.000000000000000000e+00
3.379413127899169922e+00
1.031933054327964783e-01
1.313321888446807861e-01
2.369316220283508301e-01
1.544913742691278458e-02
1.229577735066413879e-01
3.239609003067016602e-01
5.467024445533752441e-02
1.497382670640945435e-01
1.072726845741271973e-01
2.900534272193908691e-01
4.135475158691406250e-01
4.854218661785125732e-02
1.072214171290397644e-01
2.968952655792236328e-01
2.878811359405517578e-01
2.751153111457824707e-01
2.275159060955047607e-01
0.000000000000000000e+00
0.000000000000000000e+00
4.306756556034088135e-01
1.252692937850952148e+00
1.574023246765136719e+00
9.319695830345153809e-02
5.163232609629631042e-02
0.000000000000000000e+00
1.680218875408172607e-01
2.641579806804656982e-01
9.862199425697326660e-02
6.347880959510803223e-01
1.804704517126083374e-01
2.744576036930084229e-01
2.961448952555656433e-02
1.348041296005249023e-01
7.451176643371582031e-01
1.830129623413085938e+00
6.558415293693542480e-01
0.000000000000000000e+00
7.676278948783874512e-01
0.000000000000000000e+00
2.450836002826690674e-01
2.253800183534622192e-01
7.928383350372314453e-02
2.282189875841140747e-01
2.495454973541200161e-04
9.627255797386169434e-01
4.901921376585960388e-02
1.525453329086303711e-01
1.705282181501388550e-01
1.229914426803588867e-01
7.484851479530334473e-01
1.448545753955841064e-01
4.339556097984313965e-01
1.557208001613616943e-01
1.189807534217834473e+00
1.043104410171508789e+00
6.427298784255981445e-01
3.497853875160217285e-01
6.863232702016830444e-02
1.217622086405754089e-01
5.100185871124267578e-01
2.739996016025543213e-01
9.657697081565856934e-01
1.637644529342651367e+00
6.530145406723022461e-01
5.567755699157714844e-01
8.129401504993438721e-02
0.000000000000000000e+00
7.325419187545776367e-01
2.705788053572177887e-02
1.692676097154617310e-01
2.260595560073852539e+00
8.614326119422912598e-01
2.235316783189773560e-01
9.797019362449645996e-01
7.754252552986145020e-01
4.207834899425506592e-01
2.062881708145141602e+00
5.167671665549278259e-02
1.826161742210388184e-01
8.098042011260986328e-01
3.820774257183074951e-01
1.199925765395164490e-01
5.316376090049743652e-01
0.000000000000000000e+00
1.318229556083679199e+00
2.984844148159027100e-01
5.481386780738830566e-01
6.143983453512191772e-03
1.102975010871887207e+00
2.687130868434906006e-01
7.595400325953960419e-03
2.076318860054016113e-01
3.299871087074279785e-02
6.031987071037292480e-02
4.316948354244232178e-01
1.338373899459838867e+00
1.674940139055252075e-01
1.048918843269348145e+00
1.269287616014480591e-01
1.784036159515380859e+00
1.876396825537085533e-03
1.939657211303710938e+00
5.485577583312988281e-01
1.748892366886138916e-01
0.000000000000000000e+00
2.733824551105499268e-01
7.254471778869628906e+00
3.504054546356201172e-01
6.553229689598083496e-02
5.243179202079772949e-01
2.459325194358825684e-01
5.148290991783142090e-01
5.916822552680969238e-01
8.632946014404296875e-02
4.570797979831695557e-01
3.450410813093185425e-02
4.209575951099395752e-01
4.206892848014831543e-01
7.053835690021514893e-02
8.023007512092590332e-01
9.139972180128097534e-02
2.281739711761474609e-01
3.434261679649353027e-01
8.041067123413085938e-01
2.695851325988769531e-01
7.920246571302413940e-02
8.851101249456405640e-02
4.476857837289571762e-03
6.351252794265747070e-01
4.205764532089233398e-01
6.458010673522949219e-01
1.711905002593994141e-01
2.349898219108581543e-01
1.566346287727355957e-01
3.244082689285278320e+00
0.000000000000000000e+00
1.020064473152160645e+00
8.223999738693237305e-01
1.614552259445190430e+00
1.453649878501892090e+00
7.225983142852783203e-01
1.574492603540420532e-01
1.840447783470153809e-01
4.047199189662933350e-01
2.592502236366271973e-01
1.605122983455657959e-01
1.083981752395629883e+00
4.941850304603576660e-01
0.000000000000000000e+00
4.687129333615303040e-02
3.280293643474578857e-01
4.772961735725402832e-01
1.188738718628883362e-01
4.754679650068283081e-02
1.625644117593765259e-01
2.163596898317337036e-01
1.480379343032836914e+00
6.841479539871215820e-01
3.479827642440795898e-01
3.111016452312469482e-01
2.307496368885040283e-01
2.749812006950378418e-01
7.103871107101440430e-01
2.305075407028198242e+00
3.000653982162475586e-01
5.591714009642601013e-02
0.000000000000000000e+00
5.196070075035095215e-01
1.397972702980041504e+00
2.357621043920516968e-01
1.748639531433582306e-02
1.100123643875122070e+00
1.567301303148269653e-01
1.643141359090805054e-01
2.514839470386505127e-01
1.129246801137924194e-01
2.844053506851196289e-01
1.490512639284133911e-01
2.313221395015716553e-01
4.032385647296905518e-01
3.166492462158203125e+00
2.376166880130767822e-01
4.273957908153533936e-01
1.708973050117492676e-01
8.683381974697113037e-02
1.157696485519409180e+00
5.804305151104927063e-02
0.000000000000000000e+00
9.854391217231750488e-03
5.166363716125488281e-01
2.411567717790603638e-01
1.587863564491271973e-01
8.651854842901229858e-02
1.805069670081138611e-02
9.947220683097839355e-01
3.821513056755065918e-01
3.230485618114471436e-01
8.685910105705261230e-01
4.027685821056365967e-01
1.551876217126846313e-01
1.783970475196838379e+00
1.474456191062927246e+00
1.174063682556152344e+00
2.086993217468261719e+00
3.206202030181884766e+00
5.955137610435485840e-01
4.852661490440368652e-01
1.889221191406250000e+00
2.169034928083419800e-01
1.936653137207031250e+00
1.246263384819030762e-01
6.404873132705688477e-01
2.879684209823608398e+00
5.435325670987367630e-03
2.143833935260772705e-01
9.257191419601440430e-01
5.378201231360435486e-02
3.155239522457122803e-01
2.926505804061889648e-01
1.222556471824645996e+00
1.354630142450332642e-01
1.346947550773620605e+00
0.000000000000000000e+00
1.394796073436737061e-01
1.033567115664482117e-01
2.987257242202758789e-01
7.692329287528991699e-01
5.559406243264675140e-03
3.766403436660766602e+00
1.293648600578308105e+00
1.555205583572387695e-01
2.196788549423217773e+00
4.716030061244964600e-01
2.208833396434783936e-02
3.176256418228149414e-01
5.616256222128868103e-02
1.909127533435821533e-01
2.544998168945312500e+00
1.157266367226839066e-02
7.658090591430664062e-01
2.437958270311355591e-01
4.273328185081481934e-01
5.313370749354362488e-02
8.493281602859497070e-01
1.042435526847839355e+00
1.749380677938461304e-01
1.961753219366073608e-01
3.895038664340972900e-01
5.424243211746215820e-01
1.559470444917678833e-01
1.037668660283088684e-01
1.139101758599281311e-01
3.612132966518402100e-01
5.162323474884033203e+00
3.017751693725585938e+00
1.358431816101074219e+00
2.585721731185913086e+00
8.787772655487060547e-01
1.415538787841796875e-01
1.227052435278892517e-01
2.972868457436561584e-02
5.230761170387268066e-01
7.573065906763076782e-02
2.780169844627380371e-01
2.798329293727874756e-01
3.162925958633422852e+00
2.300392836332321167e-01
1.213637351989746094e+00
4.959763884544372559e-01
1.150152459740638733e-01
3.642365932464599609e-01
1.330963671207427979e-01
1.789484173059463501e-01
3.157570362091064453e-01
4.230259510222822428e-04
6.627892702817916870e-02
4.085118770599365234e-01
1.800747871398925781e+00
6.657985970377922058e-03
6.971586346626281738e-01
1.342828512191772461e+00
1.838850498199462891e+00
1.578384488821029663e-01
5.900926589965820312e-01
3.508256375789642334e-02
1.303086280822753906e+00
2.525764703750610352e+00
4.933263957500457764e-01
1.870983988046646118e-01
1.601666361093521118e-01
1.448880732059478760e-01
6.497786641120910645e-01
6.088600754737854004e-01
1.013519316911697388e-01
9.040461778640747070e-01
8.402680605649948120e-02
2.628160417079925537e-01
9.146698713302612305e-01
4.787630736827850342e-01
1.476401537656784058e-01
0.000000000000000000e+00
8.678402900695800781e-01
3.130835056304931641e+00
1.652028858661651611e-01
0.000000000000000000e+00
1.499731063842773438e+00
7.810999155044555664e-01
1.189914643764495850e-01
2.371758222579956055e-01
1.598818004131317139e-01
6.103312015533447266e+00
2.309973537921905518e-02
3.141642780974507332e-03
5.843609198927879333e-02
1.584988355636596680e+00
2.010369539260864258e+00
2.483420222997665405e-01
1.308567225933074951e-01
1.893471330404281616e-01
6.263471841812133789e-01
1.538560390472412109e+00
3.309201896190643311e-01
0.000000000000000000e+00
1.396481275558471680e+00
0.000000000000000000e+00
6.953989714384078979e-02
9.906110167503356934e-02
0.000000000000000000e+00
7.500082254409790039e-02
2.634829878807067871e-01
4.923558607697486877e-02
4.789053928107023239e-03
2.366502583026885986e-01
4.879109859466552734e-01
2.230860590934753418e-01
2.007911652326583862e-01
5.294984340667724609e+00
7.548376321792602539e-01
1.617007404565811157e-01
9.668409824371337891e-02
3.837557435035705566e-01
3.152866661548614502e-01
7.635653614997863770e-01
6.407287716865539551e-01
2.981836535036563873e-02
3.091657161712646484e-01
1.385070234537124634e-01
1.682884335517883301e+00
5.790584087371826172e-01
2.231478929519653320e+00
7.680374979972839355e-01
7.506262976676225662e-03
1.100693345069885254e+00
2.153171747922897339e-01
4.089279651641845703e+00
1.143415421247482300e-01
3.714714944362640381e-01
1.400619298219680786e-01
7.528195381164550781e-01
8.833710849285125732e-02
1.008523583412170410e+00
1.219413757324218750e+00
9.118574261665344238e-01
1.681500822305679321e-01
6.292328834533691406e-01
3.665516851469874382e-03
8.039376139640808105e-01
7.792509198188781738e-01
7.480928897857666016e-01
4.337825812399387360e-03
1.532377243041992188e+00
7.954429984092712402e-01
7.157478928565979004e-01
9.458101703785359859e-04
6.680923104286193848e-01
3.266472220420837402e-01
4.084439575672149658e-02
3.747816979885101318e-01
4.340636134147644043e-01
0.000000000000000000e+00
6.410464048385620117e-01
2.568993806838989258e+00
5.590726733207702637e-01
5.554869771003723145e-02
3.370970785617828369e-01
9.560250490903854370e-02
2.118228226900100708e-01
1.588926762342453003e-01
0.000000000000000000e+00
3.165931940078735352e+00
6.031914353370666504e-01
9.316666424274444580e-02
1.215133905410766602e+00
0.000000000000000000e+00
4.474252164363861084e-01
5.648656487464904785e-01
4.931893348693847656e+00
2.432346582412719727e+00
1.178204193711280823e-01
6.486811637878417969e+00
1.586719229817390442e-02
3.743910074234008789e+00
9.212776273488998413e-02
2.597665488719940186e-01
1.548934280872344971e-01
1.587560176849365234e+00
7.402204722166061401e-02
1.516251116991043091e-01
0.000000000000000000e+00
1.063287854194641113e-01
2.567455768585205078e+00
1.340699791908264160e-01
1.861627697944641113e+00
2.076145172119140625e+00
3.390102684497833252e-01
9.940805435180664062e-01
4.488262534141540527e-02
3.697168827056884766e-01
1.146376505494117737e-01
1.790900349617004395e+00
4.026427865028381348e-01
1.472941637039184570e-01
6.420058757066726685e-02
1.410622149705886841e-01
5.418018251657485962e-02
7.200770378112792969e-01
4.917537868022918701e-01
1.779293715953826904e-01
2.069013833999633789e+00
2.007664680480957031e+00
4.973105490207672119e-01
2.628533840179443359e+00
1.017150759696960449e+00
7.338913083076477051e-01
1.830907911062240601e-01
8.557058572769165039e-01
4.783561453223228455e-02
8.280992507934570312e-01
8.779158592224121094e-01
4.007497787475585938e+00
4.763901829719543457e-01
0.000000000000000000e+00
1.603620648384094238e-01
7.669629156589508057e-02
3.530533313751220703e-01
0.000000000000000000e+00
2.050696462392807007e-01
1.104064062237739563e-01
1.269184201955795288e-01
6.800345778465270996e-01
2.770745754241943359e+00
8.297116160392761230e-01
9.699468314647674561e-02
7.677271366119384766e-01
1.752876937389373779e-01
3.694178462028503418e-01
0.000000000000000000e+00
5.920506715774536133e-01
1.526691168546676636e-01
0.000000000000000000e+00
1.515969991683959961e+00
4.759984016418457031e-01
6.573219299316406250e-01
1.131901144981384277e-01
6.065637245774269104e-02
0.000000000000000000e+00
1.485587477684020996e+00
6.494756340980529785e-01
0.000000000000000000e+00
4.134572297334671021e-02
2.047289609909057617e+00
3.778479397296905518e-01
1.674168705940246582e-01
1.735656559467315674e-01
6.480446457862854004e-01
1.972548067569732666e-01
1.431125283241271973e+00
2.200850844383239746e-02
3.340620696544647217e-01
1.014097213745117188e+00
3.718862235546112061e-01
7.237868905067443848e-01
0.000000000000000000e+00
4.509951472282409668e-01
9.272733330726623535e-01
1.815647184848785400e-01
5.656664371490478516e-01
1.818876504898071289e+00
6.229649782180786133e-01
1.114996194839477539e+00
8.801694512367248535e-01
2.749396264553070068e-01
6.817993521690368652e-02
2.061493873596191406e+00
1.160050511360168457e+00
3.177567422389984131e-01
4.981945455074310303e-01
1.581266522407531738e-02
0.000000000000000000e+00
3.051517531275749207e-02
3.505477607250213623e-01
1.336898207664489746e+00
1.241145506501197815e-01
8.887863904237747192e-02
1.057069063186645508e+00
7.584104686975479126e-02
8.700136542320251465e-01
3.168917000293731689e-01
1.895331894047558308e-03
5.534952282905578613e-01
4.050203859806060791e-01
5.384079366922378540e-02
4.250164031982421875e-01
7.450344413518905640e-02
4.365900456905364990e-01
1.912865340709686279e-01
3.350096046924591064e-01
4.430881142616271973e-01
5.572543144226074219e-01
1.962818056344985962e-01
2.201707363128662109e-01
2.084755152463912964e-02
1.660574525594711304e-01
6.557161211967468262e-01
9.404312372207641602e-01
4.182607233524322510e-01
4.400940895080566406e+00
1.882804632186889648e-01
1.660948872566223145e+00
8.110905438661575317e-02
2.242079377174377441e-02
2.703235149383544922e+00
2.513692378997802734e-01
2.585307955741882324e-01
6.709423661231994629e-01
9.760427474975585938e-02
1.087004877626895905e-02
3.394569754600524902e-01
0.000000000000000000e+00
2.084864377975463867e+00
3.531312644481658936e-01
9.197343885898590088e-02
1.014855980873107910e+00
1.639886647462844849e-01
2.619444608688354492e+00
2.677821554243564606e-02
1.126919627189636230e+00
1.397319324314594269e-02
6.239385902881622314e-02
1.034249067306518555e+00
1.592305004596710205e-01
3.016308784484863281e+00
2.565140128135681152e-01
1.502124190330505371e+00
3.242825269699096680e+00
0.000000000000000000e+00
6.068161129951477051e-01
1.097969412803649902e+00
7.303777337074279785e-01
2.042207002639770508e+00
4.260299801826477051e-01
1.610677987337112427e-01
1.676469802856445312e+00
3.411895781755447388e-02
5.176633596420288086e-01
4.536173120141029358e-02
9.710075259208679199e-01
1.623470664024353027e+00
2.849804162979125977e-01
1.402408927679061890e-01
0.000000000000000000e+00
2.149784266948699951e-01
6.887030601501464844e-01
1.859920620918273926e+00
3.898262605071067810e-02
1.681032776832580566e-02
1.149299647659063339e-02
1.407324552536010742e+00
3.968570828437805176e-01
5.247299671173095703e-01
1.206408143043518066e+00
7.477639615535736084e-02
2.747108042240142822e-01
4.780604317784309387e-02
7.141175866127014160e-02
1.333631277084350586e-01
9.130319207906723022e-02
3.545997142791748047e-01
7.510698437690734863e-01
8.248178958892822266e-01
3.501067399978637695e+00
2.745911359786987305e+00
2.145091056823730469e+00
0.000000000000000000e+00
6.027531623840332031e-01
1.724469512701034546e-01
1.821514070034027100e-01
0.000000000000000000e+00
4.220602810382843018e-01
1.908716708421707153e-01
1.362039208412170410e+00
0.000000000000000000e+00
3.598035573959350586e+00
2.038274765014648438e+00
2.778810858726501465e-01
5.807977169752120972e-02
0.000000000000000000e+00
3.083774745464324951e-01
2.227284163236618042e-01
1.577262759208679199e+00
9.361652731895446777e-01
3.434552848339080811e-01
2.373462077230215073e-03
7.704069465398788452e-02
1.122137427330017090e+00
4.489462673664093018e-01
2.937240898609161377e-02
5.178163945674896240e-02
2.794995903968811035e-02
2.097184397280216217e-02
1.022815823554992676e+00
5.446739792823791504e-01
4.060655087232589722e-02
2.906573534011840820e+00
6.724157333374023438e-01
1.541854262351989746e+00
1.871171742677688599e-01
0.000000000000000000e+00
1.569003611803054810e-01
3.102310180664062500e+00
1.414415538311004639e-01
3.714399635791778564e-01
1.207999512553215027e-02
1.225248456001281738e+00
2.029889076948165894e-02
4.448160901665687561e-02
9.501475095748901367e-01
5.582036823034286499e-02
5.354602932929992676e-01
1.166773810982704163e-01
8.662112355232238770e-01
2.842944264411926270e-01
6.921288371086120605e-01
1.134322285652160645e+00
3.917784690856933594e-01
2.632736444473266602e+00
3.737388923764228821e-02
4.630769491195678711e-01
7.867037057876586914e-01
1.764539718627929688e+00
6.413043737411499023e-01
2.583450973033905029e-01
0.000000000000000000e+00
1.322304606437683105e+00
1.140690565109252930e+00
2.090944349765777588e-01
6.463308334350585938e-01
2.926266789436340332e-01
4.120973497629165649e-02
6.278466433286666870e-02
1.141116499900817871e+00
3.705376684665679932e-01
8.941048383712768555e-02
2.062380313873291016e-03
1.090510115027427673e-01
1.957437396049499512e-02
3.627156317234039307e-01
1.530650909990072250e-02
4.953557968139648438e+00
4.048656523227691650e-01
1.734514236450195312e+00
3.657337427139282227e-01
5.223597213625907898e-02
4.269210621714591980e-02
2.543729543685913086e+00
5.660694092512130737e-02
1.235477402806282043e-01
1.538964211940765381e-01
0.000000000000000000e+00
7.658117413520812988e-01
3.511025309562683105e-01
6.487855911254882812e-01
0.000000000000000000e+00
4.752121865749359131e-01
2.755669653415679932e-01
4.772057831287384033e-01
8.870424032211303711e-01
5.610255151987075806e-02
5.289125442504882812e-01
2.230545580387115479e-01
5.995941758155822754e-01
8.053994178771972656e-01
3.071505129337310791e-01
1.013407185673713684e-01
1.270714998245239258e-01
1.880467087030410767e-01
4.572722911834716797e-01
2.343091517686843872e-01
7.017761468887329102e-01
8.276301622390747070e-01
9.406689554452896118e-02
1.269911676645278931e-01
7.225747220218181610e-03
1.206566542387008667e-01
8.575371652841567993e-02
1.037190675735473633e+00
1.919804215431213379e+00
4.486267268657684326e-01
1.859703540802001953e+00
5.497636198997497559e-01
6.512992382049560547e+00
2.207958698272705078e-02
8.797673135995864868e-02
8.469372391700744629e-01
4.784583579748868942e-03
2.110953629016876221e-02
4.989191144704818726e-02
0.000000000000000000e+00
1.950677633285522461e-01
8.267918825149536133e-01
2.960487127304077148e+00
1.740392446517944336e-01
2.974250614643096924e-01
2.163404785096645355e-02
4.933710396289825439e-01
0.000000000000000000e+00
1.170104891061782837e-01
1.349224328994750977e+00
1.468307852745056152e+00
2.404240131378173828e+00
5.429404377937316895e-01
4.621008932590484619e-01
6.147499382495880127e-02
1.456681936979293823e-01
5.074077248573303223e-01
8.741526603698730469e-01
1.491516828536987305e-01
1.917773974128067493e-03
1.852078177034854889e-02
6.168754771351814270e-03
1.035776376724243164e+00
5.760371685028076172e-01
1.028723642230033875e-01
3.086842596530914307e-01
1.604283332824707031e+00
7.625377178192138672e-02
2.499011754989624023e+00
9.541053175926208496e-01
4.925542511045932770e-03
2.144178301095962524e-01
1.214559555053710938e+00
3.315081834793090820e+00
2.075836181640625000e+00
9.752261638641357422e-02
8.380457758903503418e-03
7.656977325677871704e-02
4.297901391983032227e-01
1.221341371536254883e+00
8.874620795249938965e-01
1.003242507576942444e-01
8.860232830047607422e-01
7.741482853889465332e-01
2.522815167903900146e-01
1.749465465545654297e-01
1.829531490802764893e-01
1.031335353851318359e+00
1.255977988243103027e+00
1.205506175756454468e-02
4.874493122100830078e+00
0.000000000000000000e+00
0.000000000000000000e+00
1.834971785545349121e+00
1.636863499879837036e-01
7.218057662248611450e-02
1.796612977981567383e+00
3.060135617852210999e-02
2.164771407842636108e-01
1.004738450050354004e+00
1.861012279987335205e-01
2.113344222307205200e-01
1.572433710098266602e-01
1.873168163001537323e-02
2.158163309097290039e+00
7.351689338684082031e-01
1.205619126558303833e-01
1.053287908434867859e-01
0.000000000000000000e+00
1.935487985610961914e-01
3.914428353309631348e-01
2.056184262037277222e-01
0.000000000000000000e+00
4.616151154041290283e-01
1.125640153884887695e+00
1.130872488021850586e+00
1.342796802520751953e+00
1.335356235504150391e-01
1.375556439161300659e-01
1.173868775367736816e+00
1.454594284296035767e-01
9.738938212394714355e-01
1.926228702068328857e-01
0.000000000000000000e+00
2.611085474491119385e-01
5.198346972465515137e-01
3.483107566833496094e+00
3.387743607163429260e-02
6.363413929939270020e-01
6.875515729188919067e-02
1.496476214379072189e-02
8.679797500371932983e-02
5.867306590080261230e-01
6.224472820758819580e-02
2.940649986267089844e-01
5.298014730215072632e-02
6.302615404129028320e-01
3.390255272388458252e-01
1.310410946607589722e-01
2.514913082122802734e-01
3.803062438964843750e-01
9.173205494880676270e-02
2.776127755641937256e-01
1.110481858253479004e+00
5.741811171174049377e-02
5.639697313308715820e-01
2.304297089576721191e-01
1.846435427665710449e+00
2.935380674898624420e-02
2.514106407761573792e-02
7.403175532817840576e-02
3.713968098163604736e-01
5.146611928939819336e-01
5.519879609346389771e-02
5.030903220176696777e-01
3.984233438968658447e-01
1.749801635742187500e+00
3.016211032867431641e+00
4.314046502113342285e-01
1.861397409811615944e-03
3.106993138790130615e-01
3.128830343484878540e-02
1.357444971799850464e-01
2.407385408878326416e-01
6.099367141723632812e-01
0.000000000000000000e+00
1.218244954943656921e-01
1.843093335628509521e-01
1.936204433441162109e-01
2.094844132661819458e-01
1.533577561378479004e+00
3.190984129905700684e-01
1.226210296154022217e-01
2.872180007398128510e-02
1.141910910606384277e+00
7.620216608047485352e-01
2.839483022689819336e-01
2.322528958320617676e-01
1.478503823280334473e+00
2.635735273361206055e-01
5.208422541618347168e-01
3.403065800666809082e-01
2.255846500396728516e+00
2.804583609104156494e-01
2.380937576293945312e+00
3.833051323890686035e-01
2.242525517940521240e-01
2.660818338394165039e+00
2.126249819993972778e-01
2.037676274776458740e-01
3.763929009437561035e-01
3.165316581726074219e-01
6.668106913566589355e-01
6.099166274070739746e-01
9.109181165695190430e-01
4.150447845458984375e-01
1.038371697068214417e-01
7.678687572479248047e-02
2.391799926757812500e+00
4.564819335937500000e-01
7.273418363183736801e-03
5.526716113090515137e-01
1.214225515723228455e-01
2.636049389839172363e-01
1.106017470359802246e+00
1.767339259386062622e-01
5.456179380416870117e-01
1.557273268699645996e+00
2.176382780075073242e+00
2.144292831420898438e+00
6.001179218292236328e-01
2.616743326187133789e+00
8.549675941467285156e-01
2.229994386434555054e-01
1.659382581710815430e-01
4.155962169170379639e-02
5.229218006134033203e-01
2.934184551239013672e+00
5.500673055648803711e-01
4.636938869953155518e-01
3.864875733852386475e-01
8.114585876464843750e-01
3.776973485946655273e-02
3.869002163410186768e-01
9.465073794126510620e-02
2.396323531866073608e-01
7.024160772562026978e-02
1.090693697333335876e-01
2.266059160232543945e+00
0.000000000000000000e+00
1.203288286924362183e-01
5.935040861368179321e-02
8.751317262649536133e-01
3.175000548362731934e-01
2.537975311279296875e-01
7.136465311050415039e-01
0.000000000000000000e+00
1.932366490364074707e+00
1.299268245697021484e+00
1.908354908227920532e-01
1.206318512558937073e-01
1.561259478330612183e-01
6.063023209571838379e-02
2.093267440795898438e-02
6.962986290454864502e-02
8.633122444152832031e-01
6.996934413909912109e+00
3.255536854267120361e-01
1.952493786811828613e+00
3.559573650360107422e+00
3.681742548942565918e-01
2.164286971092224121e-01
1.870435923337936401e-01
0.000000000000000000e+00
4.478837945498526096e-04
0.000000000000000000e+00
2.311035394668579102e+00
2.194592058658599854e-01
4.891551017761230469e+00
4.738819301128387451e-01
3.308364629745483398e+00
3.447633981704711914e-01
2.744454145431518555e+00
3.011675179004669189e-01
9.960799664258956909e-02
2.131407499313354492e+00
9.365553855895996094e-01
1.574682630598545074e-02
1.322181522846221924e-01
1.089069843292236328e+00
1.703286468982696533e-01
4.431353211402893066e-01
6.013578176498413086e-01
1.034424901008605957e+00
2.893249511718750000e+00
0.000000000000000000e+00
1.947283446788787842e-01
6.399284601211547852e-01
1.594090610742568970e-01
2.780365347862243652e-01
7.488132268190383911e-02
7.426342368125915527e-01
1.340819895267486572e-01
6.717252731323242188e-02
6.056094765663146973e-01
1.435980319976806641e+00
7.288706898689270020e-01
4.545317292213439941e-01
4.049365818500518799e-01
1.443758726119995117e+00
6.263934373855590820e-01
1.282448649406433105e+00
4.734582006931304932e-01
2.900295734405517578e+00
3.078744113445281982e-01
8.599839210510253906e-01
9.238548874855041504e-01
4.113796651363372803e-01
4.785206019878387451e-01
1.006219908595085144e-01
6.728863120079040527e-01
1.763611882925033569e-01
5.673401802778244019e-02
9.923946857452392578e-01
1.307437777519226074e+00
3.171579539775848389e-01
1.404483437538146973e+00
6.219330430030822754e-01
2.130796432495117188e+00
2.594066970050334930e-02
1.074913144111633301e-01
1.479305028915405273e+00
2.725661695003509521e-01
3.801793456077575684e-01
8.183221216313540936e-04
3.647285699844360352e-01
2.865288853645324707e-01
2.357285916805267334e-01
1.236992120742797852e+00
1.275236368179321289e+00
4.736550748348236084e-01
1.024992093443870544e-01
2.541139721870422363e-01
6.762931495904922485e-02
1.508735537528991699e+00
3.611794412136077881e-01
3.353375196456909180e-02
7.176275830715894699e-04
2.874460816383361816e-01
4.378160089254379272e-02
2.818960845470428467e-01
1.631107553839683533e-02
1.223433390259742737e-01
7.269411087036132812e-01
1.068699732422828674e-01
2.197114750742912292e-02
2.630604244768619537e-02
2.408501148223876953e+00
3.379692137241363525e-01
1.291561245918273926e+00
2.277639627456665039e+00
2.033159136772155762e-02
8.671737462282180786e-02
3.136506676673889160e-01
2.329593420028686523e+00
1.950927674770355225e-01
7.747650146484375000e-01
2.823092415928840637e-02
1.716285109519958496e+00
1.063992455601692200e-01
0.000000000000000000e+00
3.633044064044952393e-01
7.592145800590515137e-01
1.930471420288085938e+00
1.093641668558120728e-01
4.024160802364349365e-01
8.299675583839416504e-01
1.173309206962585449e+00
8.725929260253906250e-02
1.610019326210021973e+00
1.179427802562713623e-01
1.894404649734497070e+00
4.315241873264312744e-01
1.888058423995971680e+00
4.007019400596618652e-01
1.061337351799011230e+00
4.057174921035766602e-01
6.854683160781860352e-02
3.283754348754882812e+00
2.341421321034431458e-02
1.294064968824386597e-01
6.094044446945190430e-01
1.421723604202270508e+00
3.596195578575134277e-02
3.786974251270294189e-01
1.621731668710708618e-01
3.554800033569335938e+00
2.644342184066772461e-01
1.899645291268825531e-02
2.025638371706008911e-01
6.167335063219070435e-02
4.487686455249786377e-01
2.050815105438232422e+00
3.700108528137207031e-01
0.000000000000000000e+00
7.867126911878585815e-02
2.604053542017936707e-02
3.543326631188392639e-02
2.391832768917083740e-01
1.381534188985824585e-01
1.181542396545410156e+00
1.452533960342407227e+00
0.000000000000000000e+00
1.320070773363113403e-01
4.787290468811988831e-02
3.666416108608245850e-01
6.832485795021057129e-01
9.613060951232910156e-01
6.943523883819580078e-02
1.281116753816604614e-01
1.152788639068603516e+00
2.013369277119636536e-02
9.267732501029968262e-01
1.759724169969558716e-01
1.765220612287521362e-01
1.554533652961254120e-02
6.104468181729316711e-02
0.000000000000000000e+00
2.585199177265167236e-01
4.738162159919738770e-01
3.985946774482727051e-01
8.127059042453765869e-02
5.271033644676208496e-01
3.916110098361968994e-01
1.828335762023925781e+00
4.843607246875762939e-01
1.239624023437500000e-01
1.447224915027618408e-01
7.482657674700021744e-03
4.858023673295974731e-02
1.220458373427391052e-01
1.053223013877868652e+00
9.585721045732498169e-02
3.646019399166107178e-01
8.300278186798095703e-01
1.246192574501037598e+00
6.903971731662750244e-02
5.696526169776916504e-02
2.463877439498901367e+00
0.000000000000000000e+00
2.110096812248229980e-02
1.389007419347763062e-01
1.154684722423553467e-01
4.828146696090698242e-01
1.425469517707824707e+00
0.000000000000000000e+00
0.000000000000000000e+00
4.688899517059326172e-01
4.210429668426513672e+00
2.548638820648193359e+00
1.427535057067871094e+00
3.328026505187153816e-03
1.110266208648681641e+00
6.865132600069046021e-02
2.473405897617340088e-01
2.308879792690277100e-02
1.447063684463500977e-01
4.952070415019989014e-01
1.841472387313842773e-01
0.000000000000000000e+00
2.436536997556686401e-01
8.607070147991180420e-02
4.389531165361404419e-02
4.476355016231536865e-01
3.207347691059112549e-01
1.489336252212524414e+00
1.732461713254451752e-02
4.378766715526580811e-01
3.470285236835479736e-01
4.653837680816650391e-01
0.000000000000000000e+00
1.036782488226890564e-01
1.375427693128585815e-01
3.588880226016044617e-02
7.957676053047180176e-02
4.053463935852050781e-01
7.322705388069152832e-01
7.154771685600280762e-01
1.377584189176559448e-01
2.496942579746246338e-01
2.951783537864685059e-01
8.577159047126770020e-02
1.146810412406921387e+00
2.745918929576873779e-01
3.403585672378540039e+00
7.772514224052429199e-01
1.192092150449752808e-02
6.178494095802307129e-01
2.691521346569061279e-01
5.925161391496658325e-02
1.536870479583740234e+00
1.437148302793502808e-01
2.195245325565338135e-01
6.308431029319763184e-01
2.662341892719268799e-01
3.492413833737373352e-02
7.905787229537963867e-01
2.009088872000575066e-03
2.947314977645874023e-01
4.083798825740814209e-01
1.573085039854049683e-01
1.337424874305725098e+00
6.298139691352844238e-01
5.577500909566879272e-03
2.728874683380126953e-01
1.886213868856430054e-01
1.101446822285652161e-01
9.907102584838867188e-02
1.197797298431396484e+00
3.410659357905387878e-02
0.000000000000000000e+00
1.932395696640014648e-01
1.914383471012115479e-01
5.595002789050340652e-03
4.710483551025390625e-02
2.797953367233276367e+00
1.316971033811569214e-01
1.462815880775451660e+00
2.545166254043579102e+00
2.997933924198150635e-01
1.654004901647567749e-01
1.480734050273895264e-01
5.460114479064941406e-01
5.962759256362915039e-01
5.806994810700416565e-02
2.603315353393554688e+00
1.023479580879211426e+00
1.310098767280578613e+00
1.006210222840309143e-01
1.023942947387695312e+00
3.321582078933715820e-02
8.551435470581054688e-01
1.272894620895385742e+00
1.831043839454650879e+00
3.247367143630981445e-01
6.065442562103271484e-01
0.000000000000000000e+00
1.741055846214294434e+00
8.326355218887329102e-01
1.948931336402893066e+00
6.395184993743896484e-01
0.000000000000000000e+00
2.107446081936359406e-02
1.028575301170349121e+00
2.773455083370208740e-01
1.303218007087707520e-01
5.806751251220703125e-01
5.013927817344665527e-01
1.351176023483276367e+00
7.991416007280349731e-02
1.320094913244247437e-01
5.900329947471618652e-01
2.432786524295806885e-01
5.775977373123168945e-01
6.659331172704696655e-02
3.263917267322540283e-01
2.922746166586875916e-02
1.429410725831985474e-01
2.055937349796295166e-01
1.816655397415161133e-01
1.776362419128417969e+00
1.905978441238403320e+00
2.371042966842651367e-01
5.403575897216796875e-01
1.319171208888292313e-02
3.712382912635803223e-01
2.599013090133666992e+00
4.403805732727050781e-01
8.014335036277770996e-01
3.478378355503082275e-01
2.145227044820785522e-02
3.674398958683013916e-01
5.324003100395202637e-01
4.206745326519012451e-01
3.575976371765136719e+00
3.194297198206186295e-03
2.185499221086502075e-01
2.715273294597864151e-04
6.297535896301269531e-01
3.645917177200317383e-01
0.000000000000000000e+00
6.020640730857849121e-01
7.890726327896118164e-01
6.649722903966903687e-02
8.574240803718566895e-01
8.283122181892395020e-01
2.664411962032318115e-01
1.491516709327697754e+00
7.361304759979248047e-01
8.643769025802612305e-01
1.725381910800933838e-01
3.134792670607566833e-02
0.000000000000000000e+00
8.943473920226097107e-03
3.495103418827056885e-01
6.514593213796615601e-02
8.858150243759155273e-02
3.639809787273406982e-01
8.921355605125427246e-01
3.748028771951794624e-03
9.691421389579772949e-01
0.000000000000000000e+00
3.973599970340728760e-01
1.819667071104049683e-01
7.639965415000915527e-01
2.029223293066024780e-01
1.428759098052978516e+00
6.063095927238464355e-01
2.171519547700881958e-01
1.661199450492858887e+00
1.252299189567565918e+00
1.678698882460594177e-02
2.538802623748779297e-01
7.201813459396362305e-01
0.000000000000000000e+00
1.226081103086471558e-01
8.604312688112258911e-02
6.767281293869018555e-01
1.535807503387331963e-03
1.302466094493865967e-01
1.055504202842712402e+00
5.244283080101013184e-01
1.104215025901794434e+00
2.382691383361816406e+00
2.378983020782470703e+00
0.000000000000000000e+00
1.133604347705841064e-01
5.235111340880393982e-02
4.982572048902511597e-03
1.507480256259441376e-02
7.302118539810180664e-01
3.430572152137756348e-01
2.916526794433593750e-01
1.455277800559997559e-01
7.175918221473693848e-01
2.205085992813110352e+00
1.116928681731224060e-01
3.303880989551544189e-01
0.000000000000000000e+00
1.018081381916999817e-01
4.735830128192901611e-01
0.000000000000000000e+00
1.839002013206481934e+00
4.848935604095458984e-01
1.926758885383605957e-01
8.298939466476440430e-02
1.529428064823150635e-01
2.338159680366516113e-01
3.271222412586212158e-01
8.570458739995956421e-02
8.090658485889434814e-02
2.278187513351440430e+00
7.210630178451538086e-01
1.134496629238128662e-01
0.000000000000000000e+00
3.151646524202078581e-04
4.752503931522369385e-01
4.072039127349853516e-01
5.246393084526062012e-01
2.910276129841804504e-02
3.062483668327331543e-01
3.425300121307373047e-01
6.010443717241287231e-02
4.218108654022216797e-01
1.051833152770996094e+00
1.964328251779079437e-02
2.110876560211181641e+00
7.254683971405029297e-02
2.614836208522319794e-03
1.083839535713195801e-01
0.000000000000000000e+00
1.001917362213134766e+00
2.586366415023803711e+00
5.064906477928161621e-01
1.692510485649108887e+00
5.734036862850189209e-02
1.512417554855346680e+00
1.081478834152221680e+00
3.533514216542243958e-02
7.511261384934186935e-03
1.126200631260871887e-01
4.388053417205810547e-01
2.423959732055664062e+00
6.667482852935791016e-01
1.179494187235832214e-01
3.287167549133300781e+00
1.482362598180770874e-01
1.627040654420852661e-02
1.557247340679168701e-01
8.846523761749267578e-01
5.958232283592224121e-02
3.695892095565795898e-01
9.565667808055877686e-02
5.626112967729568481e-02
7.128560543060302734e-01
5.118212699890136719e-01
1.439232677221298218e-01
1.133808419108390808e-01
4.979988038539886475e-01
6.094015240669250488e-01
9.119991660118103027e-01
2.413353025913238525e-01
1.182071417570114136e-01
1.620983928442001343e-01
1.876721344888210297e-02
1.796163618564605713e-01
4.570136964321136475e-01
1.290521383285522461e+00
1.031844496726989746e+00
1.882249116897583008e+00
3.285270333290100098e-01
2.915016412734985352e-01
1.327521085739135742e+00
6.888852715492248535e-01
6.584082841873168945e-01
4.999704062938690186e-01
1.957353204488754272e-02
3.590447595342993736e-03
1.530057430267333984e+00
7.334399819374084473e-01
1.149406075477600098e+00
1.244891405105590820e+00
7.371410727500915527e-02
6.353225326165556908e-04
5.513400956988334656e-02
1.660397648811340332e-01
1.094175815582275391e+00
6.106662154197692871e-01
2.008175998926162720e-01
4.197510182857513428e-01
1.063112020492553711e+00
8.875253051519393921e-02
2.942680716514587402e-01
1.548759266734123230e-02
1.723285466432571411e-01
9.416575431823730469e-01
3.545684814453125000e-01
1.802615970373153687e-01
1.350782275199890137e+00
9.537622928619384766e-01
0.000000000000000000e+00
1.389640331268310547e+00
4.302661418914794922e-01
3.519456386566162109e-01
2.102022320032119751e-01
6.482959389686584473e-01
8.822202086448669434e-01
8.180603981018066406e-01
5.899883806705474854e-02
2.168428450822830200e-01
5.584357380867004395e-01
4.259195625782012939e-01
4.975021481513977051e-01
1.025022268295288086e-01
6.146383658051490784e-02
1.141676902770996094e-01
4.895272850990295410e-02
4.795443639159202576e-02
1.056151390075683594e+00
7.335614562034606934e-01
9.086445569992065430e-01
6.413348019123077393e-02
4.372268915176391602e-01
4.185422658920288086e-01
1.167073547840118408e-01
2.403222322463989258e-01
2.005465179681777954e-01
1.587846279144287109e-01
0.000000000000000000e+00
9.507693648338317871e-01
4.551709592342376709e-01
8.171254992485046387e-01
2.275389671325683594e+00
6.116042733192443848e-01
1.735395938158035278e-01
0.000000000000000000e+00
1.611098796129226685e-01
3.587236106395721436e-01
8.553555011749267578e-01
1.110049635171890259e-01
1.057307701557874680e-02
1.110646247863769531e+00
0.000000000000000000e+00
2.035609722137451172e+00
8.753156065940856934e-01
1.895289570093154907e-01
7.516036182641983032e-02
7.535876706242561340e-03
7.962136715650558472e-02
4.943763464689254761e-02
1.003411561250686646e-01
4.095296561717987061e-01
3.698506951332092285e-01
6.412993073463439941e-01
3.687014579772949219e-01
3.666522979736328125e+00
0.000000000000000000e+00
2.863287627696990967e-01
1.034996390342712402e+00
5.480878353118896484e-01
1.993369102478027344e+00
2.204465307295322418e-02
4.988410472869873047e-01
3.517292439937591553e-01
2.843451738357543945e+00
3.048726618289947510e-01
9.256854653358459473e-01
8.536744117736816406e-01
4.581843912601470947e-01
1.733483791351318359e+00
2.219993472099304199e-01
2.192669630050659180e+00
1.250539999455213547e-02
1.109011411666870117e+00
1.067752242088317871e-01
3.637583255767822266e-01
5.761752128601074219e-01
1.549211621284484863e+00
1.752167105674743652e+00
8.560890704393386841e-02
1.257903099060058594e+00
7.913312315940856934e-01
8.172193914651870728e-02
0.000000000000000000e+00
2.183757871389389038e-01
0.000000000000000000e+00
1.185585334897041321e-01
3.714073598384857178e-01
0.000000000000000000e+00
0.000000000000000000e+00
1.373270899057388306e-01
1.800230503082275391e+00
2.627419948577880859e+00
2.021382331848144531e+00
9.774053692817687988e-01
1.098009228706359863e+00
1.939226388931274414e+00
7.899382710456848145e-01
1.533351391553878784e-01
6.296544075012207031e-01
2.222307724878191948e-03
1.086314618587493896e-01
7.578333616256713867e-01
7.575191855430603027e-01
9.000714421272277832e-01
1.278222799301147461e+00
2.756295800209045410e-01
9.870587587356567383e-01
1.708291471004486084e-01
6.246149074286222458e-03
2.145382881164550781e+00
1.025168776512145996e+00
0.000000000000000000e+00
1.239754796028137207e+00
1.891062781214714050e-02
4.009912312030792236e-01
4.298353567719459534e-02
1.032273173332214355e+00
9.911046028137207031e-01
1.292240768671035767e-01
3.948081731796264648e-01
3.752353787422180176e-01
2.925494313240051270e-01
1.424766480922698975e-01
1.762354612350463867e+00
2.381625622510910034e-01
4.057973325252532959e-01
2.032387405633926392e-01
1.030108213424682617e+00
2.080496996641159058e-01
2.086878865957260132e-01
1.407564152032136917e-02
4.705543629825115204e-03
0.000000000000000000e+00
0.000000000000000000e+00
5.451006889343261719e-01
7.534652482718229294e-03
5.054243281483650208e-02
1.082828640937805176e+00
9.920850396156311035e-01
0.000000000000000000e+00
8.128797262907028198e-02
1.196748733520507812e+00
4.525870829820632935e-02
1.840313822031021118e-01
2.027032077312469482e-01
1.254647970199584961e+00
1.081682443618774414e+00
3.076885938644409180e-01
3.348846435546875000e-01
6.179060414433479309e-02
9.129163026809692383e-01
4.891687631607055664e-02
1.450905054807662964e-01
7.723591327667236328e-01
4.266820907592773438e+00
4.598274230957031250e-01
8.458020091056823730e-01
1.013181924819946289e+00
9.498231229372322559e-04
3.131364705041050911e-03
1.109403133392333984e+00
1.564446330070495605e+00
3.261341750621795654e-01
4.426465556025505066e-02
9.819549322128295898e-01
8.352543711662292480e-01
5.148336887359619141e+00
8.375896811485290527e-01
2.342313766479492188e+00
3.799135386943817139e-01
9.456062912940979004e-01
4.314866364002227783e-01
1.115260601043701172e+00
0.000000000000000000e+00
6.123659610748291016e-01
1.547155618667602539e+00
2.861532866954803467e-01
6.679806113243103027e-01
4.857541322708129883e-01
2.308722883462905884e-01
2.149555206298828125e+00
1.084092073142528534e-02
2.970327138900756836e-01
4.073708951473236084e-01
4.130873456597328186e-02
9.781973203644156456e-04
3.452885627746582031e+00
6.777578592300415039e-02
0.000000000000000000e+00
5.759608745574951172e-01
5.842937901616096497e-02
2.114357650279998779e-01
7.950205355882644653e-02
8.994704484939575195e-01
4.673377424478530884e-02
6.770738363265991211e-01
1.393859386444091797e-01
1.006667464971542358e-01
7.753387689590454102e-01
1.612790822982788086e+00
9.483956098556518555e-01
4.690620601177215576e-01
6.732081174850463867e-01
3.286800086498260498e-01
2.257557660341262817e-01
1.256827116012573242e-01
6.326555013656616211e-01
2.582625448703765869e-01
3.411173224449157715e-01
1.709908060729503632e-02
5.327459424734115601e-02
1.377315074205398560e-01
1.128430247306823730e+00
1.454528514295816422e-02
6.590903401374816895e-01
0.000000000000000000e+00
1.205815792083740234e+00
2.943136170506477356e-02
3.927940130233764648e-01
1.821044683456420898e-01
1.135820299386978149e-01
3.020197749137878418e-01
1.983243703842163086e+00
6.794784218072891235e-02
1.195611581206321716e-01
0.000000000000000000e+00
1.465359479188919067e-01
6.625596880912780762e-01
3.409661352634429932e-01
3.640559911727905273e-01
6.777009963989257812e-01
7.349703311920166016e-01
0.000000000000000000e+00
9.075129032135009766e-01
1.978492736816406250e-01
1.024395897984504700e-01
3.059168457984924316e-01
1.351016163825988770e-01
5.310791730880737305e-01
5.129197239875793457e-01
3.744481801986694336e-01
4.864894866943359375e+00
3.193167448043823242e-01
2.935423851013183594e-01
4.074966311454772949e-01
3.336817324161529541e-01
3.946387171745300293e-01
1.710775345563888550e-01
8.532176613807678223e-01
5.991796851158142090e-01
2.640343904495239258e-01
1.690863072872161865e-01
8.378825187683105469e-01
2.530502319335937500e+00
0.000000000000000000e+00
1.520774483680725098e+00
5.077238678932189941e-01
2.433640323579311371e-02
1.645110845565795898e-01
1.722024381160736084e-01
1.769747376441955566e+00
1.692793145775794983e-02
1.506367772817611694e-01
0.000000000000000000e+00
7.508546113967895508e-02
3.665896952152252197e-01
0.000000000000000000e+00
4.288792610168457031e-02
7.823827862739562988e-01
1.688941270112991333e-01
2.476000487804412842e-01
4.409680366516113281e-01
4.282101988792419434e-01
9.106591343879699707e-02
6.083416342735290527e-01
1.804810404777526855e+00
1.816753149032592773e+00
7.807383537292480469e-01
4.168485105037689209e-01
7.226856946945190430e-01
0.000000000000000000e+00
1.917618513107299805e-01
2.338961362838745117e-01
5.473955869674682617e-01
2.188691049814224243e-01
2.703187167644500732e-01
4.532895386219024658e-01
4.016190767288208008e-01
4.763397693634033203e+00
9.281163811683654785e-01
4.125263094902038574e-01
9.619829058647155762e-01
9.213103353977203369e-02
1.345290541648864746e+00
5.848367810249328613e-01
3.842342793941497803e-01
1.219763755798339844e+00
1.039002090692520142e-02
2.177328057587146759e-02
3.867070972919464111e-01
7.412486076354980469e-01
1.412817537784576416e-01
2.881274700164794922e+00
1.215455293655395508e+00
2.559310197830200195e-01
2.642854452133178711e-01
5.090419054031372070e-01
4.355661869049072266e-01
0.000000000000000000e+00
8.386057615280151367e-02
4.835117459297180176e-01
1.089658141136169434e-01
2.306405305862426758e+00
5.752938389778137207e-01
1.093349575996398926e+00
1.693710833787918091e-01
5.873433873057365417e-02
2.304240465164184570e-01
1.404332071542739868e-01
3.729153394699096680e+00
1.414446979761123657e-01
1.607101559638977051e-01
5.278795361518859863e-01
8.567855507135391235e-02
1.097103059291839600e-01
2.089248783886432648e-02
0.000000000000000000e+00
2.880819141864776611e-01
1.815426588058471680e+00
3.738264322280883789e+00
6.842547059059143066e-01
3.912707865238189697e-01
5.257623791694641113e-01
1.997367024421691895e+00
7.034701704978942871e-01
5.557955428957939148e-02
4.008213996887207031e+00
7.346735000610351562e-01
3.492367267608642578e+00
7.198549062013626099e-02
4.892324209213256836e-01
2.066550701856613159e-01
0.000000000000000000e+00
1.937379091978073120e-01
0.000000000000000000e+00
2.429886102676391602e+00
1.157268211245536804e-01
7.437571138143539429e-02
5.276951193809509277e-01
1.769292593002319336e+00
1.565442071296274662e-03
1.089258305728435516e-02
1.835016727447509766e+00
6.785666942596435547e-02
5.113173648715019226e-02
1.933989286422729492e+00
1.411282896995544434e+00
2.919276952743530273e-01
1.006647825241088867e+00
3.153946399688720703e-01
2.073065280914306641e+00
1.312361210584640503e-01
1.853914111852645874e-01
7.549288868904113770e-01
1.760636866092681885e-01
9.658069908618927002e-02
7.861571907997131348e-01
1.273039281368255615e-01
2.438565969467163086e+00
2.718683779239654541e-01
3.577852845191955566e-01
4.946358203887939453e-01
1.528004884719848633e+00
2.039028406143188477e-01
8.922207951545715332e-01
4.666611850261688232e-01
5.089482665061950684e-01
1.013002358376979828e-02
5.606030225753784180e-01
1.130879744887351990e-01
1.669823169708251953e+00
2.765292406082153320e+00
5.138087272644042969e-01
1.708041578531265259e-01
1.093235611915588379e+00
3.250677511096000671e-02
3.705162107944488525e-01
1.946994215250015259e-01
1.957593679428100586e+00
2.816239356994628906e+00
1.349535305052995682e-02
1.187978744506835938e+00
5.288455486297607422e-01
4.415495693683624268e-02
3.113352060317993164e-01
6.079959869384765625e-01
2.339482605457305908e-01
6.587671637535095215e-01
1.036194205284118652e+00
9.375050663948059082e-01
3.581783771514892578e-01
7.155779004096984863e-01
3.014328479766845703e-01
8.178205229341983795e-03
9.252237081527709961e-01
2.897856950759887695e+00
1.159572839736938477e+00
1.317312866449356079e-01
4.883396252989768982e-02
3.384329378604888916e-01
5.635371804237365723e-01
5.594058632850646973e-01
5.757919698953628540e-02
