6.109036877751350403e-02
7.537060379981994629e-01
0.000000000000000000e+00
1.100938394665718079e-01
3.336207270622253418e-01
0.000000000000000000e+00
2.522127628326416016e-01
0.000000000000000000e+00
2.940401807427406311e-02
0.000000000000000000e+00
2.429491877555847168e-01
5.203833580017089844e-01
0.000000000000000000e+00
0.000000000000000000e+00
8.039243519306182861e-02
2.287319183349609375e+00
7.113300263881683350e-03
4.878248572349548340e-01
3.831399083137512207e-01
4.094650149345397949e-01
1.366747617721557617e-01
0.000000000000000000e+00
2.799428254365921021e-02
0.000000000000000000e+00
3.254980742931365967e-01
0.000000000000000000e+00
9.296002388000488281e-01
3.419970273971557617e-01
0.000000000000000000e+00
6.948079466819763184e-01
1.922960877418518066e+00
5.798060417175292969e+00
1.126387566328048706e-01
3.108199685811996460e-02
3.467825427651405334e-02
4.701393246650695801e-01
7.009822130203247070e-02
3.588117286562919617e-02
4.230980873107910156e-01
1.879992187023162842e-01
3.278328105807304382e-02
1.182433962821960449e-01
1.232255920767784119e-01
2.058998107910156250e+00
0.000000000000000000e+00
7.709634490311145782e-03
2.562340199947357178e-01
0.000000000000000000e+00
1.522585153579711914e-01
7.689982652664184570e-02
7.580882310867309570e-01
1.306507084518671036e-02
0.000000000000000000e+00
4.178427755832672119e-01
1.103785559535026550e-01
6.932942271232604980e-01
1.808334141969680786e-01
1.565485298633575439e-01
1.350324988365173340e+00
1.312396489083766937e-02
8.273788690567016602e-01
1.166204571723937988e+00
0.000000000000000000e+00
1.121697351336479187e-01
1.189403629302978516e+01
3.555278480052947998e-01
4.139608740806579590e-01
1.921958327293395996e-01
1.049998253583908081e-01
0.000000000000000000e+00
6.569678783416748047e-01
1.301207095384597778e-01
0.000000000000000000e+00
9.772419184446334839e-02
4.918065294623374939e-02
3.615413904190063477e-01
1.263723522424697876e-02
4.430176317691802979e-02
9.423458576202392578e-01
1.950013935565948486e-01
7.770985364913940430e-02
1.343758702278137207e-01
1.951368808746337891e+00
1.877929121255874634e-01
3.013162016868591309e-01
6.977825641632080078e+00
1.130002021789550781e+00
1.945552378892898560e-01
1.058544032275676727e-02
0.000000000000000000e+00
8.441500663757324219e-01
1.126850862056016922e-02
3.825211822986602783e-01
1.302058622241020203e-02
1.469089388847351074e-01
2.372530549764633179e-01
4.200927317142486572e-01
8.228939771652221680e-02
1.190049722790718079e-01
2.311857938766479492e-01
1.549441833049058914e-02
3.529911488294601440e-02
1.419709622859954834e-01
2.695987746119499207e-02
5.403275415301322937e-02
1.692455112934112549e-01
2.728769741952419281e-02
2.870512306690216064e-01
9.686385989189147949e-01
1.111593484878540039e+00
0.000000000000000000e+00
2.979780733585357666e-02
3.327203914523124695e-02
2.402572333812713623e-02
5.873681977391242981e-02
1.256577730178833008e+00
0.000000000000000000e+00
7.718801498413085938e-03
6.219764351844787598e-01
5.683263763785362244e-03
7.811692357063293457e-02
0.000000000000000000e+00
0.000000000000000000e+00
0.000000000000000000e+00
8.894351124763488770e-01
1.034863829612731934e+00
0.000000000000000000e+00
2.189110040664672852e+00
4.523859620094299316e-01
8.647768944501876831e-02
2.807725369930267334e-01
2.097574025392532349e-01
3.137432038784027100e-01
9.638046473264694214e-02
3.175183236598968506e-01
4.265664890408515930e-02
6.819061040878295898e-01
6.653305143117904663e-02
2.026221752166748047e+00
4.832617342472076416e-01
2.105712443590164185e-01
4.275034368038177490e-01
0.000000000000000000e+00
9.315452575683593750e-01
1.761692762374877930e-01
0.000000000000000000e+00
8.620976656675338745e-02
0.000000000000000000e+00
4.270486533641815186e-01
0.000000000000000000e+00
5.251724720001220703e-01
4.986273497343063354e-02
1.018966175615787506e-02
0.000000000000000000e+00
2.772040963172912598e-01
1.858461499214172363e-01
1.895021945238113403e-01
1.071823388338088989e-02
0.000000000000000000e+00
5.749630331993103027e-01
1.580644249916076660e-01
1.748192608356475830e-01
6.199206113815307617e-01
2.762768790125846863e-02
5.504934191703796387e-01
1.693198204040527344e+00
1.903432048857212067e-02
5.298443138599395752e-02
5.118134498596191406e+00
1.852942556142807007e-01
1.916618831455707550e-02
1.035876795649528503e-01
0.000000000000000000e+00
3.737323218956589699e-03
2.206192761659622192e-01
1.252456754446029663e-02
9.152377955615520477e-03
1.860531792044639587e-02
1.458414196968078613e-01
2.330732792615890503e-01
9.297177940607070923e-02
3.291773200035095215e-01
1.454815119504928589e-01
1.051965355873107910e+00
3.253182023763656616e-02
9.202935099601745605e-01
6.682899594306945801e-01
0.000000000000000000e+00
5.896715521812438965e-01
1.898918151855468750e-01
0.000000000000000000e+00
3.010343909263610840e-01
1.042282772064208984e+01
1.553189516067504883e+00
2.255057543516159058e-01
0.000000000000000000e+00
2.058149874210357666e-02
9.471715311519801617e-04
1.677994802594184875e-02
1.528466492891311646e-01
1.668580807745456696e-03
0.000000000000000000e+00
1.251170784235000610e-02
9.465145319700241089e-02
1.048276275396347046e-01
5.075332522392272949e-01
0.000000000000000000e+00
0.000000000000000000e+00
1.213491782546043396e-01
4.612536728382110596e-02
7.995716929435729980e-01
4.343727976083755493e-02
0.000000000000000000e+00
1.955052614212036133e+00
0.000000000000000000e+00
2.292526215314865112e-01
1.267590466886758804e-02
1.309259235858917236e-01
2.011390775442123413e-01
0.000000000000000000e+00
2.653160132467746735e-02
1.294998358935117722e-02
8.895420432090759277e-01
3.196253255009651184e-02
0.000000000000000000e+00
0.000000000000000000e+00
2.413777261972427368e-01
6.030570343136787415e-02
7.032486796379089355e-01
6.095181033015251160e-02
0.000000000000000000e+00
7.654633373022079468e-03
0.000000000000000000e+00
1.125983715057373047e+00
1.510089784860610962e-01
0.000000000000000000e+00
0.000000000000000000e+00
7.888282537460327148e-01
1.354930251836776733e-01
0.000000000000000000e+00
2.303617298603057861e-01
0.000000000000000000e+00
2.295903682708740234e+00
1.243110060691833496e+00
0.000000000000000000e+00
4.316862583160400391e+00
0.000000000000000000e+00
5.746322274208068848e-01
5.939312279224395752e-02
1.534484773874282837e-01
0.000000000000000000e+00
1.272518932819366455e-02
3.149396657943725586e+00
1.419451683759689331e-01
5.970799829810857773e-03
2.895640134811401367e-01
1.020690679550170898e+00
6.877888441085815430e-01
2.361719608306884766e+00
0.000000000000000000e+00
4.495437443256378174e-01
0.000000000000000000e+00
3.801255822181701660e-01
3.425410091876983643e-01
2.034872956573963165e-02
0.000000000000000000e+00
8.379063010215759277e-01
1.662353157997131348e+00
1.022130250930786133e-01
0.000000000000000000e+00
1.701927371323108673e-02
3.932151496410369873e-01
1.300992369651794434e-01
2.591502070426940918e-01
3.883497416973114014e-01
4.321724414825439453e+00
1.613534688949584961e-01
2.707577347755432129e-01
3.535043001174926758e-01
8.988720364868640900e-03
1.481826156377792358e-01
1.356918015517294407e-03
1.785987615585327148e-01
4.274271726608276367e-01
6.239786278456449509e-03
4.824645519256591797e-01
0.000000000000000000e+00
1.220382470637559891e-02
2.062409877777099609e+00
4.829565286636352539e-01
2.657149732112884521e-01
3.713263571262359619e-01
7.118653506040573120e-02
3.912116587162017822e-01
3.778400644659996033e-02
1.391155958175659180e+00
1.627369165420532227e+00
2.530472278594970703e-01
1.154543161392211914e-01
0.000000000000000000e+00
1.537475734949111938e-01
3.753863647580146790e-02
7.428893446922302246e-02
5.065053701400756836e-01
5.440908074378967285e-01
4.211906492710113525e-01
5.389539152383804321e-02
1.926020383834838867e-01
0.000000000000000000e+00
6.666694283485412598e-01
7.292694598436355591e-02
6.395909190177917480e-01
4.758159816265106201e-01
2.125008702278137207e-01
0.000000000000000000e+00
1.507514063268899918e-02
7.139424085617065430e-01
6.195122003555297852e-02
0.000000000000000000e+00
1.064977422356605530e-01
2.818659879267215729e-02
3.233787715435028076e-01
1.036541815847158432e-02
2.806077599525451660e-01
0.000000000000000000e+00
9.369190037250518799e-02
1.133020594716072083e-02
4.826056063175201416e-01
1.926477253437042236e-02
2.328726649284362793e-01
7.461101561784744263e-02
2.489531598985195160e-02
1.484380006790161133e+00
3.064394183456897736e-02
8.703198432922363281e-01
1.031317710876464844e+00
1.959637999534606934e-01
0.000000000000000000e+00
2.879786014556884766e+00
8.716704696416854858e-02
2.072599902749061584e-02
1.173067331314086914e+00
0.000000000000000000e+00
7.622243762016296387e-01
1.261852085590362549e-01
2.669828198850154877e-02
5.281201004981994629e-01
0.000000000000000000e+00
2.912584841251373291e-01
4.174808412790298462e-02
1.296987235546112061e-01
2.153768539428710938e-01
9.635302424430847168e-02
0.000000000000000000e+00
9.042637795209884644e-02
4.241028130054473877e-01
7.972435355186462402e-01
0.000000000000000000e+00
1.988967210054397583e-01
2.950873970985412598e-02
2.655767602846026421e-03
4.789487123489379883e-01
1.869156025350093842e-02
4.956139251589775085e-02
4.574919641017913818e-01
7.406658530235290527e-01
1.148362159729003906e-01
2.664717733860015869e-01
0.000000000000000000e+00
3.570421934127807617e-01
0.000000000000000000e+00
0.000000000000000000e+00
8.023645728826522827e-02
7.633286993950605392e-03
2.010010480880737305e-01
0.000000000000000000e+00
2.042827159166336060e-01
0.000000000000000000e+00
6.917974352836608887e-02
6.494018435478210449e-01
1.746195182204246521e-02
0.000000000000000000e+00
7.035425305366516113e-01
0.000000000000000000e+00
7.148864269256591797e-01
4.698493480682373047e-01
0.000000000000000000e+00
3.150411695241928101e-02
0.000000000000000000e+00
2.732086479663848877e-01
0.000000000000000000e+00
5.265793204307556152e-01
2.756912820041179657e-02
0.000000000000000000e+00
6.328744888305664062e-01
6.296263933181762695e-01
8.829172253608703613e-01
2.178588360548019409e-01
0.000000000000000000e+00
0.000000000000000000e+00
3.273762226104736328e+00
3.990644216537475586e-01
2.207517385482788086e+00
0.000000000000000000e+00
0.000000000000000000e+00
1.450993418693542480e+00
2.462604939937591553e-01
1.000424772500991821e-01
1.081698462367057800e-01
0.000000000000000000e+00
8.858925700187683105e-01
7.448071241378784180e-01
8.133156597614288330e-02
0.000000000000000000e+00
2.225841730833053589e-01
2.204250097274780273e-01
3.928889334201812744e-01
3.197269737720489502e-01
2.401642948389053345e-01
4.957354627549648285e-03
1.253081709146499634e-01
3.673906624317169189e-01
1.475338190793991089e-01
7.840108126401901245e-02
3.972722589969635010e-01
1.797911711037158966e-02
2.608726620674133301e-01
1.453296002000570297e-02
1.775592714548110962e-01
4.449424266815185547e+00
7.484818249940872192e-02
2.364004030823707581e-03
4.565340518951416016e+00
2.737827301025390625e-01
7.552415877580642700e-02
3.587810993194580078e-01
7.787578105926513672e-01
0.000000000000000000e+00
4.959041252732276917e-02
0.000000000000000000e+00
0.000000000000000000e+00
0.000000000000000000e+00
0.000000000000000000e+00
1.214822530746459961e+00
4.905206710100173950e-02
6.583479046821594238e-01
1.107379570603370667e-01
2.094340801239013672e+00
0.000000000000000000e+00
3.721896931529045105e-02
1.428208947181701660e+00
0.000000000000000000e+00
1.604018568992614746e+00
8.291341066360473633e-01
8.554557561874389648e-01
1.824034452438354492e+00
0.000000000000000000e+00
0.000000000000000000e+00
3.732392564415931702e-03
3.278639316558837891e-01
1.803520321846008301e-01
2.297095298767089844e+00
1.008516192436218262e+00
1.376959323883056641e+00
4.091087579727172852e-01
0.000000000000000000e+00
4.034911096096038818e-01
0.000000000000000000e+00
2.927945181727409363e-02
1.804189532995223999e-01
3.772369772195816040e-02
5.947006940841674805e-01
0.000000000000000000e+00
2.574199438095092773e-01
2.984315454959869385e-01
0.000000000000000000e+00
0.000000000000000000e+00
2.230625748634338379e-01
4.192633628845214844e-01
1.038778107613325119e-02
3.237014114856719971e-01
1.489333510398864746e+00
2.118622511625289917e-01
8.611800670623779297e-01
1.701520197093486786e-02
1.404908895492553711e-01
3.688256740570068359e-01
7.285748422145843506e-02
1.647493839263916016e+00
2.357869409024715424e-03
1.451493650674819946e-01
1.221375092864036560e-01
3.933227062225341797e-01
5.247020721435546875e-02
6.837401539087295532e-02
2.168715298175811768e-01
3.564963489770889282e-02
2.322198152542114258e-01
8.662472367286682129e-01
2.849360182881355286e-02
6.593896250706166029e-05
1.290633715689182281e-02
1.003951802849769592e-01
1.853369623422622681e-01
1.454503461718559265e-02
9.243895299732685089e-03
1.600720733404159546e-01
7.486321497708559036e-03
2.867567539215087891e-01
2.636289358139038086e+00
3.581682965159416199e-02
3.513083159923553467e-01
4.532473534345626831e-02
3.739742189645767212e-02
2.443626895546913147e-02
5.940474197268486023e-02
8.089113980531692505e-02
4.922282993793487549e-01
0.000000000000000000e+00
2.726345881819725037e-02
6.385266184806823730e-01
3.075569309294223785e-02
1.292921900749206543e-01
0.000000000000000000e+00
1.922210305929183960e-02
3.676387965679168701e-01
3.018553927540779114e-02
0.000000000000000000e+00
2.908974327147006989e-02
0.000000000000000000e+00
1.129918769001960754e-01
1.287923455238342285e-01
1.244543045759201050e-01
2.769912481307983398e-01
5.093380808830261230e-01
8.696959614753723145e-01
2.068035490810871124e-02
1.518042236566543579e-01
8.114598691463470459e-03
1.159775480628013611e-01
0.000000000000000000e+00
1.659753084182739258e+00
2.378290653228759766e+00
5.000197887420654297e-01
0.000000000000000000e+00
5.966234207153320312e-02
7.039332389831542969e-02
9.840577095746994019e-02
2.041968982666730881e-03
2.781299352645874023e-01
1.831640675663948059e-02
7.352611422538757324e-02
6.278585642576217651e-02
0.000000000000000000e+00
7.329495251178741455e-02
2.456618398427963257e-01
1.748591475188732147e-02
2.013715952634811401e-01
2.844471298158168793e-02
2.258180379867553711e-01
1.080251261591911316e-01
5.084777250885963440e-02
4.520619392395019531e+00
8.673051744699478149e-02
1.916448175907135010e-01
0.000000000000000000e+00
9.471994638442993164e-02
3.228910565376281738e-01
1.306566745042800903e-01
1.409506946802139282e-01
8.105562068521976471e-03
0.000000000000000000e+00
1.021691203117370605e+00
9.038754105567932129e-01
4.224093556404113770e-01
6.083446741104125977e-02
1.097555272281169891e-02
3.398264646530151367e-01
0.000000000000000000e+00
5.801558494567871094e-01
7.527150511741638184e-01
2.681213319301605225e-01
7.824016362428665161e-02
1.823642373085021973e+00
1.527846232056617737e-02
1.146201491355895996e-01
6.095351651310920715e-02
3.889824151992797852e-01
1.943442672491073608e-01
1.942238956689834595e-02
3.249639570713043213e-01
0.000000000000000000e+00
0.000000000000000000e+00
4.687393084168434143e-02
1.753840088844299316e+00
0.000000000000000000e+00
9.416931308805942535e-03
2.928679287433624268e-01
0.000000000000000000e+00
0.000000000000000000e+00
0.000000000000000000e+00
3.821403384208679199e-01
0.000000000000000000e+00
2.088200747966766357e-01
0.000000000000000000e+00
0.000000000000000000e+00
3.911262750625610352e-01
3.381118178367614746e-02
1.990025788545608521e-01
1.238351389765739441e-01
0.000000000000000000e+00
3.978742063045501709e-01
1.612246409058570862e-02
3.187066018581390381e-01
4.893642663955688477e-01
2.164195537567138672e+00
3.677648901939392090e-01
6.867459416389465332e-01
8.452641218900680542e-02
3.786140084266662598e-01
0.000000000000000000e+00
2.720368653535842896e-02
7.917936146259307861e-02
0.000000000000000000e+00
1.116592530161142349e-02
3.249438405036926270e-01
5.931359902024269104e-02
2.039914131164550781e+00
0.000000000000000000e+00
0.000000000000000000e+00
1.991723179817199707e-01
6.449354887008666992e-01
3.545100092887878418e-01
5.446650981903076172e-01
4.572487436234951019e-03
0.000000000000000000e+00
7.829254865646362305e-01
5.158914923667907715e-01
1.140764821320772171e-02
0.000000000000000000e+00
0.000000000000000000e+00
0.000000000000000000e+00
1.250658482313156128e-01
5.731314048171043396e-02
6.013650894165039062e-01
3.092459440231323242e+00
6.490454077720642090e-02
0.000000000000000000e+00
5.130820348858833313e-02
0.000000000000000000e+00
9.158409833908081055e-01
0.000000000000000000e+00
3.225436806678771973e-01
9.782215207815170288e-02
0.000000000000000000e+00
0.000000000000000000e+00
0.000000000000000000e+00
7.370538264513015747e-02
2.889310717582702637e-01
6.060818433761596680e-01
1.447395235300064087e-01
4.392397999763488770e-01
2.584027945995330811e-01
0.000000000000000000e+00
3.329262882471084595e-02
5.361855030059814453e-01
0.000000000000000000e+00
0.000000000000000000e+00
0.000000000000000000e+00
1.117102950811386108e-01
0.000000000000000000e+00
3.242503702640533447e-01
1.245851159095764160e+00
0.000000000000000000e+00
3.396564126014709473e-01
1.596119523048400879e+00
1.128935694694519043e+00
5.370315313339233398e-01
5.113965645432472229e-02
1.923236250877380371e-01
0.000000000000000000e+00
3.891064261551946402e-04
1.355297446250915527e+00
1.148349512368440628e-02
3.459952175617218018e-01
9.820868819952011108e-02
5.110732913017272949e-01
1.717383563518524170e-01
1.838462352752685547e+00
0.000000000000000000e+00
3.670460581779479980e-01
3.657462894916534424e-01
1.598817110061645508e-01
0.000000000000000000e+00
1.341131608933210373e-02
2.307682856917381287e-02
4.923417270183563232e-01
2.575658261775970459e-01
0.000000000000000000e+00
5.606484040617942810e-02
3.110398054122924805e+00
2.644089758396148682e-01
6.729426383972167969e-01
0.000000000000000000e+00
0.000000000000000000e+00
4.971951842308044434e-01
1.223752424120903015e-01
0.000000000000000000e+00
4.870305657386779785e-01
0.000000000000000000e+00
1.732326596975326538e-01
2.072273045778274536e-01
5.284233689308166504e-01
1.524499058723449707e-01
7.793881297111511230e-01
6.422003731131553650e-03
2.870867848396301270e-01
1.122786104679107666e-01
0.000000000000000000e+00
4.297960996627807617e-01
0.000000000000000000e+00
0.000000000000000000e+00
5.703084170818328857e-02
7.213825732469558716e-02
8.393925614655017853e-03
2.567300572991371155e-02
4.087845608592033386e-02
2.202770709991455078e-01
3.481159210205078125e-01
2.957393825054168701e-01
5.821418762207031250e-01
1.174022704362869263e-01
3.621620535850524902e-01
1.821330904960632324e+00
0.000000000000000000e+00
1.528732299804687500e+00
3.468938171863555908e-01
5.258994176983833313e-02
3.797320425510406494e-01
4.206453561782836914e-01
2.056287765502929688e+00
1.725794076919555664e-01
1.619188189506530762e-01
0.000000000000000000e+00
1.777730137109756470e-01
3.960365056991577148e-01
0.000000000000000000e+00
0.000000000000000000e+00
0.000000000000000000e+00
7.268291115760803223e-01
1.290839016437530518e-01
1.714701503515243530e-01
1.923426389694213867e-01
2.553144395351409912e-01
7.160552740097045898e-01
0.000000000000000000e+00
2.643530368804931641e-01
1.406635902822017670e-02
0.000000000000000000e+00
4.393137991428375244e-01
0.000000000000000000e+00
1.177157402038574219e+00
1.343350410461425781e+00
1.539342477917671204e-02
3.210115805268287659e-02
1.578108549118041992e+00
0.000000000000000000e+00
1.237508188933134079e-02
0.000000000000000000e+00
3.573568165302276611e-01
3.160999417304992676e-01
2.785827815532684326e-01
0.000000000000000000e+00
0.000000000000000000e+00
7.130320668220520020e-01
1.891794800758361816e-01
3.288019597530364990e-01
9.353174269199371338e-02
9.919096529483795166e-02
5.295284464955329895e-02
5.848604440689086914e-02
3.629081249237060547e-01
3.789069876074790955e-02
0.000000000000000000e+00
1.199600771069526672e-01
2.739741653203964233e-02
1.435587834566831589e-02
2.755618095397949219e-01
1.797438114881515503e-01
5.080106481909751892e-02
8.226667530834674835e-03
0.000000000000000000e+00
5.245690345764160156e-01
4.249561205506324768e-02
4.321788847446441650e-01
2.980534732341766357e-01
5.666280165314674377e-02
9.606298059225082397e-02
3.844155743718147278e-02
2.505064725875854492e+00
7.517141848802566528e-02
5.369568467140197754e-01
3.930965065956115723e-02
8.098591566085815430e-01
8.977463245391845703e-01
1.002123132348060608e-01
1.062700673937797546e-01
3.226024657487869263e-02
1.337035059928894043e+00
2.705535888671875000e-01
0.000000000000000000e+00
6.431946903467178345e-02
4.503836333751678467e-01
5.313582420349121094e-01
3.394383937120437622e-02
1.090842008590698242e+00
1.200837120413780212e-01
5.444319844245910645e-01
1.129903420805931091e-01
9.513761401176452637e-01
8.118032477796077728e-03
1.917658001184463501e-02
1.452540606260299683e-01
4.947666227817535400e-01
0.000000000000000000e+00
2.040911652147769928e-02
1.163874268531799316e-01
1.500904113054275513e-01
2.866155207157135010e-01
7.297302484512329102e-01
1.078279837965965271e-01
1.085423454642295837e-01
4.124701619148254395e-01
3.217115700244903564e-01
2.838774621486663818e-01
1.654035747051239014e-01
1.643279075622558594e+00
0.000000000000000000e+00
9.327717870473861694e-02
0.000000000000000000e+00
5.984473824501037598e-01
1.089945793151855469e+00
0.000000000000000000e+00
0.000000000000000000e+00
2.959134280681610107e-01
5.999818095006048679e-04
6.546429544687271118e-02
0.000000000000000000e+00
4.984984993934631348e-01
8.962082266807556152e-01
1.008980795741081238e-01
4.847200214862823486e-02
0.000000000000000000e+00
2.655642032623291016e-01
5.157223343849182129e-01
3.502765437588095665e-03
6.042999029159545898e-01
1.411779671907424927e-01
2.140483120456337929e-03
4.192267954349517822e-01
1.988264620304107666e-01
0.000000000000000000e+00
3.193240761756896973e-01
8.422503471374511719e-01
2.311047464609146118e-01
1.158541679382324219e+00
0.000000000000000000e+00
9.201174378395080566e-01
2.882658131420612335e-02
1.625127077102661133e+00
1.630787104368209839e-01
0.000000000000000000e+00
0.000000000000000000e+00
8.626661449670791626e-02
3.191533731296658516e-03
9.342315047979354858e-02
7.717101275920867920e-02
1.837367564439773560e-01
0.000000000000000000e+00
5.086430311203002930e-01
0.000000000000000000e+00
1.831467747688293457e-01
4.263703525066375732e-02
3.924122452735900879e-02
6.877772393636405468e-04
0.000000000000000000e+00
1.763096898794174194e-01
2.206027358770370483e-01
1.236525829881429672e-02
2.259741872549057007e-01
2.230596780776977539e+00
4.319088999181985855e-03
5.068473219871520996e-01
2.731262333691120148e-02
8.034786581993103027e-01
2.400328405201435089e-02
2.596984505653381348e-01
1.488481611013412476e-01
4.826172292232513428e-01
2.100748568773269653e-01
5.393538251519203186e-02
3.022793233394622803e-01
1.223358213901519775e-01
2.489876002073287964e-01
0.000000000000000000e+00
0.000000000000000000e+00
2.369359433650970459e-01
1.377801895141601562e+00
9.482661262154579163e-03
2.560511350631713867e+00
1.794824749231338501e-01
2.846969664096832275e-01
2.511599333956837654e-03
3.787909075617790222e-02
6.206505298614501953e-01
2.745671011507511139e-02
1.589990407228469849e-01
1.850924193859100342e-01
0.000000000000000000e+00
4.182768166065216064e-01
1.028588294982910156e+00
2.026423066854476929e-02
6.173625588417053223e-02
1.318504810333251953e-01
0.000000000000000000e+00
2.677317559719085693e-01
7.211624979972839355e-01
3.374839201569557190e-02
3.786313235759735107e-01
6.566085387021303177e-03
0.000000000000000000e+00
2.039731442928314209e-01
0.000000000000000000e+00
3.074156343936920166e-01
5.026499927043914795e-02
0.000000000000000000e+00
1.914265751838684082e-01
1.375994831323623657e-01
3.243167400360107422e-01
1.554837584495544434e+00
2.963887900114059448e-02
1.178633421659469604e-01
3.657821565866470337e-02
0.000000000000000000e+00
0.000000000000000000e+00
2.512993104755878448e-02
2.861561775207519531e-01
1.447117049247026443e-02
3.450257778167724609e-01
4.663429781794548035e-02
1.350951148197054863e-03
0.000000000000000000e+00
0.000000000000000000e+00
3.145048618316650391e-01
1.485515534877777100e-01
2.350633442401885986e-01
0.000000000000000000e+00
5.445270985364913940e-02
9.968774020671844482e-02
3.548552095890045166e-02
4.601098001003265381e-01
1.561575476080179214e-02
0.000000000000000000e+00
1.891805045306682587e-02
1.266661882400512695e-01
2.869800925254821777e-01
8.477118611335754395e-02
2.830129675567150116e-02
7.897461205720901489e-02
1.443725731223821640e-02
7.067332509905099869e-03
6.624615788459777832e-01
1.009685635566711426e+00
0.000000000000000000e+00
1.889965832233428955e-01
5.747653171420097351e-02
9.012544527649879456e-03
3.577961206436157227e+00
2.283286005258560181e-01
1.154674403369426727e-02
1.645749211311340332e-01
2.819190267473459244e-03
0.000000000000000000e+00
3.935649618506431580e-02
5.082116276025772095e-02
7.602967321872711182e-02
3.899195194244384766e-01
1.135554984211921692e-01
1.097117543220520020e+00
4.814745392650365829e-03
6.184298396110534668e-01
1.248164892196655273e+00
7.872933149337768555e-01
2.349871955811977386e-02
3.733160197734832764e-01
0.000000000000000000e+00
1.019210696220397949e+00
4.601971149444580078e+00
1.231838464736938477e+00
5.932609364390373230e-02
0.000000000000000000e+00
0.000000000000000000e+00
0.000000000000000000e+00
4.232695400714874268e-01
5.024901628494262695e-01
1.103841662406921387e-01
4.407906532287597656e-01
1.847286820411682129e-01
8.033580332994461060e-02
1.718335300683975220e-01
2.964914143085479736e-01
1.565611064434051514e-01
5.200292468070983887e-01
2.649767398834228516e-01
6.013009548187255859e-01
4.880591332912445068e-01
6.903981789946556091e-03
2.113523706793785095e-02
3.326820582151412964e-02
8.574787527322769165e-02
2.896462380886077881e-02
2.662394344806671143e-01
1.131051331758499146e-01
3.836709976196289062e+00
3.136136531829833984e-01
0.000000000000000000e+00
3.546000421047210693e-01
0.000000000000000000e+00
1.299255713820457458e-02
5.996288657188415527e-01
9.563831239938735962e-02
4.952590912580490112e-02
2.227416485548019409e-01
5.324855446815490723e-01
1.803942583501338959e-02
1.006503030657768250e-02
9.326378256082534790e-02
2.206420749425888062e-01
8.704060316085815430e-01
8.731079846620559692e-02
2.362261861562728882e-01
6.360696256160736084e-02
1.834051799960434437e-03
7.826086282730102539e-01
0.000000000000000000e+00
4.201558840577490628e-05
5.256350636482238770e-01
2.827051639556884766e+00
5.902994275093078613e-01
6.542375683784484863e-02
6.292255222797393799e-02
1.495217204093933105e+00
0.000000000000000000e+00
6.129580736160278320e-01
3.731435537338256836e-02
1.563352793455123901e-01
0.000000000000000000e+00
1.312005370855331421e-01
9.719602763652801514e-02
2.023450613021850586e+00
1.651034653186798096e-01
3.644531220197677612e-02
1.442636847496032715e-01
0.000000000000000000e+00
3.105287849903106689e-01
0.000000000000000000e+00
1.133313775062561035e-01
8.181352615356445312e-01
9.347656965255737305e-01
0.000000000000000000e+00
3.687577545642852783e-01
3.074488416314125061e-02
2.595864534378051758e-01
2.213128507137298584e-01
1.395922601222991943e-01
0.000000000000000000e+00
8.961529284715652466e-02
1.875895657576620579e-03
3.809192031621932983e-02
8.248423933982849121e-01
0.000000000000000000e+00
0.000000000000000000e+00
1.578496247529983521e-01
0.000000000000000000e+00
7.507582902908325195e-01
1.194737911224365234e+00
0.000000000000000000e+00
2.171902507543563843e-01
9.049973487854003906e-01
2.061777003109455109e-02
1.514953672885894775e-01
9.619486331939697266e-01
1.840408802032470703e+00
8.437924832105636597e-02
6.448715925216674805e-01
0.000000000000000000e+00
2.371464252471923828e+00
1.616757735610008240e-02
8.467839797958731651e-04
6.137921810150146484e-01
0.000000000000000000e+00
1.699839681386947632e-01
2.507832646369934082e-01
1.607718765735626221e-01
7.145912051200866699e-01
3.930980563163757324e-01
9.468971751630306244e-03
3.715759515762329102e-01
5.076817870140075684e-01
0.000000000000000000e+00
2.744521796703338623e-01
2.432117704302072525e-03
0.000000000000000000e+00
1.967780888080596924e-01
1.539330035448074341e-01
1.277732849121093750e-01
9.279844909906387329e-02
2.013643234968185425e-01
2.764354944229125977e-01
1.064614415168762207e+00
1.574066728353500366e-01
0.000000000000000000e+00
2.417855709791183472e-01
2.387481182813644409e-01
2.579501867294311523e-01
4.028294682502746582e-01
9.585756808519363403e-02
0.000000000000000000e+00
7.623891234397888184e-01
0.000000000000000000e+00
2.169449254870414734e-02
2.450347505509853363e-02
4.655055701732635498e-01
1.019621118903160095e-01
9.093642001971602440e-04
1.043965667486190796e-01
4.416234195232391357e-01
1.137840002775192261e-02
7.353206723928451538e-02
4.928691387176513672e-01
0.000000000000000000e+00
0.000000000000000000e+00
1.950111938640475273e-03
1.332315087318420410e+00
0.000000000000000000e+00
6.295176744461059570e-01
0.000000000000000000e+00
0.000000000000000000e+00
3.397006541490554810e-02
2.397489547729492188e-01
7.097803354263305664e-01
7.154314219951629639e-02
1.290753364562988281e+00
1.328261733055114746e+00
3.281403332948684692e-02
1.270945370197296143e-01
3.414414450526237488e-02
2.980783879756927490e-01
7.658456265926361084e-02
0.000000000000000000e+00
0.000000000000000000e+00
2.183794043958187103e-02
5.845359563827514648e-01
3.910515904426574707e-01
5.250015735626220703e+00
8.159574866294860840e-02
2.453293085098266602e+00
1.707600951194763184e-01
1.145942807197570801e-01
2.571519017219543457e-01
5.184635519981384277e-01
0.000000000000000000e+00
0.000000000000000000e+00
1.394668519496917725e-01
0.000000000000000000e+00
1.956106066703796387e+00
4.966495558619499207e-03
4.654038697481155396e-02
7.701547443866729736e-02
2.029997557401657104e-01
1.390447497367858887e+00
4.951407015323638916e-01
1.874370127916336060e-02
1.594108901917934418e-02
1.771742403507232666e-01
0.000000000000000000e+00
7.830067873001098633e-01
6.192117929458618164e-01
5.668728351593017578e-01
1.038386598229408264e-01
3.841870278120040894e-02
2.483762800693511963e-01
2.302224636077880859e-01
2.467425912618637085e-02
5.223416090011596680e-01
1.283402293920516968e-01
0.000000000000000000e+00
1.527872562408447266e+00
0.000000000000000000e+00
0.000000000000000000e+00
1.123774051666259766e+00
1.919105090200901031e-02
2.928095757961273193e-01
1.939534097909927368e-01
1.725647151470184326e-01
7.940150052309036255e-02
3.788264393806457520e-01
6.649117916822433472e-03
7.891095429658889771e-02
1.856604591012001038e-02
4.528767466545104980e-01
5.973991155624389648e-01
8.947409689426422119e-02
9.183117072097957134e-04
3.558264300227165222e-02
5.730212330818176270e-01
0.000000000000000000e+00
3.165353089570999146e-02
4.124735668301582336e-02
0.000000000000000000e+00
5.833607912063598633e-01
7.611779030412435532e-03
1.717521667480468750e+00
8.839724957942962646e-02
5.105205811560153961e-03
7.486447691917419434e-01
1.838441640138626099e-01
1.533710360527038574e+00
0.000000000000000000e+00
2.868897840380668640e-02
1.402030825614929199e+00
1.383343338966369629e-01
1.604502439498901367e+00
5.885539054870605469e-01
3.398751839995384216e-02
2.246273308992385864e-02
0.000000000000000000e+00
6.316794753074645996e-01
1.041714027523994446e-01
3.832111656665802002e-01
1.534964561462402344e+00
0.000000000000000000e+00
3.670620024204254150e-01
0.000000000000000000e+00
6.529611349105834961e-01
4.447309474926441908e-04
0.000000000000000000e+00
2.667801082134246826e-02
2.610756158828735352e+00
1.741194427013397217e-01
5.720489472150802612e-02
3.481221199035644531e-01
1.812549382448196411e-01
0.000000000000000000e+00
9.074801206588745117e-02
8.846061825752258301e-01
2.155817747116088867e-01
3.861193656921386719e-01
2.508428692817687988e-01
1.502304375171661377e-01
1.452066063880920410e+00
3.971166014671325684e-01
3.883805572986602783e-01
4.452198982238769531e+00
6.080611795186996460e-02
2.735899947583675385e-02
4.949905909597873688e-03
9.632012248039245605e-02
1.695088297128677368e-02
6.016878038644790649e-02
0.000000000000000000e+00
0.000000000000000000e+00
6.252028793096542358e-02
1.644873619079589844e+00
2.291324734687805176e-01
6.346755474805831909e-02
2.223562449216842651e-01
1.472470641136169434e+00
5.517277717590332031e-01
4.573877155780792236e-01
5.342934131622314453e-01
7.801921665668487549e-02
6.549368146806955338e-03
0.000000000000000000e+00
0.000000000000000000e+00
3.246417641639709473e-02
1.629441231489181519e-02
1.415233686566352844e-02
3.427979350090026855e-01
3.523181974887847900e-01
8.341033458709716797e-01
0.000000000000000000e+00
0.000000000000000000e+00
0.000000000000000000e+00
2.383144013583660126e-02
7.760542035102844238e-01
0.000000000000000000e+00
9.951839223504066467e-03
4.369152709841728210e-02
8.373938180739060044e-05
5.280249752104282379e-03
0.000000000000000000e+00
2.304956875741481781e-02
1.016560435295104980e+00
1.348784863948822021e-01
4.306836128234863281e-01
7.981598377227783203e-02
4.640541598200798035e-02
5.108233094215393066e-01
1.731074005365371704e-01
7.775912433862686157e-02
1.203760411590337753e-02
1.049451529979705811e-01
1.872745901346206665e-02
2.277333289384841919e-03
0.000000000000000000e+00
1.483128219842910767e-02
4.331283569335937500e-01
4.410697612911462784e-03
1.372592449188232422e-01
2.056133188307285309e-02
2.298597246408462524e-01
1.222646012902259827e-01
3.504130244255065918e-01
1.619685590267181396e-01
3.716582357883453369e-01
0.000000000000000000e+00
5.262663960456848145e-02
0.000000000000000000e+00
0.000000000000000000e+00
9.108994007110595703e-01
2.016511932015419006e-02
1.018300533294677734e+00
7.296906411647796631e-02
1.349697232246398926e+00
1.636135280132293701e-01
2.256889194250106812e-01
4.797945544123649597e-02
6.257931590080261230e-01
1.636051833629608154e-01
1.491891503334045410e+00
4.221157431602478027e-01
5.057292580604553223e-01
1.193603873252868652e+00
1.759720295667648315e-01
8.815416693687438965e-02
3.162357807159423828e-01
7.515817135572433472e-02
3.088228106498718262e-01
2.377839200198650360e-02
1.758643798530101776e-02
1.623827964067459106e-01
6.348554790019989014e-02
0.000000000000000000e+00
0.000000000000000000e+00
3.153423964977264404e-02
2.785748541355133057e-01
6.159402728080749512e-01
8.224419504404067993e-02
8.739445209503173828e-01
2.634358108043670654e-01
1.079428568482398987e-01
6.193239986896514893e-02
2.579334676265716553e-01
5.814802274107933044e-02
1.935241073369979858e-01
1.038706768304109573e-02
3.471418023109436035e-01
1.217899322509765625e-01
0.000000000000000000e+00
3.274460323154926300e-04
1.439457759261131287e-02
1.126040816307067871e-01
1.404756009578704834e-01
8.011695742607116699e-01
2.358483523130416870e-02
8.053481578826904297e-01
2.442692518234252930e-01
4.174808025360107422e+00
2.021626830101013184e-01
0.000000000000000000e+00
1.431358791887760162e-02
3.185949847102165222e-02
1.155436038970947266e-02
4.618384316563606262e-02
6.488558370620012283e-03
3.292014598846435547e-01
2.474987059831619263e-01
1.558635830879211426e+00
1.377080194652080536e-02
7.574347406625747681e-02
2.057558298110961914e-01
3.158869221806526184e-02
1.387347340583801270e+00
3.064190626144409180e+00
0.000000000000000000e+00
2.049301110673695803e-05
7.239204645156860352e-02
3.478917852044105530e-02
1.055397018790245056e-01
7.312573194503784180e-01
7.733426690101623535e-01
0.000000000000000000e+00
0.000000000000000000e+00
3.647307455539703369e-01
3.243248164653778076e-01
9.157356619834899902e-02
0.000000000000000000e+00
4.843862354755401611e-01
2.223705291748046875e+00
8.088791370391845703e-02
0.000000000000000000e+00
0.000000000000000000e+00
5.709209013730287552e-03
6.185808032751083374e-02
2.650064229965209961e-01
0.000000000000000000e+00
1.686330139636993408e-01
0.000000000000000000e+00
6.428679823875427246e-01
0.000000000000000000e+00
0.000000000000000000e+00
1.449360325932502747e-02
1.245090365409851074e-01
3.032358363270759583e-03
7.737524062395095825e-02
0.000000000000000000e+00
4.419471621513366699e-01
8.648573160171508789e-01
2.896295627579092979e-03
1.313206367194652557e-02
2.427242696285247803e-02
9.880378842353820801e-03
1.792673617601394653e-01
1.132134795188903809e-01
3.186319172382354736e-01
9.358928538858890533e-03
1.012005656957626343e-02
4.325052738189697266e+00
7.636295258998870850e-02
7.189133167266845703e-01
1.013077888637781143e-02
5.253983139991760254e-01
3.404660522937774658e-01
9.545283764600753784e-02
2.514470368623733521e-02
2.899164915084838867e+00
1.137007698416709900e-01
7.238020896911621094e-01
2.427220582962036133e+00
1.240998268127441406e+00
0.000000000000000000e+00
1.490716189146041870e-01
0.000000000000000000e+00
0.000000000000000000e+00
4.633782804012298584e-02
4.462216515094041824e-03
3.544031381607055664e-01
1.340269088745117188e+00
0.000000000000000000e+00
1.521179080009460449e-01
7.848611474037170410e-02
3.264948725700378418e-01
1.154444813728332520e-01
2.185576260089874268e-01
0.000000000000000000e+00
1.895913039334118366e-03
7.710114866495132446e-02
2.575706839561462402e-01
8.959384560585021973e-01
7.905522733926773071e-02
1.992637757211923599e-03
0.000000000000000000e+00
5.439013242721557617e-01
1.027337789535522461e+00
0.000000000000000000e+00
2.306966036558151245e-01
4.564866423606872559e-02
0.000000000000000000e+00
6.709901690483093262e-01
7.721903920173645020e-02
3.751983880996704102e+00
0.000000000000000000e+00
1.313714962452650070e-02
1.514856368303298950e-01
6.154471039772033691e-01
1.868242472410202026e-01
3.003045171499252319e-02
0.000000000000000000e+00
0.000000000000000000e+00
4.206623882055282593e-02
9.218475818634033203e-01
8.837758563458919525e-03
1.617316752672195435e-01
0.000000000000000000e+00
1.871801167726516724e-01
6.910116970539093018e-02
2.669151723384857178e-01
8.456768393516540527e-01
0.000000000000000000e+00
4.566960334777832031e-01
1.018063664436340332e+00
6.500901281833648682e-02
4.458338737487792969e+00
3.424097970128059387e-02
6.918027997016906738e-01
6.141272839158773422e-03
7.576424628496170044e-02
0.000000000000000000e+00
0.000000000000000000e+00
6.831934452056884766e-01
0.000000000000000000e+00
1.314477086067199707e+00
2.460746765136718750e-01
1.465193629264831543e-01
9.142844676971435547e-01
3.835411071777343750e-01
1.037113428115844727e+00
2.692278325557708740e-01
8.086704611778259277e-01
1.089872643351554871e-01
7.759950123727321625e-03
4.428637027740478516e-01
7.340202480554580688e-02
4.641855955123901367e-01
1.533512175083160400e-01
3.162941038608551025e-01
1.246878951787948608e-01
2.237814851105213165e-02
1.005951464176177979e-01
1.782286725938320160e-02
0.000000000000000000e+00
1.314075384289026260e-02
1.544797271490097046e-01
0.000000000000000000e+00
3.677720949053764343e-02
3.843903541564941406e-01
0.000000000000000000e+00
0.000000000000000000e+00
1.605609953403472900e-01
2.073158323764801025e-01
7.997372001409530640e-02
1.211757119745016098e-02
1.475016474723815918e-01
4.335533380508422852e-01
1.243365526199340820e+00
1.870743036270141602e-01
5.304282903671264648e-01
0.000000000000000000e+00
1.079769372940063477e+00
1.394485116004943848e+00
1.161174774169921875e-01
9.100598841905593872e-02
5.527724698185920715e-02
1.146760359406471252e-01
2.558021843433380127e-01
0.000000000000000000e+00
1.594438105821609497e-01
9.279199875891208649e-03
9.649796038866043091e-02
5.706328749656677246e-01
5.357302352786064148e-02
1.650478839874267578e-01
2.638587169349193573e-02
0.000000000000000000e+00
1.168800890445709229e-01
2.616059184074401855e-01
2.955438196659088135e-01
0.000000000000000000e+00
3.358469009399414062e+00
4.691279888153076172e+00
0.000000000000000000e+00
0.000000000000000000e+00
0.000000000000000000e+00
0.000000000000000000e+00
6.678812950849533081e-02
7.287614047527313232e-02
6.961670517921447754e-01
1.861540079116821289e-01
1.812725700438022614e-02
1.624869704246520996e-01
0.000000000000000000e+00
1.912359148263931274e-01
2.178371250629425049e-01
0.000000000000000000e+00
4.278196021914482117e-03
0.000000000000000000e+00
6.965665146708488464e-03
1.781191080808639526e-01
2.825601398944854736e-01
1.323949545621871948e-01
7.090512514114379883e-01
1.093746870756149292e-01
2.572461664676666260e-01
1.918776333332061768e-01
1.710705310106277466e-01
1.020801663398742676e+00
2.463821694254875183e-02
0.000000000000000000e+00
0.000000000000000000e+00
3.953460752964019775e-01
5.768862962722778320e-01
1.685793548822402954e-01
1.942679658532142639e-02
3.361046081408858299e-03
8.068303763866424561e-02
1.886169433593750000e+00
8.439547419548034668e-01
4.191059172153472900e-01
1.651545614004135132e-02
1.135014295578002930e-01
1.255608201026916504e-01
2.200804710388183594e+00
0.000000000000000000e+00
1.567855179309844971e-01
8.063838005065917969e+00
2.218351513147354126e-02
1.164596304297447205e-01
4.000303521752357483e-02
6.881081499159336090e-03
9.919005632400512695e-02
0.000000000000000000e+00
3.113663196563720703e-01
4.310874640941619873e-01
6.433072686195373535e-01
0.000000000000000000e+00
5.427529290318489075e-02
6.277535110712051392e-02
0.000000000000000000e+00
4.398486018180847168e-02
7.637683153152465820e-01
3.455689847469329834e-01
1.975588127970695496e-02
1.919586360454559326e-01
4.093975424766540527e-01
2.177926301956176758e-01
2.652404010295867920e-01
0.000000000000000000e+00
6.013749837875366211e-01
1.224921345710754395e+00
4.527887701988220215e-01
4.113680124282836914e-01
3.542881458997726440e-02
6.326789259910583496e-01
1.830224692821502686e-02
4.761105477809906006e-01
4.982910677790641785e-02
8.748795837163925171e-02
1.353741288185119629e-01
2.066068500280380249e-01
2.018361538648605347e-01
0.000000000000000000e+00
0.000000000000000000e+00
2.026751264929771423e-02
1.710326783359050751e-02
4.391451179981231689e-01
0.000000000000000000e+00
1.763869374990463257e-01
0.000000000000000000e+00
4.305568337440490723e-01
7.595308870077133179e-02
2.097820630297064781e-03
9.261183440685272217e-03
0.000000000000000000e+00
0.000000000000000000e+00
1.243015170097351074e+00
8.407733440399169922e-01
1.126923412084579468e-02
0.000000000000000000e+00
1.074701547622680664e+00
0.000000000000000000e+00
1.041129883378744125e-02
5.084836389869451523e-03
5.669316053390502930e-01
2.389712482690811157e-01
1.563374996185302734e-01
4.873773157596588135e-01
1.799716204404830933e-01
2.542324960231781006e-01
2.083354443311691284e-01
4.193022549152374268e-01
2.476852573454380035e-02
0.000000000000000000e+00
0.000000000000000000e+00
0.000000000000000000e+00
3.586492240428924561e-01
0.000000000000000000e+00
0.000000000000000000e+00
2.680439315736293793e-02
3.938016593456268311e-01
9.818974137306213379e-02
5.392244458198547363e-01
0.000000000000000000e+00
2.369194524362683296e-03
2.868470847606658936e-01
4.462203010916709900e-03
2.481287568807601929e-01
3.236582875251770020e-02
7.071295380592346191e-02
0.000000000000000000e+00
9.736324101686477661e-02
3.633697032928466797e-01
5.642803311347961426e-01
4.979013800621032715e-01
0.000000000000000000e+00
1.884479890577495098e-03
0.000000000000000000e+00
6.191784515976905823e-03
2.333909831941127777e-02
5.942189320921897888e-02
4.225953668355941772e-02
5.905705690383911133e-01
2.270305454730987549e-01
0.000000000000000000e+00
1.760217174887657166e-02
0.000000000000000000e+00
2.576109468936920166e-01
3.638424873352050781e-01
0.000000000000000000e+00
1.688920147716999054e-02
0.000000000000000000e+00
1.165637850761413574e+00
4.227193593978881836e-01
2.270151078701019287e-01
0.000000000000000000e+00
1.514110714197158813e-01
5.131386592984199524e-02
3.453369438648223877e-01
0.000000000000000000e+00
6.102736294269561768e-02
1.437503695487976074e+00
0.000000000000000000e+00
0.000000000000000000e+00
8.574975654482841492e-04
2.370279654860496521e-02
3.804944455623626709e-01
7.863945513963699341e-02
3.153475821018218994e-01
5.721745491027832031e-01
0.000000000000000000e+00
1.673547327518463135e-01
4.023423884063959122e-03
3.868632316589355469e-01
0.000000000000000000e+00
1.728256698697805405e-03
1.895054101943969727e+00
1.180442050099372864e-02
1.396903991699218750e-01
5.760540440678596497e-02
0.000000000000000000e+00
2.956222891807556152e-01
0.000000000000000000e+00
1.689525246620178223e+00
0.000000000000000000e+00
6.250575184822082520e-01
2.568418681621551514e-01
1.027158737182617188e+00
2.447428740561008453e-02
3.263906762003898621e-02
5.224275961518287659e-02
0.000000000000000000e+00
4.764512553811073303e-02
8.288312911987304688e+00
2.535377442836761475e-02
0.000000000000000000e+00
1.332702785730361938e-01
2.428271472454071045e-01
0.000000000000000000e+00
5.442058444023132324e-01
5.896486639976501465e-01
6.295845508575439453e-01
3.235863149166107178e-01
9.363795071840286255e-02
1.140415549278259277e+00
3.045863211154937744e-01
6.821783608756959438e-05
2.662135520949959755e-03
0.000000000000000000e+00
3.744628280401229858e-02
1.865520328283309937e-01
1.078096747398376465e+00
6.904792189598083496e-01
3.147319555282592773e-01
2.783785462379455566e-01
4.692472144961357117e-02
4.282868653535842896e-02
0.000000000000000000e+00
1.995554417371749878e-01
0.000000000000000000e+00
1.481470584869384766e+00
0.000000000000000000e+00
2.266383171081542969e-02
5.245454981923103333e-02
8.052992634475231171e-03
0.000000000000000000e+00
5.453433841466903687e-02
0.000000000000000000e+00
8.020887523889541626e-02
3.691232576966285706e-02
0.000000000000000000e+00
1.252127647399902344e+00
7.280798256397247314e-02
4.434956610202789307e-01
4.037926673889160156e+00
4.301795363426208496e-02
0.000000000000000000e+00
7.497141361236572266e-01
2.310273498296737671e-01
3.260476142168045044e-02
6.049813032150268555e-01
1.423093229532241821e-01
1.494853105396032333e-02
1.368911862373352051e-01
3.528579697012901306e-02
1.256633698940277100e-01
3.400782644748687744e-01
3.090208210051059723e-02
3.897384181618690491e-02
1.882881224155426025e-01
1.727121472358703613e-01
0.000000000000000000e+00
6.079094409942626953e-01
3.926043398678302765e-03
1.544266007840633392e-02
5.164452195167541504e-01
2.061968855559825897e-02
0.000000000000000000e+00
0.000000000000000000e+00
9.293678998947143555e-01
1.243394613265991211e+00
1.183024514466524124e-02
4.182932316325604916e-04
5.688268318772315979e-02
1.959287934005260468e-02
1.350855827331542969e+00
2.492518126964569092e-01
3.321586921811103821e-02
1.268501639366149902e+00
9.012734517455101013e-03
5.688429996371269226e-02
0.000000000000000000e+00
4.839030560106039047e-03
5.406144857406616211e-01
5.364586114883422852e-01
1.842446252703666687e-02
2.532658725976943970e-02
6.495307385921478271e-02
5.066563487052917480e-01
0.000000000000000000e+00
4.179467558860778809e-01
1.333272922784090042e-02
2.647910499945282936e-03
4.939109459519386292e-02
7.788608316332101822e-03
4.365200400352478027e-01
2.517346441745758057e-01
6.194593384861946106e-03
1.394002139568328857e-01
8.579251766204833984e-01
1.645174771547317505e-01
4.776806756854057312e-02
7.704763412475585938e-01
0.000000000000000000e+00
1.032681465148925781e-01
0.000000000000000000e+00
3.098787069320678711e-01
2.321855306625366211e+00
6.845204234123229980e-01
4.819496721029281616e-02
1.006488442420959473e+00
0.000000000000000000e+00
0.000000000000000000e+00
6.921498775482177734e-01
2.985206544399261475e-01
1.127883911132812500e+00
0.000000000000000000e+00
8.953037858009338379e-02
3.025612533092498779e-01
5.177695304155349731e-02
0.000000000000000000e+00
0.000000000000000000e+00
9.031611680984497070e-02
1.696899384260177612e-01
3.528319001197814941e-01
7.687701702117919922e+00
1.445259004831314087e-01
1.709182560443878174e-02
2.334356540814042091e-03
4.826717674732208252e-01
3.734327554702758789e-01
4.431595206260681152e-01
3.091751225292682648e-02
4.047004133462905884e-02
7.855378091335296631e-02
2.351891249418258667e-01
3.563908487558364868e-02
3.901407495141029358e-02
8.051845431327819824e-02
0.000000000000000000e+00
3.760992586612701416e-01
9.530583620071411133e-01
1.026472151279449463e-01
5.071246027946472168e-01
3.065314590930938721e-01
2.374110370874404907e-02
3.113621771335601807e-01
3.662630617618560791e-01
5.486327782273292542e-02
6.386401597410440445e-03
2.490855567157268524e-02
2.753913104534149170e-01
5.944731831550598145e-01
4.362964630126953125e-02
4.058445617556571960e-02
9.062170237302780151e-02
0.000000000000000000e+00
7.560022175312042236e-02
1.098851934075355530e-01
4.990829154849052429e-03
1.133131757378578186e-01
4.784383475780487061e-01
4.504039585590362549e-01
3.222444772720336914e+00
1.089487552642822266e+00
5.982301235198974609e-01
5.222323536872863770e-02
1.354777365922927856e-01
0.000000000000000000e+00
1.308851391077041626e-01
1.268232241272926331e-02
1.507410407066345215e-01
3.981525897979736328e+00
4.541351795196533203e-01
1.380177214741706848e-02
0.000000000000000000e+00
9.966866672039031982e-02
1.571865938603878021e-02
1.064640045166015625e+00
8.437902331352233887e-01
1.788020879030227661e-01
0.000000000000000000e+00
1.114026427268981934e+00
2.437192574143409729e-02
6.681441515684127808e-02
1.283084899187088013e-01
2.606103569269180298e-02
8.470363169908523560e-02
8.440998792648315430e-01
8.254813551902770996e-01
1.687067449092864990e-01
0.000000000000000000e+00
6.588900685310363770e-01
6.670513749122619629e-01
1.484410524368286133e+00
2.046532869338989258e+00
1.893806308507919312e-01
1.532707661390304565e-01
2.017844021320343018e-01
3.086765110492706299e-02
3.102733492851257324e-01
1.653850674629211426e-01
9.195031970739364624e-02
0.000000000000000000e+00
4.256256580352783203e+00
1.831336140632629395e+00
6.098297834396362305e-01
0.000000000000000000e+00
3.608912928029894829e-03
8.128993511199951172e-01
4.244083762168884277e-01
2.911399491131305695e-02
4.739365875720977783e-01
6.631719879806041718e-03
4.476770013570785522e-02
1.022472232580184937e-02
8.270289748907089233e-02
1.455761492252349854e-01
3.088890612125396729e-01
2.113874815404415131e-02
1.930452883243560791e-01
4.031228274106979370e-02
5.996683239936828613e-01
1.086503546684980392e-02
6.998943686485290527e-01
1.959619969129562378e-01
5.312972068786621094e-01
4.195601940155029297e-01
0.000000000000000000e+00
0.000000000000000000e+00
0.000000000000000000e+00
0.000000000000000000e+00
0.000000000000000000e+00
1.505329646170139313e-02
1.449894458055496216e-01
4.416047632694244385e-01
0.000000000000000000e+00
3.682738915085792542e-02
2.974905371665954590e-01
9.590326808393001556e-03
0.000000000000000000e+00
3.703950047492980957e-01
8.539333939552307129e-02
4.048654437065124512e-02
2.208554595708847046e-01
0.000000000000000000e+00
2.700346410274505615e-01
6.936311721801757812e-01
3.075335919857025146e-02
4.477224871516227722e-02
3.371279835700988770e-01
0.000000000000000000e+00
1.735982894897460938e-01
0.000000000000000000e+00
0.000000000000000000e+00
1.369725018739700317e-01
1.040306314826011658e-01
1.822404712438583374e-01
3.024713322520256042e-02
1.535978555679321289e+00
0.000000000000000000e+00
1.645668148994445801e-01
0.000000000000000000e+00
4.631613381206989288e-03
4.939301908016204834e-01
8.798776626586914062e+00
1.059509161859750748e-02
0.000000000000000000e+00
3.351898491382598877e-01
0.000000000000000000e+00
2.467220183461904526e-03
1.656802296638488770e+00
7.260423898696899414e-01
1.022058874368667603e-01
1.234022974967956543e-01
1.192354559898376465e-01
0.000000000000000000e+00
3.085992634296417236e-01
3.028682060539722443e-02
0.000000000000000000e+00
2.419360876083374023e-01
6.132513284683227539e-01
6.369916349649429321e-02
1.479276120662689209e-01
1.497062109410762787e-02
3.182126581668853760e-01
2.791430950164794922e-01
0.000000000000000000e+00
2.383401393890380859e-01
