1.691483855247497559e-01
0.000000000000000000e+00
4.137648642063140869e-01
2.308922410011291504e-01
1.557005662471055984e-02
6.533109545707702637e-01
1.642298698425292969e+00
2.728313505649566650e-01
3.442169427871704102e-01
3.658186495304107666e-01
5.765627026557922363e-01
4.603946805000305176e-01
5.103386193513870239e-02
1.865573078393936157e-01
0.000000000000000000e+00
0.000000000000000000e+00
1.480477213859558105e+00
7.991701364517211914e-01
2.455611340701580048e-02
1.829181611537933350e-02
3.913941606879234314e-02
1.958741545677185059e-01
5.268533900380134583e-02
7.847320437431335449e-01
0.000000000000000000e+00
6.860975176095962524e-02
9.289006143808364868e-02
0.000000000000000000e+00
7.162620425224304199e-01
4.512047171592712402e-01
0.000000000000000000e+00
9.897113442420959473e-01
0.000000000000000000e+00
0.000000000000000000e+00
1.393011119216680527e-02
7.380976080894470215e-01
0.000000000000000000e+00
1.180713027715682983e-01
1.220857724547386169e-01
3.820886313915252686e-01
4.773713052272796631e-01
1.778681203722953796e-02
6.044836714863777161e-03
2.516794681549072266e+00
3.075608313083648682e-01
3.861908316612243652e-01
9.526266157627105713e-02
1.272321939468383789e-01
5.888867378234863281e-01
8.221226185560226440e-02
5.082187652587890625e-01
0.000000000000000000e+00
8.298317193984985352e-01
2.544152140617370605e-01
4.162880182266235352e-01
1.659014344215393066e+00
1.511737238615751266e-02
1.370443962514400482e-02
6.855069398880004883e-01
1.721639484167098999e-01
2.494808137416839600e-01
1.233866095542907715e+00
1.517140865325927734e+00
1.312174648046493530e-01
8.367574214935302734e-02
0.000000000000000000e+00
6.709443777799606323e-02
0.000000000000000000e+00
3.127717375755310059e-01
5.209138989448547363e-02
3.475299775600433350e-01
2.602498233318328857e-02
8.923051506280899048e-02
0.000000000000000000e+00
1.006733179092407227e+00
1.051146835088729858e-01
7.341967429965734482e-03
5.900662541389465332e-01
2.383037470281124115e-02
1.349675208330154419e-01
2.688254229724407196e-02
6.635540723800659180e-01
3.635169863700866699e-01
0.000000000000000000e+00
1.082453846931457520e+00
2.901422083377838135e-01
0.000000000000000000e+00
3.618966639041900635e-01
1.941494703292846680e+00
0.000000000000000000e+00
0.000000000000000000e+00
1.651817560195922852e-01
3.518190979957580566e-01
3.697454556822776794e-02
4.505161643028259277e-01
1.486196368932723999e-02
0.000000000000000000e+00
4.567859694361686707e-02
0.000000000000000000e+00
9.743263125419616699e-01
9.923078323481604457e-05
1.348707556724548340e+00
2.551691532135009766e-01
1.255985975265502930e+00
1.307233333587646484e+00
2.406578302383422852e+00
6.216993089765310287e-03
4.714595973491668701e-01
0.000000000000000000e+00
3.149187862873077393e-01
1.060373038053512573e-01
0.000000000000000000e+00
4.031152650713920593e-02
6.001557111740112305e-01
6.533779203891754150e-02
0.000000000000000000e+00
9.395274519920349121e-02
1.021687746047973633e+00
4.977618902921676636e-02
3.197177052497863770e-01
1.016026884317398071e-01
3.963770568370819092e-01
1.279475837945938110e-01
2.960162162780761719e-01
3.521309420466423035e-02
8.086980581283569336e-01
1.779062390327453613e+00
6.429426074028015137e-01
6.790107488632202148e-02
1.179677341133356094e-02
6.603736281394958496e-01
3.090314865112304688e-01
4.966289103031158447e-01
9.790952205657958984e-01
0.000000000000000000e+00
2.057441696524620056e-02
1.363832235336303711e+00
1.002983927726745605e+00
5.721341967582702637e-01
0.000000000000000000e+00
4.674178957939147949e-01
1.651741504669189453e+00
3.967136889696121216e-02
8.579941838979721069e-02
2.804749272763729095e-02
1.460787188261747360e-02
9.723894000053405762e-01
3.597462177276611328e-01
1.092890370637178421e-02
4.260301291942596436e-01
2.675579190254211426e-01
0.000000000000000000e+00
0.000000000000000000e+00
0.000000000000000000e+00
1.302152499556541443e-02
3.507361188530921936e-02
1.012446880340576172e+00
0.000000000000000000e+00
1.318511217832565308e-01
2.634080052375793457e-01
3.900472819805145264e-02
2.424161136150360107e-02
1.742037944495677948e-02
0.000000000000000000e+00
2.546110153198242188e+00
4.504787325859069824e-01
3.983551263809204102e-01
1.555598974227905273e-01
1.496065258979797363e-01
7.387846112251281738e-01
0.000000000000000000e+00
2.350505352020263672e+00
0.000000000000000000e+00
0.000000000000000000e+00
1.786381192505359650e-02
2.411254197359085083e-01
4.649854898452758789e-01
4.357689619064331055e-02
2.163482159376144409e-01
1.344184756278991699e+00
2.019833087921142578e+00
5.562401413917541504e-01
5.288831591606140137e-01
1.456279605627059937e-01
3.173857688903808594e+00
4.860985092818737030e-03
1.013242676854133606e-01
4.476316928863525391e+00
7.329249382019042969e-01
1.220998913049697876e-02
1.458691209554672241e-01
2.662527374923229218e-03
0.000000000000000000e+00
5.065634846687316895e-01
6.328408420085906982e-02
2.064457088708877563e-01
1.044166907668113708e-01
3.642629599198698997e-03
0.000000000000000000e+00
7.197787612676620483e-02
2.668746113777160645e-01
3.548720180988311768e-01
3.273729979991912842e-02
5.635975301265716553e-02
8.872379362583160400e-02
1.862479299306869507e-01
5.216834545135498047e-01
7.072743177413940430e-01
4.499156773090362549e-01
5.633779987692832947e-02
4.584470391273498535e-02
1.798238009214401245e-01
7.540666460990905762e-01
1.028289720416069031e-01
1.007198333740234375e+00
5.146408677101135254e-01
1.095050498843193054e-01
1.196424514055252075e-01
0.000000000000000000e+00
0.000000000000000000e+00
1.208914741873741150e-01
2.188397012650966644e-02
6.881728768348693848e-01
7.821550965309143066e-01
0.000000000000000000e+00
5.794684886932373047e-01
1.476921588182449341e-01
2.916249036788940430e-01
2.150518894195556641e-01
5.374447703361511230e-01
0.000000000000000000e+00
1.902051717042922974e-01
7.513411641120910645e-01
7.729352116584777832e-01
0.000000000000000000e+00
1.997843831777572632e-01
2.059275358915328979e-01
4.642913341522216797e+00
1.479003876447677612e-01
1.597666442394256592e-01
0.000000000000000000e+00
1.012360528111457825e-01
2.706787288188934326e-01
9.387623667716979980e-01
3.098112642765045166e-01
7.691758871078491211e-02
2.926795780658721924e-01
5.149153247475624084e-02
1.453359276056289673e-01
7.737368810921907425e-03
3.274673819541931152e-01
8.025490641593933105e-01
0.000000000000000000e+00
1.100126206874847412e-01
1.222112178802490234e+00
8.256417512893676758e-02
1.764997257851064205e-03
4.160838723182678223e-01
4.257510900497436523e-01
2.111148647964000702e-02
1.732816360890865326e-02
6.842592954635620117e-01
1.790422648191452026e-01
2.180712461471557617e+00
0.000000000000000000e+00
3.483613431453704834e-01
3.713572025299072266e-02
3.089452087879180908e-01
5.457548499107360840e-01
3.203592777252197266e+00
5.408960342407226562e+00
4.259526729583740234e-03
0.000000000000000000e+00
4.422245323657989502e-01
1.930240392684936523e-01
3.947310447692871094e-01
5.446948409080505371e-01
4.672871589660644531e+00
1.588013768196105957e-01
2.037079572677612305e+00
0.000000000000000000e+00
1.913077235221862793e-01
0.000000000000000000e+00
1.009193539619445801e+00
1.399852335453033447e-01
1.103087544441223145e+00
1.519750617444515228e-02
7.596371322870254517e-02
5.605521202087402344e-01
0.000000000000000000e+00
6.024858728051185608e-02
1.143577456474304199e+00
0.000000000000000000e+00
1.907078325748443604e-01
5.428440123796463013e-02
0.000000000000000000e+00
7.656818628311157227e-02
4.802925046533346176e-03
2.053102711215615273e-03
5.765569806098937988e-01
2.428266406059265137e-01
6.927787512540817261e-02
2.852758467197418213e-01
1.408078074455261230e-01
0.000000000000000000e+00
2.153171747922897339e-01
3.484030663967132568e-01
5.752863883972167969e-01
5.967354401946067810e-02
1.474527567625045776e-01
2.122444212436676025e-01
6.438627373427152634e-03
1.744096875190734863e-01
7.390950918197631836e-01
5.755103752017021179e-02
6.057367920875549316e-01
6.917833685874938965e-01
6.146195158362388611e-02
1.674571394920349121e+00
2.193464152514934540e-02
0.000000000000000000e+00
1.628050684928894043e+00
0.000000000000000000e+00
0.000000000000000000e+00
8.561443537473678589e-02
9.152478724718093872e-02
4.107670783996582031e+00
0.000000000000000000e+00
1.094554305076599121e+00
7.614046931266784668e-01
9.341599792242050171e-02
0.000000000000000000e+00
8.837419748306274414e-01
3.645030409097671509e-02
2.568522214889526367e+00
0.000000000000000000e+00
6.553117632865905762e-01
2.015942484140396118e-01
2.860250771045684814e-01
1.461733460426330566e+00
4.011906683444976807e-01
1.581540852785110474e-01
1.174929514527320862e-01
3.280524015426635742e-01
3.135835230350494385e-01
1.930194906890392303e-02
0.000000000000000000e+00
0.000000000000000000e+00
2.233984619379043579e-01
0.000000000000000000e+00
3.618529764935374260e-03
1.003033369779586792e-01
4.604398310184478760e-01
0.000000000000000000e+00
0.000000000000000000e+00
5.214995741844177246e-01
3.058187365531921387e-01
6.930081173777580261e-03
3.355575799942016602e-01
1.471742056310176849e-03
1.379884719848632812e+00
6.673829257488250732e-02
1.686364263296127319e-01
1.525265574455261230e-01
7.240824401378631592e-02
3.321984767913818359e+00
2.510179877281188965e-01
1.869976222515106201e-01
9.700245223939418793e-03
8.064793795347213745e-02
0.000000000000000000e+00
5.544985644519329071e-03
2.081696838140487671e-01
7.439602911472320557e-02
5.435038805007934570e-01
1.762283682823181152e+00
1.566107273101806641e-01
7.897092700004577637e-01
0.000000000000000000e+00
0.000000000000000000e+00
6.236603260040283203e-01
5.438272282481193542e-02
1.296428680419921875e+00
2.010078877210617065e-01
1.038361862301826477e-01
3.218973577022552490e-01
9.707361459732055664e-01
0.000000000000000000e+00
1.427231878042221069e-01
1.803326159715652466e-01
1.034085216815583408e-04
1.024775281548500061e-01
2.654102072119712830e-02
1.655596345663070679e-01
2.429181188344955444e-01
9.136457443237304688e-01
1.959311604499816895e+00
3.351820260286331177e-02
3.878046572208404541e-01
1.768126934766769409e-01
2.732742018997669220e-02
5.893009249120950699e-03
5.374524742364883423e-03
4.553989470005035400e-01
5.017757415771484375e-01
1.912882328033447266e+00
9.455594420433044434e-02
1.591234817169606686e-03
0.000000000000000000e+00
1.205165147781372070e+00
0.000000000000000000e+00
4.167032614350318909e-02
4.346602559089660645e-01
0.000000000000000000e+00
0.000000000000000000e+00
2.482156604528427124e-01
1.145284250378608704e-02
2.491255402565002441e-01
1.322603691369295120e-02
0.000000000000000000e+00
1.141678355634212494e-02
2.874521613121032715e-01
2.580198049545288086e-01
1.858227998018264771e-01
0.000000000000000000e+00
2.322144806385040283e-01
9.383323192596435547e-01
5.469365119934082031e-01
8.701887130737304688e-01
0.000000000000000000e+00
2.756817042827606201e-01
9.974631667137145996e-02
0.000000000000000000e+00
0.000000000000000000e+00
4.689357757568359375e+00
2.445646747946739197e-02
2.190202847123146057e-02
5.848264321684837341e-02
2.774985432624816895e-01
6.420464515686035156e-01
0.000000000000000000e+00
1.501257121562957764e-01
1.986405849456787109e-01
3.363615646958351135e-02
8.488827385008335114e-03
3.282621800899505615e-01
4.124834239482879639e-01
2.601495087146759033e-01
1.259158253669738770e+00
9.580510854721069336e-02
1.601916402578353882e-01
0.000000000000000000e+00
2.995073497295379639e-01
2.720359340310096741e-02
8.695787936449050903e-02
8.519578725099563599e-03
4.869322180747985840e-01
4.034254327416419983e-02
4.954009652137756348e-01
0.000000000000000000e+00
5.777276679873466492e-02
4.479743912816047668e-02
0.000000000000000000e+00
3.056325316429138184e-01
1.083981096744537354e-01
6.653138436377048492e-03
0.000000000000000000e+00
4.227310791611671448e-02
1.006124764680862427e-01
1.918638199567794800e-01
1.174611449241638184e-01
9.526817500591278076e-02
0.000000000000000000e+00
0.000000000000000000e+00
2.020548731088638306e-01
6.427369117736816406e-01
9.957966208457946777e-02
3.104971349239349365e-01
7.836808264255523682e-02
0.000000000000000000e+00
1.151204466819763184e+00
5.558568984270095825e-02
9.171625375747680664e-01
1.298787146806716919e-01
3.157612681388854980e-01
0.000000000000000000e+00
1.080959662795066833e-02
3.445377945899963379e-02
8.392559736967086792e-02
3.034713506698608398e+00
1.855598688125610352e-01
1.902807690203189850e-02
1.428658608347177505e-02
6.419785618782043457e-01
0.000000000000000000e+00
4.526276141405105591e-02
0.000000000000000000e+00
2.668623253703117371e-02
4.549244046211242676e-02
0.000000000000000000e+00
7.134666442871093750e-01
0.000000000000000000e+00
3.114595115184783936e-01
4.021820127964019775e-01
1.346320062875747681e-01
2.130478993058204651e-02
0.000000000000000000e+00
1.169892996549606323e-01
7.757596373558044434e-01
0.000000000000000000e+00
1.057708486914634705e-01
0.000000000000000000e+00
1.096001192927360535e-01
1.012437492609024048e-01
1.049553155899047852e+00
3.964487612247467041e-01
1.169698545709252357e-03
6.000102162361145020e-01
7.516988515853881836e-01
1.146330405026674271e-02
2.312601953744888306e-01
8.620157092809677124e-02
3.736503422260284424e-02
2.997342050075531006e-01
0.000000000000000000e+00
1.860367953777313232e-01
1.238377213478088379e+00
2.235155319795012474e-03
7.641423493623733521e-02
2.403385788202285767e-01
6.423357874155044556e-02
5.125148687511682510e-03
4.222476780414581299e-01
1.686964988708496094e+00
1.164487302303314209e-01
7.578683085739612579e-03
4.433902353048324585e-02
1.538069009780883789e+00
9.443192929029464722e-02
4.257145822048187256e-01
8.478812575340270996e-01
5.928673148155212402e-01
3.699235618114471436e-01
3.008492849767208099e-02
5.618901178240776062e-02
4.639321863651275635e-01
8.930633068084716797e-01
4.410447597503662109e+00
2.040960311889648438e+00
0.000000000000000000e+00
0.000000000000000000e+00
6.181116104125976562e-01
3.675917685031890869e-01
2.531319260597229004e-01
4.947281908243894577e-03
5.081762745976448059e-02
5.851593613624572754e-02
1.499761492013931274e-01
1.786766499280929565e-01
1.509013891220092773e+00
1.411262340843677521e-02
1.162001371383666992e+00
0.000000000000000000e+00
0.000000000000000000e+00
1.619397252798080444e-01
3.949898242950439453e+00
0.000000000000000000e+00
3.888227418065071106e-02
9.622339010238647461e-01
5.940620899200439453e-01
5.390046834945678711e-01
9.418993722647428513e-04
0.000000000000000000e+00
5.685045942664146423e-02
1.782313585281372070e-01
4.465131834149360657e-02
2.212065644562244415e-02
0.000000000000000000e+00
2.258956730365753174e-01
1.476634025573730469e+00
1.122883409261703491e-01
1.192407011985778809e-01
0.000000000000000000e+00
4.193107187747955322e-01
1.809290051460266113e+00
0.000000000000000000e+00
6.446444988250732422e-01
2.644813954830169678e-01
3.573161661624908447e-01
2.299039252102375031e-02
3.206621855497360229e-02
7.964471727609634399e-02
1.947236508131027222e-01
6.696462631225585938e-03
3.539252877235412598e-01
2.236583679914474487e-01
1.526347756385803223e+00
1.826090067625045776e-01
1.421706527471542358e-01
7.781646680086851120e-03
9.203056246042251587e-02
1.074920594692230225e-01
6.898536682128906250e-01
1.832500696182250977e-01
2.136574983596801758e-01
3.458219170570373535e-01
0.000000000000000000e+00
5.487104877829551697e-02
6.437661647796630859e-01
0.000000000000000000e+00
2.929307520389556885e-02
1.774966835975646973e+00
4.779274463653564453e-01
7.512374781072139740e-03
0.000000000000000000e+00
5.205950736999511719e-01
1.750355213880538940e-01
5.753770237788558006e-04
3.449831157922744751e-02
2.195188030600547791e-02
1.188344433903694153e-01
5.158492363989353180e-03
1.658511608839035034e-01
4.370605945587158203e-01
1.160860583186149597e-01
1.590021550655364990e-01
0.000000000000000000e+00
9.710476994514465332e-01
4.876748323440551758e-01
0.000000000000000000e+00
6.051024794578552246e-02
0.000000000000000000e+00
0.000000000000000000e+00
1.775331795215606689e-02
4.921336099505424500e-02
5.556490421295166016e-01
1.181794881820678711e+00
1.943796724081039429e-01
0.000000000000000000e+00
0.000000000000000000e+00
0.000000000000000000e+00
2.377519756555557251e-01
1.222514033317565918e+00
3.346556127071380615e-01
1.910926252603530884e-01
0.000000000000000000e+00
6.295545101165771484e-01
4.595655202865600586e-01
5.672883242368698120e-03
9.325093626976013184e-01
1.833536177873611450e-01
1.638646572828292847e-01
1.273777246475219727e+00
3.567500971257686615e-03
7.301509380340576172e-02
0.000000000000000000e+00
6.053981930017471313e-02
1.138412430882453918e-01
4.026671350002288818e-01
6.398133118636906147e-04
2.888846993446350098e-01
4.851697944104671478e-03
2.568836510181427002e-01
3.686297535896301270e-01
0.000000000000000000e+00
2.801196575164794922e-01
4.956858754158020020e-01
1.928508520126342773e+00
4.138737451285123825e-03
6.512254476547241211e-02
5.452910065650939941e-01
4.416383057832717896e-02
5.240937694907188416e-02
6.121461987495422363e-01
1.196707040071487427e-02
2.363327592611312866e-01
0.000000000000000000e+00
5.949874967336654663e-02
0.000000000000000000e+00
3.429251536726951599e-02
2.347538173198699951e-01
5.864300951361656189e-02
1.263453662395477295e-01
5.838121287524700165e-03
2.585223019123077393e-01
2.439685761928558350e-01
9.984343498945236206e-02
1.025767251849174500e-02
2.775441646575927734e+00
5.243780016899108887e-01
5.516427755355834961e-01
0.000000000000000000e+00
1.045137643814086914e+00
1.461750984191894531e+00
6.017846614122390747e-02
1.817169636487960815e-01
0.000000000000000000e+00
0.000000000000000000e+00
3.715195953845977783e-01
3.060888290405273438e+00
1.937914341688156128e-01
5.751642957329750061e-02
2.409100681543350220e-01
0.000000000000000000e+00
2.824919521808624268e-01
6.215117573738098145e-01
5.389524996280670166e-02
5.586334317922592163e-02
6.595929265022277832e-01
1.567486763000488281e+00
1.252325177192687988e+00
4.880051016807556152e-01
1.179377920925617218e-02
0.000000000000000000e+00
1.086133956909179688e+00
0.000000000000000000e+00
2.441247552633285522e-02
8.653522282838821411e-02
4.250220358371734619e-01
4.672516286373138428e-01
3.762369871139526367e+00
0.000000000000000000e+00
8.834266103804111481e-03
6.760461926460266113e-01
2.931916713714599609e-01
2.596293389797210693e-01
0.000000000000000000e+00
1.553565859794616699e-01
2.946278313174843788e-03
1.961337178945541382e-01
1.439790874719619751e-01
7.013773545622825623e-03
0.000000000000000000e+00
6.199816241860389709e-02
1.086140349507331848e-01
0.000000000000000000e+00
6.122180223464965820e-01
3.967487812042236328e-01
8.055150508880615234e-01
2.726427614688873291e-01
0.000000000000000000e+00
1.638307571411132812e+00
2.340710759162902832e-01
0.000000000000000000e+00
1.925830543041229248e-02
0.000000000000000000e+00
1.799488998949527740e-02
8.468620181083679199e-01
0.000000000000000000e+00
3.874034643173217773e+00
8.496678434312343597e-03
9.684302657842636108e-02
5.812502384185791016e+00
3.397720754146575928e-01
4.216416180133819580e-02
7.672436535358428955e-02
6.200655177235603333e-02
2.722319066524505615e-01
2.193534672260284424e-01
5.925277620553970337e-02
2.725234627723693848e-01
5.623780563473701477e-02
5.311052203178405762e-01
7.654827833175659180e-02
1.864561289548873901e-01
1.429729908704757690e-01
1.804321110248565674e-01
2.608457207679748535e-01
1.126776449382305145e-02
1.316313864663243294e-03
4.282940179109573364e-02
0.000000000000000000e+00
0.000000000000000000e+00
1.068468093872070312e+00
6.982653737068176270e-01
8.235096000134944916e-03
7.756779193878173828e-01
3.471370637416839600e-01
1.708314061164855957e+00
6.503298645839095116e-04
4.611562564969062805e-02
9.620280005037784576e-03
9.656679630279541016e-02
2.324743270874023438e+00
5.502899289131164551e-01
1.026965677738189697e-01
1.288071274757385254e-01
3.190660476684570312e-02
5.717136859893798828e-01
1.311001460999250412e-02
2.275322675704956055e+00
1.652098819613456726e-02
0.000000000000000000e+00
1.016744613647460938e+00
7.394216489046812057e-03
5.900839567184448242e-01
0.000000000000000000e+00
1.303843617439270020e+00
1.413671225309371948e-01
5.125439725816249847e-03
0.000000000000000000e+00
4.449492096900939941e-01
4.245586693286895752e-01
9.638910181820392609e-03
5.031746625900268555e-02
6.802669167518615723e-02
7.236079871654510498e-02
6.515995413064956665e-02
2.379128010943531990e-03
5.351297184824943542e-02
5.247830748558044434e-01
2.756713628768920898e-01
5.498079657554626465e-01
5.222137570381164551e-01
0.000000000000000000e+00
1.301696300506591797e-01
8.642283082008361816e-01
1.250607967376708984e-01
8.271332830190658569e-02
1.663238741457462311e-03
1.133703514933586121e-01
2.131522446870803833e-02
4.567803815007209778e-02
4.520857632160186768e-01
3.852561712265014648e-01
3.946846127510070801e-01
1.078096218407154083e-02
3.426606357097625732e-01
1.303540728986263275e-02
2.269298076629638672e+00
1.918517202138900757e-01
0.000000000000000000e+00
0.000000000000000000e+00
9.919653832912445068e-02
4.433405399322509766e-01
9.715545177459716797e-01
5.198884382843971252e-02
1.918770745396614075e-02
1.133929491043090820e+00
1.403262019157409668e-01
0.000000000000000000e+00
3.483919193968176842e-03
4.643828421831130981e-02
0.000000000000000000e+00
3.307601511478424072e-01
0.000000000000000000e+00
3.414996862411499023e-01
1.712783455848693848e+00
8.589910343289375305e-03
1.559301912784576416e-01
1.405886262655258179e-01
2.412169724702835083e-01
1.064157709479331970e-01
8.167761564254760742e-02
7.718847393989562988e-01
3.703585267066955566e-01
4.232122600078582764e-01
4.199163615703582764e-02
3.236784413456916809e-02
2.516065835952758789e+00
3.140585184097290039e+00
2.221879921853542328e-02
1.027236208319664001e-01
3.186033070087432861e-01
2.897882163524627686e-01
5.055941939353942871e-01
1.554287314414978027e+00
0.000000000000000000e+00
5.282462835311889648e-01
0.000000000000000000e+00
1.889887899160385132e-01
7.893027663230895996e-01
4.009018242359161377e-01
1.088207587599754333e-01
4.440026357769966125e-02
8.340263366699218750e-02
2.633576393127441406e+00
0.000000000000000000e+00
6.773888319730758667e-02
3.394233435392379761e-02
1.187307760119438171e-01
2.811533808708190918e-01
1.260278105735778809e+00
2.130022495985031128e-01
4.136943258345127106e-03
3.414077311754226685e-02
1.013310074806213379e+00
7.490402087569236755e-03
8.546081930398941040e-02
0.000000000000000000e+00
3.802808374166488647e-02
3.017583861947059631e-02
1.841028034687042236e-01
9.896555915474891663e-03
1.149236410856246948e-02
9.109938889741897583e-02
5.520010367035865784e-03
1.171624884009361267e-01
2.294822633266448975e-01
2.533865869045257568e-01
0.000000000000000000e+00
1.458997249603271484e+00
1.431904435157775879e+00
1.119040101766586304e-01
5.839265584945678711e-01
8.417113423347473145e-01
3.965080901980400085e-02
2.629229426383972168e-01
1.520414254628121853e-03
1.014074087142944336e-01
0.000000000000000000e+00
1.039066314697265625e-01
4.412119276821613312e-03
0.000000000000000000e+00
2.311936169862747192e-01
8.674657821655273438e+00
3.074679151177406311e-02
3.323281407356262207e-01
2.088983654975891113e-01
5.714777112007141113e-01
1.248481776565313339e-02
0.000000000000000000e+00
6.410343050956726074e-01
8.359622955322265625e-02
1.123054847121238708e-01
2.625215351581573486e-01
8.428683876991271973e-02
2.711553871631622314e-02
0.000000000000000000e+00
4.351293563842773438e+00
7.950330153107643127e-03
3.379305452108383179e-02
8.164328173734247684e-04
0.000000000000000000e+00
8.278796076774597168e-01
1.769172787666320801e+00
2.455169893801212311e-02
1.014501228928565979e-01
0.000000000000000000e+00
2.262073993682861328e+00
1.834559254348278046e-02
0.000000000000000000e+00
1.566881872713565826e-02
0.000000000000000000e+00
7.683422416448593140e-02
9.068912267684936523e-02
8.202545642852783203e-01
6.341206431388854980e-01
3.342037916183471680e+00
1.139224171638488770e+00
1.097902730107307434e-01
1.955631822347640991e-01
4.542808830738067627e-01
2.833310663700103760e-01
1.378909498453140259e-01
3.492299318313598633e-01
1.362304091453552246e-01
1.548476815223693848e+00
5.749963223934173584e-02
1.778197437524795532e-01
0.000000000000000000e+00
2.565952390432357788e-02
1.093845009803771973e+00
3.298282995820045471e-02
1.737094484269618988e-02
0.000000000000000000e+00
2.892993986606597900e-01
0.000000000000000000e+00
6.372205018997192383e-01
0.000000000000000000e+00
0.000000000000000000e+00
6.604376435279846191e-02
5.035555735230445862e-02
1.445197910070419312e-01
8.742488026618957520e-01
0.000000000000000000e+00
6.826885938644409180e-01
8.026240020990371704e-02
2.772909961640834808e-02
7.233537733554840088e-02
2.442201077938079834e-01
1.366718113422393799e-01
1.433012075722217560e-03
9.053332805633544922e-01
3.404933586716651917e-02
8.837775886058807373e-02
0.000000000000000000e+00
3.325624763965606689e-01
2.487627029418945312e+00
3.186285495758056641e-01
1.074373722076416016e-02
1.428002834320068359e+00
1.741970777511596680e-01
2.045668065547943115e-01
1.305631399154663086e+00
1.097823977470397949e-01
1.994449973106384277e+00
2.183971256017684937e-01
4.690367281436920166e-01
3.703364133834838867e-01
0.000000000000000000e+00
2.984284162521362305e-01
1.575984209775924683e-01
1.973477154970169067e-01
1.332202404737472534e-01
1.998001337051391602e-01
9.749371558427810669e-02
1.114533543586730957e-01
4.182371869683265686e-02
3.259232044219970703e-01
2.987239658832550049e-01
8.295259624719619751e-02
1.625099778175354004e-01
1.845021098852157593e-01
6.177136898040771484e-01
2.441840469837188721e-01
4.623807594180107117e-02
5.119948983192443848e-01
2.265823073685169220e-03
1.215343847870826721e-01
1.406373381614685059e-01
9.321459569036960602e-03
8.562377095222473145e-02
3.211221098899841309e-02
3.726030588150024414e+00
0.000000000000000000e+00
1.319044530391693115e-01
0.000000000000000000e+00
8.761698603630065918e-01
0.000000000000000000e+00
2.842230796813964844e-01
0.000000000000000000e+00
3.178852498531341553e-01
1.733622550964355469e+00
5.740730762481689453e-01
0.000000000000000000e+00
5.335208401083946228e-02
1.181544512510299683e-01
3.288316130638122559e-01
5.529191493988037109e-01
1.036480545997619629e+00
7.198087573051452637e-01
1.450774166733026505e-02
1.006267666816711426e+00
1.171890020370483398e+00
0.000000000000000000e+00
0.000000000000000000e+00
6.399849057197570801e-01
5.363246202468872070e-01
9.647153317928314209e-02
0.000000000000000000e+00
4.656623303890228271e-02
3.923887908458709717e-01
1.636904478073120117e+00
5.316955596208572388e-02
0.000000000000000000e+00
6.965281963348388672e-01
6.570414304733276367e-01
2.474915683269500732e-01
9.011561982333660126e-03
3.092283904552459717e-01
0.000000000000000000e+00
0.000000000000000000e+00
0.000000000000000000e+00
1.085379496216773987e-01
1.172659397125244141e+00
0.000000000000000000e+00
2.408596277236938477e-01
0.000000000000000000e+00
3.851332142949104309e-02
1.858661472797393799e-01
3.176481425762176514e-01
5.744639039039611816e-02
0.000000000000000000e+00
1.333244323730468750e+00
8.623154461383819580e-02
1.108693331480026245e-02
0.000000000000000000e+00
1.109910532832145691e-01
3.204581793397665024e-03
0.000000000000000000e+00
1.112971544265747070e+00
2.229406833648681641e-01
1.574829697608947754e+00
1.186843961477279663e-01
2.323542833328247070e-01
6.677250862121582031e-01
4.935302212834358215e-02
1.900762505829334259e-02
1.290887966752052307e-02
1.320622324943542480e+00
4.518535733222961426e-01
2.519088387489318848e-01
3.372659087181091309e-01
3.157118260860443115e-01
5.308923721313476562e-01
0.000000000000000000e+00
1.680323183536529541e-01
1.860848814249038696e-02
3.074076212942600250e-02
4.946930408477783203e-01
5.591707769781351089e-03
2.752137780189514160e-01
1.329938694834709167e-02
2.707590460777282715e-01
2.727388590574264526e-02
2.481698244810104370e-01
0.000000000000000000e+00
9.133895486593246460e-02
1.886521726846694946e-01
9.289977140724658966e-03
3.524039089679718018e-01
2.614036202430725098e-02
2.453478097915649414e+00
3.385435938835144043e-01
0.000000000000000000e+00
7.541969418525695801e-01
3.693675100803375244e-01
3.689271509647369385e-01
1.563010923564434052e-02
0.000000000000000000e+00
7.074040174484252930e-02
1.400626450777053833e-02
1.593385636806488037e-02
1.404246330261230469e+00
1.749224215745925903e-01
1.842835545539855957e-02
7.553864270448684692e-03
0.000000000000000000e+00
6.986671593040227890e-03
1.341215819120407104e-01
4.282695949077606201e-01
0.000000000000000000e+00
0.000000000000000000e+00
1.741837710142135620e-01
9.128410816192626953e-01
1.320524960756301880e-01
5.209197849035263062e-02
3.807649016380310059e-01
8.675964176654815674e-02
1.084013730287551880e-01
1.983281224966049194e-02
8.503082394599914551e-01
2.210977114737033844e-02
7.353094220161437988e-02
3.030101209878921509e-02
0.000000000000000000e+00
8.400367498397827148e-01
0.000000000000000000e+00
5.035288929939270020e-01
9.409783035516738892e-02
1.019771546125411987e-01
1.434168368577957153e-01
0.000000000000000000e+00
0.000000000000000000e+00
8.486639708280563354e-02
3.731856495141983032e-02
1.075023263692855835e-01
8.981303870677947998e-02
7.553601171821355820e-03
1.879404634237289429e-01
2.098685741424560547e+00
1.141601148992776871e-02
9.305559098720550537e-02
2.761504411697387695e+00
1.061776638031005859e+00
1.164726912975311279e-01
1.330737397074699402e-02
6.939345598220825195e-02
0.000000000000000000e+00
0.000000000000000000e+00
2.173906803131103516e+00
1.186240836977958679e-01
1.285678297281265259e-01
0.000000000000000000e+00
4.680671170353889465e-02
3.559354692697525024e-03
6.327826976776123047e-01
0.000000000000000000e+00
2.440644502639770508e+00
1.477833509445190430e+00
3.543700277805328369e-01
8.391042239964008331e-03
0.000000000000000000e+00
2.269694060087203979e-01
1.129363700747489929e-01
3.169180750846862793e-01
6.466756016016006470e-02
1.331712603569030762e-01
6.018416285514831543e-01
4.853701591491699219e-02
0.000000000000000000e+00
6.474530696868896484e+00
1.088903099298477173e-02
5.345039367675781250e-01
1.349913794547319412e-02
0.000000000000000000e+00
0.000000000000000000e+00
6.105858087539672852e-01
1.144886851310729980e+00
1.006660535931587219e-01
3.701264560222625732e-01
1.027004718780517578e+01
1.011537238955497742e-01
1.252017170190811157e-01
1.032956361770629883e+00
3.587944209575653076e-01
3.140515461564064026e-02
7.276346534490585327e-02
1.868829965591430664e+00
0.000000000000000000e+00
2.237481325864791870e-01
1.620713770389556885e-01
0.000000000000000000e+00
7.945611327886581421e-02
6.306941509246826172e-01
2.105446100234985352e+00
5.157468318939208984e-01
1.892413347959518433e-01
0.000000000000000000e+00
7.788310647010803223e-01
3.896673023700714111e-02
0.000000000000000000e+00
4.757380113005638123e-02
0.000000000000000000e+00
8.653217926621437073e-03
0.000000000000000000e+00
1.199815422296524048e-01
1.176693201065063477e+00
7.380846142768859863e-02
8.913990855216979980e-02
1.659245729446411133e+00
9.181388616561889648e-01
3.645745664834976196e-02
4.908012747764587402e-01
0.000000000000000000e+00
0.000000000000000000e+00
1.221324324607849121e+00
2.793083488941192627e-01
2.038715332746505737e-01
7.234377413988113403e-02
0.000000000000000000e+00
7.186893373727798462e-02
6.088160872459411621e-01
0.000000000000000000e+00
1.898228824138641357e-01
2.755707874894142151e-02
1.259245634078979492e+00
5.028176307678222656e-01
2.621442675590515137e-01
4.432522654533386230e-01
2.137357145547866821e-01
2.629580441862344742e-03
1.573276162147521973e+00
2.967461943626403809e-01
1.622420363128185272e-02
4.267086088657379150e-01
2.657300531864166260e-01
2.379808902740478516e+00
6.024729013442993164e-01
0.000000000000000000e+00
3.678506240248680115e-02
5.660335347056388855e-02
1.038985252380371094e-01
9.382995367050170898e-01
9.606674909591674805e-01
4.085842370986938477e-01
1.018859744071960449e+00
0.000000000000000000e+00
3.327505588531494141e-01
2.721056938171386719e-01
5.146590471267700195e-01
8.360555022954940796e-02
2.904722392559051514e-01
1.235694345086812973e-02
2.451454848051071167e-01
0.000000000000000000e+00
4.501565545797348022e-02
9.852786660194396973e-01
4.376647472381591797e-01
7.819458097219467163e-02
3.077269345521926880e-02
5.670689344406127930e-01
0.000000000000000000e+00
7.478171493858098984e-03
2.527716010808944702e-02
0.000000000000000000e+00
1.446334242820739746e+00
2.040858745574951172e+00
1.489212214946746826e-01
3.947153985500335693e-01
3.056867979466915131e-02
1.534933894872665405e-01
5.770491123199462891e+00
5.775434151291847229e-02
0.000000000000000000e+00
6.027462705969810486e-02
0.000000000000000000e+00
0.000000000000000000e+00
0.000000000000000000e+00
8.074688315391540527e-01
0.000000000000000000e+00
3.254889743402600288e-03
2.092232227325439453e+00
7.114532589912414551e-01
0.000000000000000000e+00
0.000000000000000000e+00
4.899565577507019043e-01
1.061387538909912109e+00
3.935775756835937500e-01
1.948553621768951416e-01
8.974437415599822998e-02
0.000000000000000000e+00
1.107913136482238770e+00
1.516557484865188599e-02
7.034180164337158203e-01
0.000000000000000000e+00
4.391670525074005127e-01
1.522274911403656006e-01
1.253604590892791748e-01
4.077696204185485840e-01
3.651271760463714600e-01
0.000000000000000000e+00
8.187038898468017578e-01
1.786612033843994141e+00
4.290467798709869385e-01
2.611220598220825195e+00
6.075865030288696289e-01
2.852575778961181641e-01
1.156372547149658203e+00
0.000000000000000000e+00
1.483241468667984009e-01
0.000000000000000000e+00
7.311034798622131348e-01
1.433948755264282227e+00
3.933506309986114502e-01
6.579196453094482422e-02
9.382452117279171944e-04
8.856880664825439453e-02
0.000000000000000000e+00
1.178855895996093750e+00
1.493893712759017944e-01
1.211725354194641113e+00
3.161674737930297852e-01
1.851891428232192993e-01
7.074599713087081909e-02
5.895559787750244141e-01
1.147835776209831238e-01
4.135052487254142761e-02
1.139100757427513599e-03
1.857531785964965820e+00
1.920970380306243896e-01
0.000000000000000000e+00
4.799436777830123901e-03
0.000000000000000000e+00
9.776860475540161133e-03
0.000000000000000000e+00
1.424598693847656250e-01
1.953237652778625488e-01
3.351130187511444092e-01
4.766520857810974121e-02
4.924241602420806885e-01
2.020223617553710938e+00
0.000000000000000000e+00
2.506907582283020020e-01
1.169819459319114685e-01
4.843127913773059845e-03
7.240364700555801392e-02
1.048800587654113770e+00
1.451711177825927734e+00
3.211047872900962830e-02
6.715270876884460449e-01
9.133318662643432617e-01
2.376441359519958496e-01
6.991557478904724121e-01
5.962753891944885254e-01
7.594393938779830933e-02
2.394403796643018723e-03
1.015517562627792358e-01
9.452819824218750000e-02
2.904716879129409790e-03
3.600069554522633553e-03
4.136821925640106201e-01
4.009411856532096863e-02
4.376115743070840836e-03
1.231932416558265686e-01
3.001110861077904701e-03
0.000000000000000000e+00
8.522263169288635254e-02
1.128664016723632812e+00
7.149243727326393127e-03
1.687449365854263306e-01
1.213697433471679688e+00
0.000000000000000000e+00
5.486318469047546387e-01
7.253488153219223022e-02
1.114898324012756348e-01
1.030126571655273438e+00
9.275862574577331543e-02
1.209375169128179550e-02
9.682878255844116211e-01
5.668845772743225098e-01
0.000000000000000000e+00
0.000000000000000000e+00
1.381044834852218628e-01
9.601981937885284424e-02
1.857148408889770508e-01
4.762278869748115540e-02
5.988945364952087402e-01
9.489580243825912476e-02
4.863762259483337402e-01
3.264543712139129639e-01
2.638069868087768555e+00
5.027058720588684082e-01
2.098002582788467407e-01
0.000000000000000000e+00
9.579846262931823730e-01
1.109701544046401978e-01
0.000000000000000000e+00
0.000000000000000000e+00
1.797420904040336609e-02
4.546776413917541504e-02
1.368110030889511108e-01
1.683995127677917480e+00
1.777612924575805664e+00
0.000000000000000000e+00
1.419229898601770401e-02
2.067133188247680664e-01
1.154453977942466736e-01
1.651376634836196899e-01
1.755353957414627075e-01
5.946028977632522583e-02
9.958578273653984070e-03
1.665702164173126221e-01
0.000000000000000000e+00
4.422899782657623291e-01
4.315820336341857910e-01
0.000000000000000000e+00
9.194434434175491333e-02
0.000000000000000000e+00
4.392446875572204590e-01
1.604134775698184967e-02
7.153702527284622192e-02
8.614522218704223633e-02
5.335220694541931152e-01
4.133164137601852417e-02
3.574694395065307617e-01
3.264779567718505859e+00
0.000000000000000000e+00
0.000000000000000000e+00
5.373246073722839355e-01
7.195838689804077148e-01
1.552613377571105957e-01
1.221330761909484863e+00
0.000000000000000000e+00
4.371417313814163208e-02
4.565823823213577271e-02
2.623263895511627197e-01
1.141786098480224609e+00
4.837504774332046509e-02
7.924284040927886963e-02
2.881867811083793640e-02
2.569670200347900391e+00
1.051506996154785156e+00
3.181771934032440186e-02
2.293696552515029907e-01
1.361042167991399765e-02
1.189792513847351074e+00
5.951070412993431091e-02
0.000000000000000000e+00
0.000000000000000000e+00
0.000000000000000000e+00
1.230730056762695312e+00
1.083636522293090820e+00
0.000000000000000000e+00
2.051995322108268738e-02
8.778805844485759735e-03
1.698494888842105865e-02
9.573259949684143066e-02
3.070601075887680054e-02
9.320899099111557007e-02
0.000000000000000000e+00
1.255398839712142944e-01
7.889112085103988647e-02
5.308029651641845703e-01
6.238175630569458008e-01
1.611855030059814453e+00
6.650763750076293945e-02
0.000000000000000000e+00
3.921386599540710449e-01
1.175975576043128967e-01
4.968513250350952148e-01
1.677822470664978027e+00
1.774012297391891479e-01
1.729962602257728577e-02
5.242250561714172363e-01
3.969444632530212402e-01
2.998478524386882782e-02
1.466465950012207031e+00
8.872418664395809174e-03
3.286620974540710449e-01
1.163450717926025391e+00
0.000000000000000000e+00
8.356335759162902832e-02
1.688460558652877808e-01
1.018446236848831177e-01
3.857133090496063232e-01
2.783385217189788818e-01
3.253999399021267891e-03
3.019448369741439819e-02
3.407993912696838379e-02
2.211038023233413696e-02
5.889024585485458374e-02
8.992303609848022461e-01
2.373134195804595947e-01
4.584344476461410522e-02
3.227548003196716309e-01
1.847399950027465820e+00
2.065030574798583984e+00
5.554412007331848145e-01
9.062591791152954102e-01
1.664214253425598145e+00
1.048622354865074158e-01
1.613908708095550537e-01
5.038346722722053528e-02
5.332440137863159180e-01
3.297604992985725403e-02
8.193314075469970703e-02
0.000000000000000000e+00
4.051840305328369141e-02
6.186802387237548828e-01
5.979370698332786560e-02
4.625840485095977783e-01
2.671079039573669434e-01
3.015682697296142578e-01
6.419904530048370361e-03
0.000000000000000000e+00
0.000000000000000000e+00
8.454757928848266602e-02
1.846622824668884277e+00
7.053049802780151367e-01
2.324838656932115555e-03
2.826311290264129639e-01
3.351676091551780701e-02
2.807665765285491943e-01
7.129467725753784180e-01
7.358406782150268555e-01
0.000000000000000000e+00
1.107521414756774902e+00
0.000000000000000000e+00
1.959356516599655151e-01
0.000000000000000000e+00
0.000000000000000000e+00
3.605704009532928467e-01
5.157419443130493164e-01
0.000000000000000000e+00
0.000000000000000000e+00
3.777874633669853210e-02
0.000000000000000000e+00
2.711581885814666748e-01
0.000000000000000000e+00
2.377699315547943115e-01
1.765709757804870605e+00
1.572342038154602051e+00
7.397778034210205078e-01
1.105926465243101120e-02
0.000000000000000000e+00
1.948862075805664062e-01
1.449245586991310120e-02
6.921777725219726562e-01
0.000000000000000000e+00
4.292489960789680481e-02
1.381628662347793579e-01
1.291445828974246979e-02
9.508305788040161133e-02
2.770278453826904297e-01
7.682152390480041504e-01
1.485541649162769318e-02
1.147072389721870422e-02
8.089389652013778687e-02
5.606606006622314453e-01
1.368291378021240234e+00
9.601643681526184082e-02
0.000000000000000000e+00
3.041963651776313782e-02
0.000000000000000000e+00
4.225491583347320557e-01
3.515824973583221436e-01
1.076366752386093140e-02
3.645098209381103516e-01
0.000000000000000000e+00
1.536526083946228027e+00
2.013825923204421997e-01
1.753094673156738281e+00
1.469635218381881714e-01
2.315247617661952972e-02
2.632864415645599365e-01
7.089175749570131302e-03
3.140585124492645264e-01
2.452999167144298553e-02
4.071301594376564026e-02
0.000000000000000000e+00
4.247555136680603027e-02
1.771173626184463501e-01
7.326670289039611816e-01
2.278120070695877075e-01
5.789569020271301270e-02
1.935131907463073730e+00
2.448933431878685951e-03
2.458694696426391602e+00
9.825961664319038391e-03
1.369632184505462646e-01
3.708257898688316345e-02
1.226293854415416718e-03
1.002753973007202148e-01
1.739403903484344482e-01
0.000000000000000000e+00
0.000000000000000000e+00
5.845863819122314453e-01
3.904331475496292114e-02
6.523102521896362305e-02
2.008286714553833008e-01
2.309955656528472900e-01
1.465280055999755859e-01
4.376032948493957520e-02
2.939119637012481689e-01
0.000000000000000000e+00
2.753571607172489166e-02
4.062942564487457275e-01
3.371830284595489502e-01
4.483440816402435303e-01
0.000000000000000000e+00
3.791511058807373047e-01
3.544782474637031555e-02
0.000000000000000000e+00
2.618165016174316406e-01
2.480482339859008789e+00
1.941466927528381348e+00
1.907772384583950043e-02
1.787339210510253906e+00
3.445003926753997803e-01
8.564300835132598877e-02
2.940411567687988281e-01
0.000000000000000000e+00
5.183582752943038940e-02
1.452199071645736694e-01
1.663153171539306641e-01
4.725585877895355225e-01
0.000000000000000000e+00
2.808954417705535889e-01
4.746879100799560547e+00
5.545270815491676331e-02
3.139613866806030273e-01
5.395649671554565430e-01
2.194115817546844482e-01
4.733095690608024597e-02
0.000000000000000000e+00
4.165174439549446106e-02
5.260487794876098633e-01
8.901911973953247070e-01
1.642428159713745117e+00
7.361688613891601562e-01
1.764078140258789062e-01
1.350131537765264511e-02
3.453909456729888916e-01
2.966531217098236084e-01
1.687047183513641357e-01
4.515012204647064209e-01
2.166090160608291626e-02
6.162502244114875793e-02
1.708937287330627441e-01
8.331126719713211060e-02
3.049335718154907227e+00
6.999212317168712616e-03
9.552299976348876953e-02
2.853604257106781006e-01
3.296726942062377930e-02
3.151445090770721436e-01
1.257336437702178955e-01
3.373212218284606934e-01
2.839412212371826172e+00
5.790852308273315430e-01
1.160819172859191895e+00
1.763775385916233063e-02
2.332645468413829803e-02
3.597301542758941650e-01
2.456445805728435516e-02
0.000000000000000000e+00
7.012304384261369705e-03
2.864173054695129395e-02
8.205502294003963470e-03
7.091742008924484253e-02
2.204779088497161865e-01
2.394675463438034058e-01
1.737723827362060547e+00
2.680209465324878693e-02
5.088251233100891113e-01
1.170327544212341309e+00
1.322250515222549438e-01
5.018045306205749512e-01
4.303217306733131409e-02
1.555042386054992676e+00
1.374300662428140640e-02
1.032235383987426758e+00
5.931501090526580811e-02
5.431645512580871582e-01
1.112537503242492676e+00
1.116484031081199646e-02
0.000000000000000000e+00
0.000000000000000000e+00
1.568561047315597534e-01
2.341318689286708832e-02
2.977694571018218994e-02
2.076214998960494995e-01
8.582361042499542236e-03
1.400938987731933594e+00
0.000000000000000000e+00
0.000000000000000000e+00
2.263642847537994385e-02
1.257710307836532593e-01
9.356169700622558594e-01
3.062019497156143188e-02
6.815098226070404053e-02
5.125027894973754883e-01
3.161319345235824585e-02
1.276867687702178955e-01
1.813863776624202728e-02
0.000000000000000000e+00
3.072778321802616119e-02
1.038433611392974854e-01
7.374130189418792725e-02
4.317111335694789886e-03
2.021696120500564575e-01
1.047156691551208496e+00
7.436275482177734375e-02
1.063278764486312866e-01
2.960777878761291504e-01
3.603347577154636383e-04
9.768558293581008911e-02
1.338910162448883057e-01
2.275012731552124023e-01
0.000000000000000000e+00
7.592698931694030762e-01
6.736037731170654297e-01
2.394131012260913849e-02
6.183407828211784363e-02
0.000000000000000000e+00
0.000000000000000000e+00
2.647983469069004059e-02
6.150170803070068359e+00
2.780031263828277588e-01
5.506556034088134766e-01
0.000000000000000000e+00
1.287860274314880371e-01
6.502293050289154053e-02
2.525217831134796143e-01
5.987147688865661621e-01
1.543342471122741699e-01
8.844657540321350098e-01
1.090018391609191895e+00
1.937010139226913452e-02
5.903865396976470947e-02
1.007264181971549988e-01
1.176837682723999023e-01
6.666931509971618652e-02
4.937268421053886414e-02
3.244427144527435303e-01
3.509286046028137207e-02
1.026785895228385925e-01
2.758021950721740723e-01
1.086540520191192627e-01
3.730899840593338013e-02
3.582604040275327861e-05
8.200958371162414551e-01
7.104567438364028931e-02
2.611287832260131836e-01
3.881655260920524597e-02
5.992317199707031250e-01
6.976042641326785088e-04
0.000000000000000000e+00
1.394622802734375000e+00
5.993839353322982788e-02
0.000000000000000000e+00
6.290830373764038086e-01
4.592288136482238770e-01
0.000000000000000000e+00
1.644570939242839813e-02
2.834823429584503174e-01
2.467555999755859375e-01
6.404772400856018066e-01
2.219718694686889648e-01
0.000000000000000000e+00
1.059155911207199097e-03
1.895415480248630047e-04
3.700189292430877686e-02
8.857715129852294922e-02
8.915169537067413330e-02
4.290382862091064453e-01
2.632196620106697083e-02
1.268683075904846191e-01
0.000000000000000000e+00
3.249232098460197449e-02
7.891035079956054688e-02
2.362334966659545898e+00
1.672167062759399414e+00
2.710070908069610596e-01
2.703111469745635986e-01
3.079965477809309959e-03
1.139562875032424927e-01
4.017889797687530518e-01
3.049261635169386864e-03
0.000000000000000000e+00
1.101321950554847717e-01
0.000000000000000000e+00
3.297377526760101318e-01
9.415937587618827820e-03
2.423716068267822266e+00
1.258356094360351562e+00
9.461295604705810547e-02
0.000000000000000000e+00
0.000000000000000000e+00
4.461700618267059326e-01
5.796335637569427490e-02
4.901212081313133240e-02
0.000000000000000000e+00
1.152284741401672363e-01
2.621116340160369873e-01
3.359763622283935547e-01
4.195375144481658936e-01
5.609150230884552002e-02
0.000000000000000000e+00
1.504926979541778564e-01
0.000000000000000000e+00
5.849116295576095581e-02
9.823516942560672760e-03
0.000000000000000000e+00
7.777814269065856934e-01
1.901836991310119629e-01
4.099430516362190247e-02
0.000000000000000000e+00
1.215563416481018066e-01
1.776244044303894043e-01
7.854722738265991211e-01
2.346378803253173828e+00
1.760615706443786621e+00
8.136254549026489258e-02
2.518680393695831299e-01
7.216487824916839600e-02
1.319302469491958618e-01
0.000000000000000000e+00
4.947552680969238281e-01
7.366150617599487305e-01
3.433426469564437866e-02
4.862509295344352722e-02
4.403415620326995850e-01
5.276610851287841797e-01
4.590724110603332520e-01
1.663456112146377563e-02
0.000000000000000000e+00
1.247743606567382812e+00
2.642872929573059082e-02
9.056160598993301392e-02
4.098943434655666351e-03
4.778647422790527344e-01
0.000000000000000000e+00
5.833646282553672791e-02
1.434049159288406372e-01
3.594932332634925842e-02
2.100150845944881439e-02
5.248156841844320297e-03
9.292044639587402344e-01
0.000000000000000000e+00
8.149106502532958984e-01
0.000000000000000000e+00
1.122280657291412354e-01
1.699417978525161743e-01
2.500706315040588379e-01
1.274410337209701538e-01
7.194867730140686035e-02
5.312686562538146973e-01
0.000000000000000000e+00
2.607349678874015808e-02
0.000000000000000000e+00
3.873284459114074707e-01
1.136857628822326660e+00
2.876932322978973389e-01
3.234989345073699951e-01
1.082450628280639648e+00
3.512824699282646179e-02
9.058677554130554199e-01
0.000000000000000000e+00
1.889435574412345886e-02
2.815701998770236969e-02
8.566936105489730835e-02
1.254758715629577637e+00
3.685367405414581299e-01
6.158000603318214417e-02
2.282393872737884521e-01
4.982229322195053101e-02
2.910741269588470459e-01
1.010117650032043457e+00
2.811920642852783203e-01
3.306191563606262207e-01
2.776457071304321289e-01
9.444831870496273041e-03
1.906714886426925659e-01
3.272714912891387939e-01
6.211363151669502258e-02
4.028109088540077209e-02
6.207012012600898743e-02
0.000000000000000000e+00
0.000000000000000000e+00
8.929891139268875122e-02
3.032332099974155426e-02
9.432870149612426758e-02
6.762813776731491089e-02
1.117847561836242676e+00
1.562821269035339355e-01
0.000000000000000000e+00
0.000000000000000000e+00
9.082334637641906738e-01
1.692409664392471313e-01
1.281390935182571411e-01
0.000000000000000000e+00
1.044239923357963562e-01
1.012345030903816223e-01
1.776285320520401001e-01
2.139031171798706055e+00
2.424910366535186768e-01
2.852149307727813721e-01
1.350431680679321289e+00
3.986287117004394531e-02
6.519227474927902222e-02
2.862363576889038086e+00
2.664914168417453766e-02
0.000000000000000000e+00
0.000000000000000000e+00
8.876266479492187500e-01
3.382516622543334961e+00
6.549556553363800049e-02
1.418259441852569580e-01
1.766145825386047363e-01
7.521408796310424805e-01
3.249442577362060547e-01
0.000000000000000000e+00
5.809032358229160309e-03
8.794743567705154419e-02
2.724804170429706573e-02
2.270746976137161255e-01
1.695960164070129395e+00
2.001171931624412537e-02
9.602042287588119507e-02
0.000000000000000000e+00
9.452374652028083801e-03
1.315941214561462402e-01
1.630527675151824951e-01
1.122965663671493530e-02
1.149582192301750183e-01
1.614172458648681641e+00
4.612623900175094604e-02
7.333207875490188599e-02
0.000000000000000000e+00
0.000000000000000000e+00
0.000000000000000000e+00
1.282367110252380371e-01
5.425263941287994385e-02
9.065743088722229004e-01
5.264837145805358887e-01
2.780468761920928955e-01
2.893587574362754822e-02
7.371891736984252930e-01
2.114210844039916992e+00
1.221228361129760742e+00
2.668728232383728027e-01
0.000000000000000000e+00
3.764830231666564941e-01
0.000000000000000000e+00
0.000000000000000000e+00
4.707941412925720215e-01
3.934406042098999023e-01
0.000000000000000000e+00
2.781253337860107422e+00
0.000000000000000000e+00
1.014398038387298584e-01
1.706516444683074951e-01
3.031010627746582031e-01
1.455156132578849792e-02
1.803949475288391113e-02
1.307391762733459473e+00
0.000000000000000000e+00
3.817577064037322998e-01
3.715666383504867554e-02
1.672696620225906372e-01
4.311449527740478516e-01
7.821252197027206421e-02
3.712441325187683105e-01
5.791794061660766602e-01
7.545687258243560791e-02
1.882578730583190918e-01
5.375671386718750000e-01
1.706731617450714111e-01
4.621294513344764709e-02
2.463767766952514648e+00
1.036707609891891479e-01
3.786953166127204895e-03
2.182561308145523071e-01
5.282768011093139648e-01
1.921952515840530396e-01
4.914674162864685059e-02
3.753471374511718750e-01
0.000000000000000000e+00
4.233785718679428101e-02
9.091892093420028687e-02
7.379516959190368652e-02
4.438007473945617676e-01
6.039586663246154785e-02
8.623214364051818848e-01
2.874452173709869385e-01
9.120144248008728027e-01
5.982092618942260742e-01
0.000000000000000000e+00
7.850908488035202026e-02
1.196975335478782654e-01
2.402522087097167969e+00
3.411197662353515625e-01
9.723189473152160645e-01
1.991275250911712646e-01
0.000000000000000000e+00
9.412913769483566284e-02
1.836333721876144409e-01
2.056332111358642578e+00
2.365700453519821167e-01
8.645441532135009766e-01
1.244671106338500977e+00
0.000000000000000000e+00
2.156907796859741211e+00
0.000000000000000000e+00
1.661110087297856808e-03
4.074331745505332947e-02
1.942139863967895508e-01
1.667221263051033020e-02
5.898134037852287292e-02
1.206960558891296387e+00
3.537534177303314209e-01
1.358557581901550293e+00
8.983890712261199951e-02
1.121303588151931763e-01
1.274630893021821976e-02
