9.253647448304036516e-08
5.607974529198145319e-09
2.646979080367373172e-09
3.831481520943924579e-10
6.704812816060723435e-10
6.554210507658808638e-09
6.614816472350071308e-10
2.784293684499061783e-09
1.514779945921418403e-08
6.611641456544248285e-09
1.457719722708361587e-08
1.490522834046714706e-07
2.795729869831120595e-09
2.885296979115992144e-08
3.286486638387486892e-09
1.841570984595364280e-08
5.532294267140969168e-07
4.589587820902352178e-09
1.405456862002552043e-09
7.456534945049497765e-08
3.027399442245837236e-09
1.022656519467091130e-07
1.204558564005253629e-09
3.287278360630807583e-08
8.801404938196810690e-09
2.458841796837418769e-09
2.292115608426570361e-09
1.119812131911146480e-09
2.807269972038284322e-10
1.292258411389468620e-09
4.363034378229713184e-08
1.518812986489592731e-08
2.254042819060941838e-08
1.600289678549415839e-08
3.708221507636721981e-09
4.638111672505829119e-09
1.416767059225776393e-08
1.332994270519805013e-09
5.083351517498613248e-09
5.442087669393913529e-08
8.510835591835075320e-09
1.211235733933335723e-08
1.918981773485484155e-08
1.541260097326357936e-08
1.038996666480329623e-09
7.527374834559452665e-10
2.870032922430709732e-08
6.731793433800703497e-08
9.780559695471424675e-10
1.360032086950013763e-09
4.514907059327555316e-10
7.756567832473137969e-09
1.562830642676260595e-09
6.087081949601724773e-10
3.285927363538831969e-10
2.541723809201812401e-08
3.794427549941303823e-10
8.250069960524797352e-09
2.104251350942831778e-08
1.508831104501950904e-08
2.875501259325119463e-08
2.314882951992558446e-09
2.521347752804103948e-08
6.102953697961766011e-09
8.807114149078643095e-09
2.531422405027683453e-09
3.140962157033300173e-09
4.909764261817883835e-10
1.405684679767205125e-09
6.934027241278784004e-10
1.310797137499264409e-09
2.028963441702558157e-09
5.599146035706326074e-09
8.831118059049458680e-09
9.161164271631605516e-09
2.221348882613938258e-09
6.083197057193956425e-09
9.221558627814374631e-09
2.679529931270963061e-09
1.218155576410140384e-09
4.609719550519031372e-10
7.284074454716460423e-10
8.465234202503779670e-08
6.017672138369789536e-09
4.640996476013015126e-09
3.192453590372679173e-08
8.127996409257320920e-08
2.551525923877306923e-08
4.404691722470488457e-08
1.596131760095431673e-08
1.675730310068956896e-08
1.442565267240070170e-08
6.395600138375812094e-08
7.508283061952170101e-08
3.787425129075927543e-08
9.115324814956693444e-07
1.352210432514766580e-07
5.080491582987178845e-09
1.095745272294834649e-08
8.853464628089113830e-09
4.641064754729029573e-10
2.019307832057393171e-09
3.522007352430023275e-09
3.161922279559803428e-09
4.347069193499919493e-08
6.541288399830591516e-08
4.119851571005028745e-09
3.048595820231980724e-09
9.178177662327868802e-10
1.505409685798042574e-09
7.706616456104598001e-10
2.664143350372683017e-10
1.963304629981621474e-09
1.931153725820422551e-08
3.086775279825815232e-08
8.257685646384516076e-10
2.005007937455616229e-09
1.775917607416133137e-10
6.108726857689816825e-10
6.918230432972904964e-09
4.661988128873417736e-09
1.945252403601216429e-09
9.097030351234991485e-10
8.776170901114710432e-10
3.375150603446286368e-09
2.241441476868999416e-09
1.266604043870245278e-09
1.388039239103022737e-09
7.313885053150670501e-09
2.426824430301621760e-08
3.480421784107790018e-10
2.030791090845696090e-09
3.228389777731877075e-09
1.215276324018077503e-08
1.464986087995612252e-08
1.449839182043888286e-08
2.105375429550804256e-08
3.120778080401009902e-09
2.263295328930325923e-09
3.976404483463369388e-10
2.762119144517072300e-10
1.633187585170503553e-09
3.715016072547427939e-10
4.934351260921232551e-10
1.763311829883207338e-09
5.069263231405329861e-09
4.329703817695929047e-10
7.865420120767296908e-11
8.658086747548310314e-11
9.745068085820207671e-10
1.351900813517659117e-09
2.479753504758264171e-07
5.942370595590773519e-09
4.689339583308083093e-09
2.420776468170515727e-09
4.392641361761207008e-09
6.392718354675253067e-09
1.525912374233939772e-08
1.385292058841969265e-08
3.238547430228777557e-09
4.986482338154019089e-10
5.692536997337072080e-10
1.235189017734228401e-08
6.207367064803293033e-09
2.759734885060538545e-09
8.320039102116538743e-10
2.666387644012502278e-08
4.885201931870142289e-08
9.352086216551924736e-09
5.214450649049240383e-09
1.544511896156564035e-08
1.965680951343529159e-08
7.191424344910046784e-08
8.537156759302888531e-09
1.761271573030853688e-09
9.735356520934601576e-09
7.999078732723319263e-09
5.251330037481238833e-09
3.308146201419503996e-09
1.995999365789202784e-09
8.885167268601890100e-09
1.855755105140133310e-09
5.741160880035067748e-09
8.386444871888443231e-10
2.153481615252417214e-09
1.476912037112754206e-09
3.928431357991257755e-09
3.112467839017085680e-09
9.313439797153932886e-09
1.014523798303912372e-09
2.015294819912583080e-09
1.322174369988715625e-09
5.785008028169613681e-09
1.402489790969241312e-09
7.549234126713599835e-09
7.052649131367161317e-09
3.664690995108799143e-09
2.046773195374385068e-09
5.868134422826187802e-09
8.468874490574762604e-10
4.542868581314252197e-10
2.631594941959747302e-09
5.558867255395227858e-10
4.309866241669624287e-09
8.911841820058441499e-10
1.578227659670972116e-09
6.141825381611454304e-10
1.072219824038711522e-08
2.703591350794454229e-09
2.161485435081544892e-09
1.293313678374374831e-09
6.866750279499456155e-09
3.231494849487148713e-09
4.446828683057901799e-09
4.607313641713517427e-09
2.947567301347930879e-09
1.017840145500770177e-09
1.295231810694019714e-09
2.922727615484177477e-09
1.597336929393122773e-09
3.843912299572593838e-09
5.826709670309071498e-10
1.125065818285975183e-09
2.010457134105081423e-09
2.193627723912072724e-09
1.668172444624360651e-08
7.591294703956918966e-09
4.146798016080310845e-09
8.234518622529662935e-10
1.012119499321784133e-09
8.681924512643490743e-09
2.263999210327938272e-09
1.989617359754447534e-09
1.333864019237296361e-09
5.489948051717874478e-09
5.678983949763960482e-09
5.372223110811091829e-09
4.340356074550300036e-09
1.173418806565962313e-09
2.561750367391368854e-09
1.547929961986937997e-08
1.346969202842274171e-09
6.413470998722914374e-08
1.443753561147786968e-09
1.020083018055117918e-09
1.120963877276892617e-09
5.727620600026739339e-09
6.091405158059615133e-09
1.536446525562951138e-08
9.948049495278610266e-09
1.031763474657054758e-08
1.528818849294566462e-09
2.449190406039747359e-09
7.894676912201248342e-09
8.865424505621888329e-10
2.129667775463417456e-09
1.756594758539620216e-09
4.452761270812288785e-09
3.822335226111306383e-10
1.878182764869507082e-08
2.069611565458373548e-10
1.628900681005518436e-09
9.314670279536585440e-08
3.333223119739159301e-08
6.581394984550570371e-09
1.125178084038225279e-08
6.553985798518624506e-09
8.641713122869987274e-09
1.926959214415546739e-08
4.554107846388433245e-08
2.811629506993540417e-08
5.277771819578447321e-08
1.504087343562332535e-08
1.006268917080888059e-07
1.694029521104312153e-07
1.746949607195347198e-08
1.910399660687289725e-08
1.948632721848753135e-08
1.656176777942164335e-07
5.064643371355259660e-09
3.401747505904495483e-08
4.156569755053851623e-09
1.382677972117107856e-09
7.007177060813774006e-10
8.538459717044588615e-09
1.174388852831498298e-08
7.595494899703680858e-09
3.638593648602750363e-09
1.302213004095165161e-08
9.349856000540057721e-09
1.717674891210663191e-09
1.468609145405253003e-08
1.248274283938144436e-08
2.352373407177310582e-09
2.205668758747947322e-09
6.384429096506494261e-10
6.011901199087787973e-09
2.469680682182229248e-09
8.172408882956005982e-08
4.084657234670885373e-07
4.093561878359963657e-10
3.574537998929372407e-09
4.086964100480372508e-09
1.984531206034034767e-09
1.371410895956159948e-08
1.474134370127444527e-09
6.224537685284303734e-08
4.709498568900016835e-09
2.124977083184376170e-09
1.053315745735972087e-08
1.659783199770004103e-09
1.859989606778356119e-09
3.853117380714365936e-09
1.448984265906005930e-09
4.021782906704629568e-09
2.109953323170543626e-09
5.878317832497259587e-09
7.883356745175262859e-10
5.089472399077976661e-09
1.054085618790168155e-08
5.106031153445655946e-09
2.672053023289322482e-09
5.992176532743087591e-09
1.044299935415438085e-08
5.849082107545200415e-09
8.085192959583764605e-09
1.187067777408401525e-08
5.745367737119977392e-09
7.002634583308520178e-10
3.651669244764121913e-10
2.077916150255987304e-08
7.020278136593560703e-09
7.734846096951741856e-10
1.833051577193600679e-08
9.604700146326194954e-09
4.768162398249842227e-07
4.582179080614423583e-09
3.418090033235898773e-09
4.017134958012036350e-10
2.088300088409766886e-10
1.054533571576143913e-09
3.180820584702814813e-08
1.753335432397307159e-08
3.893830813339604902e-10
6.246378969620991484e-10
1.162487439643200560e-09
2.250282848947904313e-09
5.301759031794972543e-10
1.783440617408871276e-09
9.142238077686215547e-10
1.951369066333086266e-09
2.600820669940162588e-10
4.829869393319086157e-09
1.007639660599579656e-08
1.643759905967101531e-09
1.377253089351881954e-09
1.153787536622985499e-07
7.005938051918292331e-09
2.469399085214263323e-08
2.465210791058325412e-08
2.171522739402576008e-09
3.752575195026253141e-10
3.808447246456125868e-08
9.007013801465291181e-09
3.469411637979646912e-07
9.708869583846535534e-07
2.660642017815462168e-08
2.920529027505835984e-07
6.001233032293384895e-06
1.427714209967234638e-06
1.187572488561272621e-03
1.472083502449095249e-03
2.812140519381500781e-05
1.945452240761369467e-04
7.903054211055859923e-05
3.337508132972288877e-06
2.612046273497981019e-06
5.431513272924348712e-05
1.336113899014890194e-03
4.655584052670747042e-04
8.076636493206024170e-02
3.643801063299179077e-02
8.779409527778625488e-01
1.628409222576010507e-06
1.136617174779530615e-05
2.938630228044303294e-09
1.398775539840357851e-10
2.988394953717943281e-08
9.376483589562667476e-09
3.711745355516882228e-09
1.752843092894806887e-09
3.299851780713680682e-10
2.538709020782903281e-09
1.885147815627874479e-09
2.416191247078813831e-09
2.046437463931738421e-09
2.247773522867646534e-09
5.278715242695852794e-09
1.448274056237153218e-09
1.438750563131918625e-09
1.168175445265262624e-09
3.553124461319612237e-10
3.331306619447360617e-10
2.515465613583955928e-10
4.409436149543921601e-10
2.397437248724543224e-10
7.495225551323869695e-10
1.090556742133763635e-10
5.277970505090934239e-09
7.977043470219769006e-10
3.670392212384854247e-09
1.128464255373273772e-08
5.502307942606421420e-09
5.547780013159808732e-09
2.169278756625203641e-09
6.944072539205592420e-10
2.500866402854740045e-09
3.415405291917750219e-09
6.257981910451348995e-10
2.851958447180891199e-09
3.233177947592480450e-09
2.170325918982030089e-09
8.420125041652681830e-09
3.259162384416924851e-10
8.180650601374850339e-10
1.787137798858751125e-10
2.014383992943180601e-09
5.032690375550430417e-10
3.675225679344862328e-09
8.594011724483152648e-09
1.066756993850503932e-08
8.058784195519308469e-10
1.334780175277217040e-09
1.196528098823534947e-09
2.659823916673076383e-09
1.421701090187355021e-09
1.714185904333476174e-09
2.242364072202462921e-10
8.736021905875190896e-10
5.531486824139619785e-09
2.196248516384002869e-09
9.198616091055100696e-09
1.759435042103518754e-09
9.015190816086260384e-10
1.676947469775313948e-09
4.009989140740799485e-08
2.547268784791612006e-10
3.629222478096494342e-09
1.491264178810070007e-08
1.047966824430091037e-09
5.863410312834105298e-10
9.221980512563732191e-09
3.236460432987087188e-09
3.019290095718218936e-10
1.365019097754327504e-09
1.386558068361409823e-08
1.333618016019499919e-08
9.162213210345271364e-09
7.289717718350630093e-10
3.385040470149647263e-09
2.981794811063309680e-09
1.179598752010235785e-09
9.962879410352343257e-09
1.771913460402174678e-08
8.017327912668292811e-10
1.602029620073608385e-09
7.959338188534559322e-10
6.273257913136376374e-09
2.102581442287032587e-09
7.353423980838158514e-10
1.699091867202184858e-09
3.892672295613408551e-10
1.028705831629395107e-08
9.527625355332247636e-10
6.154445841843880771e-09
1.713744701703490136e-09
2.838673074379016725e-09
2.580375468852480481e-09
1.445078834372282017e-09
9.144086043910704120e-10
1.651144110326185910e-09
9.267274725388574552e-10
7.960233583403919511e-10
2.396138842897244103e-10
5.640496958392304805e-10
4.973857992141006434e-10
1.217187128865759860e-09
3.654832825272791297e-10
4.417696874980947541e-09
3.421025240868402761e-09
7.363501475232681059e-10
8.544503771190647967e-09
5.002687153421447874e-10
8.822674535391428208e-11
2.693226974770368543e-08
8.767934989162284865e-11
1.103825031378846688e-09
1.316321496247496725e-09
5.191999052911455692e-10
1.458002607535036077e-09
2.510926189192019820e-10
2.467048787480052852e-09
1.970402285778050100e-09
1.579408048790753583e-09
3.404853343713654112e-10
4.395857289285487468e-10
9.148084956223101472e-09
3.727552488896890281e-09
3.184052466131959136e-10
4.656697250027264090e-10
3.559622874238499435e-10
2.003398558159119602e-09
7.383838540597764677e-10
1.484625311576337481e-09
6.119724171860241313e-10
3.042020635390940697e-09
1.147862027650603522e-09
1.215924805286761057e-09
6.775442429329814331e-10
9.891698571351525970e-10
3.833272588238401113e-10
8.384845595621470693e-10
7.478507590974459163e-09
8.441560339633724652e-09
4.745898674052284605e-10
9.907294984401460169e-10
3.888360744497276755e-10
2.587890457483865703e-10
1.229134238833751169e-09
5.323834173509567336e-08
2.875099713861573036e-09
6.999870683088715850e-10
2.780667640589484790e-10
6.460795787255335654e-10
4.585324064887430495e-10
3.082855526415073655e-09
8.605013923634885487e-10
3.835767703463943690e-09
4.204248338357530201e-10
1.797609949782952299e-09
1.295014429025798108e-09
2.948635557942225205e-09
3.619827326772906417e-09
1.351364464774462704e-09
3.939834847255241357e-10
1.644600344796742775e-09
2.357179118561703035e-09
1.578976671634535478e-10
3.311351748358504210e-10
1.512449387952585766e-09
8.451205846249365550e-10
7.365369425471612885e-10
2.188620840115618194e-09
1.702094715172464134e-10
3.665625858406684756e-10
1.208219413406652620e-09
1.848326269815459000e-09
6.076607550475898734e-10
1.956415252024612528e-09
1.554075756970973998e-10
1.013597428212165141e-09
1.773730745613377735e-10
1.840151364618236585e-09
9.615065688084456497e-11
3.551146043889730208e-10
2.414333455380557325e-10
2.032360058024096361e-09
1.328235632591656668e-09
6.796192941749268357e-09
5.699351657284523753e-09
1.255070491978926839e-09
3.710287632685549397e-09
1.719212106010559182e-09
2.679993449383744064e-10
1.690951267896423360e-09
3.460451647452345014e-10
1.377055552920225523e-10
1.386460279917400840e-08
7.678522706555668265e-09
2.511127139559476973e-10
1.785084524641433745e-09
2.945403476672936449e-09
1.076350120143843014e-09
5.775835365540160637e-09
9.295497704897570657e-09
1.840362084948310439e-09
8.769227566318704703e-10
3.610016063859688984e-09
1.372349567319020025e-09
4.614622017840019907e-09
1.167899221776735885e-09
1.342286282124405261e-09
2.940065524370538697e-09
2.662808640252478654e-09
1.182040132441386504e-09
6.919599337962267782e-10
1.925584136586167006e-09
3.114675461990401573e-10
4.099617589847781574e-10
3.754188071525277337e-09
1.351003753313761990e-09
2.340066806993945647e-09
4.744229187281234772e-08
6.332727675584237659e-10
2.729378500987422740e-09
6.405396213438052655e-10
6.220321147054619360e-09
2.322817493904949515e-09
1.957808493102675129e-08
8.574119192417128943e-09
6.158109577825143788e-09
9.496872177550130800e-10
3.996449837728732746e-09
4.326971836388082693e-10
1.704003338431903103e-08
5.037069095159552035e-10
5.289570559341427725e-09
6.533566576649718627e-09
2.148357491904562266e-09
1.695356188768926131e-09
7.293671000496715351e-09
3.549148197556917239e-10
1.405655147834750096e-09
1.197671961605806246e-09
1.113911296535263773e-09
3.109700552617056246e-10
2.888224770458691637e-09
4.167037825908437298e-10
5.824798421372179291e-10
6.136626207187134696e-10
7.106197852380091717e-10
1.418550943377283602e-09
6.495420201702017948e-09
8.009242713491460108e-10
1.331520449454615118e-09
3.946982296554324421e-09
2.234607165974011878e-09
7.656055789340143747e-10
4.161513800227112370e-08
8.589635669409290131e-09
2.054144354612930101e-10
1.172868913101865473e-08
5.610948594636511189e-09
9.724685945400324272e-09
1.893089685012228074e-09
6.996599966058170139e-10
2.223052852912132948e-09
1.747611944047378074e-09
1.313284592185937072e-09
8.304754661736524213e-10
7.663960577275474861e-10
1.609379157718748843e-10
7.103166499433655190e-09
3.464295239563597306e-10
8.395615869183359337e-10
5.080811327218270890e-09
1.673989125094976771e-08
1.030806884294577230e-09
4.713119672317134246e-09
9.880724016753106298e-10
1.111243874696299372e-09
7.260324286217922918e-11
7.251954592391030019e-10
2.850357727623986648e-10
2.799662501828947825e-09
7.897341447460348718e-09
6.871594404600500638e-10
1.259326753988432301e-09
4.291980659765215478e-10
2.556264089292881181e-09
1.323726239732536669e-09
6.510999739361977845e-09
6.945105046618493816e-10
3.351409372243097096e-09
4.461842806335880596e-08
1.082528844342789398e-09
9.100401321404660848e-09
6.614920167180571298e-09
9.156984615010799189e-10
3.981544427489325244e-09
1.827635931483939657e-09
7.129729251431626835e-09
1.118740433625475816e-09
7.846618910178904116e-10
2.475873284168983446e-09
1.310589636815961967e-09
2.176398838926729695e-09
6.015741238485361464e-10
1.098071300553726815e-09
8.477897495140496176e-09
9.915915866187674510e-10
1.608496114080537609e-09
4.162448163924636901e-09
2.324448633572728795e-09
2.116017500108924310e-10
3.431736450565381347e-09
5.967036864618080472e-10
1.400161653286602359e-09
5.495319754800220835e-10
3.024492301051395771e-08
1.556722750706285296e-09
1.298628315993255455e-09
6.855289313989487709e-08
1.685625083958086634e-09
9.246017285136076680e-10
3.458472119799438360e-10
4.708463063884948951e-10
2.790216280246227143e-09
1.616825784367392771e-09
1.018583994927269032e-09
2.792068798385116679e-09
3.203877385615783169e-09
5.997069507657215581e-09
7.307076055340644416e-10
1.962125351084864633e-09
1.439928287716440991e-09
2.702283552480366779e-08
1.740645128034401523e-10
2.516858721435255575e-09
3.746105647906006197e-09
5.893934229561637039e-09
6.222062309824138993e-10
2.872305771006722352e-08
2.165318813140970633e-09
1.495279344787547871e-09
8.132670092919624949e-10
1.437685526184395712e-10
3.403768933374351491e-10
1.143030026184987946e-08
9.515326027109693996e-11
6.001965036084300209e-10
4.218636995290125924e-09
1.854498887787769945e-09
9.971224734783845634e-09
3.907567158734082113e-09
3.615452826011278376e-09
3.658026936914637872e-10
4.946500098412798252e-09
6.797420959436806243e-10
9.155045610498291353e-10
3.610167720324852780e-09
3.189419561788753299e-10
4.831085309575655629e-09
3.092637701485045909e-09
8.590811395592368171e-10
2.143437427548633423e-09
3.451960939315767973e-10
2.425333489597392145e-09
2.921556996327012712e-09
8.143800078741492143e-10
1.034803909227832719e-09
6.422009035667031185e-10
3.470970399988004829e-09
1.045706632396559144e-09
1.453166142972861508e-09
7.161997384041995929e-11
6.629603810370809924e-11
3.760148303832977490e-10
2.169925572559350258e-08
8.536550355486838271e-10
3.412355953358314764e-10
7.331311113745186958e-10
1.192907106428719999e-09
1.273561478498663746e-09
3.481380073111495221e-09
1.139646377268377364e-09
8.779737492581318747e-10
1.189782827815122346e-09
4.773945683211877622e-09
2.729086956421156174e-09
2.300169610336411097e-09
3.617908417297144297e-09
9.809405510097235492e-10
3.685460603364276722e-09
1.032798513378452299e-09
6.709985012065544652e-09
1.072020916481619679e-09
3.090920019932497098e-10
1.807726413005639188e-08
6.043448852466326571e-09
3.207073495659074069e-10
2.527580922340177949e-10
8.699026499137119117e-10
4.080343174450717925e-09
3.284387428692525646e-09
1.463340448815131367e-09
7.943111168806638034e-10
3.187327624054603348e-10
1.665802829009521702e-09
1.397408300185531971e-09
1.183522280179261088e-09
7.170174454174116363e-10
2.759992900891461431e-09
3.531337444684368165e-09
2.736295412475442390e-09
1.458035914225774832e-09
1.223297196872863424e-08
8.947132479342201350e-10
6.833846266651733004e-10
4.111639917425691237e-09
9.995804184370626899e-10
1.397432281002863874e-09
5.728130747506554599e-10
3.402808590458050730e-10
3.741371212839794680e-09
8.487054614647604467e-09
3.785305124903715068e-10
6.152987563901035628e-10
4.207747927864602389e-09
3.287187466671781522e-10
7.691109971119658439e-10
3.303121554054655462e-09
2.758055173135431914e-10
3.770878331810223472e-10
5.587899032377663389e-10
6.707349342605084530e-09
7.993767869862722364e-10
1.190477383339327844e-09
3.010533822234151557e-09
1.311514785662382110e-09
8.481511326596802292e-11
4.093757277612297685e-10
1.656718318088223896e-09
1.574343211352413618e-09
3.720264984963250754e-09
6.483534820134195797e-10
5.542816761128221970e-10
8.763391678989762568e-10
1.021001616585692773e-09
6.867165724955270889e-10
1.173152353040052276e-09
1.033744534417735395e-09
6.227312887574498745e-09
1.532187016151098646e-10
2.899833040359567349e-09
4.046418755621061791e-10
4.917291906991749784e-09
7.262423107334825545e-09
1.549190442595715922e-09
1.407784860907312918e-10
3.105002477354901202e-09
1.220109435706717704e-08
3.567422268702102883e-08
3.960488825782704225e-09
5.798769797671354809e-10
1.132173910178835285e-09
4.070432435554494077e-09
7.483855202217171154e-10
7.998480211490743841e-10
8.543343255063007291e-10
1.024132600946359162e-08
7.846184812976275680e-10
6.546829922626784537e-08
1.069674127052167023e-09
2.264262555229379359e-09
1.006740735221001160e-08
1.302914720557879491e-10
6.855688239326696021e-10
3.846836738041758963e-10
1.395836668471872599e-09
2.210912564137856862e-09
6.184933121211599882e-10
2.679897859181323838e-09
3.509628143660847854e-09
6.825782716823880492e-10
5.299214400622531684e-09
1.790146919589119534e-10
2.166086199295591541e-10
1.256251325187918155e-09
2.490769590579589021e-09
2.821485933779399602e-09
2.094283080289471854e-10
7.897202336515363186e-10
7.338837870740633207e-10
3.930070435753663105e-10
1.700246166080887633e-09
3.283980420931698063e-09
1.785441905433060583e-09
3.502972356628220041e-10
7.693398695884923200e-10
9.138315104628702557e-10
3.087726463402162835e-10
2.263731424534398684e-09
5.776328304563094207e-10
4.244672668907156776e-10
5.712844086680490818e-10
3.935066439364476309e-10
4.892948268775398901e-09
4.648143259178283415e-10
3.999911957208723834e-09
1.271016536463775992e-08
6.541056585263049783e-10
1.516816672264553745e-10
1.224830570301094212e-09
3.242087431853946100e-10
1.170333552291680235e-10
2.757304162770424227e-09
1.073301669762827260e-09
3.556238192814475951e-09
4.039093226548828852e-10
4.859871394202741612e-10
4.833368705270402188e-10
2.349068939366816267e-09
1.600991006434071551e-09
6.572839161833599064e-09
7.830382453555273514e-10
2.925147901677860318e-09
2.235715834686402559e-09
8.681486085571066269e-11
1.298454899156809006e-09
2.244701535758508726e-09
5.896666710469844475e-09
3.387050995229401451e-08
6.340293845497058101e-10
2.661669495918062012e-10
6.720433098905687075e-10
1.533558946498203568e-09
1.758361456438706227e-09
2.020763140153647441e-10
5.657016188820307434e-09
7.563531134735512751e-09
4.374764994707902588e-09
6.732454038704815957e-10
4.297182054635584336e-10
1.034128546684165428e-10
1.087935297405806523e-09
3.217791588738805331e-09
2.660263676013130407e-10
2.675815125030567287e-10
6.385333595204656376e-09
1.525376158717506314e-09
3.076845889182777682e-09
2.225292616842011739e-09
1.156597928542169029e-09
2.417804845222804033e-09
2.986488556455668686e-10
3.923307512199158964e-10
7.459688866617852909e-09
4.332893210889920965e-10
2.564654488779183339e-09
2.409536570269210642e-09
5.665198310467189913e-10
1.237707047962999241e-09
3.697133710289790542e-09
9.817046731086520595e-09
1.291112772250357921e-09
3.613308985350727198e-09
1.569330443373928574e-09
6.038505251382275674e-09
2.741326055044623899e-09
3.746019494599295285e-09
1.176635322508445824e-08
1.501287094640701980e-08
1.473723920675240606e-09
8.230485626370409591e-09
9.629450659076610464e-08
2.766213391680594214e-08
1.450923559076500169e-08
1.876291344515834680e-09
1.233166124769979888e-09
1.869770449580698823e-10
4.792490293503703924e-10
4.274758325095717737e-10
5.533468128149365839e-10
9.700783509813959427e-10
8.587420219363650631e-10
2.066877641260234100e-10
9.751093266174848395e-10
2.436823631768447740e-09
9.170005865755115337e-10
1.060860066459667905e-09
6.694656828898359890e-09
7.581614447360607301e-09
3.519630364934300815e-09
7.078466146559492245e-10
5.734813512958680803e-09
1.582432407332134972e-09
2.016982802999223168e-09
5.962920823776585166e-09
1.535950588937851080e-09
5.392752910893250373e-10
2.235506890713168104e-09
7.397981338641557159e-09
1.522010739662960077e-09
2.044818536717230018e-09
5.008704562214916223e-09
2.995968273467042309e-08
3.738598053359964979e-08
2.996659631548936886e-08
6.703653188111502459e-09
5.825301130357729562e-09
1.098345747685414153e-09
1.192081544587608732e-09
3.795180281151999679e-10
4.421852661806724427e-09
3.435613349367372393e-09
9.093876762733543728e-09
3.816669202905131897e-09
5.891768140031672374e-08
2.080873695575746751e-09
